"V1","V2","V3","V4","V5","acceleration","jerk"
77547,1000808,14353.106178554,14258.8237287791,19.02,0.0399999999999991,0
77548,1000808,14354.4512067022,14239.8112460564,19.06,0.0399999999999991,0
77549,1000808,14356.0762890294,14220.8438099787,19.04,-0.0199999999999996,-0.0599999999999987
77550,1000808,14358.1258149697,14201.8038009603,19.15,0.109999999999999,0.129999999999999
77551,1000808,14360.2063781175,14182.4754576017,19.44,0.290000000000003,0.180000000000003
77552,1000808,14362.2751685314,14163.2564824411,19.33,-0.110000000000003,-0.400000000000006
77553,1000808,14364.1469712428,14144.7006613525,18.65,-0.68,-0.569999999999997
77554,1000808,14366.0830618756,14125.4779156313,19.33,0.68,1.36
77555,1000808,14367.9670424085,14106.7725523001,18.8,-0.529999999999998,-1.21
77556,1000808,14369.8379954165,14088.1965345664,18.67,-0.129999999999999,0.399999999999999
77557,1000808,14371.7560479377,14069.1528827495,19.14,0.469999999999999,0.599999999999998
77558,1000808,14373.328401661,14050.281947645,18.94,-0.199999999999999,-0.669999999999998
77559,1000808,14374.4745259918,14031.4067125731,18.91,-0.0300000000000011,0.169999999999998
77560,1000808,14375.6497428491,14012.0523599531,19.39,0.48,0.510000000000002
77561,1000808,14375.7905552581,13989.4234598427,19.37,-0.0199999999999996,-0.5
77562,1000808,14375.3007228099,13968.2291194621,21.2,1.83,1.85
77563,1000808,14374.779005042,13945.6551474905,22.57,1.37,-0.459999999999997
77564,1000808,14374.2304851213,13921.9214851963,23.75,1.18,-0.190000000000001
77565,1000808,14373.6570114721,13897.1081112223,24.82,1.07,-0.109999999999999
77566,1000808,14377.0277304615,13859.56064123,26.24,1.42,0.349999999999998
77567,1000808,14376.0003552524,13815.7376677614,27.08,0.84,-0.579999999999998
77568,1000808,14374.893165331,13775.9362240697,27.09,0.0100000000000016,-0.829999999999998
77569,1000808,14375.3409503883,13748.8451653126,27.11,0.0199999999999996,0.00999999999999801
77570,1000808,14376.5678116619,13721.3124863398,27.55,0.440000000000001,0.420000000000002
77571,1000808,14374.1504384383,13684.2218003593,27.05,-0.5,-0.940000000000001
77572,1000808,14370.6720190429,13657.1846370741,27.26,0.210000000000001,0.710000000000001
77573,1000808,14367.2050837908,13630.2367380844,27.17,-0.0899999999999999,-0.300000000000001
77574,1000808,14363.6909359497,13602.9218636576,27.54,0.369999999999997,0.459999999999997
77575,1000808,14358.1419926615,13576.0802230268,27.43,-0.109999999999999,-0.479999999999997
77576,1000808,14349.4935368406,13543.0758591414,27.29,-0.140000000000001,-0.0300000000000011
77577,1000808,14339.6947733845,13507.2779522355,27.02,-0.27,-0.129999999999999
77578,1000808,14335.1436333683,13480.2428083169,27.46,0.440000000000001,0.710000000000001
77579,1000808,14331.2805026585,13443.9567985414,27.27,-0.190000000000001,-0.630000000000003
77580,1000808,14332.088382117,13392.4505444872,27.24,-0.0300000000000011,0.16
77581,1000808,14333.13736982,13365.1206684392,27.35,0.110000000000003,0.140000000000004
77582,1000808,14334.4856345199,13337.5756761152,27.58,0.229999999999997,0.119999999999994
77583,1000808,14335.3558692325,13309.9741244542,27.17,-0.409999999999997,-0.639999999999993
77584,1000808,14333.5171407512,13282.3352193099,27.7,0.529999999999998,0.939999999999994
