"V1","V2","V3","V4","V5","acceleration","jerk"
44915,1001730,13830.4102468806,14271.5559671356,12.04,1.1,0
44916,1001730,13829.0916387914,14258.4860114502,13.14,1.1,0
44917,1001730,13827.6122195865,14245.2584864052,13.31,0.17,-0.930000000000001
44918,1001730,13826.0044879726,14231.6057729435,13.76,0.449999999999999,0.279999999999999
44919,1001730,13816.7320872951,14206.6656881679,13.55,-0.209999999999999,-0.659999999999998
44920,1001730,13803.5955554018,14210.2242875857,13.61,0.0599999999999987,0.269999999999998
44921,1001730,13790.236381272,14213.9796996813,13.88,0.270000000000001,0.210000000000003
44922,1001730,13777.7437189609,14218.1172096065,13.16,-0.720000000000001,-0.990000000000002
44923,1001730,13765.1276488914,14222.2955915902,13.28,0.119999999999999,0.84
44924,1001730,13752.8343375746,14226.3670774208,12.95,-0.33,-0.449999999999999
44925,1001730,13728.2570547977,14236.4290302077,13.48,0.530000000000001,0.860000000000001
44926,1001730,13720.0308024805,14242.873506355,10.45,-3.03,-3.56
44927,1001730,13714.4259300882,14247.264383883,7.12,-3.33,-0.299999999999998
44928,1001730,13710.8756527724,14250.045684115,4.5,-2.62,0.709999999999999
44929,1001730,13706.1295441202,14259.8453427166,6.69,2.19,4.81
44930,1001730,13708.1829786895,14267.8357060669,8.26,1.57,-0.620000000000001
