"V1","V2","V3","V4","V5","acceleration","jerk"
38900,1001864,14392.4186424731,13995.2268576275,13.64,0.0499999999999989,0
38901,1001864,14378.7653648437,13994.2252303677,13.69,0.0499999999999989,0
38902,1001864,14364.9485987392,13993.2663380828,13.85,0.16,0.110000000000001
38903,1001864,14351.1319268028,13992.0661926803,13.87,0.0199999999999996,-0.140000000000001
38904,1001864,14327.1502849228,13989.2494365781,13.54,-0.33,-0.35
38905,1001864,14314.0955612821,13987.5961724601,13.16,-0.379999999999999,-0.0499999999999989
38906,1001864,14300.6418792214,13985.2721154553,13.66,0.5,0.879999999999999
38907,1001864,14287.4817540727,13982.6528448098,13.42,-0.24,-0.74
38908,1001864,14274.4109844669,13978.6055495162,13.74,0.32,0.56
38909,1001864,14262.0446075368,13973.9480669153,13.22,-0.52,-0.84
38910,1001864,14249.0531970273,13969.5991299217,13.7,0.479999999999999,0.999999999999998
38911,1001864,14231.5641555848,13963.7487640958,13.12,-0.58,-1.06
38912,1001864,14218.4440552156,13959.4705674777,13.79,0.67,1.25
38913,1001864,14205.2669109318,13955.1737700046,13.86,0.0700000000000003,-0.6
38914,1001864,14190.61048021,13950.2373662035,12.93,-0.93,-1
38915,1001864,14177.5625908791,13948.3095314828,13.21,0.280000000000001,1.21
38916,1001864,14163.9266056876,13946.7935213259,13.71,0.5,0.219999999999999
38917,1001864,14150.3408088565,13945.2785875111,13.67,-0.0400000000000009,-0.540000000000001
38918,1001864,14136.8044896643,13943.7094307486,13.64,-0.0299999999999994,0.0100000000000016
38919,1001864,14123.4175685835,13940.750639783,13.71,0.0700000000000003,0.0999999999999996
38920,1001864,14110.6098228217,13937.5217993999,13.21,-0.5,-0.57
38921,1001864,14098.0019318764,13932.9494324776,13.45,0.239999999999998,0.739999999999998
38922,1001864,14086.6187778421,13925.4526928055,13.66,0.210000000000001,-0.0299999999999976
38923,1001864,14076.0732165414,13917.5968900551,13.16,-0.5,-0.710000000000001
38924,1001864,14064.0194453402,13911.6343339078,13.44,0.279999999999999,0.779999999999999
38925,1001864,14056.0374897711,13907.6091865519,8.95,-4.49,-4.77
38926,1001864,14050.8565180548,13905.0072018341,5.79,-3.16,1.33
38927,1001864,14047.3744665265,13903.4855852088,3.8,-1.99,1.17
38928,1001864,14045.6792572298,13902.7447981675,1.86,-1.94,0.0500000000000005
38929,1001864,14045.441011599,13902.6406875563,0.25,-1.61,0.33
38930,1001864,14045.3402153705,13902.5966407593,0.11,-0.14,1.47
38931,1001864,14045.331052077,13902.592636505,0.01,-0.1,0.04
38932,1001864,14045.331052077,13902.592636505,0,-0.01,0.09
38933,1001864,14045.331052077,13902.592636505,0,0,0.01
38934,1001864,14045.331052077,13902.592636505,0,0,0
38935,1001864,14045.331052077,13902.592636505,0,0,0
38936,1001864,14045.331052077,13902.592636505,0,0,0
38937,1001864,14045.331052077,13902.592636505,0,0,0
38938,1001864,14045.331052077,13902.592636505,0,0,0
38939,1001864,14045.331052077,13902.592636505,0,0,0
38940,1001864,14045.331052077,13902.592636505,0,0,0
38941,1001864,14045.331052077,13902.592636505,0,0,0
38942,1001864,14045.331052077,13902.592636505,0,0,0
38943,1001864,14045.331052077,13902.592636505,0,0,0
38944,1001864,14045.331052077,13902.592636505,0,0,0
38945,1001864,14045.331052077,13902.592636505,0,0,0
38946,1001864,14045.331052077,13902.592636505,0,0,0
38947,1001864,14045.331052077,13902.592636505,0,0,0
38948,1001864,14045.331052077,13902.592636505,0,0,0
38949,1001864,14045.331052077,13902.592636505,0,0,0
38950,1001864,14045.331052077,13902.592636505,0,0,0
38951,1001864,14045.331052077,13902.592636505,0,0,0
38952,1001864,14045.331052077,13902.592636505,0,0,0
38953,1001864,14045.331052077,13902.592636505,0,0,0
38954,1001864,14045.331052077,13902.592636505,0,0,0
38955,1001864,14045.331052077,13902.592636505,0,0,0
38956,1001864,14045.331052077,13902.592636505,0,0,0
38957,1001864,14045.331052077,13902.592636505,0,0,0
38958,1001864,14045.331052077,13902.592636505,0,0,0
38959,1001864,14045.331052077,13902.592636505,0,0,0
38960,1001864,14045.331052077,13902.592636505,0,0,0
38961,1001864,14043.9199048787,13901.9759813463,1.54,1.54,1.54
38962,1001864,14041.1800801236,13900.7787093175,2.99,1.45,-0.0899999999999999
38963,1001864,14026.9100548212,13889.9585707272,3.66,0.67,-0.78
38964,1001864,14021.4904982999,13890.0279040729,5.41,1.75,1.08
38965,1001864,14013.7111348801,13890.1274268459,7.79,2.38,0.63
38966,1001864,14004.4336284041,13887.6132185721,9.62,1.83,-0.550000000000001
38967,1001864,13993.332505056,13884.5349949917,11.51,1.89,0.0600000000000014
38968,1001864,13980.9046801207,13881.8798307847,12.75,1.24,-0.65
38969,1001864,13967.3539900758,13881.2647187504,13.65,0.9,-0.34
38970,1001864,13944.460725167,13882.496620987,13.47,-0.18,-1.08
38971,1001864,13931.0242436668,13882.1891069312,13.44,-0.0300000000000011,0.149999999999999
38972,1001864,13917.6766756436,13880.6605784768,13.47,0.0300000000000011,0.0600000000000023
38973,1001864,13905.3696478255,13878.5305159698,12.48,-0.99,-1.02
38974,1001864,13886.1358582964,13877.1753720005,13.49,1.01,2
38975,1001864,13873.0060652864,13875.3913369279,13.27,-0.220000000000001,-1.23
38976,1001864,13860.1447910228,13873.9844312005,12.94,-0.33,-0.109999999999999
38977,1001864,13849.5123322728,13872.8767734699,10.69,-2.25,-1.92
38978,1001864,13840.4520607333,13871.9262054127,9.11,-1.58,0.67
38979,1001864,13833.4524241826,13871.3242689467,7.04,-2.07,-0.489999999999999
38980,1001864,13824.3337522704,13871.1686329709,9.12,2.08,4.15
38981,1001864,13815.0850992892,13871.0107784999,9.25,0.130000000000001,-1.95
38982,1001864,13804.3106451016,13871.4457612154,10.78,1.53,1.4
38983,1001864,13792.5234846206,13872.1798918551,11.82,1.04,-0.489999999999998
38984,1001864,13781.1755852627,13873.5613096985,11.44,-0.380000000000001,-1.42
38985,1001864,13768.3949767801,13875.514603431,12.93,1.49,1.87
38986,1001864,13760.5665810226,13885.047550327,12.48,-0.449999999999999,-1.94
38987,1001864,13766.7728972885,13895.5857920403,12.24,-0.24,0.209999999999999
38988,1001864,13773.1568268572,13906.4256187576,12.57,0.33,0.57
38989,1001864,13778.9815906134,13917.4559702639,12.48,-0.0899999999999999,-0.42
38990,1001864,13784.747587273,13928.9620635419,12.87,0.389999999999999,0.479999999999999
38991,1001864,13790.8316769883,13941.1029141025,13.58,0.710000000000001,0.320000000000002
38992,1001864,13795.2221515677,13953.5740255756,13.28,-0.300000000000001,-1.01
38993,1001864,13798.7680872877,13966.465233427,13.38,0.100000000000001,0.400000000000002
38994,1001864,13802.9494628209,13989.5722083671,13.17,-0.210000000000001,-0.310000000000002
38995,1001864,13804.2728143768,14002.8363570642,13.32,0.15,0.360000000000001
38996,1001864,13805.6011297421,14016.1502587572,13.38,0.0600000000000005,-0.0899999999999999
38997,1001864,13806.9095898701,14029.2651484667,13.18,-0.200000000000001,-0.260000000000002
38998,1001864,13808.2041513322,14042.2407297878,13.04,-0.140000000000001,0.0600000000000005
38999,1001864,13809.0202547078,14054.9399134856,12.73,-0.309999999999999,-0.169999999999998
39000,1001864,13809.5919889446,14068.0474502474,13.12,0.389999999999999,0.699999999999998
39001,1001864,13810.491900923,14076.5479089674,8.56,-4.56,-4.95
39002,1001864,13811.1910973686,14081.1450411528,4.65,-3.91,0.649999999999999
39003,1001864,13803.1390938357,14093.7868856365,6.68,2.03,5.94
39004,1001864,13796.1668623347,14095.810641525,7.26,0.58,-1.45
39005,1001864,13788.8104858474,14097.9458991153,7.66,0.4,-0.18
39006,1001864,13781.6363664389,14099.3225215146,7.34,-0.32,-0.720000000000001
39007,1001864,13773.6864587429,14100.0148853102,7.98,0.640000000000001,0.960000000000001
39008,1001864,13765.4974560787,14100.7280720772,8.21,0.23,-0.41
39009,1001864,13757.4778123503,14101.4265092394,8.05,-0.16,-0.390000000000001
39010,1001864,13749.4282817508,14102.1275492731,8.08,0.0299999999999994,0.19
39011,1001864,13742.2554327018,14102.752238412,7.21,-0.87,-0.899999999999999
39012,1001864,13734.3806488847,14108.4621139401,7.44,0.23,1.1
39013,1001864,13736.4993744571,14117.1988811883,8.99,1.55,1.32
39014,1001864,13723.3847994086,14122.6622717776,11.15,2.16,0.61
39015,1001864,13710.6857389937,14124.1847580927,12.79,1.64,-0.520000000000001
39016,1001864,13697.8973184978,14125.7179577596,12.88,0.0900000000000016,-1.55
39017,1001864,13687.5712646811,14126.9559450682,10.4,-2.48,-2.57
39018,1001864,13680.5614627633,14127.7963479912,7.06,-3.34,-0.86
39019,1001864,13675.5076537319,14128.402247549,5.09,-1.97,1.37
39020,1001864,13651.0727123573,14122.0300946955,7.09,2,3.97
39021,1001864,13649.7980864225,14113.3139976029,8.82,1.73,-0.27
39022,1001864,13649.1914515841,14105.0261695296,8.31,-0.51,-2.24
39023,1001864,13638.6386856633,14101.7414917845,7.86,-0.45,0.0599999999999996
39024,1001864,13631.298304277,14102.2785216752,7.36,-0.5,-0.0499999999999998
39025,1001864,13624.0676296777,14102.8075253039,7.25,-0.11,0.39
39026,1001864,13615.8196739624,14103.4109542707,8.27,1.02,1.13
39027,1001864,13608.4493725432,14103.950173142,7.39,-0.88,-1.9
39028,1001864,13601.0292044027,14104.4930403141,7.44,0.0500000000000007,0.930000000000001
39029,1001864,13593.0775658002,14105.1535517964,7.97,0.529999999999999,0.479999999999999
39030,1001864,13585.6210290039,14105.9598141644,7.5,-0.47,-0.999999999999999
39031,1001864,13577.790998713,14106.8450854659,7.88,0.38,0.85
39032,1001864,13570.2131150133,14107.7353543201,7.63,-0.25,-0.63
39033,1001864,13562.5955045313,14108.6302903767,7.67,0.04,0.29
39034,1001864,13554.3506649998,14109.4921536992,8.29,0.619999999999999,0.579999999999999
39035,1001864,13546.2311904608,14110.3043933256,8.16,-0.129999999999999,-0.749999999999998
39036,1001864,13538.4002756787,14111.0877665928,7.87,-0.29,-0.160000000000001
39037,1001864,13531.0569273825,14111.8223656667,7.38,-0.49,-0.2
39038,1001864,13523.4747710115,14112.5808541413,7.62,0.24,0.73
39039,1001864,13515.9622669956,14113.3323748741,7.54,-0.0800000000000001,-0.32
39040,1001864,13507.7034877464,14114.1585499843,8.31,0.77,0.850000000000001
39041,1001864,13500.0516790203,14114.9240062009,7.69,-0.62,-1.39
39042,1001864,13491.8227507805,14115.747195136,8.27,0.579999999999999,1.2
39043,1001864,13483.8923326339,14116.5405223202,7.97,-0.3,-0.879999999999999
