"V1","V2","V3","V4","V5","acceleration","jerk"
24576,1002662,13808.56,14085.78,0,1.41,0
24577,1002662,13808.3487145214,14084.3859202152,1.41,1.41,0
24578,1002662,13807.8886815998,14081.3505833786,3.07,1.66,0.25
24579,1002662,13807.100481871,14076.1499736848,5.27,2.2,0.54
24580,1002662,13806.3620898054,14069.529845564,6.66,1.39,-0.809999999999999
24581,1002662,13806.0154653477,14061.6274439363,7.91,1.25,-0.140000000000001
24582,1002662,13805.6048621658,14052.2664447895,9.37,1.46,0.209999999999999
24583,1002662,13804.7983800131,14041.3103158964,10.99,1.62,0.160000000000002
24584,1002662,13803.585229311,14029.1506832797,12.22,1.23,-0.390000000000001
24585,1002662,13802.2281286484,14015.5482137322,13.67,1.45,0.219999999999999
24586,1002662,13800.9196731448,14002.4333235613,13.18,-0.49,-1.94
24587,1002662,13799.616181433,13989.368186388,13.13,-0.0499999999999989,0.440000000000001
24588,1002662,13788.0858530404,13979.9795957359,13.78,0.649999999999999,0.699999999999998
24589,1002662,13775.300849551,13978.5365003524,12.94,-0.84,-1.49
24590,1002662,13762.3822465961,13974.8514767906,13.51,0.57,1.41
24591,1002662,13752.2210875687,13966.4022858009,13.39,-0.119999999999999,-0.69
24592,1002662,13742.6986593672,13956.7711586685,13.55,0.16,0.279999999999999
24593,1002662,13733.1708912287,13948.0180895591,12.95,-0.600000000000001,-0.760000000000002
24594,1002662,13722.5900914509,13940.2024390191,13.17,0.220000000000001,0.820000000000002
24595,1002662,13710.5996714793,13934.9195282865,13.12,-0.0500000000000007,-0.270000000000001
24596,1002662,13700.4359736882,13929.2255185208,11.65,-1.47,-1.42
24597,1002662,13692.8546403144,13924.9782271161,8.69,-2.96,-1.49
24598,1002662,13688.2220879307,13922.3829316778,5.31,-3.38,-0.419999999999999
24599,1002662,13685.9799674738,13921.126828236,2.57,-2.74,0.64
24600,1002662,13678.8052456538,13923.7254116249,4.74,2.17,4.91
24601,1002662,13676.1140131538,13930.3495921502,7.15,2.41,0.24
24602,1002662,13672.6172928846,13938.9563945389,9.29,2.14,-0.270000000000001
24603,1002662,13668.3037929614,13949.5736125556,11.46,2.17,0.0300000000000029
24604,1002662,13663.5122699229,13961.3674332669,12.73,1.27,-0.900000000000002
24605,1002662,13659.4998869229,13971.2434842318,10.66,-2.07,-3.34
24606,1002662,13656.3908546921,13978.8960340414,8.27,-2.39,-0.32
24607,1002662,13654.6820161536,13983.1021570602,4.53,-3.74,-1.35
24608,1002662,13653.3724061537,13993.0228972299,6.5,1.97,5.71
24609,1002662,13654.7117894955,14001.3154271372,8.4,1.9,-0.0699999999999994
24610,1002662,13656.2807814101,14011.0295336001,9.84,1.44,-0.460000000000001
24611,1002662,13658.0650313618,14022.0763680838,11.19,1.35,-0.0899999999999999
24612,1002662,13660.2904335874,14038.2272864869,12.79,1.6,0.25
24613,1002662,13661.0706837691,14052.6562056999,14.45,1.66,0.0600000000000005
24614,1002662,13661.9486677105,14068.8924843437,16.27,1.82,0.16
24615,1002662,13662.7359374439,14083.4512139025,14.57,-1.7,-3.52
24616,1002662,13663.3822761757,14095.4037511329,11.97,-2.6,-0.9
24617,1002662,13663.8812043196,14104.6302711002,9.25,-2.72,-0.120000000000001
24618,1002662,13664.2467609791,14111.3903944962,6.77,-2.48,0.24
24619,1002662,13664.3898692886,14115.6177717108,4.23,-2.54,-0.0599999999999987
24620,1002662,13664.4533573854,14117.7968470334,2.18,-2.05,0.489999999999999
24621,1002662,13664.4932558682,14119.1662659288,1.37,-0.81,1.24
24622,1002662,13664.5247086868,14120.2458078318,1.08,-0.29,0.52
24623,1002662,13664.5503369094,14121.1254345675,0.88,-0.2,0.09
24624,1002662,13664.5707229955,14121.8251376527,0.71,-0.17,0.03
24625,1002662,13664.5829546472,14122.2449595039,0.42,-0.29,-0.12
24626,1002662,13664.5963512181,14122.7047643885,0.46,0.04,0.33
24627,1002662,13664.5995547459,14122.8147177304,0.11,-0.35,-0.39
24628,1002662,13661.3,14122.93,0.02,-0.09,0.26
24629,1002662,13658.7911055557,14131.0455563492,0.12,0.1,0.19
24630,1002662,13654.5182398583,14122.7762498421,2.39,2.27,2.17
24631,1002662,13653.9156465353,14118.761217926,4.06,1.67,-0.600000000000001
24632,1002662,13653.060349148,14112.8539122445,5.97,1.91,0.240000000000001
24633,1002662,13652.4967067719,14105.1344623112,7.74,1.77,-0.14
24634,1002662,13651.9064211199,14086.7804483716,9.24,1.5,-0.27
24635,1002662,13651.7832522439,14075.3011091299,11.48,2.24,0.74
24636,1002662,13651.6469939926,14062.601840108,12.69,1.21,-1.03
24637,1002662,13648.1984666658,14049.1626585837,13.47,0.780000000000001,-0.429999999999998
24638,1002662,13645.3334611062,14036.5116280832,13,-0.470000000000001,-1.25
24639,1002662,13642.1065652757,14023.1044940383,13.79,0.789999999999999,1.26
24640,1002662,13638.9124298089,14009.8334730293,13.66,-0.129999999999999,-0.919999999999998
24641,1002662,13635.6948940823,13996.4652284232,13.75,0.0899999999999999,0.219999999999999
24642,1002662,13638.3173810683,13979.0515522335,12.89,-0.859999999999999,-0.949999999999999
24643,1002662,13642.066641114,13964.8273774205,14.71,1.82,2.68
24644,1002662,13646.2593894317,13948.920669353,16.44,1.73,-0.0899999999999999
24645,1002662,13650.5872232574,13932.5014655241,16.99,0.549999999999997,-1.18
24646,1002662,13653.9414219116,13919.7760990701,13.16,-3.83,-4.38
24647,1002662,13637.6726825293,13910.5812588592,13.26,0.0999999999999996,3.93
24648,1002662,13624.863449788,13912.8580233571,13.01,-0.25,-0.35
24649,1002662,13605.9949231528,13914.7575140803,12.97,-0.0399999999999991,0.210000000000001
24650,1002662,13592.1158214295,13914.9154234051,13.88,0.91,0.949999999999999
24651,1002662,13578.9128596287,13915.4812440453,13.22,-0.66,-1.57
24652,1002662,13565.7819415339,13916.3556524101,13.16,-0.0600000000000005,0.6
24653,1002662,13552.4215317095,13917.2453429879,13.39,0.23,0.290000000000001
24654,1002662,13539.2806357135,13918.1204157968,13.17,-0.220000000000001,-0.450000000000001
24655,1002662,13526.3492756445,13918.9815352807,12.95,-0.220000000000001,0
24656,1002662,13512.639639275,13919.8944814001,13.74,0.790000000000001,1.01
24657,1002662,13499.4412649931,13921.4852905598,13.32,-0.42,-1.21
24658,1002662,13486.2829205799,13923.6792760438,13.33,0.00999999999999979,0.43
24659,1002662,13466.9368507595,13926.4577697152,12.9,-0.43,-0.44
24660,1002662,13453.7791338669,13928.2557925666,13.28,0.379999999999999,0.809999999999999
24661,1002662,13440.7006803291,13930.042983955,13.2,-0.0800000000000001,-0.459999999999999
24662,1002662,13428.0541382269,13932.722387415,12.95,-0.25,-0.17
24663,1002662,13414.7070456062,13936.2288270017,13.8,0.850000000000001,1.1
