"V1","V2","V3","V4","V5","acceleration","jerk"
21820,1003637,14211.5774639659,13275.1379454488,9.02,-2.79,0
21821,1003637,14217.6252824282,13276.6335362509,6.23,-2.79,0
21822,1003637,14220.362818233,13277.3105131468,2.83,-3.4,-0.610000000000001
21823,1003637,14228.5726323852,13278.8612072802,5.2,2.37,5.77
21824,1003637,14235.8314849612,13279.9496278236,7.35,2.15,-0.220000000000001
21825,1003637,14245.3352415356,13281.3746579901,9.61,2.26,0.11
21826,1003637,14256.7278820909,13283.0829147557,11.52,1.91,-0.35
21827,1003637,14269.6336077199,13285.018049373,13.04,1.52,-0.390000000000001
21828,1003637,14282.7766800272,13286.988772673,13.3,0.260000000000002,-1.26
21829,1003637,14296.4933401403,13289.0455019559,13.86,0.559999999999999,0.299999999999997
21830,1003637,14309.8243119012,13291.0443996296,13.48,-0.379999999999999,-0.939999999999998
21831,1003637,14323.2492925199,13293.332846018,13.63,0.15,0.529999999999999
21832,1003637,14336.1500723494,13295.6656511515,13.1,-0.530000000000001,-0.680000000000001
21833,1003637,14349.2575008261,13298.0358238729,13.32,0.220000000000001,0.750000000000002
21834,1003637,14362.2566847733,13300.3864230959,13.21,-0.109999999999999,-0.33
21835,1003637,14375.2952303675,13302.7441399546,13.25,0.0399999999999991,0.149999999999999
21836,1003637,14388.1861697853,13305.0751656791,13.1,-0.15,-0.19
21837,1003637,14400.9590242618,13307.3848384962,12.98,-0.119999999999999,0.0300000000000011
