"V1","V2","V3","V4","V5","acceleration","jerk"
32880,1006976,14398.4200844371,13323.2820700229,13.63,-0.720000000000001,0
32881,1006976,14385.6963542223,13321.1568195858,12.91,-0.720000000000001,0
32882,1006976,14372.952897294,13319.0282741868,12.92,0.00999999999999979,0.73
32883,1006976,14359.95299309,13316.8568942829,13.18,0.26,0.25
32884,1006976,14346.4796477617,13314.6064352929,13.67,0.49,0.23
32885,1006976,14333.6276939091,13312.4597676034,13.02,-0.65,-1.14
32886,1006976,14320.9434171213,13310.3411070901,12.86,-0.16,0.49
32887,1006976,14307.4602084363,13308.0890006192,13.67,0.81,0.970000000000001
32888,1006976,14294.2729004539,13305.886318577,13.37,-0.300000000000001,-1.11
32889,1006976,14281.2729962499,13303.7149386731,13.18,-0.19,0.110000000000001
32890,1006976,14268.1744584784,13301.5270839595,13.27,0.0899999999999999,0.279999999999999
32891,1006976,14254.6616597231,13299.2700350457,13.71,0.440000000000001,0.350000000000001
32892,1006976,14241.8491592975,13297.12995728,12.99,-0.720000000000001,-1.16
32893,1006976,14225.9320282018,13294.3317518074,13.48,0.49,1.21
32894,1006976,14213.1700969475,13292.0178782887,12.97,-0.51,-1
32895,1006976,14200.093299232,13289.6469161405,13.29,0.319999999999999,0.829999999999998
32896,1006976,14186.8689078628,13287.2491936971,13.44,0.15,-0.169999999999998
32897,1006976,14173.3690083401,13284.8015187029,13.72,0.280000000000001,0.130000000000001
32898,1006976,14160.0462212019,13282.3859560628,13.54,-0.180000000000001,-0.460000000000003
32899,1006976,14147.235092063,13280.0631624457,13.02,-0.52,-0.339999999999998
32900,1006976,14134.0008611169,13277.6636559827,13.45,0.43,0.949999999999999
32925,1006976,13826.990790266,13294.544140434,21.75,0.332,-0.00391999999999999
32926,1006976,13819.8511502148,13313.8872489264,20.63,-1.12,-1.452
32927,1006976,13813.6999049318,13329.7138904359,16.98,-3.65,-2.53
32928,1006976,13808.7405087054,13342.4740036434,13.7,-3.28,0.369999999999997
32929,1006976,13803.0095370499,13358.1884069604,13.59,-0.109999999999999,3.17
32930,1006976,13798.8078734671,13370.3955410686,12.91,-0.68,-0.57
32931,1006976,13794.4532445951,13383.0470867207,13.39,0.48,1.16
32932,1006976,13790.2353081092,13395.3014986528,12.96,-0.43,-0.91
32933,1006976,13782.8056501156,13406.7510379162,13.24,0.279999999999999,0.709999999999999
32934,1006976,13778.5298730217,13418.9210585992,12.9,-0.34,-0.619999999999999
32935,1006976,13774.0143010818,13431.100948174,12.99,0.0899999999999999,0.43
32936,1006976,13769.3562053162,13443.6652684437,13.4,0.41,0.32
32937,1006976,13764.5416809615,13456.6515248418,13.86,0.459999999999999,0.0499999999999989
32938,1006976,13760.975109129,13466.2716685707,10.26,-3.6,-4.06
32939,1006976,13747.8285872561,13482.4656669927,7.18,-3.08,0.52
32940,1006976,13745.4678769835,13484.9125112887,3.4,-3.78,-0.7
32941,1006976,13744.6346851226,13485.7761033932,1.2,-2.2,1.58
32942,1006976,13743.9125855098,13486.5245498837,1.04,-0.16,2.04
32943,1006976,13743.6070818275,13486.841200322,0.44,-0.6,-0.44
32944,1006976,13743.5723655,13486.8771833264,0.04,-0.4,0.2
32945,1006976,13714.496918736,13496.1814645348,1.65,1.61,2.01
32946,1006976,13711.2687268301,13494.5343399604,3.63,1.98,0.37
32947,1006976,13706.9640555541,13491.0311549516,5.56,1.93,-0.0500000000000003
32948,1006976,13697.3227042737,13492.144067645,7.56,2,0.0700000000000003
32949,1006976,13693.080177624,13500.114728284,9.03,1.47,-0.53
32950,1006976,13688.5017940187,13509.2406530899,10.22,1.19,-0.279999999999998
32951,1006976,13682.9637883846,13520.279357434,12.35,2.13,0.939999999999998
32952,1006976,13677.1029192641,13531.9616137722,13.07,0.720000000000001,-1.41
32953,1006976,13671.2330817134,13543.6617465548,13.09,0.0199999999999996,-0.700000000000001
32954,1006976,13665.2332019252,13555.6210877794,13.38,0.290000000000001,0.270000000000001
32955,1006976,13659.3274906538,13567.392726339,13.18,-0.200000000000001,-0.490000000000002
