"V1","V2","V3","V4","V5","acceleration","jerk"
37486,1006977,13775.69,13689.22,0,2.16,0
37487,1006977,13777.849971808,13689.2089642032,2.16,2.16,0
37488,1006977,13781.7299211667,13689.1891406424,3.88,1.72,-0.44
37489,1006977,13786.929853297,13689.1625729835,5.2,1.32,-0.399999999999999
37490,1006977,13793.6497655884,13689.1282393936,6.73,1.53,0.21
37491,1006977,13801.6096616955,13689.0875704388,7.95,1.22,-0.31
37492,1006977,13811.4895327431,13689.037091887,9.89,1.94,0.720000000000001
37493,1006977,13823.559375207,13688.9754242634,12.06,2.17,0.23
37494,1006977,13836.6292046191,13688.9086474746,13.08,1.02,-1.15
37495,1006977,13849.5990353363,13688.8423816024,12.97,-0.109999999999999,-1.13
37496,1006977,13862.6788646179,13688.775553722,13.07,0.0999999999999996,0.209999999999999
37497,1006977,13876.1386889397,13688.7067843588,13.47,0.4,0.300000000000001
37498,1006977,13892.2515262202,13685.1400997429,13.43,-0.0400000000000009,-0.440000000000001
37499,1006977,13891.9450578522,13672.1237071113,13.02,-0.41,-0.369999999999999
37500,1006977,13891.6371771875,13659.0473311036,13.08,0.0600000000000005,0.470000000000001
37501,1006977,13891.6837103416,13634.600367676,9.64,-3.44,-3.5
37502,1006977,13892.1940171117,13628.1748053438,6.47,-3.17,0.269999999999999
37503,1006977,13892.841167321,13624.8064086025,3.43,-3.04,0.130000000000001
37504,1006977,13906.0223977354,13616.033119467,5.85,2.42,5.46
37505,1006977,13912.427053295,13619.1832587652,7.15,1.3,-1.12
37506,1006977,13920.0889115806,13623.6084449629,8.84,1.69,0.389999999999999
37507,1006977,13929.9035942093,13628.6853047106,11.05,2.21,0.520000000000001
37508,1006977,13940.8107709224,13634.3272809732,12.28,1.23,-0.980000000000002
37509,1006977,13952.7918846422,13642.2195438133,14.35,2.07,0.840000000000002
37510,1006977,13966.2599606855,13651.1863340802,16.18,1.83,-0.24
37511,1006977,13980.6436661261,13660.7627330797,17.28,1.1,-0.729999999999999
37512,1006977,13997.4883478896,13669.6769393482,19.07,1.79,0.689999999999998
37513,1006977,14017.104403227,13675.8757741298,20.6,1.53,-0.259999999999998
37514,1006977,14039.0567774029,13679.8219572848,22.33,1.73,0.199999999999996
37515,1006977,14062.4314111402,13683.2865492731,23.62,1.29,-0.439999999999994
37516,1006977,14087.1810233327,13686.9549407901,25.02,1.4,0.109999999999996
37517,1006977,14120.501754108,13696.8589221323,26.06,1.04,-0.359999999999999
37518,1006977,14136.0675900131,13725.4039100372,27.67,1.61,0.570000000000004
37519,1006977,14142.5284769993,13752.4003874165,27.76,0.0899999999999999,-1.52
37520,1006977,14151.7516223957,13787.4273472136,27.53,-0.23,-0.32
37521,1006977,14171.0868372946,13821.2339218614,27.38,-0.150000000000002,0.0799999999999983
37522,1006977,14187.5965399603,13843.881959145,22.48,-4.9,-4.75
37523,1006977,14207.3031484139,13876.3978310067,18.72,-3.76,1.14
37524,1006977,14212.1866876044,13890.545335952,14.98,-3.74,0.0200000000000031
37525,1006977,14227.8928338095,13915.5047737416,13.63,-1.35,2.39
37526,1006977,14239.4768322986,13922.9864232257,13.79,0.159999999999998,1.51
37527,1006977,14250.6348756355,13930.7919336864,13.61,-0.18,-0.339999999999998
37528,1006977,14261.2402365932,13938.1172105667,12.89,-0.719999999999999,-0.539999999999999
37529,1006977,14272.612549784,13945.3255048604,13.47,0.58,1.3
37530,1006977,14284.0375712849,13951.773208245,13.13,-0.34,-0.92
37531,1006977,14296.0177220833,13957.526475738,13.29,0.159999999999998,0.499999999999998
37532,1006977,14308.2381622988,13961.6859888781,12.9,-0.389999999999999,-0.549999999999997
37533,1006977,14320.6730542527,13965.715419016,13.09,0.19,0.579999999999998
37534,1006977,14333.3335691685,13968.4854302195,12.96,-0.129999999999999,-0.319999999999999
37535,1006977,14346.5274449236,13971.066500952,13.45,0.489999999999998,0.619999999999997
37536,1006977,14359.237605085,13973.0239045057,12.86,-0.59,-1.08
37537,1006977,14372.8912494303,13974.0482372837,13.71,0.850000000000001,1.44
37538,1006977,14385.8479508689,13974.8255968083,12.97,-0.74,-1.59
37539,1006977,14399.3636471308,13975.636494186,13.55,0.58,1.32
