"V1","V2","V3","V4","V5","acceleration","jerk"
22877,1006488,13689.0283215253,14274.6633149784,13.39,-1.45,0
22878,1006488,13685.3218111598,14260.0737071115,11.94,-1.45,0
22879,1006488,13682.9137974273,14251.9636473174,8.46,-3.48,-2.03
22880,1006488,13683.6928742579,14246.7245500897,5.47,-2.99,0.489999999999998
22881,1006488,13684.5135604271,14244.0789170442,2.77,-2.7,0.290000000000001
22882,1006488,13682.2751000198,14225.3105158861,4.49,1.72,4.42
22883,1006488,13675.5446199929,14209.1007371985,6.73,2.24,0.52
22884,1006488,13673.2365969353,14200.8369953362,8.58,1.85,-0.390000000000001
22885,1006488,13670.5546633824,14191.2344887667,9.97,1.39,-0.459999999999999
22886,1006488,13667.3078290812,14179.6093880351,12.07,2.1,0.709999999999999
22887,1006488,13665.058986102,14171.5575369898,8.36,-3.71,-5.81
22888,1006488,13663.4369139532,14165.7498023244,6.03,-2.33,1.38
22889,1006488,13662.8370431585,14163.6019999523,2.22,-3.81,-1.48
22890,1006488,13662.5384527629,14162.5329144666,1.11,-1.11,2.7
22891,1006488,13662.3905025669,14162.0031874241,0.55,-0.56,0.55
22892,1006488,13662.2963524422,14161.6660883971,0.35,-0.2,0.36
22893,1006488,13662.2721424101,14161.5794057902,0.1,-0.25,-0.0499999999999999
22894,1006488,13662.2613823959,14161.5408801871,0.03,-0.07,0.18
22895,1006488,13662.2560023887,14161.5216173855,0.02,-0.01,0.06
22896,1006488,13662.2533123852,14161.5119859848,0.01,-0.01,-1.73472347597681e-18
22897,1006488,13662.056942125,14160.8088937284,0.74,0.73,0.74
22898,1006488,13661.7906317722,14159.855385052,0.99,0.25,-0.48
22899,1006488,13660.9379006426,14156.8022310073,3.17,2.18,1.93
22900,1006488,13659.609178229,14151.9515988498,5.03,1.86,-0.319999999999999
22901,1006488,13657.9534493212,14144.843996269,7.21,2.18,0.319999999999999
22902,1006488,13655.868343961,14137.1412217275,7.98,0.77,-1.41
22903,1006488,13650.606667275,14118.9248729673,9.17,1.19,0.419999999999999
22904,1006488,13649.4776138665,14108.9357105702,10.07,0.9,-0.289999999999999
22905,1006488,13648.6165512469,14087.8103972664,11.56,1.49,0.59
22906,1006488,13648.4741969626,14074.6511672259,13.16,1.6,0.109999999999999
22907,1006488,13648.3349796648,14061.7819202182,12.87,-0.290000000000001,-1.89
22908,1006488,13648.1900292538,14048.3827042196,13.41,0.540000000000001,0.830000000000002
22909,1006488,13645.1439190016,14035.7241169464,13.01,-0.4,-0.940000000000001
22910,1006488,13642.0738049119,14022.9683810023,13.12,0.109999999999999,0.51
22911,1006488,13639.0551713939,14010.4265369718,12.9,-0.219999999999999,-0.329999999999998
22912,1006488,13635.8469957712,13997.0971818046,13.71,0.81,1.03
22913,1006488,13638.3785518644,13978.8194786811,13.78,0.0699999999999985,-0.740000000000002
22914,1006488,13642.3852390105,13963.618661002,15.72,1.94,1.87
22915,1006488,13646.8787437424,13946.5709246354,17.63,1.91,-0.0300000000000029
22916,1006488,13651.7112366362,13928.2371139996,18.96,1.33,-0.579999999999997
22917,1006488,13661.8616288646,13905.0144423483,20.11,1.15,-0.180000000000003
22918,1006488,13664.6215804303,13863.7701673139,20.24,0.129999999999999,-1.02
22919,1006488,13666.1778675599,13843.7806583062,20.06,-0.18,-0.309999999999999
22920,1006488,13667.563390017,13825.9845118828,17.84,-2.22,-2.04
22921,1006488,13668.7051847141,13811.3188920572,14.72,-3.12,-0.9
22922,1006488,13670.3763270924,13795.0256259399,13.32,-1.4,1.72
22923,1006488,13667.9150785531,13782.2301909872,13.03,-0.290000000000001,1.11
22924,1006488,13663.2836415257,13770.1101910544,12.99,-0.0399999999999991,0.250000000000002
22925,1006488,13651.3205797333,13755.8137037277,12.85,-0.140000000000001,-0.100000000000001
22926,1006488,13638.2283292301,13756.2642331492,13.1,0.25,0.390000000000001
22927,1006488,13628.0967673474,13756.8301676747,10.15,-2.95,-3.2
22928,1006488,13622.4050966401,13757.2873159658,5.71,-4.44,-1.49
22929,1006488,13618.4478404741,13757.6051581226,3.97,-1.74,2.7
22930,1006488,13602.1025509797,13760.1482664417,6.25,2.28,4.02
22931,1006488,13594.1772445457,13760.4210629342,7.93,1.68,-0.6
22932,1006488,13584.2631159422,13760.7623165542,9.92,1.99,0.31
22933,1006488,13572.8298173786,13761.153826172,11.44,1.52,-0.470000000000001
22934,1006488,13559.6067994793,13761.5804883155,13.23,1.79,0.270000000000001
22935,1006488,13546.5275808069,13762.1116558201,13.09,-0.140000000000001,-1.93
22936,1006488,13533.2193807859,13762.0881399979,13.32,0.23,0.370000000000001
22937,1006488,13519.5364142363,13761.6654184915,13.69,0.369999999999999,0.139999999999999
22938,1006488,13506.1906016904,13761.331072129,13.35,-0.34,-0.709999999999999
22939,1006488,13492.5448832446,13760.9892123651,13.65,0.300000000000001,0.640000000000001
22940,1006488,13478.9791397055,13760.6493561749,13.56,-0.0899999999999999,-0.390000000000001
22941,1006488,13466.0432041435,13760.3250560986,12.95,-0.610000000000001,-0.520000000000001
22942,1006488,13452.2076236335,13759.975324841,13.84,0.890000000000001,1.5
22943,1006488,13438.8588569326,13759.5125126803,13.36,-0.48,-1.37
22944,1006488,13416.2403966371,13756.4505686403,12.89,-0.469999999999999,0.0100000000000016
