"V1","V2","V3","V4","V5","acceleration","jerk"
23604,1007391,14392.8773704364,13995.261043234,13.53,0.26,0
23605,1007391,14379.1245010023,13994.2501546437,13.79,0.26,0
23606,1007391,14365.7666311006,13993.3231100448,13.39,-0.399999999999999,-0.659999999999998
23607,1007391,14352.3160210592,13992.1846021059,13.49,0.0999999999999996,0.499999999999998
23608,1007391,14328.2325853684,13989.3787646314,13.64,0.15,0.0500000000000007
23609,1007391,14314.8967408354,13987.7153837153,13.44,-0.200000000000001,-0.350000000000001
23610,1007391,14301.7262452099,13985.5092871296,13.37,-0.0700000000000003,0.130000000000001
23611,1007391,14288.9568028019,13982.9252989278,13.03,-0.34,-0.27
23612,1007391,14275.6909297548,13979.1214371588,13.87,0.84,1.18
23613,1007391,14263.2394379924,13974.3480421425,13.33,-0.539999999999999,-1.38
23614,1007391,14250.6368215201,13970.129255818,13.29,-0.0400000000000009,0.499999999999998
23615,1007391,14232.904687579,13964.1858841851,13.39,0.100000000000001,0.140000000000002
23616,1007391,14220.2504458462,13960.0595945483,13.31,-0.0800000000000001,-0.180000000000001
23617,1007391,14210.2392388254,13956.7951445201,10.53,-2.78,-2.7
23618,1007391,14199.2353457868,13954.5317896128,7.3,-3.23,-0.449999999999998
23619,1007391,14194.0951905779,13954.9839006934,5.16,-2.14,1.09
23620,1007391,14191.851996473,13955.6562515261,2.37,-2.79,-0.65
23621,1007391,14188.7576954502,13961.0998445259,2.37,0,2.79
23622,1007391,14188.7300935698,13963.0796521267,1.98,-0.39,-0.39
23623,1007391,14188.6994248139,13965.2794383498,2.2,0.22,0.61
23624,1007391,14188.6725369907,13967.4591867453,2.17,-0.0300000000000002,-0.25
23625,1007391,14188.741061478,13969.3279308141,1.87,-0.3,-0.27
23626,1007391,14188.8246100507,13971.6063995183,2.28,0.41,0.71
23627,1007391,14188.8861721569,13973.2852711951,1.68,-0.6,-1.01
23628,1007391,14188.9466349398,13974.9341630205,1.65,-0.03,0.57
23629,1007391,14189.041543187,13977.5224235222,2.59,0.94,0.97
23630,1007391,14189.1086019098,13979.3511944558,1.83,-0.76,-1.7
23631,1007391,14189.1884860715,13981.5297303221,2.18,0.35,1.11
23632,1007391,14182.6900432097,13990.0169170993,2.06,-0.12,-0.47
23633,1007391,14178.530842293,13989.9623858782,4.16,2.1,2.22
23634,1007391,14173.0908457085,13989.9684817955,5.44,1.28,-0.82
23635,1007391,14165.8608502478,13989.9765835385,7.22,1.78,0.499999999999999
23636,1007391,14156.480856137,13989.9870945135,9.39,2.17,0.390000000000001
23637,1007391,14145.3208631437,13989.9996001085,11.16,1.77,-0.400000000000001
23638,1007391,14132.5218489964,13989.9269535171,12.8,1.64,-0.129999999999999
23639,1007391,14119.3121732953,13989.887745289,13.21,0.41,-1.23
23640,1007391,14105.5021804158,13989.8737214323,13.81,0.6,0.19
23641,1007391,14092.0821873352,13989.860093615,13.42,-0.390000000000001,-0.99
23642,1007391,14072.3938986824,13990.6087886923,13.47,0.0500000000000007,0.440000000000001
23643,1007391,14059.6172243306,13991.1924774011,12.79,-0.680000000000001,-0.730000000000002
23644,1007391,14050.8263928767,13991.5940771382,8.8,-3.99,-3.31
23645,1007391,14041.7463773069,13985.8410409784,5.71,-3.09,0.899999999999998
23646,1007391,14039.5524694439,13984.0132101448,2.86,-2.85,0.240000000000001
23647,1007391,14032.9888326468,13985.4945169546,4.69,1.83,4.68
23648,1007391,14031.9013704732,13991.1571511472,5.82,1.13,-0.700000000000001
23649,1007391,14030.7677056901,13994.2136858124,3.26,-2.56,-3.69
23650,1007391,14026.5537591876,14008.5731101477,5.38,2.12,4.68
23651,1007391,14026.4986540687,14015.7428983891,7.18,1.8,-0.32
23652,1007391,14026.4207992345,14024.7673755205,9.03,1.85,0.0499999999999998
23653,1007391,14026.8093996305,14035.7231636497,10.97,1.94,0.0900000000000016
23654,1007391,14026.5335944674,14048.5280724629,12.81,1.84,-0.100000000000001
23655,1007391,14026.6132334802,14061.6178302005,13.09,0.279999999999999,-1.56
23656,1007391,14026.6962795096,14075.2675775738,13.64,0.550000000000001,0.270000000000001
23657,1007391,14027.114954147,14088.4277545981,13.17,-0.470000000000001,-1.02
23658,1007391,14030.7174187238,14101.0561499906,13.45,0.279999999999999,0.75
23659,1007391,14034.3197993749,14113.4742065431,13.15,-0.299999999999999,-0.579999999999998
23660,1007391,14035.9894019591,14125.8319299261,12.47,-0.68,-0.380000000000001
23661,1007391,14037.0211724718,14133.592619591,7.83,-4.64,-3.96
23662,1007391,14037.0681156275,14138.902412086,5.3,-2.53,2.11
23663,1007391,14037.0916314079,14141.5623081381,2.67,-2.63,-0.0999999999999996
23664,1007391,14028.8722744807,14148.5754266276,4.37,1.7,4.33
23665,1007391,14023.2736485047,14149.7953803891,5.73,1.36,-0.34
23666,1007391,14015.986773759,14151.0507479756,7.39,1.66,0.299999999999999
23667,1007391,14006.414734271,14152.3513862962,9.66,2.27,0.610000000000001
23668,1007391,13994.7023629721,14153.9428505765,11.82,2.16,-0.11
23669,1007391,13981.4806333905,14156.0501805882,13.39,1.57,-0.59
23670,1007391,13968.1685753704,14158.2949770757,13.5,0.109999999999999,-1.46
23671,1007391,13954.9967161588,14161.0262223294,13.46,-0.0399999999999991,-0.149999999999999
23672,1007391,13941.3859059648,14168.7080161299,12.98,-0.48,-0.440000000000001
23673,1007391,13942.7301310191,14181.6785465356,13.04,0.0599999999999987,0.539999999999999
23674,1007391,13944.1228059029,14195.1165730524,13.52,0.48,0.420000000000002
23675,1007391,13945.4598334725,14208.861531075,13.8,0.280000000000001,-0.199999999999999
23676,1007391,13946.4685469787,14220.2763195251,11.46,-2.34,-2.62
23677,1007391,13947.0324169556,14229.2486185978,8.99,-2.47,-0.130000000000001
23678,1007391,13947.3510442618,14234.318616294,5.09,-3.9,-1.43
23679,1007391,13947.9987272624,14246.8783928347,6.41,1.32,5.22
23680,1007391,13948.2960541293,14255.0830071909,8.21,1.8,0.48
23681,1007391,13948.6694329355,14265.3862439768,10.31,2.1,0.299999999999999
