"V1","V2","V3","V4","V5","acceleration","jerk"
16765,1008264,14344.3132903426,13284.2211322732,27.64,0.0500000000000007,0
16766,1008264,14344.4410420429,13311.9081685261,27.69,0.0500000000000007,0
16767,1008264,14344.0999967752,13339.7240558702,27.53,-0.16,-0.210000000000001
16768,1008264,14343.2732846008,13366.8367752774,27.12,-0.41,-0.25
16769,1008264,14342.4433048378,13394.084137234,27.26,0.140000000000001,0.550000000000001
16770,1008264,14340.3963268793,13433.977412958,27.3,0.0399999999999991,-0.100000000000001
16771,1008264,14343.8724223916,13461.0563161683,27.46,0.16,0.120000000000001
16772,1008264,14346.9912847913,13488.0415176273,27.18,-0.280000000000001,-0.440000000000001
16773,1008264,14352.7694156977,13514.4200108218,27.02,-0.16,0.120000000000001
16774,1008264,14360.2643263753,13540.4496514394,27.1,0.0800000000000018,0.240000000000002
16775,1008264,14367.8204511108,13567.1540729282,27.76,0.66,0.579999999999998
16776,1008264,14373.997900516,13593.9923053373,27.54,-0.220000000000002,-0.880000000000003
16777,1008264,14379.8293720282,13620.5802734679,27.22,-0.32,-0.0999999999999979
16778,1008264,14383.2949149515,13647.5041018627,27.17,-0.0499999999999972,0.270000000000003
16779,1008264,14386.2420067397,13674.7350906437,27.39,0.219999999999999,0.269999999999996
16780,1008264,14389.1589712662,13701.6877049501,27.12,-0.27,-0.489999999999998
16781,1008264,14390.1398392127,13736.1476262004,27.22,0.0999999999999979,0.369999999999997
16782,1008264,14390.509897992,13763.4151152028,27.26,0.0400000000000027,-0.0599999999999952
16783,1008264,14390.8853848429,13791.0825673737,27.67,0.41,0.369999999999997
16784,1008264,14391.2582933598,13818.5600370395,27.48,-0.190000000000001,-0.600000000000001
16785,1008264,14390.7163468629,13851.3795371652,27.14,-0.34,-0.149999999999999
16786,1008264,14390.4098399983,13879.0778413289,27.7,0.559999999999999,0.899999999999999
16787,1008264,14390.110525533,13906.1261852865,27.05,-0.649999999999999,-1.21
16788,1008264,14389.8444067571,13930.1747129088,24.05,-3,-2.35
16789,1008264,14389.6200038973,13950.4534713361,20.28,-3.77,-0.77
16790,1008264,14389.4091668735,13969.4298245918,18.97,-1.31,2.46
16791,1008264,14389.1952691691,13988.2286077378,18.8,-0.169999999999998,1.14
16792,1008264,14388.9776168775,14007.3573695242,19.14,0.34,0.509999999999998
16793,1008264,14388.7614436656,14026.356139725,19,-0.140000000000001,-0.48
16794,1008264,14388.5459531061,14045.2949138094,18.94,-0.0599999999999987,0.0800000000000018
16795,1008264,14387.9811226946,14064.4666582591,19.18,0.239999999999998,0.299999999999997
16796,1008264,14386.3454030873,14083.2756673071,18.88,-0.300000000000001,-0.539999999999999
16797,1008264,14384.671562896,14102.5230219049,19.32,0.440000000000001,0.740000000000002
16798,1008264,14383.0332441579,14121.3619181494,18.91,-0.41,-0.850000000000001
16799,1008264,14381.4139857119,14139.981641619,18.69,-0.219999999999999,0.190000000000001
16800,1008264,14379.7592058126,14159.0098234419,19.1,0.41,0.629999999999999
16801,1008264,14378.094547018,14177.5853405475,18.65,-0.450000000000003,-0.860000000000003
16802,1008264,14376.3442300822,14196.7455595082,19.24,0.59,1.04
16803,1008264,14374.5757185838,14216.1049491443,19.44,0.200000000000003,-0.389999999999997
16804,1008264,14372.8482401734,14235.3977139617,19.37,-0.0700000000000003,-0.270000000000003
16805,1008264,14371.2506291812,14253.8386396195,18.51,-0.859999999999999,-0.789999999999999
16806,1008264,14369.6124521616,14272.7478113637,18.98,0.469999999999999,1.33
