"V1","V2","V3","V4","V5","acceleration","jerk"
21188,1008139,14394.9679095727,13322.7054516873,13.2,-0.0499999999999989,0
21189,1008139,14381.9975954389,13320.5390142262,13.15,-0.0499999999999989,0
21190,1008139,14369.3133186511,13318.420353713,12.86,-0.290000000000001,-0.240000000000002
21191,1008139,14355.7709298256,13316.1583623563,13.73,0.870000000000001,1.16
21192,1008139,14342.632938627,13313.9639177189,13.32,-0.41,-1.28
21193,1008139,14329.0412330177,13311.6936889574,13.78,0.459999999999999,0.869999999999999
21194,1008139,14316.149825738,13309.540431344,13.08,-0.699999999999999,-1.16
21195,1008139,14302.9526543989,13307.3361018209,13.38,0.300000000000001,1
21196,1008139,14290.1500173301,13305.1976715362,12.98,-0.4,-0.700000000000001
21197,1008139,14276.8739391369,13302.9801621654,13.46,0.48,0.880000000000001
21198,1008139,14263.3216869546,13300.7165233277,13.73,0.27,-0.210000000000001
21199,1008139,14250.1245156155,13298.5121938046,13.38,-0.35,-0.619999999999999
21200,1008139,14237.4501021845,13296.3951807723,12.86,-0.520000000000001,-0.170000000000002
21201,1008139,14221.7215116016,13291.0092079702,13.78,0.92,1.44
21202,1008139,14206.9478709355,13289.1513485919,14.89,1.11,0.190000000000001
21203,1008139,14190.9339985144,13287.1375238528,16.15,1.26,0.149999999999997
21204,1008139,14173.7989565867,13284.9827064275,17.26,1.11,-0.149999999999995
21205,1008139,14155.1756365529,13282.6407305692,18.77,1.51,0.399999999999995
21206,1008139,14135.2677184792,13281.2354249088,20,1.23,-0.279999999999998
21207,1008139,14114.9259314276,13288.3571857387,21.63,1.63,0.399999999999999
21208,1008139,14098.6865759245,13302.6629039485,21.93,0.300000000000001,-1.33
21209,1008139,14090.6675243587,13322.1663590561,21.55,-0.379999999999999,-0.68
21210,1008139,14091.9398312763,13343.8919718441,22.1,0.550000000000001,0.93
21211,1008139,14101.5443861123,13359.616591923,18.63,-3.47,-4.02
21212,1008139,14119.3103887399,13375.4279289031,14.74,-3.89,-0.419999999999996
21213,1008139,14126.788469568,13393.6621846069,13.75,-0.99,2.9
21214,1008139,14121.2989362684,13405.0922950242,12.68,-1.07,-0.0800000000000001
21215,1008139,14115.4434687734,13417.9810771657,9.59,-3.09,-2.02
21216,1008139,14114.3531167343,13423.2596406474,5.38,-4.21,-1.12
21217,1008139,14113.7421959257,13426.2172031177,3.03,-2.35,1.86
21218,1008139,14108.0372188642,13439.8784437033,4.72,1.69,4.04
21219,1008139,14107.2072513766,13445.871243881,6.05,1.33,-0.36
21220,1008139,14106.0809649183,13454.0036223039,8.2,2.15,0.819999999999999
21221,1008139,14104.7050022901,13463.9387935076,10.04,1.84,-0.31
21222,1008139,14103.3554741256,13475.7574286238,11.9,1.86,0.0200000000000014
21223,1008139,14102.2776516314,13488.9334180998,13.22,1.32,-0.540000000000001
21224,1008139,14101.2275492317,13501.7705394652,12.88,-0.34,-1.66
21225,1008139,14100.4699705509,13515.1680855732,13.42,0.539999999999999,0.879999999999999
21226,1008139,14099.7873780279,13528.7409322697,13.59,0.17,-0.369999999999999
21227,1008139,14099.1047855048,13542.3137789663,13.58,-0.00999999999999979,-0.18
21228,1008139,14093.5529982813,13556.7648476182,13.4,-0.18,-0.17
21229,1008139,14080.047742721,13554.4043027131,13.72,0.32,0.5
21230,1008139,14066.7197990498,13552.0747496447,13.53,-0.190000000000001,-0.510000000000002
21231,1008139,14053.0470822608,13549.6849346714,13.88,0.350000000000001,0.540000000000003
21232,1008139,14039.6972338938,13547.6112037792,13.51,-0.370000000000001,-0.720000000000002
21233,1008139,14026.4849148602,13545.5638821738,13.37,-0.140000000000001,0.23
21234,1008139,14007.4202550379,13542.811444414,13.1,-0.27,-0.129999999999999
21235,1008139,13993.694256862,13540.9622624131,13.85,0.75,1.02
21236,1008139,13973.8830932353,13538.1421544991,13.79,-0.0600000000000005,-0.81
21237,1008139,13960.3597043558,13536.1454439004,13.68,-0.109999999999999,-0.0499999999999989
21238,1008139,13947.4397732098,13534.2378330431,13.06,-0.619999999999999,-0.51
21239,1008139,13934.2131668223,13532.2849419893,13.37,0.309999999999999,0.929999999999998
21240,1008139,13923.9534263323,13534.754458458,13.63,0.260000000000002,-0.0499999999999972
21241,1008139,13921.7227407295,13547.5616455708,13,-0.630000000000001,-0.890000000000002
21242,1008139,13919.4714641826,13560.4870528723,13.12,0.119999999999999,0.75
21243,1008139,13917.1704261876,13573.6981589632,13.41,0.290000000000001,0.170000000000002
21244,1008139,13914.8951268727,13586.7614898182,13.26,-0.15,-0.440000000000001
21245,1008139,13912.5632024617,13600.1499261922,13.59,0.33,0.48
21246,1008139,13910.2690281147,13613.3216255536,13.36,-0.23,-0.56
21247,1008139,13906.759329446,13624.1971128837,11.54,-1.82,-1.59
21248,1008139,13902.9888869565,13631.9710027359,8.64,-2.9,-1.08
21249,1008139,13900.4403471255,13637.2255764322,5.84,-2.8,0.0999999999999979
21250,1008139,13899.4104577418,13639.3490000492,2.36,-3.48,-0.679999999999999
21251,1008139,13898.7820506602,13640.6446483579,1.44,-0.92,2.56
21252,1008139,13894.9217045251,13658.3190379604,3.9,2.46,3.38
21253,1008139,13895.0573293275,13664.0774410301,5.76,1.86,-0.6
21254,1008139,13895.2405169947,13671.8552840652,7.78,2.02,0.160000000000001
21255,1008139,13895.4366549468,13680.1829746156,8.33,0.55,-1.47
21256,1008139,13896.3192010046,13696.9590762596,7.65,-0.68,-1.23
21257,1008139,13897.0305800564,13704.4051718704,7.48,-0.17,0.51
21258,1008139,13897.7410080666,13711.8413128079,7.47,-0.0100000000000007,0.159999999999999
21259,1008139,13898.4809183637,13719.5860486169,7.78,0.31,0.320000000000001
21260,1008139,13899.2331922005,13727.4601951786,7.92,0.14,-0.170000000000001
21261,1008139,13899.9360118787,13734.8166987299,7.38,-0.54,-0.68
21262,1008139,13900.6274190586,13742.0537462019,7.27,-0.11,0.43
21263,1008139,13901.3815949784,13749.9478021101,7.93,0.66,0.77
21264,1008139,13901.8019553272,13754.3477676983,4.42,-3.51,-4.17
21265,1008139,13891.9637921032,13763.6782951284,6.19,1.77,5.28
21266,1008139,13884.5378613382,13764.3904413727,7.46,1.27,-0.500000000000001
21267,1008139,13875.7481872557,13765.2333705064,8.83,1.37,0.100000000000001
21268,1008139,13865.5549525327,13766.210901008,10.24,1.41,0.04
21269,1008139,13853.4405319683,13767.3726730982,12.17,1.93,0.52
21270,1008139,13840.0467180828,13769.0560671556,13.5,1.33,-0.6
21271,1008139,13826.6789301517,13770.7917646611,13.48,-0.0199999999999996,-1.35
21272,1008139,13813.4373705265,13772.3633705984,13.34,-0.140000000000001,-0.120000000000001
21273,1008139,13799.6601564988,13772.9570654994,13.79,0.449999999999999,0.59
21274,1008139,13786.5023676123,13773.5240678088,13.17,-0.619999999999999,-1.07
21275,1008139,13772.791487927,13773.6568250538,13.74,0.57,1.19
21276,1008139,13759.2605850585,13772.1014898607,13.61,-0.130000000000001,-0.700000000000001
21277,1008139,13740.0465247421,13769.7866529418,13.07,-0.539999999999999,-0.409999999999998
21278,1008139,13726.831321759,13768.0409983037,13.33,0.26,0.799999999999999
21279,1008139,13715.9497916091,13766.8287025696,10.95,-2.38,-2.64
21280,1008139,13708.7364933278,13766.1001231954,7.25,-3.7,-1.32
21281,1008139,13704.1597799355,13765.6378521442,4.61,-2.64,1.06
21282,1008139,13697.3940309192,13771.3299000874,6.51,1.9,4.54
21283,1008139,13697.4669551965,13780.0995968923,8.78,2.27,0.37
21284,1008139,13697.5581729072,13791.0692176391,10.97,2.19,-0.0799999999999983
21285,1008139,13697.6646074282,13803.8687751194,12.8,1.83,-0.360000000000001
21286,1008139,13697.7844294164,13818.2782769391,14.41,1.61,-0.220000000000001
21287,1008139,13697.9193019111,13834.4977161837,16.21,1.8,0.190000000000001
21288,1008139,13698.0282309912,13847.5972632925,13.1,-3.11,-4.91
21289,1008139,13690.6780068207,13867.1354430697,8.54,-4.56,-1.45
21290,1008139,13687.4720676299,13871.530317774,5.45,-3.09,1.47
21291,1008139,13685.5883304574,13874.0922842577,3.18,-2.27,0.819999999999999
21292,1008139,13657.7186501962,13902.1948456127,5.47,2.29,4.56
21293,1008139,13655.0409231626,13904.1911867493,3.35,-2.12,-4.41
