"V1","V2","V3","V4","V5","acceleration","jerk"
58361,1009116,14215.1652395096,13276.5380807789,13.06,0.27,0
58362,1009116,14229.5022402082,13279.0005962871,13.33,0.27,0
58363,1009116,14242.3585186127,13280.9283165956,13,-0.33,-0.6
58364,1009116,14255.9466159417,13282.9657686754,13.74,0.74,1.07
58365,1009116,14268.9314571302,13284.912766187,13.13,-0.609999999999999,-1.35
58366,1009116,14282.2030922215,13286.90276669,13.42,0.289999999999999,0.899999999999999
58367,1009116,14295.3362750839,13288.8720071282,13.28,-0.140000000000001,-0.43
58368,1009116,14308.6771362897,13290.8723876636,13.49,0.210000000000001,0.350000000000001
58369,1009116,14321.8716348722,13293.083728765,13.37,-0.120000000000001,-0.330000000000002
58370,1009116,14335.0873078783,13295.4734749849,13.43,0.0600000000000005,0.180000000000001
58371,1009116,14348.3029808845,13297.8632212047,13.43,0,-0.0600000000000005
58372,1009116,14361.0463141257,13300.167555795,12.96,-0.469999999999999,-0.469999999999999
58373,1009116,14373.9766151905,13302.5056991553,13.13,0.17,0.639999999999999
58374,1009116,14387.0938840789,13304.8776512857,13.34,0.209999999999999,0.0399999999999991
58375,1009116,14400.3784399674,13307.2798533682,13.5,0.16,-0.0499999999999989
