"V1","V2","V3","V4","V5","acceleration","jerk"
21815,1011273,13406.7966721467,13501.3405717061,13.51,-3.09,0
21816,1011273,13416.9999363852,13503.4547615933,10.42,-3.09,0
21817,1011273,13424.5495685617,13505.0190997921,7.71,-2.71,0.38
21818,1011273,13428.8286726617,13505.905761002,4.37,-3.34,-0.63
21819,1011273,13437.9923590314,13515.4794237238,6.8,2.43,5.77
21820,1011273,13437.8446393343,13524.1481652064,8.67,1.87,-0.56
21821,1011273,13437.6693180328,13534.4366715334,10.28,1.61,-0.260000000000001
21822,1011273,13437.4609429583,13546.6648962544,12.24,1.96,0.350000000000001
21823,1011273,13437.2316111102,13560.1229424315,13.46,1.22,-0.74
21824,1011273,13437.0106278954,13573.0910597358,12.97,-0.49,-1.71
21825,1011273,13436.7807849065,13586.5791015581,13.48,0.51,1
21826,1011273,13436.5534976216,13599.9171651541,13.35,-0.130000000000001,-0.640000000000001
21827,1011273,13436.3272326184,13613.1952374595,13.27,-0.0800000000000001,0.0500000000000007
21828,1011273,13436.1026714179,13626.3733242807,13.18,-0.0899999999999999,-0.00999999999999979
21829,1011273,13435.5344551339,13651.1587506714,13.03,-0.15,-0.0600000000000005
21830,1011273,13435.0432497126,13664.0393879706,12.89,-0.139999999999999,0.0100000000000016
21831,1011273,13434.535277,13677.3597056742,13.33,0.44,0.579999999999998
21832,1011273,13434.0124423701,13691.0697400997,13.72,0.390000000000001,-0.0499999999999989
21833,1011273,13433.4960860119,13704.6098980054,13.56,-0.16,-0.550000000000001
21834,1011273,13432.9991644686,13717.6404263516,13.04,-0.520000000000001,-0.360000000000001
21835,1011273,13432.5837929332,13728.5325090949,10.9,-2.14,-1.62
21836,1011273,13432.3098001497,13735.7172866109,7.19,-3.71,-1.57
21837,1011273,13432.0281858702,13743.1019188562,7.39,0.199999999999999,3.91
21838,1011273,13431.8304080474,13748.2881490798,5.19,-2.2,-2.4
