"V1","V2","V3","V4","V5","acceleration","jerk"
21739,1012444,14344.3668689461,13285.550052637,26.79,0.25,0
21740,1012444,14344.4405059769,13312.5881683148,27.04,0.25,0
21741,1012444,14344.102301741,13339.6841223363,26.81,-0.23,-0.48
21742,1012444,14343.2787650247,13366.6568587275,26.99,0.18,0.41
21743,1012444,14342.4536567497,13393.7442948619,27.1,0.110000000000003,-0.0699999999999967
21744,1012444,14337.3975725039,13435.3614463344,27.5,0.399999999999999,0.289999999999996
21745,1012444,14340.6508450218,13462.6411516559,27.61,0.109999999999999,-0.289999999999999
21746,1012444,14343.8873182507,13489.43318221,27.01,-0.599999999999998,-0.709999999999997
21747,1012444,14349.8227128798,13516.2587148858,27.49,0.479999999999997,1.07999999999999
21748,1012444,14357.4569706257,13542.5922503403,27.42,-0.0699999999999967,-0.549999999999994
21749,1012444,14364.8110347689,13568.7500957576,27.18,-0.240000000000002,-0.170000000000005
21750,1012444,14370.9330323105,13595.4061203318,27.35,0.170000000000002,0.410000000000004
21751,1012444,14376.0003561115,13618.5171058777,23.66,-3.69,-3.86
21752,1012444,14379.1417847531,13639.625389481,21.37,-2.29,1.4
21753,1012444,14381.0877075234,13657.6506574283,18.13,-3.24,-0.950000000000003
21754,1012444,14382.6966089204,13672.554064297,15,-3.13,0.110000000000003
21755,1012444,14383.9867353241,13684.5046280437,12.02,-2.98,0.149999999999999
21756,1012444,14385.090104661,13694.7252432945,10.27,-1.75,1.23
21757,1012444,14385.7920536361,13701.2274635028,6.54,-3.73,-1.98
21758,1012444,14383.0702103487,13707.4186994993,3.65,-2.89,0.839999999999999
21759,1012444,14367.2262221849,13706.6456781633,6,2.35,5.24
21760,1012444,14359.4719190606,13707.1393208025,7.77,1.77,-0.580000000000001
21761,1012444,14343.6062909356,13708.2779703977,9.64,1.87,0.100000000000001
21762,1012444,14325.3700012957,13708.735309393,11.84,2.2,0.329999999999998
21763,1012444,14311.9900327445,13708.3408651223,13.4,1.56,-0.639999999999999
21764,1012444,14298.8597942104,13706.9855658797,13.2,-0.200000000000001,-1.76
21765,1012444,14273.5268990833,13704.8515768965,13.11,-0.0899999999999999,0.110000000000001
21766,1012444,14260.5195680531,13703.6798518992,13.06,-0.0499999999999989,0.0400000000000009
21767,1012444,14247.6616320959,13702.5215846929,12.91,-0.15,-0.100000000000001
21768,1012444,14234.5547043502,13701.340887835,13.16,0.25,0.4
21769,1012444,14221.3282605461,13700.1494247444,13.28,0.119999999999999,-0.130000000000001
21770,1012444,14207.6916512929,13699.0720839763,13.68,0.4,0.280000000000001
21771,1012444,14194.1519858198,13698.1652439267,13.57,-0.109999999999999,-0.51
21772,1012444,14180.6322756385,13697.2597404136,13.55,-0.0199999999999996,0.0899999999999999
21773,1012444,14166.8231188473,13696.3434452005,13.84,0.289999999999999,0.309999999999999
21774,1012444,14153.9560316829,13696.9200454975,12.89,-0.949999999999999,-1.24
21775,1012444,14144.6054155448,13697.3390655891,9.35,-3.54,-2.59
21776,1012444,14138.83121028,13697.5978194491,5.78,-3.57,-0.0299999999999985
21777,1012444,14135.6543983869,13697.7401788392,3.18,-2.6,0.969999999999999
21778,1012444,14122.3803606177,13701.6081002918,5.41,2.23,4.83
21779,1012444,14116.2477942915,13698.3167130076,6.96,1.55,-0.68
21780,1012444,14108.135966219,13694.760784577,8.86,1.9,0.35
21781,1012444,14089.6686923013,13690.6551438677,10.94,2.08,0.180000000000001
21782,1012444,14077.1455372762,13688.7987526865,12.66,1.72,-0.359999999999999
21783,1012444,14062.1804760386,13689.9219573642,14.5,1.84,0.119999999999999
21784,1012444,14045.8687470863,13687.5037765222,16.48,1.98,0.140000000000001
21785,1012444,14028.3699911635,13684.9096213315,17.7,1.22,-0.760000000000002
21786,1012444,14009.8022743385,13680.9691078104,18.99,1.29,0.0700000000000003
21787,1012444,13990.4120236415,13673.3629932433,20.88,1.89,0.600000000000001
21788,1012444,13970.796381706,13662.1164281721,22.64,1.76,-0.129999999999999
21789,1012444,13953.9170959228,13650.8931215537,20.27,-2.37,-4.13
21790,1012444,13939.952339012,13641.607731717,16.77,-3.5,-1.13
21791,1012444,13927.801244092,13635.0106323755,13.84,-2.93,0.57
21792,1012444,13919.3395709876,13630.6482375889,9.53,-4.31,-1.38
21793,1012444,13913.4015262694,13627.4230634956,6.75,-2.78,1.53
21794,1012444,13910.4311246745,13625.6682944609,3.45,-3.3,-0.52
21795,1012444,13907.7104090108,13624.0610277509,3.17,-0.28,3.02
21796,1012444,13904.8177605397,13622.6807846793,3.2,0.0300000000000002,0.31
21797,1012444,13902.727148682,13621.7709813709,2.28,-0.92,-0.950000000000001
21798,1012444,13901.3975928952,13621.1923783896,1.46,-0.82,0.100000000000001
21799,1012444,13901.0399882353,13621.0367541394,0.39,-1.07,-0.25
21800,1012444,13900.8749399308,13620.9649275625,0.18,-0.21,0.86
21801,1012444,13896.0945164065,13625.363911143,2.68,2.5,2.71
21802,1012444,13895.2759684872,13629.6362031863,4.35,1.67,-0.830000000000001
21803,1012444,13894.9709226096,13635.8825007968,6.27,1.92,0.25
21804,1012444,13894.91746625,13658.1390878645,7.57,1.3,-0.619999999999999
21805,1012444,13895.1484522416,13667.9463680925,9.81,2.24,0.94
21806,1012444,13895.4152281117,13679.2732269084,11.33,1.52,-0.720000000000001
21807,1012444,13881.9200952954,13691.9773001914,13.45,2.12,0.6
21808,1012444,13868.600269177,13692.0453602667,13.32,-0.129999999999999,-2.25
21809,1012444,13854.8904481496,13692.115413092,13.71,0.390000000000001,0.52
21810,1012444,13841.6706207257,13692.1829622058,13.23,-0.48,-0.870000000000001
21811,1012444,13827.7908019176,13692.2538836656,13.87,0.639999999999999,1.12
21812,1012444,13814.4409761908,13692.3220970294,13.35,-0.52,-1.16
21813,1012444,13801.1111502029,13692.3902082009,13.34,-0.00999999999999979,0.51
21814,1012444,13787.8513233011,13692.4579616993,13.26,-0.0800000000000001,-0.0700000000000003
21815,1012444,13767.2821500345,13696.77490131,13.16,-0.0999999999999996,-0.0199999999999996
21816,1012444,13761.7201004826,13708.6686183397,13.13,-0.0299999999999994,0.0700000000000003
21817,1012444,13756.285135079,13720.290582505,12.83,-0.300000000000001,-0.270000000000001
21818,1012444,13752.7365127788,13731.5596554372,11.88,-0.949999999999999,-0.649999999999999
21819,1012444,13750.477006409,13741.5780151316,10.28,-1.6,-0.650000000000002
21820,1012444,13748.9809359792,13748.2113983761,6.79,-3.49,-1.89
21821,1012444,13748.0004505557,13753.4010946092,5.3,-1.49,2
21822,1012444,13747.5050966218,13758.5874926348,5.2,-0.0999999999999996,1.39
21823,1012444,13747.2341256599,13761.4245817659,2.85,-2.35,-2.25
21824,1012444,13741.642659536,13769.9974934495,4.25,1.4,3.75
21825,1012444,13735.8529532028,13769.232705521,5.84,1.59,0.19
21826,1012444,13728.4968537179,13768.26100579,7.42,1.58,-0.00999999999999979
21827,1012444,13719.3524785225,13767.1723910467,9.21,1.79,0.210000000000001
21828,1012444,13710.6069761925,13766.2890513642,8.78,-0.430000000000001,-2.22
21829,1012444,13705.234312645,13765.7463853476,5.4,-3.38,-2.95
21830,1012444,13701.8860236213,13765.4785248389,3.37,-2.03,1.35
21831,1012444,13697.3982716697,13771.8398824557,4.75,1.38,3.41
21832,1012444,13697.449410131,13777.9896698389,6.15,1.4,0.0200000000000005
21833,1012444,13697.5191746334,13786.3793797811,8.4,2.25,0.85
21834,1012444,13697.6053200739,13796.7390216167,10.36,1.96,-0.290000000000001
21835,1012444,13697.7020258145,13808.3686195461,11.63,1.27,-0.689999999999998
21836,1012444,13697.810040223,13821.3581704578,12.99,1.36,0.0899999999999981
21837,1012444,13697.9300285151,13835.787671586,14.43,1.44,0.0800000000000001
21838,1012444,13698.0286467511,13847.6472615639,11.85,-2.58,-4.02
21839,1012444,13690.618048539,13867.2154743414,8.59,-3.26,-0.68
21840,1012444,13687.1957157597,13871.9104883198,5.81,-2.78,0.48
21841,1012444,13685.677761224,13873.9718594348,2.55,-3.26,-0.48
21842,1012444,13658.7448449875,13901.4297807459,4.35,1.8,5.06
21843,1012444,13655.7464320817,13903.6652046534,3.74,-0.609999999999999,-2.41
21844,1012444,13643.1370362353,13909.6100026745,5.21,1.47,2.08
21845,1012444,13636.520737694,13910.786010163,6.72,1.51,0.04
21846,1012444,13627.5907037998,13912.3732702703,9.07,2.35,0.840000000000001
21847,1012444,13610.594625453,13914.7051810188,11.14,2.07,-0.28
21848,1012444,13598.085435067,13914.8475041927,12.51,1.37,-0.700000000000001
21849,1012444,13585.0692247233,13915.0712820687,13.02,0.51,-0.859999999999999
21850,1012444,13572.1179088517,13915.9337304407,12.98,-0.0399999999999991,-0.549999999999999
21851,1012444,13558.5579410015,13916.8367098995,13.59,0.609999999999999,0.649999999999999
21852,1012444,13545.29731019,13917.7197560369,13.29,-0.300000000000001,-0.91
21853,1012444,13532.3360164172,13918.5828688529,13,-0.289999999999999,0.0100000000000016
21854,1012444,13519.1452309147,13919.461263882,13.22,0.220000000000001,0.51
21855,1012444,13505.3201055255,13920.5050691591,13.87,0.649999999999999,0.429999999999998
21856,1012444,13491.8757101468,13922.7467499798,13.63,-0.239999999999998,-0.889999999999997
21857,1012444,13478.9083849169,13924.8062772915,13.26,-0.370000000000001,-0.130000000000003
21858,1012444,13458.5943826695,13927.5977811918,13.73,0.470000000000001,0.840000000000002
21859,1012444,13445.6249162445,13929.3700793186,13.1,-0.630000000000001,-1.1
21860,1012444,13433.2092109565,13931.368088647,12.59,-0.51,0.120000000000001
21861,1012444,13421.8351668102,13934.3561849905,11.76,-0.83,-0.32
21862,1012444,13411.6604266385,13937.0292099509,10.52,-1.24,-0.41
