"V1","V2","V3","V4","V5","acceleration","jerk"
50051,1014806,13667.99,13883.22,0,1.61,0
50052,1014806,13667.3749462467,13881.7321126116,1.61,1.61,0
50053,1014806,13665.8812442745,13878.1186718112,3.91,2.3,0.69
50054,1014806,13663.9794651546,13872.4226401866,6.09,2.18,-0.12
50055,1014806,13664.7434443103,13862.2049040151,7.68,1.59,-0.59
50056,1014806,13665.4583273259,13853.0226906504,9.21,1.53,-0.0599999999999987
50057,1014806,13666.2787739574,13842.4845804154,10.57,1.36,-0.170000000000002
50058,1014806,13667.2521325911,13829.9824136844,12.54,1.97,0.609999999999999
50059,1014806,13668.3155307794,13816.3237466816,13.7,1.16,-0.809999999999999
50060,1014806,13669.6518791013,13797.9500220719,15.33,1.63,0.470000000000001
50061,1014806,13670.045315929,13781.2046433822,16.75,1.42,-0.210000000000001
50062,1014806,13670.4187873057,13765.3090301782,15.9,-0.85,-2.27
50063,1014806,13671.6401714746,13746.054100413,13.21,-2.69,-1.84
50064,1014806,13676.6988442436,13720.3512074371,13.63,0.42,3.11
50065,1014806,13678.2376513161,13710.0050162155,10.47,-3.16,-3.58
50066,1014806,13680.0918437969,13702.9640707743,7.36,-3.11,0.0499999999999998
50067,1014806,13682.280880831,13698.4687268649,5,-2.36,0.75
50068,1014806,13689.1164875693,13660.3763021098,6.97,1.97,4.33
50069,1014806,13688.5856555591,13651.3919703384,9,2.03,0.0600000000000005
50070,1014806,13688.5984078716,13640.5603892287,10.88,1.88,-0.149999999999999
50071,1014806,13690.531682595,13627.6847203589,13.01,2.13,0.249999999999998
50072,1014806,13692.5451392193,13614.2750375729,13.56,0.550000000000001,-1.58
50073,1014806,13694.4605957425,13601.5180384623,12.9,-0.66,-1.21
50074,1014806,13696.9129219933,13588.6609884302,13.1,0.199999999999999,0.859999999999999
50075,1014806,13703.3111092912,13575.3397428809,13.49,0.390000000000001,0.190000000000001
50076,1014806,13706.9051405585,13562.9609287516,12.89,-0.6,-0.99
50077,1014806,13710.535418844,13550.4572701042,13.02,0.129999999999999,0.729999999999999
50078,1014806,13714.3692380779,13537.2525614712,13.75,0.73,0.600000000000001
50079,1014806,13719.8582094248,13526.7146455833,11.91,-1.84,-2.57
50080,1014806,13723.9400531099,13519.3159259556,8.44,-3.47,-1.63
50081,1014806,13726.4229734107,13514.8154030104,5.14,-3.3,0.170000000000001
50082,1014806,13727.9059627732,13512.127347477,3.07,-2.07,1.23
50083,1014806,13728.1861366593,13511.6195063664,0.58,-2.49,-0.42
50084,1014806,13728.23,13511.54,0.52,-0.0599999999999999,2.43
50085,1014806,13728.23,13511.54,0.08,-0.44,-0.38
50086,1014806,13728.23,13511.54,0,-0.08,0.36
50087,1014806,13728.23,13511.54,0,0,0.08
50088,1014806,13728.23,13511.54,0,0,0
50089,1014806,13728.23,13511.54,0,0,0
50090,1014806,13728.23,13511.54,0,0,0
50091,1014806,13728.23,13511.54,0,0,0
50092,1014806,13728.23,13511.54,0,0,0
50093,1014806,13728.23,13511.54,0,0,0
50094,1014806,13728.23,13511.54,0,0,0
50095,1014806,13728.23,13511.54,0,0,0
50096,1014806,13728.23,13511.54,0,0,0
50097,1014806,13728.23,13511.54,0,0,0
50098,1014806,13728.23,13511.54,0,0,0
50099,1014806,13728.23,13511.54,0,0,0
50100,1014806,13728.23,13511.54,0,0,0
50101,1014806,13728.23,13511.54,0,0,0
50102,1014806,13728.23,13511.54,0,0,0
50103,1014806,13728.23,13511.54,0,0,0
50104,1014806,13728.23,13511.54,0,0,0
50105,1014806,13738.1879081395,13481.6550968123,2.14,2.14,2.14
50106,1014806,13739.7837244184,13477.7052904368,4.25,2.11,-0.0300000000000002
50107,1014806,13741.8890031714,13472.4945130118,5.62,1.37,-0.74
50108,1014806,13744.8602427867,13465.1314581118,7.94,2.32,0.95
50109,1014806,13748.2740091356,13455.9239286215,9.83,1.89,-0.430000000000001
50110,1014806,13752.3308984729,13444.9817830867,11.66,1.83,-0.0599999999999996
50111,1014806,13756.9057625413,13432.6425684133,13.16,1.5,-0.33
50112,1014806,13761.4806266098,13420.30335374,13.16,0,-1.5
50113,1014806,13766.008313575,13408.1280031137,12.99,-0.17,-0.17
50114,1014806,13770.6759552834,13395.802196005,13.18,0.19,0.359999999999999
50115,1014806,13775.2833922049,13383.6353712337,13,-0.18,-0.369999999999999
50116,1014806,13780.1316482738,13370.8326171124,13.7,0.699999999999999,0.879999999999999
50117,1014806,13784.6965876988,13358.7780151677,12.89,-0.809999999999999,-1.51
50118,1014806,13791.5186311655,13340.6864233678,13.17,0.279999999999999,1.09
50119,1014806,13795.8181919026,13328.5512974492,12.87,-0.300000000000001,-0.58
50120,1014806,13798.2438897739,13320.258795424,8.64,-4.23,-3.93
50121,1014806,13799.9620924328,13314.3849398229,6.13,-2.51,1.72
50122,1014806,13800.7285455796,13311.7647395302,2.73,-3.4,-0.889999999999999
50123,1014806,13804.3078878544,13299.3051280153,4.63,1.9,5.3
50124,1014806,13805.999757027,13293.0809751651,6.45,1.82,-0.0799999999999996
50125,1014806,13808.0745919347,13285.4479443053,7.91,1.46,-0.36
50126,1014806,13811.1243821819,13276.0652330978,9.86,1.95,0.489999999999999
