"V1","V2","V3","V4","V5","acceleration","jerk"
26496,1014466,14398.053018544,13995.6467460553,13.23,-0.220000000000001,0
26497,1014466,14385.0690227134,13994.679144758,13.01,-0.220000000000001,0
26498,1014466,14371.8918978068,13993.7482074188,13.22,0.210000000000001,0.430000000000001
26499,1014466,14358.178186343,13992.7564481198,13.74,0.52,0.309999999999999
26500,1014466,14333.9121803676,13990.057440287,13.82,0.0800000000000001,-0.44
26501,1014466,14320.5671179919,13988.4627897955,13.43,-0.390000000000001,-0.470000000000001
26502,1014466,14307.8344914396,13986.6645585766,12.87,-0.56,-0.17
26503,1014466,14294.9651679589,13984.0350953686,13.14,0.270000000000001,0.830000000000002
26504,1014466,14281.7289325263,13981.5550810382,13.47,0.33,0.0599999999999987
26505,1014466,14269.0407792369,13976.4410644069,13.68,0.209999999999999,-0.120000000000001
26506,1014466,14255.9756274448,13971.9164467139,13.83,0.15,-0.0599999999999987
26507,1014466,14243.2212864702,13967.6468698845,13.45,-0.380000000000001,-0.530000000000001
26508,1014466,14227.5330522829,13962.4343036856,11.21,-2.24,-1.86
26509,1014466,14219.2521773398,13959.7340795882,8.72,-2.49,-0.250000000000002
26510,1014466,14213.3291175355,13957.8026908251,6.22,-2.5,-0.0100000000000007
26511,1014466,14208.8606775547,13956.3456238609,4.71,-1.51,0.990000000000001
26512,1014466,14199.09,13952.81,6.48,1.77,3.28
26513,1014466,14192.4303761268,13950.6673416124,8.36,1.88,0.109999999999999
26514,1014466,14182.4725271651,13948.8537057815,10.14,1.78,-0.0999999999999979
26515,1014466,14170.9431221211,13947.5758875902,11.6,1.46,-0.320000000000002
26516,1014466,14157.7946110682,13946.1097509062,13.23,1.63,0.170000000000002
26517,1014466,14144.6361655638,13944.6424704594,13.25,0.0199999999999996,-1.61
26518,1014466,14131.6879713227,13942.5785726407,13.13,-0.119999999999999,-0.139999999999999
26519,1014466,14118.3902221741,13939.5483693883,13.64,0.51,0.629999999999999
26520,1014466,14105.8583600332,13936.2841801657,12.95,-0.690000000000001,-1.2
26521,1014466,14093.8927115399,13930.5264221329,13.33,0.380000000000001,1.07
26522,1014466,14082.7694474814,13922.5851754517,13.67,0.34,-0.0400000000000009
26523,1014466,14071.9677670079,13915.5488942492,12.94,-0.73,-1.07
26524,1014466,14060.9692993277,13910.1321324224,12.25,-0.69,0.0400000000000009
26525,1014466,14053.8295145497,13906.4581238161,8.03,-4.22,-3.53
26526,1014466,14049.4636974435,13904.398555184,4.83,-3.2,1.02
26527,1014466,14047.1728740696,13903.3974916147,2.5,-2.33,0.869999999999999
26528,1014466,14045.8808496867,13902.8328917616,1.41,-1.09,1.24
26529,1014466,14045.5692977079,13902.6967471162,0.34,-1.07,0.0200000000000002
26530,1014466,14045.441011599,13902.6406875563,0.14,-0.2,0.87
26531,1014466,14045.331052077,13902.592636505,0.12,-0.02,0.18
26532,1014466,14045.31272549,13902.5846279965,0.02,-0.1,-0.08
26533,1014466,14045.31272549,13902.5846279965,0,-0.02,0.08
26534,1014466,14045.31272549,13902.5846279965,0,0,0.02
26535,1014466,14045.31272549,13902.5846279965,0,0,0
26536,1014466,14045.31272549,13902.5846279965,0,0,0
26537,1014466,14045.31272549,13902.5846279965,0,0,0
26538,1014466,14045.31272549,13902.5846279965,0,0,0
26539,1014466,14045.31272549,13902.5846279965,0,0,0
26540,1014466,14045.31272549,13902.5846279965,0,0,0
26541,1014466,14045.31272549,13902.5846279965,0,0,0
26542,1014466,14045.31272549,13902.5846279965,0,0,0
26543,1014466,14045.31272549,13902.5846279965,0,0,0
26544,1014466,14045.31272549,13902.5846279965,0,0,0
26545,1014466,14045.31272549,13902.5846279965,0,0,0
26546,1014466,14045.31272549,13902.5846279965,0,0,0
26547,1014466,14045.31272549,13902.5846279965,0,0,0
26548,1014466,14045.31272549,13902.5846279965,0,0,0
26549,1014466,14045.31272549,13902.5846279965,0,0,0
26550,1014466,14045.31272549,13902.5846279965,0,0,0
26551,1014466,14045.31272549,13902.5846279965,0,0,0
26552,1014466,14045.31272549,13902.5846279965,0,0,0
26553,1014466,14045.31272549,13902.5846279965,0,0,0
26554,1014466,14045.31272549,13902.5846279965,0,0,0
26555,1014466,14045.31272549,13902.5846279965,0,0,0
26556,1014466,14045.31272549,13902.5846279965,0,0,0
26557,1014466,14045.31272549,13902.5846279965,0,0,0
26558,1014466,14045.31272549,13902.5846279965,0,0,0
26559,1014466,14045.31272549,13902.5846279965,0,0,0
26560,1014466,14045.31272549,13902.5846279965,0,0,0
26561,1014466,14043.9382314657,13901.9839898549,1.51,1.51,1.51
26562,1014466,14041.2533864715,13900.8107433517,2.92,1.41,-0.1
26563,1014466,14025.2501906468,13889.9798056634,5.41,2.49,1.08
26564,1014466,14019.2006856738,13890.0571980511,6.05,0.64,-1.85
26565,1014466,14011.5356491572,13889.5825334842,7.74,1.69,1.05
26566,1014466,14002.3521677764,13887.0360516508,9.53,1.79,0.0999999999999988
26567,1014466,13991.8485007196,13884.1234963534,10.9,1.37,-0.419999999999998
26568,1014466,13979.8632043728,13881.7463082529,12.24,1.34,-0.0300000000000011
26569,1014466,13966.5899673297,13881.3604749169,13.38,1.14,-0.199999999999999
26570,1014466,13943.580955545,13882.4764861381,13.57,0.19,-0.950000000000001
26571,1014466,13930.0944871344,13882.1678280568,13.49,-0.0800000000000001,-0.27
26572,1014466,13916.7701531782,13880.5036803578,13.46,-0.0299999999999994,0.0500000000000007
26573,1014466,13903.1131951671,13878.1399760866,13.86,0.399999999999999,0.429999999999998
26574,1014466,13885.7562039723,13877.1591672427,11.57,-2.29,-2.69
26575,1014466,13872.7299583507,13875.3448077961,13.17,1.6,3.89
26576,1014466,13861.7262627159,13874.1488917856,11.08,-2.09,-3.69
26577,1014466,13851.9788271234,13873.135235349,9.8,-1.28,0.81
26578,1014466,13843.9230099839,13872.2903637573,8.11,-1.69,-0.410000000000002
26579,1014466,13834.2323105962,13871.3375799183,9.74,1.63,3.32
26580,1014466,13824.1037857638,13871.1647079408,10.13,0.390000000000001,-1.24
26581,1014466,13812.5054749983,13870.9667499015,11.6,1.47,1.08
26582,1014466,13800.448129347,13871.6863273098,12.08,0.48,-0.989999999999998
26583,1014466,13788.4079829928,13872.498990032,12.07,-0.00999999999999979,-0.49
26584,1014466,13775.5360959246,13874.389657455,13.01,0.94,0.949999999999999
26585,1014466,13762.4208481488,13876.5891671084,13.3,0.290000000000001,-0.649999999999999
26586,1014466,13764.250788389,13891.3032849826,13.66,0.359999999999999,0.0699999999999985
26587,1014466,13770.6550166209,13902.1775785576,12.62,-1.04,-1.4
26588,1014466,13777.095433198,13913.6921277852,13.2,0.58,1.62
26589,1014466,13783.0227164774,13925.5200698263,13.23,0.0300000000000011,-0.549999999999999
26590,1014466,13789.1695287671,13937.7860837947,13.72,0.49,0.459999999999999
26591,1014466,13794.2090270763,13949.8908233323,13.17,-0.550000000000001,-1.04
26592,1014466,13797.6727458873,13962.4831325724,13.06,-0.109999999999999,0.440000000000001
26593,1014466,13802.5275390315,13985.3432037187,13.05,-0.00999999999999979,0.0999999999999996
26594,1014466,13803.9015214422,13999.1148329736,13.84,0.789999999999999,0.799999999999999
26595,1014466,13805.2218947125,14012.3491298732,13.3,-0.539999999999999,-1.33
26596,1014466,13806.596869885,14026.1307097273,13.85,0.549999999999999,1.09
26597,1014466,13807.9003662038,14039.195846441,13.12,-0.73,-1.28
26598,1014466,13808.9056463966,14052.3124118329,13.17,0.0500000000000007,0.780000000000001
26599,1014466,13809.5061416544,14066.079321633,13.78,0.609999999999999,0.559999999999999
26600,1014466,13810.8828494732,14079.1183484689,13.13,-0.649999999999999,-1.26
26601,1014466,13811.9836514359,14103.5346389385,13.88,0.75,1.4
26602,1014466,13811.8368811344,14117.3709830691,13.85,-0.0300000000000011,-0.780000000000001
26603,1014466,13812.6499272749,14131.2071153312,13.86,0.00999999999999979,0.0400000000000009
26604,1014466,13813.5679230453,14144.0876731011,12.92,-0.94,-0.949999999999999
26605,1014466,13815.547499238,14156.7336716025,12.81,-0.109999999999999,0.83
26606,1014466,13817.5548138564,14166.6807300862,10.14,-2.67,-2.56
26607,1014466,13819.2664394731,14174.7103276944,8.22,-1.92,0.75
26608,1014466,13820.3301585807,14179.9020318538,5.3,-2.92,-1
26609,1014466,13820.9150338015,14183.0989711676,3.25,-2.05,0.870000000000001
26610,1014466,13821.6114852183,14186.9057881351,3.87,0.62,2.67
26611,1014466,13822.1670934255,14190.6880223567,3.82,-0.0500000000000003,-0.67
26612,1014466,13822.2515434792,14192.846370843,2.17,-1.65,-1.6
26613,1014466,13822.2996330931,14194.0754303977,1.23,-0.94,0.71
26614,1014466,13822.3387303401,14195.0746658081,1,-0.23,0.71
26615,1014466,13822.3981581556,14196.5935036318,1.52,0.52,0.75
26616,1014466,13822.5119311446,14199.5012786759,2.91,1.39,0.87
26617,1014466,13822.6038096752,14201.8494818902,2.35,-0.56,-1.95
26618,1014466,13822.6315687206,14202.5589390315,0.71,-1.64,-1.08
26619,1014466,13822.6448617846,14202.898679071,0.34,-0.37,1.27
26620,1014466,13814.9174892085,14207.157250762,2.07,1.73,2.1
26621,1014466,13811.085598568,14208.1952845378,3.97,1.9,0.170000000000001
26622,1014466,13805.8638030101,14209.6098343431,5.41,1.44,-0.46
26623,1014466,13799.15558136,14211.4270471244,6.95,1.54,0.1
26624,1014466,13790.3692819349,14213.9356836183,9.14,2.19,0.65
26625,1014466,13780.2023812243,14217.3029124404,10.71,1.57,-0.62
26626,1014466,13768.3647293231,14221.2234860549,12.48,1.77,0.199999999999999
26627,1014466,13755.292999838,14225.5527802546,13.76,1.28,-0.49
26628,1014466,13736.8446706495,14231.5000043965,13.03,-0.73,-2.01
26629,1014466,13721.3611724725,14241.8312896383,11.8,-1.23,-0.499999999999998
26630,1014466,13715.2682353494,14246.6045188613,7.74,-4.06,-2.83
26631,1014466,13710.6867244895,14250.1936912227,5.81,-1.93,2.13
26632,1014466,13706.5377420224,14261.4337300978,8.1,2.29,4.22
26633,1014466,13708.9719953664,14270.9059426512,9.78,1.68,-0.61
26652,1014466,13829.5929295964,14262.9680653911,13.25,0.182631578947368,-0.078808864265928
26653,1014466,13828.0501543474,14249.1740723314,13.88,0.630000000000001,0.447368421052632
26654,1014466,13826.5396128752,14235.6682822967,13.6,-0.280000000000001,-0.910000000000002
26655,1014466,13824.2464664214,14222.3309165982,13.54,-0.0600000000000005,0.220000000000001
