"V1","V2","V3","V4","V5","acceleration","jerk"
46051,1017001,14395.4502359696,13995.4527798966,13.34,-0.279999999999999,0
46052,1017001,14382.4263507509,13994.4822059379,13.06,-0.279999999999999,0
46053,1017001,14368.5698883391,13993.5176578658,13.89,0.83,1.11
46054,1017001,14355.7195430462,13992.5198616893,12.89,-1,-1.83
46055,1017001,14331.3901224484,13989.756070328,13.88,0.99,1.99
46056,1017001,14318.0748481584,13988.1649793242,13.41,-0.470000000000001,-1.46
46057,1017001,14305.0574956789,13986.2378956066,13.15,-0.26,0.210000000000001
46058,1017001,14291.5725558817,13983.4084508972,13.79,0.639999999999999,0.899999999999999
46059,1017001,14279.0948422236,13980.4933992229,12.86,-0.93,-1.57
46060,1017001,14267.0281116464,13975.6298497805,13.01,0.15,1.08
46061,1017001,14254.8092453334,13971.5259947065,12.89,-0.119999999999999,-0.27
46062,1017001,14242.4436983959,13967.3865685462,13.03,0.139999999999999,0.259999999999998
46063,1017001,14224.281549148,13961.3740549585,13.81,0.780000000000001,0.640000000000002
46064,1017001,14211.8649903928,13957.3252688836,13.07,-0.74,-1.52
46065,1017001,14197.0473979209,13952.0993908214,13.16,0.0899999999999999,0.83
46066,1017001,14184.1423030681,13949.0387691058,13.3,0.140000000000001,0.0500000000000007
46067,1017001,14171.0524526861,13947.5880048317,13.17,-0.130000000000001,-0.270000000000001
46068,1017001,14158.1623319773,13946.1507549671,12.98,-0.19,-0.0599999999999987
46069,1017001,14144.7653648022,13944.6568772916,13.48,0.5,0.69
46070,1017001,14132.0590165459,13942.6605814348,12.88,-0.6,-1.1
46071,1017001,14119.0772972413,13939.7273326584,13.31,0.43,1.03
46072,1017001,14106.3712470551,13936.4177724659,13.13,-0.18,-0.609999999999999
46073,1017001,14096.8461571696,13932.4476508247,10.34,-2.79,-2.61
46074,1017001,14090.1850720978,13927.9939313101,8.02,-2.32,0.470000000000001
46075,1017001,14085.4639787339,13924.5924375993,5.81,-2.21,0.11
46076,1017001,14082.6331170311,13922.4836175454,3.53,-2.28,-0.0699999999999998
46077,1017001,14080.9891321895,13921.2589486756,2.05,-1.48,0.8
46078,1017001,14079.4975166748,13920.147785701,1.86,-0.19,1.29
46079,1017001,14078.9521948737,13919.7415540759,0.68,-1.18,-0.99
46080,1017001,14078.7356700409,13919.5802562248,0.26,-0.42,0.76
46081,1017001,14078.7196311644,13919.5683082358,0.02,-0.24,0.18
46082,1017001,14078.7116117261,13919.5623342413,0.01,-0.01,0.23
46083,1017001,14078.7116117261,13919.5623342413,0,-0.01,0
46084,1017001,14078.7116117261,13919.5623342413,0,0,0.01
46085,1017001,14078.7116117261,13919.5623342413,0,0,0
46086,1017001,14078.6314173436,13919.5025942964,0.1,0.1,0.1
46087,1017001,14077.9337262157,13918.9828567761,0.87,0.77,0.67
46088,1017001,14077.3001905939,13918.5109112116,0.79,-0.08,-0.85
46089,1017001,14075.9688408948,13917.5194291389,1.66,0.87,0.95
46090,1017001,14073.9683039513,13916.5341616941,2.23,0.57,-0.3
46091,1017001,14070.4785780724,13914.8154664652,3.89,1.66,1.09
46092,1017001,14065.7059966647,13912.4649629644,5.33,1.44,-0.22
46093,1017001,14059.6685017636,13909.4914876712,6.73,1.4,-0.0399999999999996
46094,1017001,14052.1624489207,13905.5890483369,8.46,1.73,0.33
46095,1017001,14043.1410249316,13901.6356197328,9.85,1.39,-0.340000000000002
46096,1017001,14021.530495027,13890.0273923877,11.18,1.33,-0.0599999999999987
46097,1017001,14008.8856414135,13888.8477144872,12.81,1.63,0.300000000000001
46098,1017001,13996.204149811,13885.3312715776,13.16,0.35,-1.28
46099,1017001,13983.7811369483,13882.2486073011,12.83,-0.33,-0.68
46100,1017001,13970.82682074,13880.8294634484,13.05,0.220000000000001,0.550000000000001
46101,1017001,13957.1934797898,13882.5381514057,13.74,0.69,0.469999999999999
46102,1017001,13935.1631598432,13882.283832243,12.53,-1.21,-1.9
46103,1017001,13923.7168742445,13881.7059974654,11.48,-1.05,0.160000000000002
46104,1017001,13914.5038470148,13880.1114350602,9.34,-2.14,-1.09
46105,1017001,13903.7832335111,13878.2559442615,10.88,1.54,3.68
46106,1017001,13889.3329473417,13877.3118331182,8.67,-2.21,-3.75
46107,1017001,13883.2884508655,13877.0538363174,6.05,-2.62,-0.409999999999999
46108,1017001,13875.1656159614,13875.7552612083,8.23,2.18,4.8
46109,1017001,13867.5548313456,13874.755016961,7.68,-0.550000000000001,-2.73
46110,1017001,13861.5074427332,13874.126136233,6.07,-1.61,-1.06
46111,1017001,13856.8525449196,13873.6420635673,4.69,-1.38,0.23
46112,1017001,13850.3079653388,13872.960248162,6.58,1.89,3.27
46113,1017001,13843.9627916372,13872.2945374919,6.38,-0.2,-2.09
46114,1017001,13836.5634041231,13871.5182228546,7.43,1.05,1.25
46115,1017001,13829.5729892024,13871.2580553956,7,-0.43,-1.48
46116,1017001,13821.5141629291,13871.1205086889,8.06,1.06,1.49
46117,1017001,13812.6154589797,13870.9686270898,8.91,0.85,-0.210000000000001
46118,1017001,13803.8415540409,13871.4749772527,8.78,-0.130000000000001,-0.98
46119,1017001,13793.7111832635,13872.1059193351,10.16,1.38,1.51
46120,1017001,13782.540935313,13873.360762347,11.25,1.09,-0.290000000000001
46121,1017001,13770.028758251,13875.2207359344,12.65,1.4,0.31
46122,1017001,13760.2519517434,13884.5133140341,13.51,0.859999999999999,-0.540000000000001
46123,1017001,13766.8642412728,13895.7408928995,13.03,-0.48,-1.34
46124,1017001,13773.7810107499,13907.485474629,13.63,0.600000000000001,1.08
46125,1017001,13779.7925038965,13919.0741543224,13.06,-0.57,-1.17
46126,1017001,13785.4554563267,13930.3746220018,12.64,-0.42,0.15
46127,1017001,13791.5709073293,13942.5780542664,13.65,1.01,1.43
46128,1017001,13795.5801929456,13954.8756808186,12.98,-0.67,-1.68
46129,1017001,13798.9563905309,13967.149807666,12.73,-0.25,0.42
46130,1017001,13803.0080357705,13990.1592937183,13.06,0.33,0.58
46131,1017001,13804.2976334233,14003.0851220435,12.99,-0.0700000000000003,-0.4
46132,1017001,13805.6110573606,14016.2497647489,13.23,0.24,0.31
46133,1017001,13806.8927129185,14029.0959882808,12.91,-0.32,-0.56
46134,1017001,13808.2061368559,14042.2606309862,13.23,0.32,0.640000000000001
46135,1017001,13809.0590385089,14055.8290680373,13.61,0.379999999999999,0.0599999999999987
46136,1017001,13809.6482036675,14069.3362248223,13.52,-0.0899999999999999,-0.469999999999999
46137,1017001,13811.3339439542,14082.0842402015,12.86,-0.66,-0.57
46138,1017001,13811.8953138397,14105.8929850685,13.25,0.390000000000001,1.05
46139,1017001,13811.8691448701,14117.9200359367,12.03,-1.22,-1.61
46140,1017001,13812.4440259796,14127.7031597583,9.8,-2.23,-1.01
46141,1017001,13812.9948559406,14137.0769896242,9.39,-0.41,1.82
46142,1017001,13813.728763611,14145.1151604794,8.08,-1.31,-0.9
46143,1017001,13814.8994973436,14152.5940830306,7.56,-0.52,0.79
46144,1017001,13816.2518101896,14160.5680644284,8.09,0.53,1.05
46145,1017001,13817.3088067641,14165.52665881,5.08,-3.01,-3.54
46146,1017001,13818.4888068847,14171.0622888298,5.66,0.58,3.59
46147,1017001,13819.6667221995,14176.5881385844,5.65,-0.00999999999999979,-0.59
46148,1017001,13820.7854614449,14182.3907261504,5.91,0.26,0.27
46149,1017001,13821.6654737002,14187.2008902256,4.89,-1.02,-1.28
46150,1017001,13822.2961143408,14193.9854992108,6.83,1.94,2.96
46151,1017001,13822.4966832182,14199.1115768658,5.13,-1.7,-3.64
46152,1017001,13814.2225367497,14207.3455087767,6.58,1.45,3.15
46153,1017001,13805.921715715,14209.5941461752,8.6,2.02,0.569999999999999
46154,1017001,13795.4105597769,14212.4415486483,10.88,2.28,0.260000000000002
46155,1017001,13783.7337416952,14216.1333427655,12.25,1.37,-0.910000000000002
46156,1017001,13771.4594161874,14220.1985405871,12.93,0.68,-0.69
46157,1017001,13759.1566119661,14224.2731704222,12.96,0.0300000000000011,-0.649999999999999
46158,1017001,13746.1513328125,14228.5804565904,13.7,0.739999999999998,0.709999999999997
46159,1017001,13724.4548731047,14239.4076732499,11.28,-2.42,-3.16
46160,1017001,13717.354318473,14244.9702737139,9.02,-2.26,0.16
46161,1017001,13712.0643265522,14249.1144727292,6.71,-2.31,-0.0499999999999998
46162,1017001,13709.6948510043,14250.9707285381,3.01,-3.7,-1.39
46163,1017001,13708.8368017196,14251.6429274855,1.09,-1.92,1.78
46164,1017001,13708.1283206588,14252.1979541393,0.9,-0.19,1.73
46165,1017001,13707.9236483523,14252.3582951727,0.26,-0.64,-0.45
46166,1017001,13705.8657088907,14258.8187020922,1.88,1.62,2.26
46167,1017001,13706.9509179479,14263.0414880568,4.36,2.48,0.860000000000001
46168,1017001,13708.3547204898,14268.5039910017,5.64,1.28,-1.2
