"V1","V2","V3","V4","V5","acceleration","jerk"
29689,1019579,14403.5887002106,13320.8023073413,12.91,0.68,0
29690,1019579,14390.1843605703,13318.5636070917,13.59,0.68,0
29691,1019579,14378.5652935384,13316.6230707458,11.78,-1.81,-2.49
29692,1019579,14368.8399963454,13314.9988187619,9.86,-1.92,-0.109999999999999
29693,1019579,14357.654918235,13313.130764249,11.34,1.48,3.4
29694,1019579,14348.6397847315,13311.6251189008,9.13,-2.21,-3.69
29695,1019579,14340.2263176872,13310.2199597301,8.54,-0.590000000000002,1.62
29696,1019579,14333.6178500205,13309.116259092,6.69,-1.85,-1.26
29697,1019579,14325.9244100504,13307.8313538714,7.81,1.12,2.97
29698,1019579,14317.6884839285,13306.4558463597,8.34,0.53,-0.589999999999999
29699,1019579,14308.2492248882,13304.879366493,9.57,1.23,0.7
29700,1019579,14296.640021241,13302.9404774615,11.78,2.21,0.979999999999999
29701,1019579,14283.1173209857,13300.6820094392,13.7,1.92,-0.289999999999999
29702,1019579,14269.7721616529,13298.4531930759,13.54,-0.16,-2.08
29703,1019579,14256.8412644723,13296.2935639168,13.11,-0.43,-0.27
29704,1019579,14243.5454220624,13294.0729841254,13.48,0.370000000000001,0.800000000000001
29705,1019579,14226.7681526695,13291.135607674,13.74,0.26,-0.110000000000001
29706,1019579,14213.4259158522,13288.7152116915,13.56,-0.18,-0.44
29707,1019579,14200.2706277809,13286.328729812,13.36,-0.200000000000001,-0.0200000000000014
29708,1019579,14186.7807998484,13283.8815595376,13.71,0.350000000000001,0.550000000000002
29709,1019579,14173.5959935541,13281.4897227997,13.4,-0.31,-0.660000000000002
29710,1019579,14160.2832749599,13279.0746816756,13.53,0.129999999999999,0.44
29711,1019579,14147.5510814189,13276.764952766,12.94,-0.59,-0.719999999999999
29743,1019579,13738.5961596026,13278.5473324661,17.1,0.13,0.0225
29744,1019579,13732.7947877842,13295.4364160867,19,1.9,1.77
29745,1019579,13736.8459122653,13314.4254137234,20.13,1.13,-0.77
29746,1019579,13754.1789937091,13325.0179587766,20.96,0.830000000000002,-0.299999999999997
29747,1019579,13772.932623635,13320.2792785655,19.57,-1.39,-2.22
29748,1019579,13786.7401381533,13312.9833014631,15.63,-3.94,-2.55
29749,1019579,13803.9249221192,13300.7140060248,13.55,-2.08,1.86
29750,1019579,13810.5122679412,13289.0488516799,12.98,-0.57,1.51
29751,1019579,13814.5984452799,13276.084628059,13.6,0.619999999999999,1.19
