"V1","V2","V3","V4","V5","acceleration","jerk"
16771,1021112,13488.2305444508,13278.7420214086,13.43,0.0500000000000007,0
16772,1021112,13497.4836126027,13288.5446297236,13.48,0.0500000000000007,0
16773,1021112,13506.3591445911,13297.9472799842,12.92,-0.56,-0.610000000000001
16774,1021112,13515.4337411021,13307.5608172189,13.22,0.300000000000001,0.860000000000001
16775,1021112,13524.8515523071,13317.5379526849,13.72,0.5,0.199999999999999
16776,1021112,13533.7133557077,13326.9260590162,12.91,-0.81,-1.31
16777,1021112,13543.1517597944,13336.9250103761,13.75,0.84,1.65
16778,1021112,13551.5056054478,13345.7749913251,12.17,-1.58,-2.42
16779,1021112,13557.6079627082,13352.2397678771,8.89,-3.28,-1.7
16780,1021112,13560.7581860806,13355.9895049899,4.94,-3.95,-0.670000000000001
16781,1021112,13562.0555519245,13359.0455223111,3.32,-1.62,2.33
16782,1021112,13570.1069050349,13360.4410843662,5.46,2.14,3.76
16783,1021112,13575.9535660117,13356.2734764884,7.18,1.72,-0.42
16784,1021112,13583.6323979073,13350.7998633565,9.44,2.26,0.54
16785,1021112,13592.7118226832,13344.3278817635,11.15,1.71,-0.549999999999999
16786,1021112,13603.0534096476,13336.9562076621,12.7,1.55,-0.160000000000002
16787,1021112,13614.2092947982,13329.0040867811,13.7,1,-0.549999999999999
16788,1021112,13625.3081790758,13321.0925971747,13.64,-0.0599999999999987,-1.06
16789,1021112,13636.3419194985,13313.2275433106,13.55,-0.0899999999999999,-0.0300000000000011
16790,1021112,13647.1938329249,13305.6082316402,13.25,-0.300000000000001,-0.210000000000001
16791,1021112,13658.1620445484,13298.0327954296,13.33,0.0800000000000001,0.380000000000001
16792,1021112,13669.3030487031,13290.3380162629,13.54,0.209999999999999,0.129999999999999
16793,1021112,13679.9750445589,13282.9671679769,12.97,-0.569999999999999,-0.779999999999998
16794,1021112,13690.9185715351,13275.40878076,13.3,0.33,0.899999999999999
16835,1021112,14213.3093821123,13276.2377587504,13.26,-0.000975609756097584,-0.0080725758477097
16836,1021112,14227.8309240157,13278.749992647,13.53,0.27,0.270975609756097
16837,1021112,14240.835544094,13280.6999558821,13.15,-0.379999999999999,-0.649999999999999
16838,1021112,14254.1961841897,13282.7033021411,13.51,0.359999999999999,0.739999999999998
16839,1021112,14267.5766031752,13284.7096141237,13.53,0.0199999999999996,-0.34
16840,1021112,14280.8877960463,13286.7055460738,13.46,-0.0699999999999985,-0.0899999999999981
16841,1021112,14294.3473305912,13288.7237209506,13.61,0.149999999999999,0.219999999999997
16842,1021112,14307.3915084493,13290.6796156328,13.19,-0.42,-0.569999999999999
16843,1021112,14320.6415834011,13292.8613026463,13.43,0.24,0.66
16844,1021112,14334.2016708191,13295.3133281794,13.79,0.359999999999999,0.119999999999999
16845,1021112,14347.3583013546,13297.6923979455,13.36,-0.43,-0.789999999999999
16846,1021112,14360.859346302,13300.133747025,13.72,0.360000000000001,0.790000000000001
16847,1021112,14374.1635830141,13302.5395079254,13.52,-0.200000000000001,-0.560000000000002
16848,1021112,14387.133245726,13304.8847689215,13.18,-0.34,-0.139999999999999
16849,1021112,14399.9749830849,13307.2068976012,13.05,-0.129999999999999,0.210000000000001
