"V1","V2","V3","V4","V5","acceleration","jerk"
38294,1021297,14402.4936507772,13323.962479659,13.77,-0.25,0
38295,1021297,14389.1583924436,13321.7350854024,13.52,-0.25,0
38296,1021297,14376.3064385909,13319.5884177129,13.03,-0.49,-0.24
38297,1021297,14363.2670809599,13317.4104478851,13.22,0.190000000000001,0.680000000000001
38298,1021297,14349.7246921344,13315.1484565284,13.73,0.51,0.319999999999999
38299,1021297,14336.9713718493,13313.0182636485,12.93,-0.800000000000001,-1.31
38300,1021297,14323.4684364507,13310.7628622156,13.69,0.76,1.56
38301,1021297,14310.1134514035,13308.5321729971,13.55,-0.139999999999999,-0.899999999999999
38302,1021297,14296.4132488699,13306.2438219451,13.89,0.34,0.479999999999999
38303,1021297,14283.7289720821,13304.1251614319,12.86,-1.03,-1.37
38304,1021297,14270.531800743,13301.9208319087,13.38,0.520000000000001,1.55
38305,1021297,14257.8277972417,13299.7988764336,12.88,-0.5,-1.02
38306,1021297,14244.2065015621,13297.5237052292,13.81,0.93,1.43
38307,1021297,14228.8248638138,13294.8562535919,12.94,-0.870000000000001,-1.8
38308,1021297,14215.3151247142,13292.4067945779,13.73,0.790000000000001,1.66
38309,1021297,14202.1891291141,13290.0269123313,13.34,-0.390000000000001,-1.18
38310,1021297,14189.5354332059,13287.7326630291,12.86,-0.48,-0.0899999999999999
38311,1021297,14176.6062291441,13285.388461176,13.14,0.280000000000001,0.760000000000002
38312,1021297,14163.253923275,13282.9675464768,13.57,0.43,0.149999999999999
38313,1021297,14150.4723128669,13280.6501049189,12.99,-0.58,-1.01
38314,1021297,14137.0412903826,13278.2149180623,13.65,0.66,1.24
38315,1021297,14123.6799732315,13275.0995222616,13.73,0.0800000000000001,-0.58
38346,1021297,13733.3616701846,13276.3451700212,12.9,-0.0267741935483871,-0.00344432882414152
38347,1021297,13722.5529195614,13284.2992100951,13.42,0.52,0.546774193548387
38348,1021297,13711.6575192497,13292.3548138619,13.54,0.119999999999999,-0.4
38349,1021297,13695.2132952568,13302.9784906761,13.5,-0.0399999999999991,-0.159999999999998
38350,1021297,13683.8496720856,13310.1362115719,13.43,-0.0700000000000003,-0.0300000000000011
38351,1021297,13672.7991196942,13317.0967353917,13.06,-0.369999999999999,-0.299999999999999
38352,1021297,13661.0716575085,13324.4836312678,13.86,0.799999999999999,1.17
38353,1021297,13650.1628703727,13331.6926299948,13.08,-0.779999999999999,-1.58
38354,1021297,13639.6327567286,13339.1269293325,12.89,-0.19,0.59
38355,1021297,13628.824889893,13346.7573234549,13.24,0.35,0.539999999999999
38356,1021297,13618.041530692,13354.3704150964,13.19,-0.0500000000000007,-0.4
38357,1021297,13608.5979221795,13361.0376377763,11.56,-1.63,-1.58
38358,1021297,13590.8699770406,13375.4548687419,8.66,-2.9,-1.27
38359,1021297,13587.1330628358,13378.0681181035,4.56,-4.1,-1.2
38360,1021297,13580.9527324891,13382.1653206924,6.92,2.36,6.46
38361,1021297,13573.214948344,13386.8016838853,9.02,2.1,-0.260000000000001
38362,1021297,13557.2806947694,13393.6933229563,10.51,1.49,-0.609999999999999
38363,1021297,13545.0791551089,13394.8891615378,12.26,1.75,0.26
38364,1021297,13531.9719546743,13396.1737613844,13.17,0.91,-0.84
38365,1021297,13518.7950880262,13397.4651890206,13.24,0.0700000000000003,-0.84
38366,1021297,13505.4987935838,13398.768321439,13.36,0.119999999999999,0.0499999999999989
38367,1021297,13489.4223081546,13395.8640505433,12.92,-0.44,-0.559999999999999
38368,1021297,13476.3093883916,13393.4131455491,13.34,0.42,0.859999999999999
38369,1021297,13462.8032776313,13390.8887501502,13.75,0.41,-0.00999999999999979
38370,1021297,13448.5493614672,13393.0292990885,12.24,-1.51,-1.92
38371,1021297,13447.4787727143,13401.8341787546,8.87,-3.37,-1.86
38372,1021297,13446.6213051348,13407.7422790711,5.97,-2.9,0.470000000000002
38373,1021297,13446.2406871975,13410.3648026622,2.65,-3.32,-0.42
38374,1021297,13444.628579764,13424.7028957387,4.83,2.18,5.5
38375,1021297,13444.119508326,13431.1929609364,6.51,1.68,-0.5
38376,1021297,13443.5048690782,13439.028892189,7.87,1.36,-0.319999999999999
38377,1021297,13442.787007972,13448.1807813618,9.18,1.31,-0.0500000000000007
38378,1021297,13441.9236978835,13459.1869748769,11.04,1.86,0.55
38379,1021297,13440.9352703909,13471.7882689014,12.64,1.6,-0.259999999999998
38380,1021297,13439.84987691,13485.6257658207,13.88,1.24,-0.360000000000001
38381,1021297,13438.7895069101,13499.1442426381,13.56,-0.32,-1.56
38382,1021297,13437.9255699642,13519.3988547056,12.86,-0.700000000000001,-0.380000000000001
38383,1021297,13437.6991345807,13532.6869255594,13.29,0.43,1.13
38384,1021297,13437.4752549013,13545.8250181869,13.14,-0.149999999999999,-0.579999999999998
38385,1021297,13437.241493166,13559.543026623,13.72,0.58,0.729999999999999
38386,1021297,13437.0133539798,13572.9310829611,13.39,-0.33,-0.91
38387,1021297,13436.7770365405,13586.7990696234,13.87,0.479999999999999,0.809999999999999
38388,1021297,13436.5517938189,13600.0171506383,13.22,-0.649999999999999,-1.13
38389,1021297,13436.3229731115,13613.4452011701,13.43,0.209999999999999,0.859999999999998
38390,1021297,13436.1439034441,13623.9536755624,10.51,-2.92,-3.13
38391,1021297,13436.0260002948,13630.872671071,6.92,-3.59,-0.67
38392,1021297,13435.9500106928,13635.3320236675,4.46,-2.46,1.13
38393,1021297,13424.1515727892,13641.0296099599,5.99,1.53,3.99
38394,1021297,13417.2991522166,13637.4092740229,7.74,1.75,0.22
38395,1021297,13409.0497220306,13633.0508566948,9.33,1.59,-0.16
