"V1","V2","V3","V4","V5","acceleration","jerk"
57228,1021169,13411.7663381133,13365.8644205872,13.23,0.16,0
57229,1021169,13424.9231206544,13368.3526274047,13.39,0.16,0
57230,1021169,13438.1585098126,13370.8557002823,13.47,0.0800000000000001,-0.0800000000000001
57231,1021169,13460.4134696429,13373.5142059607,13.24,-0.23,-0.31
57232,1021169,13474.1472648749,13371.0730173211,13.12,-0.120000000000001,0.109999999999999
57233,1021169,13487.9796385301,13371.9476824364,13.85,0.73,0.850000000000001
57234,1021169,13500.8239854956,13372.759871472,12.87,-0.98,-1.71
57235,1021169,13514.4068574615,13373.6187597994,13.62,0.75,1.73
57236,1021169,13527.6710497385,13373.6988290356,13.29,-0.33,-1.08
57237,1021169,13541.3284326878,13372.4988327956,13.71,0.420000000000002,0.750000000000002
57238,1021169,13554.0030834851,13369.6797801729,13.04,-0.670000000000002,-1.09
57239,1021169,13575.285841499,13356.7494428477,13.31,0.270000000000001,0.940000000000003
57240,1021169,13586.0020056291,13349.1107632277,13.16,-0.15,-0.420000000000002
57241,1021169,13597.1904627072,13341.1354244755,13.74,0.58,0.73
57242,1021169,13607.6786233451,13333.6592699538,12.87,-0.870000000000001,-1.45
57243,1021169,13618.345929584,13326.0554171406,13.11,0.24,1.11
57244,1021169,13628.9969498592,13318.463173263,13.07,-0.0399999999999991,-0.279999999999999
57245,1021169,13639.7619718805,13310.7896668362,13.23,0.16,0.199999999999999
57246,1021169,13650.6167706859,13303.2441045107,13.21,-0.0199999999999996,-0.18
57247,1021169,13661.7001773302,13295.5891063294,13.47,0.26,0.279999999999999
57248,1021169,13672.660160738,13288.0193531166,13.32,-0.15,-0.41
57249,1021169,13683.644828793,13280.4325509102,13.35,0.0299999999999994,0.18
57291,1021169,14214.928321544,13276.4997417966,13.34,-0.000238095238095233,-0.000719954648526062
57292,1021169,14229.136330746,13278.9457304014,13.2,-0.140000000000001,-0.139761904761905
57293,1021169,14242.1903980489,13280.9031079454,13.2,0,0.140000000000001
57294,1021169,14255.8872792721,13282.9568715048,13.84,0.640000000000001,0.640000000000001
57295,1021169,14268.6051054476,13284.8638317484,12.87,-0.970000000000001,-1.61
57296,1021169,14281.7877355346,13286.8404864954,13.32,0.450000000000001,1.42
57297,1021169,14294.8121345028,13288.7934154541,13.17,-0.15,-0.600000000000001
57298,1021169,14308.1332168188,13290.790830266,13.47,0.300000000000001,0.450000000000001
57299,1021169,14321.6649862251,13293.0463611771,13.72,0.25,-0.0500000000000007
57300,1021169,14334.92986129,13295.4450044417,13.48,-0.24,-0.49
57301,1021169,14348.4997891198,13297.8988093837,13.79,0.309999999999999,0.549999999999999
57302,1021169,14361.6662600671,13300.2796585589,13.37,-0.42,-0.729999999999999
57303,1021169,14374.8130501909,13302.6569489161,13.36,-0.00999999999999979,0.41
57304,1021169,14388.0090423734,13305.043136318,13.41,0.0500000000000007,0.0600000000000005
57305,1021169,14401.1459920854,13307.4186472663,13.35,-0.0600000000000005,-0.110000000000001
