"V1","V2","V3","V4","V5","acceleration","jerk"
43752,102274,13405.7078370926,13751.2915383018,13.8,-0.720000000000001,0
43753,102274,13418.6081870349,13753.5116895049,13.08,-0.720000000000001,0
43754,102274,13441.6366406144,13756.4134108573,13.56,0.48,1.2
43755,102274,13455.4823178414,13756.7594197077,13.85,0.289999999999999,-0.190000000000001
43756,102274,13468.3482995172,13757.0810024915,12.87,-0.98,-1.27
43757,102274,13482.014017226,13757.4231420885,13.67,0.800000000000001,1.78
43758,102274,13495.1798915658,13757.7527674354,13.17,-0.5,-1.3
43759,102274,13508.7356437334,13758.0921538974,13.56,0.390000000000001,0.890000000000001
43760,102274,13521.9515024101,13758.4230306693,13.22,-0.34,-0.73
43761,102274,13535.6326091731,13758.8972640821,13.69,0.469999999999999,0.809999999999999
43762,102274,13549.1903739361,13758.7070738912,13.57,-0.119999999999999,-0.589999999999998
43763,102274,13562.9696488387,13758.1674864812,13.79,0.219999999999999,0.339999999999998
43764,102274,13575.5329369832,13757.7580816938,12.57,-1.22,-1.44
43765,102274,13585.2871898553,13757.4231957582,9.76,-2.81,-1.59
43766,102274,13591.513499833,13757.2088034491,6.23,-3.53,-0.719999999999999
43767,102274,13595.5810891763,13757.0687429839,4.08,-2.15,1.38
43768,102274,13598.8491523588,13756.9562128313,3.27,-0.81,1.34
43769,102274,13603.0366706263,13756.8120228192,4.19,0.92,1.73
43770,102274,13604.5557703319,13756.7597152253,1.51,-2.68,-3.6
43771,102274,13605.7650536502,13756.7180756275,1.21,-0.3,2.38
43772,102274,13606.1548226536,13756.7046546002,0.39,-0.82,-0.52
43773,102274,13606.2647575007,13756.7008691822,0.12,-0.27,0.55
43774,102274,13612.8478538744,13765.4999697686,2.46,2.34,2.61
43775,102274,13612.8290871148,13769.2699230586,3.77,1.31,-1.03
43776,102274,13612.7992195928,13775.2698487191,6.01,2.24,0.93
43777,102274,13612.7599935807,13783.1497510865,7.88,1.87,-0.37
43778,102274,13612.7144456097,13792.2996377187,9.15,1.27,-0.6
43779,102274,13612.661380979,13802.9595056421,10.66,1.51,0.239999999999999
43780,102274,13612.600401455,13815.2093538656,12.25,1.59,0.0800000000000001
43781,102274,13611.2051646309,13828.3819061601,13.25,1,-0.59
43782,102274,13608.6539118019,13841.5673530241,13.43,0.18,-0.82
43783,102274,13604.2919077669,13854.4881860513,13.67,0.24,0.0600000000000005
43784,102274,13601.1728320613,13867.5882916624,13.5,-0.17,-0.41
43785,102274,13599.9227205542,13876.460653837,8.96,-4.54,-4.37
43786,102274,13599.119220177,13882.1744342969,5.78,-3.18,1.36
43787,102274,13598.7142662789,13885.2371425212,3.09,-2.69,0.49
43788,102274,13603.5182670059,13891.5561372977,5.28,2.19,4.88
43789,102274,13605.7863291258,13891.4623597932,2.27,-3.01,-5.2
43790,102274,13607.6946985747,13891.383454492,1.91,-0.36,2.65
43791,102274,13609.7329570436,13891.299178673,2.04,0.13,0.49
43792,102274,13611.8311642911,13891.2124241534,2.1,0.0600000000000001,-0.0700000000000001
43793,102274,13613.8993971493,13891.126908984,2.07,-0.0300000000000002,-0.0900000000000003
43794,102274,13617.8959823826,13890.96166228,4,1.93,1.96
43795,102274,13621.183173737,13890.8257468659,3.29,-0.71,-2.64
43796,102274,13622.9416712396,13890.7530383162,1.76,-1.53,-0.82
43797,102274,13623.9608004741,13890.7109004067,1.02,-0.74,0.79
43798,102274,13624.6402199637,13890.682808467,0.68,-0.34,0.4
43799,102274,13625.7333690325,13890.5079462722,1.11,0.43,0.77
43800,102274,13626.9868295512,13890.2486458131,1.27,0.16,-0.27
43801,102274,13628.6515818026,13889.9042623909,1.7,0.43,0.27
43802,102274,13630.2673707525,13889.5700078929,1.65,-0.05,-0.48
43803,102274,13633.5968752553,13888.8812410485,3.41,1.76,1.81
43804,102274,13634.6343842071,13892.0259153259,0.91,-2.5,-4.26
43805,102274,13637.1232778697,13891.5189554299,2.54,1.63,4.13
43806,102274,13637.660405409,13891.4017263819,0.54,-2,-3.63
43807,102274,13637.660405409,13891.4017263819,0,-0.54,1.46
43808,102274,13637.660405409,13891.4017263819,0,0,0.54
43809,102274,13637.660405409,13891.4017263819,0,0,0
43810,102274,13637.660405409,13891.4017263819,0,0,0
43811,102274,13637.660405409,13891.4017263819,0,0,0
43812,102274,13639.6817907459,13890.8325152437,2.11,2.11,2.11
43813,102274,13641.6550478604,13890.2768567518,2.05,-0.0600000000000001,-2.17
43814,102274,13644.5427411989,13889.463697983,3,0.95,1.01
43815,102274,13646.5833778247,13888.8890657864,2.12,-0.88,-1.83
43816,102274,13648.1619835164,13888.4445389928,1.64,-0.48,0.4
43817,102274,13648.9031581399,13888.2358282422,0.78,-0.86,-0.38
43818,102274,13654.0897108363,13889.8093094302,0.24,-0.54,0.32
43819,102274,13655.8662794272,13889.9197813349,1.78,1.54,2.08
43820,102274,13659.7387997266,13890.1605852622,3.87,2.09,0.55
43821,102274,13661.265850257,13890.25554145,1.53,-2.34,-4.43
43822,102274,13674.6235352694,13901.3170654547,2.87,1.34,3.68
43823,102274,13676.2136063651,13905.9941664704,4.94,2.07,0.73
43824,102274,13678.2607424316,13912.0156973326,6.36,1.42,-0.65
43825,102274,13676.7011911538,13928.9043163992,8.29,1.93,0.509999999999999
43826,102274,13672.858186423,13938.3634608975,10.21,1.92,-0.00999999999999712
43827,102274,13668.3188488076,13949.536554203,12.05,1.84,-0.0800000000000018
43828,102274,13663.275140346,13961.9511023202,13.41,1.36,-0.48
43829,102274,13659.0933790767,13972.2440597517,11.1,-2.31,-3.67
43830,102274,13656.1160854998,13979.5723489761,7.91,-3.19,-0.879999999999999
43831,102274,13654.5653333459,13983.3893592927,4.13,-3.78,-0.590000000000001
43832,102274,13653.3676226418,13992.9932810517,6.15,2.02,5.8
43833,102274,13654.5459610817,14000.2887329582,7.39,1.24,-0.780000000000001
43834,102274,13656.070306885,14009.7264217575,9.56,2.17,0.930000000000001
43835,102274,13657.8720963805,14020.8818488947,11.3,1.74,-0.430000000000001
43836,102274,13663.5183375522,14036.8989641966,12.86,1.56,-0.180000000000001
43837,102274,13664.2829287336,14051.0383064842,14.16,1.3,-0.259999999999998
43838,102274,13665.1171754677,14066.4657668192,15.45,1.29,-0.0100000000000016
43839,102274,13666.0577954098,14083.8603531645,17.42,1.97,0.680000000000003
43840,102274,13666.8369656605,14098.269301555,14.42,-3,-4.97
43841,102274,13667.3780111151,14108.2746835975,10.03,-4.39,-1.39
43842,102274,13667.6796098949,14115.4577876524,7.18,-2.85,1.54
43843,102274,13667.7818412363,14118.9963111796,3.54,-3.64,-0.79
43844,102274,13667.8606806606,14121.7251725438,2.73,-0.81,2.83
43845,102274,13667.8754089047,14122.2349598317,0.51,-2.22,-1.41
43846,102274,13667.8826286322,14122.484855561,0.25,-0.26,1.96
43847,102274,13667.8863828905,14122.6148013402,0.13,-0.12,0.14
43848,102274,13667.8872492578,14122.6447888278,0.04,-0.09,0.03
43849,102274,13667.8872492578,14122.6447888278,0,-0.04,0.05
43850,102274,13667.8872492578,14122.6447888278,0,0,0.04
43851,102274,13667.8872492578,14122.6447888278,0,0,0
43852,102274,13667.8872492578,14122.6447888278,0,0,0
43853,102274,13667.8872492578,14122.6447888278,0,0,0
43854,102274,13667.8872492578,14122.6447888278,0,0,0
43855,102274,13667.8872492578,14122.6447888278,0,0,0
43856,102274,13667.8872492578,14122.6447888278,0,0,0
43857,102274,13667.8872492578,14122.6447888278,0,0,0
43858,102274,13667.8872492578,14122.6447888278,0,0,0
43859,102274,13667.8872492578,14122.6447888278,0,0,0
43860,102274,13667.8872492578,14122.6447888278,0,0,0
43861,102274,13667.8872492578,14122.6447888278,0,0,0
43862,102274,13667.8872492578,14122.6447888278,0,0,0
43863,102274,13667.8872492578,14122.6447888278,0,0,0
43864,102274,13667.8872492578,14122.6447888278,0,0,0
43865,102274,13667.8872492578,14122.6447888278,0,0,0
43866,102274,13667.8872492578,14122.6447888278,0,0,0
43867,102274,13667.8872492578,14122.6447888278,0,0,0
43868,102274,13667.8872492578,14122.6447888278,0,0,0
43869,102274,13667.8872492578,14122.6447888278,0,0,0
43870,102274,13667.8872492578,14122.6447888278,0,0,0
43871,102274,13667.8872492578,14122.6447888278,0,0,0
43872,102274,13667.8872492578,14122.6447888278,0,0,0
43873,102274,13667.8872492578,14122.6447888278,0,0,0
43874,102274,13667.8872492578,14122.6447888278,0,0,0
43875,102274,13667.8872492578,14122.6447888278,0,0,0
43876,102274,13667.8872492578,14122.6447888278,0,0,0
43877,102274,13667.8872492578,14122.6447888278,0,0,0
43878,102274,13667.8872492578,14122.6447888278,0,0,0
43879,102274,13667.8872492578,14122.6447888278,0,0,0
43880,102274,13667.8872492578,14122.6447888278,0,0,0
43881,102274,13667.8872492578,14122.6447888278,0,0,0
43882,102274,13667.8872492578,14122.6447888278,0,0,0
43883,102274,13667.8872492578,14122.6447888278,0,0,0
43884,102274,13667.8872492578,14122.6447888278,0,0,0
43885,102274,13667.8872492578,14122.6447888278,0,0,0
43886,102274,13667.8872492578,14122.6447888278,0,0,0
43887,102274,13667.8872492578,14122.6447888278,0,0,0
43888,102274,13667.8872492578,14122.6447888278,0,0,0
43889,102274,13667.8872492578,14122.6447888278,0,0,0
43890,102274,13669.1362356902,14134.2640192358,1.52,1.52,1.52
43891,102274,13670.7785491558,14137.8674074304,3.96,2.44,0.92
43892,102274,13673.0263620304,14142.799317535,5.41,1.45,-0.99
43893,102274,13675.3414404863,14149.4768134887,7.07,1.66,0.21
43894,102274,13677.9542562546,14158.2555369913,9.16,2.09,0.43
43895,102274,13681.0736038897,14168.897800394,11.1,1.94,-0.15
43896,102274,13684.7414391613,14181.4113364418,13.04,1.94,0
43897,102274,13688.7496180433,14195.0860211566,14.25,1.21,-0.729999999999999
43898,102274,13693.9261019652,14219.8654599063,15.44,1.19,-0.0200000000000014
43899,102274,13702.3345105519,14247.7706637986,17.18,1.74,0.550000000000001
43900,102274,13708.986929436,14270.9640543847,17.22,0.0399999999999991,-1.7
