"V1","V2","V3","V4","V5","acceleration","jerk"
74838,1022306,14211.2857078227,13275.9102799427,13.15,0.26,0
74839,1022306,14225.6948039115,13278.4296945035,13.41,0.26,0
74840,1022306,14238.8972128884,13280.4093149741,13.35,-0.0600000000000005,-0.32
74841,1022306,14251.6743757334,13282.3251723883,12.91,-0.44,-0.379999999999999
74842,1022306,14264.5899908074,13284.2617898674,13.06,0.15,0.59
74843,1022306,14277.4660481017,13286.1924758994,13.02,-0.0400000000000009,-0.190000000000001
74844,1022306,14290.7376831931,13288.1824764025,13.42,0.4,0.440000000000001
74845,1022306,14304.1181021786,13290.188788385,13.53,0.109999999999999,-0.290000000000001
74846,1022306,14317.3647262819,13292.2687594659,13.4,-0.129999999999999,-0.239999999999998
74847,1022306,14330.6984842293,13294.6798585932,13.55,0.15,0.279999999999999
74848,1022306,14344.3176141179,13297.14256058,13.84,0.289999999999999,0.139999999999999
74849,1022306,14357.661212477,13299.5554391162,13.57,-0.27,-0.559999999999999
74850,1022306,14370.9654491891,13301.9612000166,13.52,-0.0500000000000007,0.219999999999999
74851,1022306,14383.7776653127,13304.2779904695,13.01,-0.51,-0.459999999999999
74852,1022306,14396.7079663775,13306.6161338298,13.14,0.130000000000001,0.640000000000001
