"V1","V2","V3","V4","V5","acceleration","jerk"
38263,1022685,13415.7163206238,13366.6114401097,13.7,-0.789999999999999,0
38264,1022685,13428.4014634621,13369.0104505663,12.91,-0.789999999999999,0
38265,1022685,13441.8628466446,13371.5562633669,13.7,0.789999999999999,1.58
38266,1022685,13463.6362195559,13375.8030317151,13.01,-0.69,-1.48
38267,1022685,13478.4731283755,13375.3610095593,14.48,1.47,2.16
38268,1022685,13493.8670434615,13378.394733068,15.69,1.21,-0.260000000000002
38269,1022685,13510.6934069875,13381.7107533469,17.15,1.46,0.25
38270,1022685,13528.1378818267,13385.1485866155,17.77,0.620000000000001,-0.839999999999998
38271,1022685,13541.9718016936,13387.8748773404,14.11,-3.66,-4.28
38272,1022685,13552.1853552975,13389.887691982,10.4,-3.71,-0.0499999999999989
38273,1022685,13558.9257119986,13391.216033633,6.88,-3.52,0.189999999999999
38274,1022685,13561.28,13391.68,3.5,-3.38,0.140000000000001
38275,1022685,13571.0283526264,13393.6531273879,5.96,2.46,5.84
38276,1022685,13578.1861030258,13395.0872156771,7.29,1.33,-1.13
38277,1022685,13586.6252743783,13397.8177134644,8.87,1.58,0.249999999999999
38278,1022685,13604.4534034642,13403.6485239939,10.31,1.44,-0.139999999999998
38279,1022685,13616.0029415803,13408.1063899974,12.38,2.07,0.629999999999999
38280,1022685,13628.319061821,13415.157065116,14.2,1.82,-0.250000000000002
38281,1022685,13642.3489540728,13423.336290226,16.24,2.04,0.220000000000001
38282,1022685,13657.9425227394,13432.4271161643,18.05,1.81,-0.229999999999997
38283,1022685,13671.1257835623,13440.1127673453,15.26,-2.79,-4.6
38284,1022685,13681.1471351708,13445.9550709954,11.6,-3.66,-0.869999999999999
38285,1022685,13688.8877653787,13450.4677469182,8.96,-2.64,1.02
38286,1022685,13693.0552471493,13453.3968886159,5.11,-3.85,-1.21
38287,1022685,13696.5654038423,13456.2761940861,4.54,-0.57,3.28
38288,1022685,13699.6735161563,13458.8257112646,4.02,-0.52,0.0499999999999998
38289,1022685,13703.4542796428,13461.9269896235,4.89,0.87,1.39
38290,1022685,13708.6963198142,13466.2269215812,6.78,1.89,1.02
38291,1022685,13714.3635992326,13470.8756680783,7.33,0.55,-1.34
38292,1022685,13725.6678118054,13481.4929024167,9.46,2.13,1.58
38293,1022685,13757.47493399,13515.8586642731,10.69,1.23,-0.900000000000002
38294,1022685,13769.0343462358,13524.3796044936,12.14,1.45,0.220000000000002
38295,1022685,13781.6176477181,13531.6077318069,14.13,1.99,0.539999999999999
38296,1022685,13792.8555806554,13542.1078872008,15.39,1.26,-0.73
38297,1022685,13806.401387828,13552.5374971357,17.09,1.7,0.44
38298,1022685,13819.4315972049,13562.4631227379,16.38,-0.710000000000001,-2.41
38299,1022685,13832.4618065818,13572.38874834,16.39,0.0100000000000016,0.720000000000002
38300,1022685,13846.8761100978,13582.6364882428,17.69,1.3,1.29
38301,1022685,13863.1563729443,13591.5068960186,18.62,0.93,-0.370000000000001
38302,1022685,13906.7099197175,13612.7373087405,20.37,1.75,0.82
38303,1022685,13926.3153816712,13623.1196596863,22.22,1.85,0.0999999999999979
38304,1022685,13947.2793659426,13634.5910337546,23.92,1.7,-0.149999999999995
38305,1022685,13967.9975620316,13648.3848168042,24.88,0.959999999999997,-0.740000000000006
38306,1022685,13990.5183989837,13662.2911189393,26.5,1.62,0.660000000000004
38307,1022685,14015.8538676031,13672.2240514107,27.33,0.829999999999998,-0.790000000000003
38308,1022685,14040.9654397313,13676.7826972335,25.54,-1.79,-2.62
38309,1022685,14062.3523288333,13679.9489844189,21.62,-3.92,-2.13
38310,1022685,14079.4460126298,13682.4796709389,17.28,-4.34,-0.420000000000002
38311,1022685,14093.451491356,13684.5644544291,14.16,-3.12,1.22
38312,1022685,14104.1724375538,13677.8703684862,13.06,-1.1,2.02
38313,1022685,14104.330596953,13664.4713018917,13.4,0.34,1.44
38314,1022685,14104.2819073239,13650.7639625982,13.7,0.299999999999999,-0.0400000000000009
38315,1022685,14103.8932002481,13636.8894065041,13.88,0.180000000000001,-0.119999999999997
38316,1022685,14103.4008107034,13623.4007346596,13.5,-0.380000000000001,-0.560000000000002
38317,1022685,14102.3827103929,13610.2801755344,13.16,-0.34,0.0400000000000009
38318,1022685,14101.3336647841,13596.76081522,13.56,0.4,0.74
38319,1022685,14100.3596615235,13584.2085477895,12.6,-0.960000000000001,-1.36
38320,1022685,14099.6185216318,13574.6572593078,9.58,-3.02,-2.06
38321,1022685,14099.1218495958,13568.2565002208,6.42,-3.16,-0.140000000000001
38322,1022685,14098.8789290049,13565.1259108855,3.14,-3.28,-0.12
38323,1022685,14107.4843968428,13560.7752015977,4.51,1.37,4.65
38324,1022685,14113.9256471695,13563.2491244398,6.9,2.39,1.02
38325,1022685,14121.7671693064,13566.2608565954,8.4,1.5,-0.890000000000001
38326,1022685,14131.0744365741,13569.8351521593,9.97,1.57,0.0700000000000003
38327,1022685,14141.8017616187,13573.6635457372,11.39,1.42,-0.15
38328,1022685,14154.5581748403,13578.1385173927,13.51,2.12,0.699999999999999
38329,1022685,14167.664080605,13582.1633570274,13.72,0.210000000000001,-1.91
38330,1022685,14180.9133770237,13586.2322321066,13.86,0.139999999999999,-0.0700000000000021
38331,1022685,14191.3492668222,13589.3671938499,10.9,-2.96,-3.1
38332,1022685,14199.3623731941,13590.9085329667,8.15,-2.75,0.209999999999999
38333,1022685,14204.5669643425,13591.9096478341,5.31,-2.84,-0.0900000000000007
38334,1022685,14221.7012729585,13594.0557308313,7.54,2.23,5.07
38335,1022685,14230.5022674015,13594.6344335304,8.82,1.28,-0.95
38336,1022685,14240.7002450895,13595.3049938009,10.22,1.4,0.12
38337,1022685,14252.90740094,13596.1814127779,12.24,2.02,0.619999999999999
38338,1022685,14265.9873667362,13597.6305831503,13.16,0.92,-1.1
38339,1022685,14278.7866971291,13598.2731681451,12.89,-0.27,-1.19
38340,1022685,14291.9331295445,13596.394414636,13.28,0.389999999999999,0.659999999999998
38341,1022685,14305.1657689481,13593.9996723296,13.5,0.220000000000001,-0.169999999999998
38342,1022685,14323.4776830982,13587.126750754,13.22,-0.279999999999999,-0.5
38343,1022685,14334.906393777,13581.8187284956,12.61,-0.610000000000001,-0.330000000000002
38344,1022685,14341.860460016,13577.1786247529,8.36,-4.25,-3.64
38345,1022685,14346.335627019,13574.1747004271,5.39,-2.97,1.28
38346,1022685,14348.0910501342,13572.9507356863,2.14,-3.25,-0.28
38347,1022685,14352.386183724,13565.7947076716,3.47,1.33,4.58
38348,1022685,14351.0929666845,13560.9648433164,5,1.53,0.2
38349,1022685,14349.2223488916,13554.1262841487,7.1,2.1,0.57
38350,1022685,14346.9302667066,13546.0970339186,8.34,1.24,-0.859999999999999
38351,1022685,14344.1880031104,13536.4907812481,9.99,1.65,0.41
38352,1022685,14338.5375467192,13515.9590628975,11.19,1.2,-0.450000000000001
38353,1022685,14335.3255070844,13503.5892932398,12.78,1.59,0.390000000000001
38354,1022685,14333.0750234659,13489.2776855251,14.5,1.72,0.130000000000001
38355,1022685,14330.919368302,13473.7970508219,15.63,1.13,-0.59
38356,1022685,14328.3420182545,13448.4220631058,15.72,0.0899999999999999,-1.04
38357,1022685,14327.7461696591,13435.5883871689,12.91,-2.81,-2.9
38358,1022685,14315.3074728069,13420.4683595185,13.26,0.35,3.16
38359,1022685,14302.1822296635,13417.5767176968,13.44,0.18,-0.17
38360,1022685,14284.5716171759,13413.4908975696,13.21,-0.229999999999999,-0.409999999999998
38361,1022685,14271.8236745633,13411.8745872201,12.86,-0.350000000000001,-0.120000000000003
38362,1022685,14258.2027210947,13410.1475879128,13.73,0.870000000000001,1.22
38363,1022685,14245.4633418916,13407.7879547711,12.98,-0.75,-1.62
38364,1022685,14235.4974281572,13405.2662562487,10.28,-2.7,-1.95
38365,1022685,14228.4786328812,13403.4902740208,7.24,-3.04,-0.339999999999998
38366,1022685,14225.1146522724,13402.6390781188,3.47,-3.77,-0.730000000000001
