"V1","V2","V3","V4","V5","acceleration","jerk"
55881,"1024354#1",13845.2705737307,13692.1645675908,0,2.51,0
55882,"1024354#1",13842.7506066272,13692.1774438213,2.51,2.51,0
55883,"1024354#1",13838.2006660237,13692.2006925708,4.56,2.05,-0.46
55884,"1024354#1",13831.6707512674,13692.2340583584,6.52,1.96,-0.0899999999999999
55885,"1024354#1",13823.5608571368,13692.2754973382,8.11,1.59,-0.37
55886,"1024354#1",13813.7609850676,13692.3255715678,9.8,1.69,0.100000000000001
55887,"1024354#1",13802.2211357127,13692.3845365279,11.54,1.74,0.0499999999999972
55888,"1024354#1",13789.1113068529,13692.451523584,13.12,1.58,-0.159999999999998
55889,"1024354#1",13776.0414774709,13692.5183062555,13.07,-0.0499999999999989,-1.63
55890,"1024354#1",13762.3046875642,13707.4185551637,13.1,0.0299999999999994,0.0799999999999983
55891,"1024354#1",13756.6367345556,13719.5387329137,13.38,0.280000000000001,0.250000000000002
55892,"1024354#1",13752.6903106038,13731.7645099198,12.92,-0.460000000000001,-0.740000000000002
55893,"1024354#1",13749.8037747156,13744.5630375916,13.11,0.19,0.65
55894,"1024354#1",13748.001401331,13753.3911399105,9.02,-4.09,-4.28
55895,"1024354#1",13747.4917857675,13758.7268584167,5.36,-3.66,0.430000000000001
55896,"1024354#1",13747.231273334,13761.454445862,2.74,-2.62,1.04
55897,"1024354#1",13740.9883434093,13769.911061937,4.88,2.14,4.76
55898,"1024354#1",13734.8714790128,13769.1030582523,6.18,1.3,-0.84
55899,"1024354#1",13726.8908050432,13768.0488557139,8.05,1.87,0.570000000000001
55900,"1024354#1",13716.8352861568,13766.9181419686,10.12,2.07,0.199999999999998
55901,"1024354#1",13708.6270501814,13766.0890688877,8.25,-1.87,-3.94
55902,"1024354#1",13703.5329691883,13765.574541109,5.12,-3.13,-1.26
55903,"1024354#1",13697.4075015383,13772.949844081,7.51,2.39,5.52
55904,"1024354#1",13697.482005703,13781.9095343172,8.96,1.45,-0.939999999999999
55905,"1024354#1",13697.566820712,13792.1091816844,10.21,1.25,-0.200000000000001
55906,"1024354#1",13694.3687650267,13804.3987578335,12.25,2.04,0.789999999999999
55907,"1024354#1",13694.4835147447,13818.198280742,13.8,1.55,-0.489999999999998
55908,"1024354#1",13694.6080763952,13833.1777628557,14.98,1.18,-0.370000000000001
55909,"1024354#1",13694.7121826611,13845.6973300162,12.52,-2.46,-3.64
55910,"1024354#1",13687.7346776495,13865.5604298007,9.74,-2.78,-0.319999999999999
55911,"1024354#1",13684.3164609148,13870.2584867311,5.81,-3.93,-1.15
55912,"1024354#1",13681.9870226038,13873.4112531417,3.92,-1.89,2.04
55913,"1024354#1",13669.7265514851,13878.7806206583,5.41,1.49,3.38
55914,"1024354#1",13667.283505705,13872.4909100549,6.78,1.37,-0.12
55915,"1024354#1",13664.6937673146,13862.8429731305,8.43,1.65,0.279999999999999
55916,"1024354#1",13665.5196473674,13852.235074086,10.64,2.21,0.560000000000001
55917,"1024354#1",13666.4479862238,13840.3111574909,11.96,1.32,-0.890000000000001
55918,"1024354#1",13667.5036223816,13826.7521887874,13.6,1.64,0.319999999999999
55919,"1024354#1",13668.662493546,13811.8672327033,14.92,1.32,-0.319999999999999
55920,"1024354#1",13670.5463289101,13795.9094242098,12.97,-1.95,-3.27
55921,"1024354#1",13668.0284130983,13782.8193898338,13.34,0.369999999999999,2.32
55922,"1024354#1",13663.1875923385,13769.8685827896,13.85,0.51,0.140000000000001
55923,"1024354#1",13650.1912482014,13755.8525661893,13.72,-0.129999999999999,-0.639999999999999
55924,"1024354#1",13636.869133758,13756.3110056693,13.34,-0.380000000000001,-0.250000000000002
55925,"1024354#1",13627.3491748727,13756.8902134222,9.53,-3.81,-3.43
55926,"1024354#1",13621.4083066738,13757.3673769624,5.97,-3.56,0.250000000000001
55927,"1024354#1",13618.9562033569,13757.5643270143,2.46,-3.51,0.0499999999999998
55928,"1024354#1",13604.4311719118,13760.0681131217,4.43,1.97,5.48
55929,"1024354#1",13597.8750546095,13760.2937808381,6.56,2.13,0.16
55930,"1024354#1",13589.4700322753,13760.5830896026,8.41,1.85,-0.279999999999999
55931,"1024354#1",13579.3660161279,13760.9308793301,10.11,1.7,-0.150000000000001
55932,"1024354#1",13567.2230692066,13761.3448102947,12.15,2.04,0.340000000000002
55933,"1024354#1",13553.7616177197,13761.8178702789,13.47,1.32,-0.720000000000001
55934,"1024354#1",13540.1228602805,13762.3717615271,13.65,0.18,-1.14
55935,"1024354#1",13526.6041966108,13761.8424843179,13.53,-0.120000000000001,-0.300000000000001
55936,"1024354#1",13513.4583213315,13761.5131468897,13.15,-0.379999999999999,-0.259999999999998
55937,"1024354#1",13500.0825181956,13761.1780491871,13.38,0.23,0.609999999999999
55938,"1024354#1",13487.0266146863,13760.8509657793,13.06,-0.32,-0.550000000000001
55939,"1024354#1",13474.0806766736,13760.5266372853,12.95,-0.110000000000001,0.209999999999999
55940,"1024354#1",13460.5549572505,13760.1863259971,13.53,0.58,0.690000000000001
55941,"1024354#1",13449.7484091787,13759.9131616261,10.8,-2.73,-3.31
55942,"1024354#1",13441.8009478309,13759.7122683098,7.95,-2.85,-0.120000000000002
55943,"1024354#1",13437.1151975007,13759.3637243047,4.7,-3.25,-0.399999999999999
55944,"1024354#1",13435.8491889549,13759.263114354,1.26,-3.44,-0.19
55945,"1024354#1",13434.662928979,13759.1688420381,1.19,-0.0700000000000001,3.37
55946,"1024354#1",13434.4236832696,13759.149829134,0.24,-0.95,-0.88
55947,"1024354#1",13434.3339661286,13759.142699295,0.09,-0.15,0.8
55948,"1024354#1",13428.4702222668,13749.751532848,2.13,2.04,2.19
55949,"1024354#1",13428.6432731566,13745.2248394202,4.53,2.4,0.36
55950,"1024354#1",13428.8877600648,13738.829510957,6.39,1.86,-0.540000000000001
55951,"1024354#1",13429.1815263656,13731.1451241005,7.7,1.31,-0.549999999999999
55952,"1024354#1",13429.5253360803,13722.1516934492,9,1.3,-0.0100000000000007
55953,"1024354#1",13429.9508961051,13711.019824843,11.14,2.14,0.840000000000001
55954,"1024354#1",13430.4551503534,13697.8294598878,13.19,2.05,-0.0900000000000016
55955,"1024354#1",13430.9559665046,13684.729029239,13.12,-0.0700000000000003,-2.12
55956,"1024354#1",13431.4628948285,13671.4687153787,13.27,0.15,0.220000000000001
55957,"1024354#1",13431.9893057029,13657.6987737814,13.78,0.51,0.359999999999999
55958,"1024354#1",13422.6926703447,13640.2588287604,13.68,-0.0999999999999996,-0.609999999999999
55959,"1024354#1",13410.623568304,13633.88236611,13.65,-0.0299999999999994,0.0700000000000003
55971,"1024354#1",13413.9981442472,13631.9316267014,11.9,-0.145833333333333,-0.00965277777777783
55972,"1024354#1",13420.9566668157,13635.6080194529,7.87,-4.03,-3.88416666666667
55973,"1024354#1",13425.5455781411,13638.0324766804,5.19,-2.68,1.35
55974,"1024354#1",13435.458621248,13653.1473052273,7.51,2.32,5
55975,"1024354#1",13435.0966001851,13662.640404866,9.5,1.99,-0.329999999999999
55976,"1024354#1",13434.6777989764,13673.6224222375,11,1.5,-0.49
55977,"1024354#1",13434.1766856103,13686.7628706847,13.15,2.15,0.65
55978,"1024354#1",13433.6850991142,13699.6535007204,12.9,-0.25,-2.4
55979,"1024354#1",13433.1946558426,13712.5141525467,12.87,-0.0300000000000011,0.219999999999999
55980,"1024354#1",13432.6744887363,13726.154237817,13.65,0.780000000000001,0.810000000000002
55981,"1024354#1",13432.2438742088,13737.4460300188,11.3,-2.35,-3.13
55982,"1024354#1",13431.9473980119,13745.2203789861,7.78,-3.52,-1.17
55983,"1024354#1",13431.7888708938,13749.3773573542,4.16,-3.62,-0.0999999999999996
