"V1","V2","V3","V4","V5","acceleration","jerk"
81164,1025295,13503.3220066406,14270.4516891739,8.3,-2.93,0
81165,1025295,13501.734725598,14265.3216366506,5.37,-2.93,0
81166,1025295,13501.0135029269,14262.9906630646,2.44,-2.93,4.44089209850063e-16
81167,1025295,13500.5257908747,14261.4143899429,1.65,-0.79,2.14
81168,1025295,13500.3129710701,14260.7265616717,0.72,-0.93,-0.14
81169,1025295,13500.2952360864,14260.669242649,0.06,-0.66,0.27
81170,1025295,13500.2863685945,14260.6405831377,0.03,-0.03,0.63
81171,1025295,13500.2863685945,14260.6405831377,0.01,-0.02,0.01
81172,1025295,13500.2863685945,14260.6405831377,0,-0.01,0.01
81173,1025295,13500.2863685945,14260.6405831377,0,0,0.01
81174,1025295,13500.2863685945,14260.6405831377,0,0,0
81175,1025295,13500.2863685945,14260.6405831377,0,0,0
81176,1025295,13500.2863685945,14260.6405831377,0,0,0
81177,1025295,13500.2863685945,14260.6405831377,0,0,0
81178,1025295,13500.2863685945,14260.6405831377,0,0,0
81179,1025295,13500.2863685945,14260.6405831377,0,0,0
81180,1025295,13507.0738218255,14252.4525934345,1.76,1.76,1.76
81181,1025295,13510.9080449483,14251.9275857725,3.86,2.1,0.34
81182,1025295,13516.0005273386,14251.2302887745,5.15,1.29,-0.809999999999999
81183,1025295,13523.0745203868,14250.2616699872,7.14,1.99,0.699999999999999
81184,1025295,13532.0408561131,14249.0339388914,9.05,1.91,-0.0799999999999983
81185,1025295,13542.4933248326,14247.6027164537,10.55,1.5,-0.410000000000001
81186,1025295,13554.1644226067,14246.0046311157,11.78,1.23,-0.270000000000001
81187,1025295,13567.4405440136,14244.1867751285,13.4,1.62,0.390000000000002
81188,1025295,13580.4392539284,14242.4069041918,13.12,-0.280000000000001,-1.9
81189,1025295,13593.4775940563,14240.6216068193,13.16,0.0400000000000009,0.320000000000002
81190,1025295,13606.4961190777,14238.8390226646,13.14,-0.0199999999999996,-0.0600000000000005
81191,1025295,13620.2081728292,14236.9614758838,13.85,0.709999999999999,0.729999999999999
81192,1025295,13633.4323431435,14236.06196147,13.28,-0.57,-1.28
81193,1025295,13660.2375734257,14233.3133267659,13.04,-0.24,0.33
81194,1025295,13668.9162617099,14229.8885246305,9.32,-3.72,-3.48
81195,1025295,13673.1700954198,14225.3539262277,6.74,-2.58,1.14
81196,1025295,13674.4563576866,14222.3475281534,3.27,-3.47,-0.89
81197,1025295,13674.8263890414,14206.5291531924,4.89,1.62,5.09
81198,1025295,13673.0994067536,14200.3457938969,6.42,1.53,-0.0899999999999994
81199,1025295,13670.748343639,14191.9279496223,8.74,2.32,0.79
81200,1025295,13667.8565898081,14181.5741937925,10.75,2.01,-0.31
81201,1025295,13664.6554855675,14170.112826874,11.9,1.15,-0.859999999999999
81202,1025295,13661.9197519433,14160.3176922891,10.17,-1.73,-2.88
81203,1025295,13659.9668093561,14153.3252953287,7.26,-2.91,-1.18
81204,1025295,13659.0300672937,14149.2837288146,4.15,-3.11,-0.199999999999999
81205,1025295,13658.7903620348,14148.1794456132,1.13,-3.02,0.089999999999999
81206,1025295,13658.6058101983,14147.3292452723,0.87,-0.26,2.76
81207,1025295,13658.5421716339,14147.036072741,0.3,-0.57,-0.31
81208,1025295,13658.533686492,14146.9969830701,0.04,-0.26,0.31
81209,1025295,13658.5315652066,14146.9872106524,0.01,-0.03,0.23
81210,1025295,13658.5315652066,14146.9872106524,0,-0.01,0.02
81211,1025295,13658.5315652066,14146.9872106524,0,0,0.01
81212,1025295,13658.5315652066,14146.9872106524,0,0,0
81213,1025295,13658.5315652066,14146.9872106524,0,0,0
81214,1025295,13658.5315652066,14146.9872106524,0,0,0
81215,1025295,13658.5315652066,14146.9872106524,0,0,0
81216,1025295,13658.5315652066,14146.9872106524,0,0,0
81217,1025295,13658.5315652066,14146.9872106524,0,0,0
81218,1025295,13658.5315652066,14146.9872106524,0,0,0
81219,1025295,13658.5315652066,14146.9872106524,0,0,0
81220,1025295,13658.5315652066,14146.9872106524,0,0,0
81221,1025295,13658.5315652066,14146.9872106524,0,0,0
81222,1025295,13658.5315652066,14146.9872106524,0,0,0
81223,1025295,13658.5315652066,14146.9872106524,0,0,0
81224,1025295,13658.5315652066,14146.9872106524,0,0,0
81225,1025295,13657.8410940198,14144.4289344829,2.56,2.56,2.56
81226,1025295,13656.571217823,14139.7377710404,4.86,2.3,-0.26
81227,1025295,13651.3680721388,14123.9980536889,6.73,1.87,-0.43
81228,1025295,13650.1658539328,14115.9877683391,8.1,1.37,-0.500000000000001
81229,1025295,13649.3031424749,14106.5520873337,9.49,1.39,0.0200000000000014
81230,1025295,13648.5910226671,14085.4505353442,11.53,2.04,0.649999999999999
81231,1025295,13648.443908817,14071.8513310471,13.6,2.07,0.0300000000000011
81232,1025295,13648.2956050756,14058.1421331858,13.71,0.110000000000001,-1.96
81233,1025295,13647.2780226981,14044.5909090051,13.66,-0.0500000000000007,-0.160000000000002
81234,1025295,13644.0721871014,14031.2712761976,13.7,0.0399999999999991,0.0899999999999999
81235,1025295,13641.0044130377,14018.5252626132,13.11,-0.59,-0.629999999999999
81236,1025295,13637.8289977788,14005.332020482,13.58,0.470000000000001,1.06
81237,1025295,13636.2146349515,13987.0290805956,13.75,0.17,-0.300000000000001
81238,1025295,13640.1321146866,13972.1667035137,15.37,1.62,1.45
81239,1025295,13644.3860338004,13956.0279218938,16.69,1.32,-0.299999999999997
81240,1025295,13649.0961851019,13938.1582583627,18.48,1.79,0.469999999999997
81241,1025295,13654.1325806494,13919.050869219,19.75,1.27,-0.52
81242,1025295,13664.7772036864,13875.4478677413,21.55,1.8,0.530000000000001
81243,1025295,13665.6958454614,13849.9719226921,23.15,1.6,-0.200000000000003
81244,1025295,13667.6014239668,13825.4959902163,24.55,1.4,-0.199999999999996
81245,1025295,13669.4123056992,13802.2363769919,23.32,-1.23,-2.63
81246,1025295,13670.0810188531,13779.6850627489,19.48,-3.84,-2.61
81247,1025295,13670.4371085431,13764.5292453795,15.16,-4.32,-0.48
81248,1025295,13671.7642996101,13744.7098191159,13.78,-1.38,2.94
81249,1025295,13676.9092165298,13718.936766381,13.71,-0.0699999999999985,1.31
81250,1025295,13678.418600905,13708.7883990833,10.26,-3.45,-3.38
81251,1025295,13680.4245774261,13702.2807785,6.89,-3.37,0.080000000000001
81252,1025295,13682.3071492754,13698.414782738,4.3,-2.59,0.78
81253,1025295,13682.9069454228,13697.1830585068,1.37,-2.93,-0.34
81254,1025295,13683.4410704591,13696.086194593,1.22,-0.15,2.78
81255,1025295,13683.6118153477,13695.735557768,0.39,-0.83,-0.68
81256,1025295,13683.690620681,13695.5737253873,0.18,-0.21,0.62
81257,1025295,13683.7256452735,13695.5017998847,0.08,-0.1,0.11
81258,1025295,13683.7475356439,13695.4568464457,0.05,-0.03,0.07
81259,1025295,13683.7475356439,13695.4568464457,0,-0.05,-0.02
81260,1025295,13683.7475356439,13695.4568464457,0,0,0.05
81261,1025295,13683.7475356439,13695.4568464457,0,0,0
81262,1025295,13683.7475356439,13695.4568464457,0,0,0
81263,1025295,13683.7475356439,13695.4568464457,0,0,0
81264,1025295,13683.7475356439,13695.4568464457,0,0,0
81265,1025295,13683.7475356439,13695.4568464457,0,0,0
81266,1025295,13683.7475356439,13695.4568464457,0,0,0
81267,1025295,13683.7475356439,13695.4568464457,0,0,0
81268,1025295,13683.7475356439,13695.4568464457,0,0,0
81269,1025295,13683.7475356439,13695.4568464457,0,0,0
81270,1025295,13683.7475356439,13695.4568464457,0,0,0
81271,1025295,13683.7475356439,13695.4568464457,0,0,0
81272,1025295,13683.7475356439,13695.4568464457,0,0,0
81273,1025295,13683.7475356439,13695.4568464457,0,0,0
81274,1025295,13683.7475356439,13695.4568464457,0,0,0
81275,1025295,13683.7475356439,13695.4568464457,0,0,0
81276,1025295,13683.7475356439,13695.4568464457,0,0,0
81277,1025295,13683.7475356439,13695.4568464457,0,0,0
81278,1025295,13683.7475356439,13695.4568464457,0,0,0
81279,1025295,13683.7475356439,13695.4568464457,0,0,0
81280,1025295,13683.7475356439,13695.4568464457,0,0,0
81281,1025295,13683.7475356439,13695.4568464457,0,0,0
81282,1025295,13683.7475356439,13695.4568464457,0,0,0
81283,1025295,13683.7475356439,13695.4568464457,0,0,0
81284,1025295,13683.7475356439,13695.4568464457,0,0,0
81285,1025295,13683.7475356439,13695.4568464457,0,0,0
81286,1025295,13683.7475356439,13695.4568464457,0,0,0
81287,1025295,13683.7475356439,13695.4568464457,0,0,0
81288,1025295,13683.7475356439,13695.4568464457,0,0,0
81289,1025295,13683.7475356439,13695.4568464457,0,0,0
81290,1025295,13699.598290055,13681.3395048215,1.88,1.88,1.88
81291,1025295,13703.146053617,13681.7373411048,3.58,1.7,-0.18
81292,1025295,13708.0155330158,13682.2833909055,4.9,1.32,-0.38
81293,1025295,13714.6042367738,13683.0222297174,6.63,1.73,0.409999999999999
81294,1025295,13722.9519157431,13683.9583150899,8.4,1.77,0.0400000000000009
81295,1025295,13732.8598156627,13685.0693592762,9.97,1.57,-0.2
81296,1025295,13744.1093068452,13686.3308457544,11.32,1.35,-0.220000000000001
81297,1025295,13757.2072126566,13687.7996082794,13.18,1.86,0.51
81298,1025295,13780.3099397004,13689.1963956569,13.42,0.24,-1.62
81299,1025295,13793.2197712007,13689.1304363346,12.91,-0.51,-0.75
81300,1025295,13806.5995965667,13689.0620757046,13.38,0.470000000000001,0.98
81301,1025295,13820.1894191918,13688.99264215,13.59,0.209999999999999,-0.260000000000002
81302,1025295,13833.5392449493,13688.924434795,13.35,-0.24,-0.449999999999999
81303,1025295,13846.4290767108,13688.858577656,12.9,-0.449999999999999,-0.209999999999999
81304,1025295,13859.7789024683,13688.790370301,13.34,0.44,0.889999999999999
81305,1025295,13873.6287216999,13688.7196083634,13.85,0.51,0.0700000000000003
81306,1025295,13887.0585464133,13688.6509922752,13.44,-0.41,-0.92
81307,1025295,13892.0050804588,13674.6730005991,12.98,-0.459999999999999,-0.0499999999999989
81308,1025295,13891.6917859904,13661.366688316,13.31,0.33,0.789999999999999
81309,1025295,13891.6647819068,13636.2402584389,10.32,-2.99,-3.32
81310,1025295,13891.8996864043,13629.7067875352,6.55,-3.77,-0.78
81311,1025295,13892.7185295262,13625.4447345156,4.34,-2.21,1.56
81312,1025295,13875.9430976837,13614.9047135858,6.1,1.76,3.97
81313,1025295,13868.8724847809,13612.5576019183,7.45,1.35,-0.409999999999999
81314,1025295,13859.7006804013,13609.3727569373,9.71,2.26,0.91
81315,1025295,13848.5549067909,13605.3191991635,11.86,2.15,-0.110000000000002
81316,1025295,13836.3085029333,13599.1707046529,13.74,1.88,-0.269999999999998
