"V1","V2","V3","V4","V5","acceleration","jerk"
55258,1028139,13651.5,13584.7,0,2.31,0
55259,1028139,13650.9320437983,13586.9390903852,2.31,2.31,0
55260,1028139,13650.0272477714,13590.5061261503,3.68,1.37,-0.94
55261,1028139,13648.7438142768,13595.5658888389,5.22,1.54,0.169999999999999
55262,1028139,13647.103871478,13602.0311411632,6.67,1.45,-0.0899999999999994
55263,1028139,13644.9820264476,13610.3962277537,8.64,1.97,0.52
55264,1028139,13642.4372876219,13620.4285158431,10.35,1.71,-0.260000000000002
55265,1028139,13639.6024239833,13631.6045817051,11.53,1.18,-0.529999999999999
55266,1028139,13636.2536952099,13644.8064912488,13.62,2.09,0.91
55267,1028139,13633.0598635824,13657.3977397785,12.98,-0.639999999999999,-2.73
55268,1028139,13638.114388464,13669.3911601411,12.26,-0.720000000000001,-0.0800000000000018
55269,1028139,13646.4897135425,13671.1105873219,8.55,-3.71,-2.99
55270,1028139,13651.6814355209,13672.1764310714,5.3,-3.25,0.459999999999998
55271,1028139,13655.6095119612,13672.9828524744,4.01,-1.29,1.96
55272,1028139,13656.6968348661,13673.206076354,1.11,-2.9,-1.61
55273,1028139,13657.1768242566,13673.3046166252,0.48,-0.63,2.27
55274,1028139,13657.2943726788,13673.3287489365,0.12,-0.36,0.27
55275,1028139,13657.3531468898,13673.3408150921,0.06,-0.06,0.3
55276,1028139,13657.3629425917,13673.3428261181,0.01,-0.05,0.01
55277,1028139,13657.3629425917,13673.3428261181,0,-0.01,0.04
55278,1028139,13657.3629425917,13673.3428261181,0,0,0.01
55279,1028139,13657.7939534729,13673.4313112596,0.43,0.43,0.43
55280,1028139,13658.5384268132,13673.5841492312,0.76,0.33,-0.1
55281,1028139,13660.3212445492,13673.9501559527,1.82,1.06,0.73
55282,1028139,13663.8281058101,13674.6701032401,3.58,1.76,0.7
55283,1028139,13669.0883977015,13675.7500241713,5.37,1.79,0.03
55284,1028139,13676.1608944344,13677.2019849017,7.22,1.85,0.0599999999999996
55285,1028139,13682.1558639643,13678.4327327785,6.12,-1.1,-2.95
55286,1028139,13684.8104991646,13678.977720809,2.71,-3.41,-2.31
55287,1028139,13694.6669003578,13699.4515604387,4.31,1.6,5.01
55288,1028139,13696.1438969591,13705.3700468195,6.09,1.78,0.180000000000001
55289,1028139,13698.1342104119,13713.3454497786,8.22,2.13,0.350000000000001
55290,1028139,13697.5152043218,13723.4759380243,10.19,1.97,-0.160000000000002
55291,1028139,13696.4451833125,13735.7493831413,12.32,2.13,0.160000000000002
55292,1028139,13698.9644833355,13744.8412068804,14.25,1.93,-0.200000000000001
55293,1028139,13697.4050069792,13772.6498544525,15.52,1.27,-0.66
55294,1028139,13697.5458664157,13789.5892688054,16.94,1.42,0.150000000000002
55295,1028139,13697.7012774468,13808.2786226576,18.69,1.75,0.329999999999998
55296,1028139,13697.8581020615,13827.1379706325,18.85,0.16,-1.59
55297,1028139,13698.0063620232,13844.9673542165,17.83,-1.02,-1.18
55298,1028139,13687.2074754137,13871.8943108498,17.06,-0.77,0.250000000000004
55299,1028139,13679.5637520501,13905.598668572,13.03,-4.03,-3.26
55300,1028139,13692.4189761954,13920.9545436177,13.61,0.58,4.61
55301,1028139,13703.924491146,13927.4042897925,13.19,-0.42,-1
55302,1028139,13715.7217768128,13933.6903636309,13.38,0.190000000000001,0.610000000000001
55303,1028139,13727.8780331868,13939.8907201127,13.73,0.35,0.159999999999998
55304,1028139,13738.3046711455,13948.0341042202,13.24,-0.49,-0.84
55305,1028139,13747.8286363051,13957.115937055,13.16,-0.0800000000000001,0.41
55306,1028139,13755.9541126433,13965.5836887515,11.74,-1.42,-1.34
55307,1028139,13762.7001373131,13971.2675795337,8.92,-2.82,-1.4
55308,1028139,13770.095561006,13974.1098091112,7.97,-0.95,1.87
55309,1028139,13776.8936307759,13975.4732357332,6.95,-1.02,-0.0699999999999994
55310,1028139,13781.9358748438,13976.3621534796,5.12,-1.83,-0.81
55311,1028139,13784.6342632708,13976.8378633673,2.73,-2.39,-0.56
55312,1028139,13785.8076267933,13976.8296002415,1.19,-1.54,0.85
55313,1028139,13786.3463524836,13976.7925242295,0.54,-0.65,0.89
55314,1028139,13786.8351961655,13976.7588811815,0.49,-0.05,0.6
55315,1028139,13786.9748657889,13976.7492688821,0.14,-0.35,-0.3
55316,1028139,13787.0047949939,13976.7472091037,0.03,-0.11,0.24
55317,1028139,13787.0247477972,13976.745835918,0.02,-0.01,0.1
55318,1028139,13787.0247477972,13976.745835918,0,-0.02,-0.01
55319,1028139,13787.0247477972,13976.745835918,0,0,0.02
55320,1028139,13787.0247477972,13976.745835918,0,0,0
55321,1028139,13787.8228599309,13976.6909084928,0.8,0.8,0.8
55322,1028139,13790.0575739053,13976.537111702,2.24,1.44,0.64
55323,1028139,13802.2118407609,13982.1789131818,4.69,2.45,1.01
55324,1028139,13802.8561432063,13988.6368520448,6.49,1.8,-0.65
55325,1028139,13803.6066711705,13996.1595050194,7.57,1.08,-0.72
55326,1028139,13804.5478094113,14005.592673035,9.47,1.9,0.82
55327,1028139,13805.7013986897,14017.1552692736,11.62,2.15,0.249999999999998
55328,1028139,13806.9641917723,14029.8124314212,12.72,1.1,-1.05
55329,1028139,13808.2865505663,14043.0666295192,13.33,0.609999999999999,-0.490000000000002
55330,1028139,13809.0625246933,14055.9089920419,12.87,-0.460000000000001,-1.07
55331,1028139,13809.6351304761,14069.0365098049,13.14,0.270000000000001,0.730000000000002
55332,1028139,13811.35499503,14082.2226484823,13.31,0.17,-0.100000000000001
