"V1","V2","V3","V4","V5","acceleration","jerk"
31055,1030176,14343.9595909898,13275.4482594958,16.85,-1.75,0
31056,1030176,14344.457888707,13290.5381751664,15.1,-1.75,0
31057,1030176,14344.4477349853,13303.4181711642,12.88,-2.22,-0.469999999999997
31058,1030176,14344.4721775487,13314.4995611919,10.76,-2.12,0.0999999999999979
31059,1030176,14344.6911484942,13322.5265750653,8.03,-2.73,-0.609999999999999
31060,1030176,14344.5788534375,13331.4278641959,8.91,0.880000000000001,3.61
31061,1030176,14344.1190127437,13339.3946042153,7.99,-0.92,-1.8
31062,1030176,14343.6799167429,13347.0019424293,7.62,-0.37,0.55
31063,1030176,14343.5052531243,13355.0792794894,8.08,0.46,0.83
31064,1030176,14343.3463569203,13364.4378879445,9.36,1.28,0.819999999999999
31065,1030176,14343.0157046743,13375.292853126,10.86,1.5,0.220000000000001
31066,1030176,14342.6332928686,13387.8470301684,12.57,1.71,0.210000000000001
31067,1030176,14342.1878561873,13402.4702475354,14.62,2.05,0.339999999999998
31068,1030176,14336.0067975377,13432.6469951941,15.72,1.1,-0.949999999999998
31069,1030176,14339.8339880028,13448.8424477536,16.84,1.12,0.0199999999999978
31070,1030176,14340.8908403539,13467.4245221207,18.62,1.78,0.660000000000002
31071,1030176,14343.5513023319,13487.5225034556,20.29,1.67,-0.110000000000003
31072,1030176,14347.9585631733,13508.7671632526,21.7,1.41,-0.259999999999998
31073,1030176,14354.161095341,13531.3973360437,23.47,1.77,0.359999999999999
31074,1030176,14361.1736560367,13555.2165067364,24.83,1.36,-0.41
31075,1030176,14367.5262022343,13580.5723106784,26.15,1.32,-0.0399999999999991
31076,1030176,14372.7068593146,13603.4938812289,23.49,-2.66,-3.98
31077,1030176,14376.9811243385,13622.9908619825,19.97,-3.52,-0.859999999999999
31078,1030176,14379.1471513355,13639.6751006447,16.84,-3.13,0.390000000000001
31079,1030176,14380.6165215906,13653.2860172579,13.69,-3.15,-0.0200000000000014
31080,1030176,14381.8508355376,13664.7195849024,11.5,-2.19,0.960000000000001
31081,1030176,14382.9166387979,13674.5922220075,9.94,-1.56,0.629999999999999
31082,1030176,14383.8965767401,13683.669480494,9.13,-0.809999999999999,0.750000000000002
31083,1030176,14384.5963790822,13690.1518162367,6.52,-2.61,-1.8
31084,1030176,14385.419612819,13697.777508744,7.67,1.15,3.76
31085,1030176,14385.9616376392,13702.7983362748,5.06,-2.61,-3.76
31086,1030176,14381.731776278,13707.4834624382,3.4,-1.66,0.950000000000001
31087,1030176,14380.3933422072,13707.5482253771,1.34,-2.06,-0.4
31088,1030176,14366.9467878381,13706.6634670872,3.6,2.26,4.32
31089,1030176,14361.5377372674,13707.0078098291,5.42,1.82,-0.44
31090,1030176,14348.4016988685,13707.9035872296,6.89,1.47,-0.35
31091,1030176,14333.8500000015,13708.7399944751,8.18,1.29,-0.18
31092,1030176,14324.1000014896,13708.7346077356,9.75,1.57,0.28
31093,1030176,14312.1790286022,13708.3603732175,11.94,2.19,0.619999999999999
31094,1030176,14298.6807455031,13706.9670845264,13.57,1.63,-0.559999999999999
31095,1030176,14273.447221711,13704.844399408,13.01,-0.56,-2.19
31096,1030176,14260.2506569215,13703.6556278755,13.26,0.25,0.81
31097,1030176,14247.2333662197,13702.4830056922,13.07,-0.19,-0.44
31098,1030176,14234.106519131,13701.3005144622,13.18,0.109999999999999,0.299999999999999
31099,1030176,14220.0629835419,13703.3434008504,13.8,0.620000000000001,0.510000000000002
31100,1030176,14206.2750007741,13702.2780466126,13.84,0.0399999999999991,-0.580000000000002
31101,1030176,14193.164288256,13701.4012243574,13.14,-0.699999999999999,-0.739999999999998
31102,1030176,14180.1333974275,13700.5297404417,13.06,-0.0800000000000001,0.619999999999999
31103,1030176,14166.6534776379,13699.6312018954,13.51,0.449999999999999,0.529999999999999
31104,1030176,14154.2661901783,13700.1925479512,12.4,-1.11,-1.56
31105,1030176,14145.5051812251,13700.5895644761,8.77,-3.63,-2.52
31106,1030176,14139.2316195117,13700.8738590915,6.27,-2.5,1.13
31107,1030176,14136.2846438661,13701.0074051289,2.95,-3.32,-0.819999999999999
31108,1030176,14134.1268583086,13701.1051879903,2.16,-0.79,2.53
31109,1030176,14133.8,13701.12,0.42,-1.74,-0.95
31110,1030176,14132.8829498421,13707.2585465743,2.71,2.29,4.03
31111,1030176,14134.4230350784,13711.0151058331,4.06,1.35,-0.94
31112,1030176,14136.3918614728,13716.3732868583,5.72,1.66,0.31
31113,1030176,14139.0667524458,13723.9976791805,8.07,2.35,0.69
31114,1030176,14141.3867415481,13733.4545124537,9.75,1.68,-0.670000000000001
31115,1030176,14140.9998757043,13745.9901239211,11,1.25,-0.43
31116,1030176,14143.9851714049,13758.5091058917,12.87,1.87,0.619999999999999
31117,1030176,14150.0145953864,13781.1326163084,14.72,1.85,-0.0199999999999978
31118,1030176,14154.3744533775,13796.9321016892,16.39,1.67,-0.180000000000001
31119,1030176,14171.4536056341,13821.4583789511,17.95,1.56,-0.110000000000001
31120,1030176,14186.0157236954,13841.5587889108,19.23,1.28,-0.279999999999998
31121,1030176,14206.5201602314,13873.7199532078,18.74,-0.490000000000002,-1.77
31122,1030176,14211.2692279758,13888.1768199968,15.24,-3.5,-3.01
31123,1030176,14216.4322052022,13901.0601642338,13.89,-1.35,2.15
31124,1030176,14237.0071473415,13921.3913507469,13.13,-0.76,0.59
31125,1030176,14248.195986151,13929.0449883288,13.56,0.43,1.19
31126,1030176,14259.3640044064,13936.8394575463,13.62,0.0599999999999987,-0.370000000000001
31127,1030176,14270.4590745139,13944.0360692237,13.23,-0.389999999999999,-0.449999999999998
31128,1030176,14282.2076460688,13950.8944171983,13.61,0.379999999999999,0.769999999999998
31129,1030176,14294.6475317738,13956.868464708,13.8,0.190000000000001,-0.189999999999998
31130,1030176,14307.6983117599,13961.5030643153,13.85,0.0499999999999989,-0.140000000000002
31131,1030176,14320.1650706296,13965.6042765912,13.14,-0.709999999999999,-0.759999999999998
31132,1030176,14333.0698084411,13968.4277216527,13.21,0.0700000000000003,0.779999999999999
31133,1030176,14346.4681440208,13971.0573684316,13.66,0.449999999999999,0.379999999999999
31134,1030176,14359.7416627586,13973.1015309297,13.43,-0.23,-0.68
31135,1030176,14372.5818058675,13974.0296716864,12.88,-0.549999999999999,-0.319999999999999
31136,1030176,14385.9577534235,13974.8321846009,13.4,0.52,1.07
31137,1030176,14398.8645446101,13975.6065496743,12.93,-0.470000000000001,-0.99
