"V1","V2","V3","V4","V5","acceleration","jerk"
78201,1030802,14344.4575094409,13287.7982261847,13.69,1.43,0
78202,1030802,14344.4481291515,13302.9181713196,15.12,1.43,0
78203,1030802,14344.5831628225,13318.5680476757,15.34,0.220000000000001,-1.21
78204,1030802,14344.3714065079,13335.0218822498,16.48,1.14,0.92
78205,1030802,14343.5455110989,13352.609607589,17.6,1.12,-0.0199999999999996
78206,1030802,14343.1466259135,13370.9948466545,18.39,0.789999999999999,-0.330000000000002
78207,1030802,14342.5446926812,13390.7556810596,19.76,1.37,0.580000000000002
78208,1030802,14341.9193154129,13411.2861584839,20.55,0.789999999999999,-0.580000000000002
78209,1030802,14342.6773856056,13445.3464019002,21.76,1.21,0.420000000000002
78210,1030802,14344.3054849035,13468.3307280886,23.07,1.31,0.0999999999999979
78211,1030802,14347.7806704392,13492.5225186649,24.45,1.38,0.0700000000000003
78212,1030802,14353.6408208457,13517.9129541462,26.07,1.62,0.240000000000002
78213,1030802,14361.2691300634,13543.8649068542,27.05,0.98,-0.640000000000001
78214,1030802,14368.6145023415,13570.603867508,27.74,0.689999999999998,-0.290000000000003
78215,1030802,14374.7931623903,13597.5853133139,27.68,-0.0599999999999987,-0.749999999999996
78216,1030802,14380.5995655157,13624.0969198805,27.14,-0.539999999999999,-0.48
78217,1030802,14383.7199245376,13651.4311703433,27.52,0.379999999999999,0.919999999999998
78218,1030802,14386.7057513767,13679.0200691631,27.75,0.23,-0.149999999999999
78219,1030802,14389.8266394831,13713.0697513864,26.93,-0.82,-1.05
78220,1030802,14390.1976481749,13740.4072339433,27.34,0.41,1.23
78221,1030802,14390.5674355507,13767.6547247874,27.25,-0.0899999999999999,-0.5
78222,1030802,14390.9406154712,13795.1521926116,27.5,0.25,0.34
78223,1030802,14391.2972038245,13822.9398563485,27.73,0.23,-0.0199999999999996
78224,1030802,14390.6694302887,13855.619277586,27.06,-0.670000000000002,-0.900000000000002
78225,1030802,14390.3726608263,13882.4376356246,26.83,-0.23,0.440000000000001
78226,1030802,14386.7970259527,13907.3061105963,24.9,-1.93,-1.7
78227,1030802,14386.526923694,13931.7146161787,24.41,-0.489999999999998,1.44
78228,1030802,14386.3091599722,13951.3934113391,19.68,-4.73,-4.24
78229,1030802,14386.0974480099,13970.4197579237,19.03,-0.649999999999999,4.08
78230,1030802,14385.8845742839,13989.1285468951,18.72,-0.310000000000002,0.339999999999996
78231,1030802,14385.6663531154,14008.3073054452,19.18,0.460000000000001,0.770000000000003
78232,1030802,14385.4472217438,14027.5660588172,19.25,0.0700000000000003,-0.390000000000001
78233,1030802,14385.2344617932,14046.2648484358,18.7,-0.550000000000001,-0.620000000000001
78234,1030802,14384.5747882547,14065.6420155356,19.4,0.699999999999999,1.25
78235,1030802,14382.964764429,14084.1320513192,18.55,-0.849999999999998,-1.55
78236,1030802,14381.323511693,14102.9807300384,18.92,0.370000000000001,1.22
78237,1030802,14379.7143553371,14121.4608035183,18.55,-0.370000000000001,-0.740000000000002
78238,1030802,14378.0557532063,14140.5087283126,19.13,0.579999999999998,0.949999999999999
78239,1030802,14376.4457293807,14158.9987640963,18.55,-0.579999999999998,-1.16
78240,1030802,14374.7315987757,14178.0919331158,19.17,0.620000000000001,1.2
78241,1030802,14372.9919186358,14197.1326240962,19.12,-0.0500000000000007,-0.670000000000002
78242,1030802,14371.2922729761,14215.7351401795,18.68,-0.440000000000001,-0.390000000000001
78243,1030802,14369.6093288005,14234.5098138035,18.86,0.18,0.620000000000001
78244,1030802,14368.0086862892,14252.9906266523,18.55,-0.309999999999999,-0.489999999999998
78245,1030802,14366.3778429757,14271.8201340831,18.89,0.34,0.649999999999999
