"V1","V2","V3","V4","V5","acceleration","jerk"
80435,1033723,13407.7475748128,13365.1043932621,13.46,-0.31,0
80436,1033723,13420.6685375026,13367.5480018991,13.15,-0.31,0
80437,1033723,13434.0906173764,13370.0863816696,13.65,0.5,0.81
80438,1033723,13456.7208208834,13373.2810855214,13.68,0.0299999999999994,-0.470000000000001
80439,1033723,13469.6750319369,13374.0988972245,12.98,-0.699999999999999,-0.729999999999999
80440,1033723,13482.5294416726,13374.9104083752,12.88,-0.0999999999999996,0.6
80441,1033723,13495.8030169431,13375.748381846,13.3,0.42,0.52
80442,1033723,13508.6973472059,13376.5624132176,12.91,-0.390000000000001,-0.81
80443,1033723,13521.671518523,13377.3814850312,13,0.0899999999999999,0.48
80444,1033723,13534.7444668799,13376.3706065895,13.12,0.119999999999999,0.0299999999999994
80445,1033723,13547.6630973348,13374.9681164505,13.02,-0.0999999999999996,-0.219999999999999
80446,1033723,13572.7009155113,13362.6435090713,13.79,0.77,0.869999999999999
80447,1033723,13583.791656807,13354.7378239327,13.62,-0.17,-0.94
80448,1033723,13594.5241069008,13347.0875353771,13.18,-0.44,-0.27
80449,1033723,13605.6229911784,13339.1760457706,13.64,0.460000000000001,0.9
80450,1033723,13614.1848658527,13329.0215001845,12.86,-0.780000000000001,-1.24
80451,1033723,13625.0557466381,13321.2725356764,13.35,0.49,1.27
80452,1033723,13635.7149098952,13313.674487331,13.09,-0.26,-0.75
80453,1033723,13646.1406213061,13306.3356553724,12.75,-0.34,-0.0800000000000001
80454,1033723,13656.5822271203,13299.1239310278,12.69,-0.0600000000000005,0.279999999999999
80455,1033723,13667.0649740133,13291.8837916937,12.74,0.0500000000000007,0.110000000000001
80456,1033723,13677.7040570059,13284.5356753994,12.93,0.19,0.139999999999999
80457,1033723,13688.9108868868,13276.7954322494,13.62,0.69,0.5
80498,1033723,14206.0735125791,13275.0668223306,13.47,-0.00365853658536582,-0.016918500892326
80499,1033723,14218.352183105,13280.3998145197,13.65,0.18,0.183658536585366
80500,1033723,14233.5218270947,13282.9367812569,13.45,-0.200000000000001,-0.380000000000001
80501,1033723,14247.1000349788,13284.9727504749,13.73,0.280000000000001,0.480000000000002
80502,1033723,14260.8068056469,13287.0279968961,13.86,0.129999999999999,-0.150000000000002
80503,1033723,14273.5543001572,13288.939405725,12.89,-0.969999999999999,-1.1
80504,1033723,14286.7171513543,13290.9130947485,13.3,0.41,1.38
80505,1033723,14300.0085653355,13292.9060609751,13.45,0.149999999999999,-0.260000000000002
80506,1033723,14313.6164415544,13294.9464787785,13.75,0.300000000000001,0.150000000000002
80507,1033723,14326.7248516748,13297.3106488744,13.32,-0.43,-0.73
80508,1033723,14339.4877401515,13299.6192366962,12.97,-0.35,0.0800000000000001
80509,1033723,14352.939450674,13302.0524206224,13.67,0.699999999999999,1.05
80510,1033723,14365.653137576,13304.3521087225,12.92,-0.75,-1.45
80511,1033723,14379.016285264,13306.7692731496,13.59,0.67,1.42
80512,1033723,14391.7496527959,13309.0725211383,12.94,-0.65,-1.32
