"V1","V2","V3","V4","V5","acceleration","jerk"
69941,"1034154#1",14211.1115004247,13275.0227153388,8.58,-2.31,0
69942,"1034154#1",14217.1981491821,13276.5279086501,6.27,-2.31,0
69943,"1034154#1",14220.2366197739,13277.2793049921,3.13,-3.14,-0.829999999999999
69944,"1034154#1",14227.8605923504,13278.7544412323,4.62,1.49,4.63
69945,"1034154#1",14234.0316059846,13279.6797469804,6.25,1.63,0.14
69946,"1034154#1",14242.2497347185,13280.912005116,8.31,2.06,0.430000000000001
69947,"1034154#1",14252.6830991159,13282.4764242894,10.54,2.23,0.169999999999998
69948,"1034154#1",14264.2933074596,13284.2173040141,11.74,1.2,-1.03
69949,"1034154#1",14277.564942551,13286.2073045172,13.42,1.68,0.479999999999999
69950,"1034154#1",14290.7673515278,13288.1869249878,13.35,-0.0700000000000003,-1.75
69951,"1034154#1",14303.9400921699,13290.1620968731,13.32,-0.0299999999999994,0.0400000000000009
69952,"1034154#1",14316.9711098111,13292.1975831079,13.19,-0.130000000000001,-0.100000000000001
69953,"1034154#1",14330.6099205233,13294.6638439126,13.85,0.66,0.790000000000001
69954,"1034154#1",14344.0125613531,13297.0873989025,13.63,-0.219999999999999,-0.879999999999999
69955,"1034154#1",14356.854298712,13299.4095275823,13.04,-0.590000000000002,-0.370000000000003
69956,"1034154#1",14369.8042806003,13301.7512297605,13.17,0.130000000000001,0.720000000000002
69957,"1034154#1",14383.167559783,13304.1676671146,13.58,0.41,0.279999999999999
69958,"1034154#1",14396.4422752597,13306.5680897882,13.48,-0.0999999999999996,-0.51
