"V1","V2","V3","V4","V5","acceleration","jerk"
65104,1035712,13651.5,13584.7,0,0.81,0
65105,1035712,13651.3008465267,13585.4851355896,0.81,0.81,0
65106,1035712,13650.7132208462,13587.8017702305,2.39,1.58,0.77
65107,1035712,13650.0493759351,13590.4188888626,2.69,0.3,-1.28
65108,1035712,13649.2798075753,13593.4528078693,3.13,0.44,0.14
65109,1035712,13648.5274500095,13596.4188756523,3.06,-0.0699999999999998,-0.51
65110,1035712,13647.6423234614,13599.9083671617,3.59,0.53,0.6
65111,1035712,13646.9809372353,13602.5157927617,2.69,-0.9,-1.43
65112,1035712,13646.2408730937,13605.4333953848,3.02,0.33,1.23
65113,1035712,13645.638495304,13607.8081882176,2.45,-0.57,-0.9
65114,1035712,13644.8910551079,13610.7548699366,3.04,0.59,1.16
65115,1035712,13644.1042759541,13613.8566401672,3.19,0.15,-0.44
65116,1035712,13643.4256789339,13616.531916991,2.77,-0.42,-0.57
65117,1035712,13642.6634866287,13619.5367569018,3.1,0.33,0.75
65118,1035712,13642.2012538758,13621.3590469123,1.88,-1.22,-1.55
65119,1035712,13641.7095169047,13623.2976533064,1.99,0.11,1.33
65120,1035712,13641.3210446975,13624.8291523577,1.58,-0.41,-0.52
65121,1035712,13640.8022621929,13626.8743821035,2.11,0.53,0.94
65122,1035712,13640.5072200102,13628.0375459399,1.2,-0.91,-1.44
65123,1035712,13640.1974257184,13629.2588679682,1.25,0.05,0.96
65124,1035712,13640.0794088453,13629.7241335028,0.48,-0.77,-0.82
65125,1035712,13640.0031896148,13630.0246174939,0.31,-0.17,0.6
65126,1035712,13639.9884375057,13630.0827756857,0.07,-0.24,-0.07
65127,1035712,13639.983520136,13630.1021617497,0.02,-0.05,0.19
65128,1035712,13639.9786027663,13630.1215478136,0.02,0,0.05
65129,1035712,13639.9786027663,13630.1215478136,0,-0.02,-0.02
65130,1035712,13639.9786027663,13630.1215478136,0,0,0.02
65131,1035712,13639.9786027663,13630.1215478136,0,0,0
65132,1035712,13639.9786027663,13630.1215478136,0,0,0
65133,1035712,13639.9786027663,13630.1215478136,0,0,0
65134,1035712,13639.9786027663,13630.1215478136,0,0,0
65135,1035712,13639.9786027663,13630.1215478136,0,0,0
65136,1035712,13639.9786027663,13630.1215478136,0,0,0
65137,1035712,13639.9786027663,13630.1215478136,0,0,0
65138,1035712,13639.9786027663,13630.1215478136,0,0,0
65139,1035712,13639.9786027663,13630.1215478136,0,0,0
65140,1035712,13639.9786027663,13630.1215478136,0,0,0
65141,1035712,13639.9786027663,13630.1215478136,0,0,0
65142,1035712,13639.9786027663,13630.1215478136,0,0,0
65143,1035712,13639.9786027663,13630.1215478136,0,0,0
65144,1035712,13639.9786027663,13630.1215478136,0,0,0
65145,1035712,13639.9786027663,13630.1215478136,0,0,0
65146,1035712,13639.9786027663,13630.1215478136,0,0,0
65147,1035712,13639.9786027663,13630.1215478136,0,0,0
65148,1035712,13639.9786027663,13630.1215478136,0,0,0
65149,1035712,13639.9786027663,13630.1215478136,0,0,0
65150,1035712,13639.9786027663,13630.1215478136,0,0,0
65151,1035712,13639.9786027663,13630.1215478136,0,0,0
65152,1035712,13639.9786027663,13630.1215478136,0,0,0
65153,1035712,13639.9786027663,13630.1215478136,0,0,0
65154,1035712,13639.9786027663,13630.1215478136,0,0,0
65155,1035712,13639.9786027663,13630.1215478136,0,0,0
65156,1035712,13639.9786027663,13630.1215478136,0,0,0
65157,1035712,13639.9786027663,13630.1215478136,0,0,0
65158,1035712,13639.9786027663,13630.1215478136,0,0,0
65159,1035712,13639.9786027663,13630.1215478136,0,0,0
65160,1035712,13639.9786027663,13630.1215478136,0,0,0
65161,1035712,13639.9786027663,13630.1215478136,0,0,0
65162,1035712,13639.9786027663,13630.1215478136,0,0,0
65163,1035712,13639.9786027663,13630.1215478136,0,0,0
65164,1035712,13639.9786027663,13630.1215478136,0,0,0
65165,1035712,13639.9786027663,13630.1215478136,0,0,0
65166,1035712,13639.9786027663,13630.1215478136,0,0,0
65167,1035712,13639.9786027663,13630.1215478136,0,0,0
65168,1035712,13639.9786027663,13630.1215478136,0,0,0
65169,1035712,13639.9786027663,13630.1215478136,0,0,0
65170,1035712,13639.9786027663,13630.1215478136,0,0,0
65171,1035712,13639.9786027663,13630.1215478136,0,0,0
65172,1035712,13639.9786027663,13630.1215478136,0,0,0
65173,1035712,13639.9786027663,13630.1215478136,0,0,0
65174,1035712,13639.9786027663,13630.1215478136,0,0,0
65175,1035712,13639.9786027663,13630.1215478136,0,0,0
65176,1035712,13639.9786027663,13630.1215478136,0,0,0
65177,1035712,13639.9786027663,13630.1215478136,0,0,0
65178,1035712,13639.9786027663,13630.1215478136,0,0,0
65179,1035712,13639.9786027663,13630.1215478136,0,0,0
65180,1035712,13639.9786027663,13630.1215478136,0,0,0
65181,1035712,13639.9786027663,13630.1215478136,0,0,0
65182,1035712,13639.9786027663,13630.1215478136,0,0,0
65183,1035712,13639.9786027663,13630.1215478136,0,0,0
65184,1035712,13639.9786027663,13630.1215478136,0,0,0
65185,1035712,13639.9786027663,13630.1215478136,0,0,0
65186,1035712,13639.9786027663,13630.1215478136,0,0,0
65187,1035712,13639.9368051237,13630.2863293571,0.17,0.17,0.17
65188,1035712,13639.8851727417,13630.4898830285,0.22,0.05,-0.12
65189,1035712,13639.7646971838,13630.964841595,0.48,0.26,0.21
65190,1035712,13639.641762941,13631.4494931935,0.5,0.02,-0.24
65191,1035712,13639.5016179043,13632.0019960159,0.58,0.08,0.0599999999999999
65192,1035712,13639.1893649276,13633.2330110761,1.27,0.69,0.61
65193,1035712,13638.9828353997,13634.0472257616,0.83,-0.44,-1.13
65194,1035712,13638.7148387504,13635.1037662464,1.1,0.27,0.71
65195,1035712,13638.4296313072,13636.228157955,1.16,0.0599999999999998,-0.21
65196,1035712,13638.1198370154,13637.4494799833,1.26,0.1,0.0400000000000003
65197,1035712,13637.8592164207,13638.4769413721,1.05,-0.21,-0.31
65198,1035712,13637.4215705164,13640.2023010629,1.78,0.73,0.94
65199,1035712,13637.1068588548,13641.4430091551,1.29,-0.49,-1.22
65200,1035712,13636.6815063748,13643.119903686,1.73,0.44,0.93
65201,1035712,13636.3323731253,13644.4963142258,1.42,-0.31,-0.75
65202,1035712,13635.8676816876,13646.3282972682,1.89,0.47,0.78
65203,1035712,13635.6341066263,13647.2491353054,0.95,-0.94,-1.41
65204,1035712,13635.2112128311,13648.9163368043,1.72,0.77,1.71
65205,1035712,13634.9284640727,13650.0310354809,1.15,-0.57,-1.34
65206,1035712,13634.5473679201,13651.5334554363,1.55,0.4,0.97
65207,1035712,13634.2965820648,13652.5221446973,1.02,-0.53,-0.93
65208,1035712,13633.8859816939,13654.1408810364,1.67,0.65,1.18
65209,1035712,13633.5368484444,13655.5172915762,1.42,-0.25,-0.9
65210,1035712,13633.015607255,13657.5722143539,2.12,0.7,0.95
65211,1035712,13632.1747370343,13660.8872312878,3.43,1.31,0.61
65212,1035712,13631.242895474,13664.5608904046,3.78,0.35,-0.96
65213,1035712,13636.9780870498,13669.1578811318,3.7,-0.0799999999999996,-0.429999999999999
65214,1035712,13640.0931202369,13669.7973873815,3.18,-0.52,-0.44
65215,1035712,13643.0220350889,13670.3986841383,3,-0.18,0.34
65216,1035712,13644.5403688751,13670.7103931594,1.55,-1.45,-1.27
65217,1035712,13646.4113479277,13671.0944991144,1.91,0.36,1.81
65218,1035712,13647.4496923234,13671.3076678643,1.06,-0.85,-1.21
65219,1035712,13648.8504776874,13671.5952445741,1.43,0.37,1.22
65220,1035712,13649.7222951517,13671.7742258829,0.89,-0.54,-0.91
65221,1035712,13649.8594349775,13671.8023802461,0.14,-0.75,-0.21
65222,1035712,13649.9867791015,13671.8285235834,0.13,-0.01,0.74
65223,1035712,13650.0063705052,13671.8325456353,0.02,-0.11,-0.1
65224,1035712,13650.0161662071,13671.8345566612,0.02,0,0.11
65225,1035712,13650.0161662071,13671.8345566612,0,-0.02,-0.02
65226,1035712,13650.0161662071,13671.8345566612,0,0,0.02
65227,1035712,13650.0161662071,13671.8345566612,0,0,0
65228,1035712,13650.0161662071,13671.8345566612,0,0,0
65229,1035712,13650.0161662071,13671.8345566612,0,0,0
65230,1035712,13650.0161662071,13671.8345566612,0,0,0
65231,1035712,13650.0161662071,13671.8345566612,0,0,0
65232,1035712,13650.0161662071,13671.8345566612,0,0,0
65233,1035712,13650.0161662071,13671.8345566612,0,0,0
65234,1035712,13650.0161662071,13671.8345566612,0,0,0
65235,1035712,13650.0161662071,13671.8345566612,0,0,0
65236,1035712,13650.0161662071,13671.8345566612,0,0,0
65237,1035712,13650.0161662071,13671.8345566612,0,0,0
65238,1035712,13650.0161662071,13671.8345566612,0,0,0
65239,1035712,13650.0161662071,13671.8345566612,0,0,0
65240,1035712,13650.0161662071,13671.8345566612,0,0,0
65241,1035712,13650.0161662071,13671.8345566612,0,0,0
65242,1035712,13650.0161662071,13671.8345566612,0,0,0
65243,1035712,13650.0161662071,13671.8345566612,0,0,0
65244,1035712,13650.0161662071,13671.8345566612,0,0,0
65245,1035712,13650.0161662071,13671.8345566612,0,0,0
65246,1035712,13650.0161662071,13671.8345566612,0,0,0
65247,1035712,13650.0161662071,13671.8345566612,0,0,0
65248,1035712,13650.0161662071,13671.8345566612,0,0,0
65249,1035712,13650.0161662071,13671.8345566612,0,0,0
65250,1035712,13650.0161662071,13671.8345566612,0,0,0
65251,1035712,13650.0161662071,13671.8345566612,0,0,0
65252,1035712,13650.0161662071,13671.8345566612,0,0,0
65253,1035712,13650.0161662071,13671.8345566612,0,0,0
65254,1035712,13650.0161662071,13671.8345566612,0,0,0
65255,1035712,13650.0161662071,13671.8345566612,0,0,0
65256,1035712,13650.0161662071,13671.8345566612,0,0,0
65257,1035712,13650.0161662071,13671.8345566612,0,0,0
65258,1035712,13650.0161662071,13671.8345566612,0,0,0
65259,1035712,13650.0161662071,13671.8345566612,0,0,0
65260,1035712,13650.0161662071,13671.8345566612,0,0,0
65261,1035712,13650.0161662071,13671.8345566612,0,0,0
65262,1035712,13650.0161662071,13671.8345566612,0,0,0
65263,1035712,13650.0161662071,13671.8345566612,0,0,0
65264,1035712,13650.0161662071,13671.8345566612,0,0,0
65265,1035712,13650.0161662071,13671.8345566612,0,0,0
65266,1035712,13650.0161662071,13671.8345566612,0,0,0
65267,1035712,13650.0161662071,13671.8345566612,0,0,0
65268,1035712,13650.0161662071,13671.8345566612,0,0,0
65269,1035712,13650.0161662071,13671.8345566612,0,0,0
65270,1035712,13650.0161662071,13671.8345566612,0,0,0
65271,1035712,13650.0161662071,13671.8345566612,0,0,0
65272,1035712,13650.0161662071,13671.8345566612,0,0,0
65273,1035712,13650.0161662071,13671.8345566612,0,0,0
65274,1035712,13650.0161662071,13671.8345566612,0,0,0
65275,1035712,13650.0161662071,13671.8345566612,0,0,0
65276,1035712,13650.0161662071,13671.8345566612,0,0,0
65277,1035712,13650.0161662071,13671.8345566612,0,0,0
65278,1035712,13650.0161662071,13671.8345566612,0,0,0
65279,1035712,13650.0161662071,13671.8345566612,0,0,0
65280,1035712,13650.0161662071,13671.8345566612,0,0,0
65281,1035712,13650.0161662071,13671.8345566612,0,0,0
65282,1035712,13650.0161662071,13671.8345566612,0,0,0
65283,1035712,13650.0161662071,13671.8345566612,0,0,0
65284,1035712,13650.0161662071,13671.8345566612,0,0,0
65285,1035712,13650.0161662071,13671.8345566612,0,0,0
65286,1035712,13650.0161662071,13671.8345566612,0,0,0
65287,1035712,13650.0161662071,13671.8345566612,0,0,0
65288,1035712,13650.0161662071,13671.8345566612,0,0,0
65289,1035712,13650.0161662071,13671.8345566612,0,0,0
65290,1035712,13650.3002415606,13671.8928764136,0.29,0.29,0.29
65291,1035712,13650.9075750751,13672.017560022,0.62,0.33,0.04
65292,1035712,13652.6022314944,13672.36546751,1.73,1.11,0.78
65293,1035712,13654.5025976526,13672.7556065429,1.94,0.21,-0.9
65294,1035712,13655.6584904704,13672.9929076041,1.18,-0.76,-0.97
65295,1035712,13658.7931150612,13673.6364359057,3.19,2.01,2.77
65296,1035712,13662.0061052668,13674.2960524148,3.28,0.0899999999999999,-1.92
65297,1035712,13664.1513639711,13674.7364670962,2.19,-1.09,-1.18
65298,1035712,13667.7072037412,13675.4664695134,3.62,1.43,2.52
65299,1035712,13671.6450758834,13676.2749019422,4.03,0.41,-1.02
65300,1035712,13675.55356092,13677.0773012933,3.99,-0.04,-0.45
65301,1035712,13680.6669172837,13678.1270568353,5.22,1.23,1.27
65302,1035712,13689.276916799,13663.0915668229,7.14,1.92,0.69
65303,1035712,13688.9696240465,13657.8906369864,5.21,-1.93,-3.85
65304,1035712,13688.7490338556,13654.1571480058,3.74,-1.47,0.46
65305,1035712,13688.5809370524,13651.3121096116,2.85,-0.89,0.58
65306,1035712,13688.4523577433,13649.1359048048,2.19,-0.66,0.23
65307,1035712,13688.3214191808,13646.9197696345,2.22,0.0300000000000002,0.69
65308,1035712,13688.2111240853,13645.0530251442,1.87,-0.35,-0.38
65309,1035712,13688.2301650672,13643.0128975849,2.05,0.18,0.53
65310,1035712,13688.5627714712,13640.7977287471,2.23,0.18,4.44089209850063e-16
65311,1035712,13688.882014225,13638.6715622286,2.15,-0.0800000000000001,-0.26
65312,1035712,13689.1730448286,13636.7332894955,1.96,-0.19,-0.11
65313,1035712,13689.3942874812,13635.2598066525,1.5,-0.46,-0.27
65314,1035712,13689.5977119337,13633.9049935687,1.37,-0.13,0.33
65315,1035712,13689.8397424866,13632.2930626733,1.63,0.26,0.39
65316,1035712,13690.1753185907,13630.0581155423,2.26,0.63,0.37
65317,1035712,13690.5836523456,13627.338600228,2.75,0.49,-0.14
65318,1035712,13690.9177435997,13625.1135422436,2.25,-0.5,-0.99
65319,1035712,13691.0632589014,13624.1444058771,0.99,-1.26,-0.76
65320,1035712,13691.2221378533,13623.0862671912,1.06,0.0700000000000001,1.33
65321,1035712,13691.6690777087,13620.1096340654,3.02,1.96,1.89
65322,1035712,13692.0373205132,13617.6571257092,2.48,-0.54,-2.5
65323,1035712,13692.4842603686,13614.6804925834,3.01,0.53,1.07
65324,1035712,13692.9980184748,13611.2588478607,3.45,0.44,-0.0899999999999994
65325,1035712,13693.7968677845,13605.9384869913,5.38,1.93,1.49
65326,1035712,13694.6939604214,13600.016212318,5.99,0.61,-1.32
65327,1035712,13695.743028684,13594.6477529691,5.47,-0.52,-1.13
65328,1035712,13696.5600361427,13590.46683216,4.26,-1.21,-0.69
65329,1035712,13697.4556757746,13585.8835222588,4.67,0.41,1.62
65330,1035712,13698.3225475382,13581.4474278792,4.52,-0.15,-0.56
65331,1035712,13699.3384068639,13577.2324556053,4.34,-0.18,-0.0299999999999994
65332,1035712,13700.4002824766,13573.5734229212,3.81,-0.53,-0.35
65333,1035712,13701.0775417257,13571.239709162,2.43,-1.38,-0.85
65334,1035712,13701.5206866664,13569.7127112703,1.59,-0.84,0.54
65335,1035712,13701.9387479312,13568.2721472214,1.5,-0.0900000000000001,0.75
65336,1035712,13702.2035200657,13567.3597899905,0.95,-0.55,-0.46
65337,1035712,13702.2815581684,13567.0908847014,0.28,-0.67,-0.12
65338,1035712,13702.3038547692,13567.0140546188,0.08,-0.2,0.47
65339,1035712,13702.6745357574,13565.7367544954,1.33,1.25,1.45
65340,1035712,13703.1483385242,13564.1041152401,1.69,0.36,-0.89
65341,1035712,13703.6639474175,13562.3274195798,1.85,0.16,-0.2
65342,1035712,13704.126601884,13560.7331953658,1.67,-0.18,-0.34
65343,1035712,13704.6728686034,13558.850858342,1.96,0.29,0.47
65344,1035712,13705.1633938208,13557.1605965246,1.76,-0.2,-0.49
65345,1035712,13705.731957141,13555.2014294182,2.04,0.28,0.48
65346,1035712,13706.2252694335,13553.5015638406,1.77,-0.27,-0.55
65347,1035712,13706.7157946509,13551.8113020233,1.76,-0.01,0.26
65348,1035712,13707.1979586431,13550.1498514869,1.73,-0.03,-0.02
65349,1035712,13707.6494648091,13548.5940423142,1.62,-0.11,-0.0799999999999998
65350,1035712,13708.1149063506,13546.9902143398,1.67,0.0499999999999998,0.16
65351,1035712,13708.689043821,13545.0118397127,2.06,0.39,0.34
65352,1035712,13709.2464588408,13543.0910876476,2,-0.0600000000000001,-0.45
65353,1035712,13709.8345316867,13541.0646942189,2.11,0.11,0.17
65354,1035712,13710.4003079318,13539.1151308727,2.03,-0.0800000000000001,-0.19
65355,1035712,13711.0218256789,13536.9734923201,2.22,0.19,0.27
65356,1035712,13711.6628529517,13534.7646274452,2.3,0.0799999999999996,-0.110000000000001
65357,1035712,13712.6572678218,13532.9498336484,2.08,-0.22,-0.299999999999999
65358,1035712,13713.7535042189,13530.9620796994,2.27,0.19,0.41
65359,1035712,13714.7628143819,13529.1319450063,2.09,-0.18,-0.37
65360,1035712,13715.6465644289,13527.5294825717,1.83,-0.26,-0.0799999999999996
65361,1035712,13716.6607038271,13525.6905912532,2.1,0.27,0.53
65362,1035712,13717.5492831094,13524.0793721933,1.84,-0.26,-0.53
65363,1035712,13718.3847408041,13522.5644760119,1.72,-0.12,0.14
65364,1035712,13719.162247676,13521.1546593344,1.62,-0.0999999999999999,0.0200000000000002
65365,1035712,13719.9977053707,13519.6397631531,1.73,0.11,0.21
65366,1035712,13720.7462368313,13518.2824862276,1.55,-0.18,-0.29
65367,1035712,13721.4802805862,13516.951479178,1.52,-0.03,0.15
65368,1035712,13722.3157382809,13515.4365829967,1.73,0.21,0.24
65369,1035712,13722.9387096255,13514.3069783296,1.29,-0.44,-0.65
65370,1035712,13723.5278763235,13513.2386700399,1.22,-0.0700000000000001,0.37
65371,1035712,13723.9093859067,13512.5468966391,0.79,-0.43,-0.36
65372,1035712,13724.1798230795,13512.0565256209,0.56,-0.23,0.2
65373,1035712,13724.3005539603,13511.8376099877,0.26,-0.3,-0.0700000000000001
65374,1035712,13724.421284841,13511.6186943546,0.25,-0.01,0.29
65375,1035712,13724.4985526047,13511.4785883494,0.16,-0.09,-0.08
65376,1035712,13724.5709911331,13511.3472389695,0.16,0,0.09
65377,1035712,13724.6289419559,13511.2421594656,0.12,-0.04,-0.04
65378,1035712,13724.6627466025,13511.1808630883,0.06,-0.06,-0.02
65379,1035712,13724.6772343082,13511.1545932123,0.04,-0.02,0.04
65380,1035712,13724.6868927786,13511.1370799616,0.02,-0.02,-3.46944695195361e-18
65381,1035712,13724.6917220139,13511.1283233363,0.01,-0.01,0.01
65382,1035712,13724.6917220139,13511.1283233363,0,-0.01,0
65383,1035712,13724.6917220139,13511.1283233363,0,0,0.01
65384,1035712,13724.6917220139,13511.1283233363,0,0,0
65385,1035712,13724.6917220139,13511.1283233363,0,0,0
65386,1035712,13724.6917220139,13511.1283233363,0,0,0
65387,1035712,13724.6917220139,13511.1283233363,0,0,0
65388,1035712,13724.6917220139,13511.1283233363,0,0,0
65389,1035712,13724.6917220139,13511.1283233363,0,0,0
65390,1035712,13724.6917220139,13511.1283233363,0,0,0
65391,1035712,13724.6917220139,13511.1283233363,0,0,0
65392,1035712,13724.6917220139,13511.1283233363,0,0,0
65393,1035712,13724.6917220139,13511.1283233363,0,0,0
65394,1035712,13724.6917220139,13511.1283233363,0,0,0
65395,1035712,13724.6917220139,13511.1283233363,0,0,0
65396,1035712,13724.6917220139,13511.1283233363,0,0,0
65397,1035712,13724.6917220139,13511.1283233363,0,0,0
65398,1035712,13724.6917220139,13511.1283233363,0,0,0
65399,1035712,13728.23,13511.54,0,0,0
65400,1035712,13738.1841620919,13481.6643686582,2.13,2.13,2.13
65401,1035712,13739.4877866578,13478.437766267,3.48,1.35,-0.78
65402,1035712,13741.5143984111,13473.421697607,5.4,1.92,0.57
65403,1035712,13744.0055200672,13467.255920049,6.65,1.25,-0.67
65404,1035712,13746.9217126899,13459.5713104664,8.22,1.57,0.32
65405,1035712,13750.2937629531,13450.4762966115,9.71,1.49,-0.0800000000000001
65406,1035712,13754.1316428403,13440.1248581621,11.04,1.33,-0.160000000000002
65407,1035712,13758.4353523515,13428.5169951183,12.38,1.34,0.0100000000000033
65408,1035712,13763.2396548914,13415.5589444507,13.82,1.44,0.0999999999999979
65409,1035712,13768.0304861209,13402.7880669535,13.64,-0.18,-1.62
65410,1035712,13772.6981278293,13390.4622598448,13.18,-0.460000000000001,-0.280000000000001
65411,1035712,13777.4082670342,13378.0242299096,13.3,0.120000000000001,0.580000000000002
65412,1035712,13782.2883962256,13365.1373086684,13.78,0.479999999999999,0.359999999999998
65413,1035712,13786.5700190066,13353.8308589002,12.09,-1.69,-2.17
65414,1035712,13792.1605112235,13338.9620133263,9.71,-2.38,-0.69
65415,1035712,13794.7943125486,13331.8863090801,7.55,-2.16,0.219999999999998
65416,1035712,13796.1410567813,13327.4475500732,4.64,-2.91,-0.749999999999999
65417,1035712,13796.8569745558,13325.0001102393,2.55,-2.09,0.82
65418,1035712,13797.6655405129,13322.2359428976,2.87,0.32,2.41
65419,1035712,13799.0075354001,13317.6481929346,4.79,1.92,1.6
65420,1035712,13800.3607603699,13313.0220517586,4.81,0.0199999999999996,-1.9
65421,1035712,13804.4180560796,13298.8998343413,6.36,1.55,1.53
65422,1035712,13806.7027352258,13290.4948155312,8.71,2.35,0.8
65423,1035712,13809.6709724912,13280.2923479851,10.63,1.92,-0.430000000000001
65485,1035712,14212.0951775385,13276.0412714658,13.24,0.0420967741935484,-0.0302887617065557
65486,1035712,14226.0804922637,13278.4875261127,12.98,-0.26,-0.302096774193548
65487,1035712,14239.7081473724,13280.5309096397,13.78,0.799999999999999,1.06
65488,1035712,14252.7028780058,13282.479390013,13.13,-0.649999999999999,-1.45
65489,1035712,14265.8657292029,13284.4530790365,13.31,0.18,0.829999999999998
65490,1035712,14278.7813442769,13286.3896965156,13.07,-0.24,-0.42
65491,1035712,14292.4881149451,13288.4449429368,13.85,0.779999999999999,1.02
65492,1035712,14305.5817400277,13290.4082519278,13.24,-0.609999999999999,-1.39
65493,1035712,14318.8998305179,13292.5463472621,13.5,0.26,0.869999999999999
65494,1035712,14331.8006103474,13294.8791523956,13.11,-0.390000000000001,-0.65
65495,1035712,14345.3114957066,13297.3222808839,13.73,0.620000000000001,1.01
65496,1035712,14358.005626889,13299.6177184295,12.9,-0.83,-1.45
65497,1035712,14371.3197040128,13302.0252587388,13.53,0.629999999999999,1.46
65498,1035712,14384.48617496,13304.4061079139,13.38,-0.149999999999999,-0.779999999999998
65499,1035712,14397.3180719072,13306.7264571847,13.04,-0.340000000000002,-0.190000000000003
