"V1","V2","V3","V4","V5","acceleration","jerk"
17617,1039222,14398.9428423452,13323.3693865137,13.14,0.57,0
17618,1039222,14385.4201802332,13321.110690119,13.71,0.57,0
17619,1039222,14372.3610958886,13318.9294253293,13.23,-0.48,-1.05
17620,1039222,14359.2329680468,13316.7366281729,13.32,0.0899999999999999,0.57
17621,1039222,14345.8385295726,13314.4993490306,13.57,0.25,0.16
17622,1039222,14332.542724666,13312.2785446979,13.48,-0.0899999999999999,-0.34
17623,1039222,14319.0792426945,13310.0297331889,13.65,0.17,0.26
17624,1039222,14306.0300217067,13307.8501158801,13.23,-0.42,-0.59
17625,1039222,14293.0005274324,13305.6737935333,13.2,-0.0300000000000011,0.389999999999999
17626,1039222,14280.0499400122,13303.5106510342,13.13,-0.0699999999999985,-0.0399999999999974
17627,1039222,14266.8429053164,13301.3046740301,13.38,0.25,0.319999999999999
17628,1039222,14253.9613613935,13299.1530638977,13.07,-0.31,-0.56
17629,1039222,14240.3499290706,13296.8795401743,13.8,0.73,1.04
17630,1039222,14224.445592281,13294.6845055657,13.37,-0.430000000000001,-1.16
17631,1039222,14209.9401165452,13292.8581502672,14.62,1.25,1.68
17632,1039222,14194.2638842178,13290.8843873591,15.8,1.18,-0.0699999999999985
17633,1039222,14177.4466602969,13288.7669644926,16.95,1.15,-0.0300000000000029
17634,1039222,14159.3892281223,13286.4933894972,18.21,1.26,0.110000000000003
17635,1039222,14140.1117590436,13284.6711017082,19.37,1.16,-0.100000000000001
17636,1039222,14119.8261861222,13289.6434602293,21.17,1.8,0.640000000000001
17637,1039222,14102.6323123461,13302.9839861851,22.09,0.919999999999998,-0.880000000000003
17638,1039222,14093.9610832582,13322.4262693888,21.77,-0.32,-1.24
17639,1039222,14095.5507083292,13344.0280004887,22.04,0.27,0.59
17640,1039222,14105.3974090214,13358.6405095547,17.86,-4.18,-4.45
17641,1039222,14114.65,13365.22,14.17,-3.69,0.49
17642,1039222,14143.8229052867,13377.130266731,13.7,-0.470000000000001,3.22
17643,1039222,14156.8581038683,13381.1807108966,13.65,-0.0499999999999989,0.420000000000002
17644,1039222,14169.625913761,13385.148069028,13.37,-0.280000000000001,-0.230000000000002
17645,1039222,14182.1684358062,13388.5833273767,13.01,-0.359999999999999,-0.0799999999999983
17646,1039222,14194.8569034237,13391.7182419718,13.07,0.0600000000000005,0.42
17647,1039222,14207.4579982727,13394.8315695498,12.98,-0.0899999999999999,-0.15
17648,1039222,14230.0316508914,13400.480994985,13.77,0.789999999999999,0.879999999999999
17649,1039222,14242.8369475848,13403.7257563928,13.21,-0.559999999999999,-1.35
17650,1039222,14256.2542285503,13406.5814134981,13.74,0.529999999999999,1.09
17651,1039222,14269.8957306248,13408.3053395845,13.75,0.00999999999999979,-0.52
17652,1039222,14283.100704633,13409.974100036,13.31,-0.44,-0.449999999999999
17653,1039222,14300.7836990398,13413.8921841817,12.97,-0.34,0.0999999999999996
17654,1039222,14311.7311674653,13416.304037219,11.21,-1.76,-1.42
17655,1039222,14318.6844212734,13417.8359188983,7.12,-4.09,-2.33
17656,1039222,14322.8544203971,13418.7546176021,4.27,-2.85,1.24
17657,1039222,14327.6314332533,13413.0693366146,6.48,2.21,5.06
17658,1039222,14327.8374499695,13404.4350992452,8.73,2.25,0.0399999999999991
17659,1039222,14329.0561620817,13385.3456829193,10.32,1.59,-0.66
17660,1039222,14329.5303283162,13372.9947814793,12.37,2.05,0.459999999999999
17661,1039222,14330.0770005525,13358.7552713238,14.25,1.88,-0.169999999999998
17662,1039222,14330.8261891956,13343.1844182376,15.59,1.34,-0.540000000000001
17663,1039222,14331.8586436438,13326.3766273045,16.84,1.25,-0.0899999999999999
17664,1039222,14331.9457212704,13308.3881165729,17.89,1.05,-0.199999999999999
17665,1039222,14330.6446715147,13288.8313461459,19.59,1.7,0.649999999999999
