"V1","V2","V3","V4","V5","acceleration","jerk"
64168,1040827,13953.5747282004,13904.7588239427,0,2.44,0
64169,1040827,13953.5140663281,13907.198069756,2.44,2.44,0
64170,1040827,13953.3947314973,13911.9965861098,4.8,2.36,-0.0800000000000001
64171,1040827,13953.2229390638,13918.9044502775,6.91,2.11,-0.25
64172,1040827,13953.032500563,13926.5620826255,7.67,0.76,-1.35
64173,1040827,13952.8460398899,13934.0597644284,7.5,-0.17,-0.93
64174,1040827,13952.6817058833,13940.6677213241,6.61,-0.89,-0.72
64175,1040827,13952.5922047602,13944.2666085894,3.6,-3.01,-2.12
64176,1040827,13952.276030683,13955.4890016902,4.95,1.35,4.36
64177,1040827,13952.0488615961,13962.765456473,7.28,2.33,0.98
64178,1040827,13951.8198202365,13970.101882037,7.34,0.0599999999999996,-2.27
64179,1040827,13951.5698718318,13978.1079813241,8.01,0.67,0.61
64180,1040827,13951.342702745,13985.3844361069,7.28,-0.73,-1.4
64181,1040827,13951.1679572935,13990.9817090167,5.6,-1.68,-0.950000000000001
64182,1040827,13957.5098596802,13997.8691105987,7.18,1.58,3.26
64183,1040827,13966.6994804039,13997.7856183639,9.19,2.01,0.43
64184,1040827,13978.1090095071,13997.6819571671,11.41,2.22,0.210000000000001
64185,1040827,13991.6584502914,13997.5588538177,13.54,2.13,-0.0900000000000016
64186,1040827,14005.2678885994,13997.4352053613,13.61,0.0700000000000003,-2.06
64187,1040827,14016.6874172898,13997.3314533133,11.42,-2.19,-2.26
64188,1040827,14028.14706767,13991.7830182578,7.79,-3.63,-1.44
64189,1040827,14029.532650416,13987.4638749127,4.56,-3.23,0.399999999999999
64190,1040827,14029.6875073259,13985.5701961286,1.9,-2.66,0.570000000000001
64191,1040827,14029.7380395808,13984.9522588411,0.63,-1.27,1.39
64192,1040827,14029.7567854172,13984.7230240409,0.23,-0.4,0.87
64193,1040827,14029.7608605991,13984.6731903887,0.05,-0.18,0.22
64194,1040827,14029.7641207445,13984.6333234669,0.04,-0.01,0.17
64195,1040827,14029.7641207445,13984.6333234669,0,-0.04,-0.03
64196,1040827,14029.7641207445,13984.6333234669,0,0,0.04
64197,1040827,14029.7641207445,13984.6333234669,0,0,0
64198,1040827,14029.7641207445,13984.6333234669,0,0,0
64199,1040827,14029.7641207445,13984.6333234669,0,0,0
64200,1040827,14029.7641207445,13984.6333234669,0,0,0
64201,1040827,14029.7641207445,13984.6333234669,0,0,0
64202,1040827,14029.7641207445,13984.6333234669,0,0,0
64203,1040827,14029.7641207445,13984.6333234669,0,0,0
64204,1040827,14029.7641207445,13984.6333234669,0,0,0
64205,1040827,14029.7641207445,13984.6333234669,0,0,0
64206,1040827,14029.7641207445,13984.6333234669,0,0,0
64207,1040827,14029.7641207445,13984.6333234669,0,0,0
64208,1040827,14029.7641207445,13984.6333234669,0,0,0
64209,1040827,14029.7641207445,13984.6333234669,0,0,0
64210,1040827,14029.7641207445,13984.6333234669,0,0,0
64211,1040827,14029.7641207445,13984.6333234669,0,0,0
64212,1040827,14029.7641207445,13984.6333234669,0,0,0
64213,1040827,14029.7641207445,13984.6333234669,0,0,0
64214,1040827,14029.7641207445,13984.6333234669,0,0,0
64215,1040827,14029.7641207445,13984.6333234669,0,0,0
64216,1040827,14029.7690109627,13984.5735230843,0.06,0.06,0.06
64217,1040827,14029.7836816174,13984.3941219363,0.18,0.12,0.06
64218,1040827,14030.3179273926,13978.9722372977,0.55,0.37,0.25
64219,1040827,14030.2316435638,13978.5509830979,0.43,-0.12,-0.49
64220,1040827,14030.0931881176,13977.8750170563,0.69,0.26,0.38
64221,1040827,14029.8323300305,13976.6014578474,1.3,0.61,0.35
64222,1040827,14029.5794983461,13975.3670850758,1.26,-0.04,-0.65
64223,1040827,14029.2504158362,13973.7604411508,1.64,0.38,0.42
64224,1040827,14028.5119867896,13970.1552889289,3.68,2.04,1.66
64225,1040827,14027.4585214378,13965.0120690471,5.24,1.56,-0.48
64226,1040827,14026.5865638938,13957.7114742261,7.39,2.15,0.589999999999999
64227,1040827,14026.3246253149,13948.7252910441,8.99,1.6,-0.549999999999999
64228,1040827,14026.1685981803,13938.3219127532,10.41,1.42,-0.180000000000001
64229,1040827,14026.8955464294,13926.0233784404,12.33,1.92,0.5
64230,1040827,14028.3214815536,13913.7695542275,12.36,0.0299999999999994,-1.89
64231,1040827,14030.5553082512,13901.6842690308,12.29,-0.0700000000000003,-0.0999999999999996
64232,1040827,14048.8677021008,13884.2291793683,13.11,0.82,0.890000000000001
64233,1040827,14061.2463777203,13880.3841544822,13.19,0.0800000000000001,-0.74
64234,1040827,14074.790785293,13881.7187418733,13.61,0.42,0.34
64235,1040827,14087.6258243561,13882.902110958,12.89,-0.719999999999999,-1.14
64236,1040827,14099.1805762174,13880.0361797183,12.87,-0.0200000000000014,0.699999999999998
64237,1040827,14111.1647110511,13880.8096735502,12.01,-0.859999999999999,-0.839999999999998
64238,1040827,14120.9126920347,13881.4652395228,9.77,-2.24,-1.38
64239,1040827,14128.9445494469,13882.0053936763,8.05,-1.72,0.520000000000001
64240,1040827,14135.2230152595,13882.3677518463,6.3,-1.75,-0.030000000000002
64241,1040827,14138.3922965286,13882.4352517516,3.17,-3.13,-1.38
64242,1040827,14141.9015007099,13882.5099913944,3.51,0.34,3.47
64243,1040827,14150.2985185333,13882.4267469562,3.53,0.02,-0.32
64244,1040827,14155.4752390473,13882.2424517567,5.18,1.65,1.63
64245,1040827,14162.5607503299,13881.9902021497,7.09,1.91,0.26
64246,1040827,14167.9794771998,13880.8297599629,5.67,-1.42,-3.33
64247,1040827,14171.4114638008,13879.6777049084,3.64,-2.03,-0.61
64248,1040827,14174.729713783,13877.8464984603,3.79,0.15,2.18
64249,1040827,14176.3143172529,13876.860910815,1.87,-1.92,-2.07
64250,1040827,14177.19100234,13876.2132046639,1.09,-0.78,1.14
64251,1040827,14179.0167593561,13874.8643120373,2.27,1.18,1.96
64252,1040827,14182.0811356696,13872.6003116377,3.81,1.54,0.36
64253,1040827,14185.5315751407,13870.0510828413,4.29,0.48,-1.06
64254,1040827,14191.8010608515,13864.1862506403,2.09,-2.2,-2.68
64255,1040827,14192.8002082388,13863.1216828884,1.46,-0.63,1.57
64256,1040827,14193.2381906552,13862.6550230519,0.64,-0.82,-0.19
64257,1040827,14205.4895802858,13855.3440322705,1.98,1.34,2.16
64258,1040827,14208.7455555597,13852.5863752243,4.27,2.29,0.95
64259,1040827,14213.505639897,13848.7080770019,6.14,1.87,-0.419999999999999
64260,1040827,14231.1399950039,13835.4335902572,7.86,1.72,-0.149999999999999
64261,1040827,14240.6799559105,13832.1608884194,9.53,1.67,-0.0500000000000016
64262,1040827,14252.3999081537,13832.1943461158,11.71,2.18,0.510000000000002
64263,1040827,14266.229851799,13832.2338273395,13.83,2.12,-0.0600000000000023
64264,1040827,14279.7997965038,13832.2725663276,13.57,-0.26,-2.38
64265,1040827,14293.0197426348,13832.3103061524,13.21,-0.359999999999999,-0.0999999999999996
64266,1040827,14306.489687747,13832.3487596653,13.47,0.26,0.619999999999999
64267,1040827,14334.0277839254,13834.2062864612,13.23,-0.24,-0.5
64268,1040827,14346.7396663979,13830.4416988822,13.27,0.0399999999999991,0.279999999999999
64269,1040827,14356.4025710274,13825.8104786873,10.39,-2.88,-2.92
64270,1040827,14361.0093878237,13821.3624587633,6.45,-3.94,-1.06
64271,1040827,14362.9094300204,13818.8747726795,3.14,-3.31,0.63
64272,1040827,14363.6122273757,13817.804970886,1.27,-1.87,1.44
64273,1040827,14364.1997220399,13816.9106834492,1.07,-0.2,1.67
64274,1040827,14364.3205153353,13816.726811266,0.22,-0.85,-0.65
64275,1040827,14364.347968357,13816.6850221334,0.04,-0.18,0.67
64276,1040827,14364.9080099995,13815.8325238292,1.02,0.98,1.16
64277,1040827,14366.0061308672,13814.1609585269,2.01,0.99,0.00999999999999979
64278,1040827,14367.6642933773,13811.6368949203,3.02,1.01,0.0200000000000005
64279,1040827,14372.0623160168,13795.4808095012,4.33,1.31,0.3
64280,1040827,14371.909488931,13789.0926373149,6.39,2.06,0.75
64281,1040827,14371.7255702628,13781.4048369843,7.69,1.3,-0.759999999999999
64282,1040827,14371.4880784064,13771.4776773896,9.92,2.23,0.929999999999999
64283,1040827,14371.5375211881,13760.2141905862,11.27,1.35,-0.88
64284,1040827,14372.1150534458,13747.2570552357,12.97,1.7,0.350000000000001
64285,1040827,14372.7624951595,13732.7314771327,14.53,1.56,-0.140000000000002
64286,1040827,14373.465151985,13716.9671289576,15.78,1.25,-0.309999999999999
64287,1040827,14371.6129331106,13690.3449533229,16.87,1.09,-0.159999999999998
64288,1040827,14369.2518280572,13672.0063251592,18.48,1.61,0.519999999999998
64289,1040827,14366.6749162142,13651.991532496,20.18,1.7,0.0899999999999999
64290,1040827,14363.8630431327,13630.1518033362,22.02,1.84,0.140000000000001
64291,1040827,14360.8532407472,13606.7747635407,23.57,1.55,-0.289999999999999
64292,1040827,14356.1457541285,13582.4035253722,24.84,1.27,-0.280000000000001
64293,1040827,14348.2725759143,13550.7991936342,26.19,1.35,0.0800000000000018
64294,1040827,14338.1856800926,13514.6040020586,27.46,1.27,-0.0800000000000018
64295,1040827,14332.8391840334,13487.584026834,27.59,0.129999999999999,-1.14
64296,1040827,14328.5540683387,13450.9331255825,27.12,-0.469999999999999,-0.599999999999998
64297,1040827,14327.4425994801,13409.2087972972,25.83,-1.29,-0.820000000000004
64298,1040827,14329.457055055,13374.903375472,25.57,-0.259999999999998,1.03
64299,1040827,14330.4157455242,13349.9317713468,24.98,-0.59,-0.330000000000002
64300,1040827,14331.910596242,13324.2772700391,25.7,0.719999999999999,1.31
64301,1040827,14331.2945325916,13298.5997534153,25.6,-0.0999999999999979,-0.819999999999997
