"V1","V2","V3","V4","V5","acceleration","jerk"
84657,1040166,14395.3723071996,13322.7729984066,13.62,-0.219999999999999,0
84658,1040166,14382.155409147,13320.5653739216,13.4,-0.219999999999999,0
84659,1040166,14368.8891943106,13318.3495120317,13.45,0.0499999999999989,0.269999999999998
84660,1040166,14355.8892901067,13316.1781321278,13.17,-0.279999999999999,-0.329999999999998
84661,1040166,14342.3764913514,13313.921083214,13.71,0.540000000000001,0.82
84662,1040166,14329.1201398717,13311.7068688051,13.43,-0.280000000000001,-0.820000000000002
84663,1040166,14315.5580243327,13309.4415824865,13.75,0.32,0.600000000000001
84664,1040166,14302.7948406908,13307.3097421256,12.95,-0.800000000000001,-1.12
84665,1040166,14289.9527501949,13305.164721917,13.02,0.0700000000000003,0.870000000000001
84666,1040166,14277.1797031963,13303.0312340751,12.95,-0.0700000000000003,-0.140000000000001
84667,1040166,14264.4263829112,13300.9010411951,12.93,-0.0199999999999996,0.0500000000000007
84668,1040166,14251.5744290586,13298.7543735056,13.04,0.109999999999999,0.129999999999999
84669,1040166,14238.357531006,13296.5467490205,13.4,0.360000000000001,0.250000000000002
84670,1040166,14223.2792426859,13291.2051004634,13.13,-0.27,-0.630000000000001
84671,1040166,14208.3567742092,13289.3285252418,15.04,1.91,2.18
84672,1040166,14191.4995441947,13287.2086440573,16.99,1.95,0.0400000000000009
84673,1040166,14173.5112228195,13284.9465224638,18.13,1.14,-0.809999999999999
84674,1040166,14153.8163425494,13282.4697925337,19.85,1.72,0.580000000000002
84675,1040166,14132.614887843,13281.9599865803,21.38,1.53,-0.190000000000005
84676,1040166,14112.1195187587,13289.7204347738,22.01,0.630000000000003,-0.899999999999995
84677,1040166,14097.0428973781,13304.7160042471,21.44,-0.57,-1.2
84678,1040166,14090.3454900808,13325.1978756399,21.96,0.52,1.09
84679,1040166,14092.9448355296,13346.408728974,21.76,-0.199999999999999,-0.719999999999999
84680,1040166,14103.2800203848,13361.1710930238,18.25,-3.51,-3.31
84681,1040166,14120.4547469612,13376.881525911,14.26,-3.99,-0.479999999999999
84682,1040166,14126.173711107,13394.9422127451,13.32,-0.94,3.05
84683,1040166,14120.5932628238,13406.5616230984,12.89,-0.43,0.51
84684,1040166,14115.3908729422,13418.2357017492,8.22,-4.67,-4.24
84685,1040166,14114.2317417392,13423.8472358402,5.73,-2.49,2.18
84686,1040166,14113.653187596,13426.6481062591,2.86,-2.87,-0.38
84687,1040166,14108.0536810292,13439.7595782453,4.17,1.31,4.18
84688,1040166,14107.2223416946,13445.7622838778,6.06,1.89,0.58
84689,1040166,14106.1632757435,13453.4092950136,7.72,1.66,-0.23
84690,1040166,14104.81337821,13463.1562625753,9.84,2.12,0.46
84691,1040166,14103.4842910349,13474.1826885805,11.11,1.27,-0.850000000000001
84692,1040166,14105.7117054353,13487.350023851,12.76,1.65,0.380000000000001
84693,1040166,14104.660624641,13500.1770316534,12.87,0.109999999999999,-1.54
84694,1040166,14103.8528278717,13513.4109088269,13.26,0.390000000000001,0.280000000000001
84695,1040166,14103.1977116667,13526.4644800914,13.07,-0.19,-0.58
84696,1040166,14102.5085113747,13540.1971966092,13.74,0.67,0.859999999999999
84697,1040166,14101.8223263495,13553.8299382793,13.65,-0.0899999999999999,-0.76
84698,1040166,14102.9732712071,13575.231878918,13.49,-0.16,-0.0700000000000003
84699,1040166,14104.0184807579,13588.6913565079,13.49,0,0.16
84700,1040166,14105.0156880923,13601.5326951271,12.88,-0.609999999999999,-0.609999999999999
84701,1040166,14106.0384449935,13614.7030431985,13.2,0.319999999999999,0.929999999999998
84702,1040166,14106.9345576904,13627.5196647676,12.85,-0.35,-0.669999999999998
84703,1040166,14107.3070147017,13641.0345334601,13.52,0.67,1.02
84704,1040166,14107.6753394235,13654.3994590828,13.38,-0.139999999999999,-0.809999999999999
84705,1040166,14107.6016323647,13666.3981688021,12,-1.38,-1.24
84706,1040166,14107.5107368784,13674.3676504672,7.97,-4.03,-2.65
84707,1040166,14107.4614685596,13678.6873695128,4.32,-3.65,0.380000000000001
84708,1040166,14107.4309039545,13681.367195217,2.68,-1.64,2.01
84709,1040166,14097.2890364501,13692.0026989326,4.07,1.39,3.03
84710,1040166,14091.2810732405,13690.8941578982,6.11,2.04,0.65
84711,1040166,14083.5851691256,13689.7533424645,7.78,1.67,-0.37
84712,1040166,14074.6329927451,13688.4263013752,9.05,1.27,-0.399999999999999
84713,1040166,14064.1871383166,13686.8778423805,10.57,1.52,0.249999999999999
84714,1040166,14051.6145237535,13685.0141194805,12.71,2.14,0.620000000000001
84715,1040166,14037.459203974,13682.9157815813,14.3,1.59,-0.550000000000001
84716,1040166,14021.5662612805,13680.2705886572,16.12,1.82,0.23
84717,1040166,14004.9895704833,13675.8901518581,17.17,1.05,-0.77
84718,1040166,13988.2715372851,13668.5386738563,18.31,1.14,0.0899999999999963
84719,1040166,13971.4609537552,13658.6096133089,19.56,1.25,0.110000000000003
84720,1040166,13954.1451488662,13647.0855992058,20.8,1.24,-0.00999999999999801
84721,1040166,13938.1958490438,13636.6842099724,19.05,-1.75,-2.99
84722,1040166,13925.1549387434,13629.9435083371,14.67,-4.38,-2.63
84723,1040166,13914.9457560907,13624.5062303387,11.57,-3.1,1.28
84724,1040166,13908.799749736,13620.872195957,7.14,-4.43,-1.33
84725,1040166,13904.4036903185,13618.9239611755,4.81,-2.33,2.1
84726,1040166,13896.7845069229,13600.539824809,6.43,1.62,3.95
84727,1040166,13898.2552298294,13591.9152453229,8.75,2.32,0.7
84728,1040166,13898.4531997057,13574.2038049621,10.58,1.83,-0.49
84729,1040166,13897.6321901523,13562.2018533161,12.02,1.44,-0.390000000000001
84730,1040166,13896.6931135559,13548.4739352239,13.77,1.75,0.31
84731,1040166,13895.6530316278,13533.269467802,15.24,1.47,-0.279999999999999
84732,1040166,13896.7542358226,13516.6428508133,16.69,1.45,-0.0199999999999996
84733,1040166,13898.3773433635,13498.6860576165,18.03,1.34,-0.110000000000001
84734,1040166,13900.4414117455,13484.3400351827,14.5,-3.53,-4.87
84735,1040166,13902.3711245452,13474.0494031073,10.47,-4.03,-0.499999999999998
84736,1040166,13903.7976744085,13466.442001745,7.75,-2.72,1.31
84737,1040166,13901.6488990116,13454.1772327999,8.32,0.57,3.29
84738,1040166,13900.4679684409,13446.5457899323,7.74,-0.58,-1.15
84739,1040166,13900.6544370738,13438.35503426,8.23,0.49,1.07
84740,1040166,13902.3528164454,13431.0378424594,7.53,-0.7,-1.19
84741,1040166,13904.3148429278,13423.7990268047,7.5,-0.0300000000000002,0.67
84742,1040166,13909.2792757981,13417.261842317,8.21,0.710000000000001,0.740000000000001
84743,1040166,13913.8266332552,13411.2850839851,7.51,-0.700000000000001,-1.41
84744,1040166,13916.9228227052,13403.9176107954,8.13,0.620000000000001,1.32
84745,1040166,13919.0818861756,13395.8929896249,8.31,0.18,-0.440000000000001
84746,1040166,13920.9759382453,13388.853340006,7.28,-1.03,-1.21
84747,1040166,13923.1117941688,13380.8432758014,8.3,1.02,2.05
84748,1040166,13925.0480667601,13373.3700403272,7.71,-0.590000000000001,-1.61
84749,1040166,13927.2384458696,13366.4633050783,7.26,-0.45,0.140000000000001
84750,1040166,13930.3093070421,13358.7845869783,8.27,1.01,1.46
84751,1040166,13933.0793946294,13351.8579561409,7.46,-0.81,-1.82
84752,1040166,13935.9571048666,13344.3053092048,8.11,0.649999999999999,1.46
84753,1040166,13936.6947504577,13336.8718188414,7.47,-0.64,-1.29
84754,1040166,13937.463007847,13329.1298436036,7.78,0.31,0.95
84755,1040166,13938.2154655985,13321.5470863654,7.62,-0.16,-0.470000000000001
84756,1040166,13939.0261845145,13313.3772127532,8.21,0.590000000000001,0.750000000000001
84757,1040166,13939.7421056035,13306.1626471396,7.25,-0.960000000000001,-1.55
84758,1040166,13941.6950044011,13292.0739790597,7.49,0.24,1.2
84759,1040166,13943.1145605563,13282.3874440588,9.78,2.29,2.05
