"V1","V2","V3","V4","V5","acceleration","jerk"
26483,104128,13504.4866039047,14274.2156383251,13.42,0.26,0
26484,104128,13500.4400717867,14261.1373480003,13.68,0.26,0
26485,104128,13495.0865213642,14238.7573058057,12.89,-0.789999999999999,-1.05
26486,104128,13492.3187455329,14225.9121114924,13.14,0.25,1.04
26487,104128,13489.6685351419,14213.1749498552,13,-0.140000000000001,-0.390000000000001
26488,104128,13486.978335484,14200.1805000476,13.28,0.279999999999999,0.42
26489,104128,13484.3166786779,14187.4456836746,13.01,-0.27,-0.549999999999999
26490,104128,13481.6968173898,14174.9370975502,12.78,-0.23,0.0399999999999991
26491,104128,13479.8887441065,14166.3044113517,8.81,-3.97,-3.74
