"V1","V2","V3","V4","V5","acceleration","jerk"
69174,"1042272#1",14395.9542452482,13322.8701997832,13.72,0.129999999999999,0
69175,"1042272#1",14382.2836327848,13320.586791174,13.85,0.129999999999999,0
69176,"1042272#1",14369.3231820079,13318.4220011939,13.14,-0.709999999999999,-0.839999999999998
69177,"1042272#1",14356.481091512,13316.2769809853,13.01,-0.130000000000001,0.579999999999998
69178,"1042272#1",14343.4318705242,13314.0973636766,13.24,0.23,0.360000000000001
69179,"1042272#1",14330.5996433851,13311.9539909489,13.01,-0.23,-0.460000000000001
69180,"1042272#1",14317.5701491108,13309.7776686021,13.21,0.200000000000001,0.430000000000001
69181,"1042272#1",14304.0474869988,13307.5189722074,13.72,0.51,0.309999999999999
69182,"1042272#1",14290.3571478219,13305.2322686363,13.88,0.16,-0.35
69183,"1042272#1",14277.2092932666,13303.036176518,13.33,-0.550000000000001,-0.710000000000001
69184,"1042272#1",14264.1107554951,13300.8483218044,13.27,-0.0600000000000005,0.49
69185,"1042272#1",14250.9333108695,13298.6472872432,13.36,0.0899999999999999,0.15
69186,"1042272#1",14237.2429716926,13296.3605836722,13.88,0.520000000000001,0.430000000000001
69187,"1042272#1",14221.7270557888,13294.3422200993,12.97,-0.91,-1.43
69188,"1042272#1",14207.4993867018,13292.5508428777,14.34,1.37,2.28
69189,"1042272#1",14191.9521360328,13290.5933197911,15.68,1.34,-0.0299999999999994
69190,"1042272#1",14174.5792988142,13288.4059407708,17.51,1.83,0.490000000000002
69191,"1042272#1",14155.648760029,13286.0224346768,19.08,1.57,-0.260000000000005
69192,"1042272#1",14135.4311742786,13284.6081456782,20.32,1.24,-0.329999999999995
69193,"1042272#1",14115.0605111402,13291.9625854879,21.75,1.43,0.189999999999998
69194,"1042272#1",14099.5654797325,13306.8439651643,21.73,-0.0199999999999996,-1.45
69195,"1042272#1",14093.5223394639,13327.1131888041,21.55,-0.18,-0.16
69196,"1042272#1",14097.168817578,13347.7760884308,21.42,-0.129999999999999,0.0500000000000007
69197,"1042272#1",14107.9917673397,13360.91058994,17.22,-4.2,-4.07
69198,"1042272#1",14125.325803495,13371.679071975,13.83,-3.39,0.810000000000004
69199,"1042272#1",14146.6304865196,13378.0026700897,13.53,-0.300000000000001,3.09
69200,"1042272#1",14159.2168540878,13381.9136484123,13.19,-0.34,-0.0399999999999991
69201,"1042272#1",14172.0037631726,13385.8869412604,13.39,0.200000000000001,0.540000000000001
69202,"1042272#1",14184.517792473,13389.163778281,12.93,-0.460000000000001,-0.660000000000002
69203,"1042272#1",14197.2548005175,13392.3106856634,13.12,0.19,0.65
69204,"1042272#1",14209.7588145124,13395.4000276669,12.88,-0.239999999999998,-0.429999999999998
69205,"1042272#1",14231.6795694666,13400.8985645833,13.11,0.229999999999999,0.469999999999997
69206,"1042272#1",14244.3491552185,13404.1089379065,13.07,-0.0399999999999991,-0.269999999999998
69207,"1042272#1",14257.0479159437,13406.6817146522,12.97,-0.0999999999999996,-0.0600000000000005
69208,"1042272#1",14270.5108383547,13408.3830729789,13.57,0.6,0.699999999999999
69209,"1042272#1",14283.9836818581,13410.08568507,13.59,0.0199999999999996,-0.58
69210,"1042272#1",14302.0769326471,13407.3538372477,13.39,-0.199999999999999,-0.219999999999999
69211,"1042272#1",14311.9361683285,13405.2082436754,10.09,-3.3,-3.1
69212,"1042272#1",14318.0608164971,13402.8610771563,6.56,-3.53,-0.23
69213,"1042272#1",14321.4664819374,13401.5480870919,3.65,-2.91,0.620000000000001
69214,"1042272#1",14328.8236825202,13391.4012219749,5.38,1.73,4.64
69215,"1042272#1",14329.1163919351,13383.7768386425,7.63,2.25,0.52
69216,"1042272#1",14329.4946507597,13373.9240968789,9.86,2.23,-0.0200000000000005
69217,"1042272#1",14329.9496355121,13362.0728273741,11.86,2,-0.23
69218,"1042272#1",14330.4675890939,13348.8631069918,13.22,1.36,-0.639999999999999
69219,"1042272#1",14331.3770090356,13334.4617926292,14.43,1.21,-0.150000000000002
69220,"1042272#1",14332.0469099641,13318.7689564524,15.71,1.28,0.0700000000000021
69221,"1042272#1",14331.4631380191,13301.1341512155,17.55,1.84,0.559999999999999
69222,"1042272#1",14330.1813384894,13281.8667411673,19.32,1.77,-0.0700000000000003
