"V1","V2","V3","V4","V5","acceleration","jerk"
13236,1043250,14403.0854521826,13324.0613285165,13.33,-0.130000000000001,0
13237,1043250,14390.0658212651,13321.8866536507,13.2,-0.130000000000001,0
13238,1043250,14376.7009728611,13319.6543169512,13.55,0.350000000000001,0.480000000000002
13239,1043250,14363.4051679545,13317.4335126185,13.48,-0.0700000000000003,-0.420000000000002
13240,1043250,14349.8430524154,13315.1682262999,13.75,0.27,0.34
13241,1043250,14336.2118933791,13312.8914076146,13.83,0.0800000000000001,-0.19
13242,1043250,14322.7780014778,13310.6475385485,13.62,-0.210000000000001,-0.290000000000001
13243,1043250,14309.8767308414,13308.4926334541,13.07,-0.549999999999999,-0.339999999999998
13244,1043250,14296.8669632807,13306.3196060692,13.19,0.119999999999999,0.669999999999998
13245,1043250,14283.7388354389,13304.1268089128,13.31,0.120000000000001,1.77635683940025e-15
13246,1043250,14270.8178380889,13301.9686088566,13.11,-0.200000000000001,-0.320000000000002
13247,1043250,14257.4727163985,13299.739567119,13.52,0.41,0.610000000000001
13248,1043250,14244.5221289783,13297.5764246199,13.13,-0.389999999999999,-0.799999999999999
13249,1043250,14228.7067888908,13294.8348453558,13.37,0.239999999999998,0.629999999999997
13250,1043250,14215.2167289451,13292.3889543812,13.72,0.350000000000001,0.110000000000003
13251,1043250,14202.4646372677,13290.0768648822,12.96,-0.76,-1.11
13252,1043250,14188.856502399,13287.6095656715,13.83,0.869999999999999,1.63
13253,1043250,14175.1991696457,13285.1333463624,13.88,0.0500000000000007,-0.819999999999999
13254,1043250,14162.2502864301,13282.78557647,13.17,-0.710000000000001,-0.760000000000002
13255,1043250,14148.8783014072,13280.3610937315,13.59,0.42,1.13
13256,1043250,14136.0474931145,13278.0347320751,13.04,-0.550000000000001,-0.970000000000001
13288,1043250,13730.830087163,13278.2027726172,13.56,0.01625,0.0176953125
13289,1043250,13719.9717952071,13286.2075856,13.5,-0.0600000000000005,-0.0762500000000005
13290,1043250,13704.2500410102,13297.286423724,13.15,-0.35,-0.289999999999999
13291,1043250,13692.8610337217,13304.4601335719,13.46,0.31,0.66
13292,1043250,13681.7258676061,13311.4739538987,13.16,-0.300000000000001,-0.610000000000001
13293,1043250,13669.9814826756,13318.8715090762,13.88,0.720000000000001,1.02
13294,1043250,13658.2455591175,13326.263734603,13.87,-0.0100000000000016,-0.730000000000002
13295,1043250,13646.8788473433,13334.0111624492,13.77,-0.0999999999999996,-0.0899999999999981
13296,1043250,13635.5481509707,13342.0106761664,13.86,0.0899999999999999,0.19
13297,1043250,13624.723945712,13349.6526052761,13.25,-0.609999999999999,-0.699999999999999
13298,1043250,13613.7200178,13357.4214192466,13.47,0.220000000000001,0.83
13299,1043250,13594.4511864869,13372.9505047704,10.55,-2.92,-3.14
13300,1043250,13584.5024719153,13379.9077081147,12.14,1.59,4.51
13301,1043250,13572.3231860438,13387.0989379854,13.68,1.54,-0.0500000000000007
13302,1043250,13553.0011988037,13394.1127443185,13.87,0.19,-1.35
13303,1043250,13539.2072885513,13395.4646466627,13.86,-0.00999999999999979,-0.199999999999999
13304,1043250,13525.9806603222,13396.7609512915,13.29,-0.57,-0.56
13305,1043250,13513.0028399982,13398.0328709574,13.04,-0.25,0.32
13306,1043250,13496.578384307,13397.2015759075,13.18,0.140000000000001,0.390000000000001
13307,1043250,13483.7210386924,13394.7984396763,13.07,-0.109999999999999,-0.25
13308,1043250,13470.5982891546,13392.3456974219,13.36,0.289999999999999,0.399999999999999
13309,1043250,13457.8982199389,13389.9719573525,12.91,-0.449999999999999,-0.739999999999998
