"V1","V2","V3","V4","V5","acceleration","jerk"
47177,1045621,14213.9946498361,13275.7357016442,5.78,-0.84,0
47178,1045621,14218.7998988551,13276.9240121531,4.94,-0.84,0
47179,1045621,14220.2172046263,13277.2745037375,1.47,-3.47,-2.63
47180,1045621,14221.2073771514,13277.5193677211,1.01,-0.46,3.01
47181,1045621,14221.6927558402,13277.6393990857,0.5,-0.51,-0.05
47182,1045621,14222.0228133486,13277.7210204136,0.34,-0.16,0.35
47183,1045621,14222.1295966601,13277.7474273138,0.11,-0.23,-0.0700000000000001
47184,1045621,14227.8309240157,13278.749992647,2.65,2.54,2.77
47185,1045621,14232.6075259152,13279.4662148847,4.82,2.17,-0.37
47186,1045621,14239.4213534695,13280.4879066482,6.89,2.07,-0.100000000000001
47187,1045621,14247.4911405295,13281.6979218572,8.16,1.27,-0.799999999999999
47188,1045621,14257.7464949183,13283.2356495186,10.37,2.21,0.939999999999999
47189,1045621,14269.6039393852,13285.0136007877,11.99,1.62,-0.589999999999998
47190,1045621,14283.0535844852,13287.0302928027,13.6,1.61,-0.0100000000000016
47191,1045621,14295.9593101143,13288.96542742,13.05,-0.549999999999999,-2.16
47192,1045621,14309.4682918838,13290.9910166057,13.66,0.609999999999999,1.16
47193,1045621,14322.3833362842,13293.1762580304,13.1,-0.56,-1.17
47194,1045621,14335.6383709374,13295.5731218861,13.47,0.370000000000001,0.930000000000001
47195,1045621,14348.7162781788,13297.9379563806,13.28,-0.190000000000001,-0.560000000000002
47196,1045621,14361.5973771847,13300.2672026962,13.1,-0.18,0.0100000000000016
47197,1045621,14375.0098584262,13302.6925370951,13.63,0.530000000000001,0.710000000000001
47198,1045621,14388.1172869029,13305.0627098165,13.31,-0.32,-0.850000000000001
47199,1045621,14401.2247153796,13307.4328825379,13.32,0.00999999999999979,0.33
