"V1","V2","V3","V4","V5","acceleration","jerk"
59417,1047526,14349.9595143156,14256.5689657353,19.35,-0.240000000000002,0
59418,1047526,14351.3075328651,14237.5065696113,19.11,-0.240000000000002,0
59419,1047526,14352.9850762881,14218.7546088995,18.83,-0.280000000000001,-0.0399999999999991
59420,1047526,14354.9869967707,14200.1520172956,18.71,-0.119999999999997,0.160000000000004
59421,1047526,14357.0252963536,14181.2113775279,19.05,0.34,0.459999999999997
59422,1047526,14359.0590967865,14162.3004312334,19.02,-0.0300000000000011,-0.370000000000001
59423,1047526,14360.944437157,14143.5851542734,18.81,-0.210000000000001,-0.18
59424,1047526,14362.8839021314,14124.3325966352,19.34,0.530000000000001,0.740000000000002
59425,1047526,14364.7902909589,14105.4083771893,19.03,-0.309999999999999,-0.84
59426,1047526,14366.7277513183,14086.1757188354,19.33,0.299999999999997,0.609999999999996
59427,1047526,14368.5880340018,14067.7091829302,18.56,-0.77,-1.07
59428,1047526,14370.1177259191,14048.7746693192,19,0.440000000000001,1.21
59429,1047526,14371.2697840481,14029.7294819463,19.08,0.0799999999999983,-0.360000000000003
59430,1047526,14372.4284840218,14010.5744952752,19.19,0.110000000000003,0.0300000000000047
59431,1047526,14372.4619314587,13988.2637902582,19.07,-0.120000000000001,-0.230000000000004
59432,1047526,14371.9839217319,13967.5793128246,20.69,1.62,1.74
59433,1047526,14371.4791120399,13945.7351450178,21.85,1.16,-0.460000000000001
59434,1047526,14371.0096505779,13925.4205688239,20.32,-1.53,-2.69
59435,1047526,14370.6143510891,13908.3151358182,17.11,-3.21,-1.68
59436,1047526,14370.3040721799,13894.8887205483,13.43,-3.68,-0.469999999999999
59437,1047526,14370.0711897224,13884.8114110978,10.08,-3.35,0.33
59438,1047526,14373.6443533763,13866.5501460858,6.84,-3.24,0.109999999999999
59439,1047526,14373.6900609446,13862.7404202665,3.81,-3.03,0.21
59440,1047526,14377.0130886419,13860.7905540794,1.98,-1.83,1.2
59441,1047526,14377.0574902576,13857.0608183654,3.73,1.75,3.58
59442,1047526,14377.115119506,13851.640070071,5.36,1.63,-0.12
59443,1047526,14376.3674334248,13827.4018931371,7.55,2.19,0.559999999999999
59444,1047526,14376.209844595,13822.3943722175,5.01,-2.54,-4.73
59445,1047526,14375.9839987271,13815.2179250712,7.19,2.18,4.72
59446,1047526,14375.377947726,13796.4504968091,6.04,-1.15,-3.33
59447,1047526,14371.9922403734,13792.5516476067,6.03,-0.00999999999999979,1.14
59448,1047526,14371.7992333965,13784.4839559724,8.07,2.04,2.05
59449,1047526,14371.5571973858,13774.3668507258,10.12,2.05,0.0099999999999989
59450,1047526,14371.4137324698,13762.9914331671,11.37,1.25,-0.799999999999999
59451,1047526,14371.9774609495,13750.3439903346,12.67,1.3,0.0500000000000007
59452,1047526,14372.5986309569,13736.4078270239,13.94,1.27,-0.0300000000000011
59453,1047526,14373.2425104053,13721.9621695707,14.46,0.520000000000001,-0.749999999999998
59454,1047526,14366.0292600216,13710.0282173594,13.53,-0.930000000000001,-1.45
59455,1047526,14346.069578016,13711.39545827,13.77,0.24,1.17
59456,1047526,14326.1800011721,13712.0357569067,13.27,-0.5,-0.74
59457,1047526,14312.3876773163,13711.6842819243,13.81,0.540000000000001,1.04
59458,1047526,14299.1470721552,13710.3269039488,13.31,-0.5,-1.04
59459,1047526,14273.4560585181,13708.1612473185,13.17,-0.140000000000001,0.359999999999999
59460,1047526,14259.6222623715,13706.9129748424,13.89,0.720000000000001,0.860000000000001
59461,1047526,14246.6549458971,13705.7428878994,13.03,-0.860000000000001,-1.58
59462,1047526,14233.49839823,13704.5557259549,13.21,0.180000000000001,1.04
59463,1047526,14220.5211222192,13703.3847403276,13.03,-0.180000000000001,-0.360000000000003
59464,1047526,14206.7239977782,13702.308074772,13.83,0.800000000000001,0.980000000000002
59465,1047526,14192.964734032,13701.3878785088,13.79,-0.0400000000000009,-0.840000000000002
59466,1047526,14179.614556445,13700.4950412353,13.39,-0.399999999999999,-0.359999999999998
59467,1047526,14166.1839594842,13699.6524787217,13.46,0.0700000000000003,0.469999999999999
59468,1047526,14153.1673179037,13700.2423447787,13.02,-0.440000000000001,-0.510000000000002
59469,1047526,14144.3164012189,13700.6434355895,8.87,-4.15,-3.71
59470,1047526,14138.6322346346,13700.9010209974,5.69,-3.18,0.970000000000002
59471,1047526,14135.5953512574,13701.0386413208,3.04,-2.65,0.529999999999998
59472,1047526,14133.0346823777,13707.6286509348,5.01,1.97,4.62
59473,1047526,14134.3585487508,13710.8578114799,3.49,-1.52,-3.49
59474,1047526,14135.3291882026,13713.3442894135,2.67,-0.82,0.699999999999999
59475,1047526,14136.0442580667,13715.3824933016,2.16,-0.51,0.31
59476,1047526,14136.6633231805,13717.1470494455,1.87,-0.29,0.22
59477,1047526,14137.7657225542,13720.2892804397,3.32,1.45,1.74
59478,1047526,14139.488752811,13725.51831445,5.51,2.19,0.74
59479,1047526,14138.3648361425,13734.939958017,7.82,2.31,0.120000000000001
59480,1047526,14140.0859623351,13742.1575839861,7.42,-0.4,-2.71
59481,1047526,14140.9697212022,13745.8636695578,3.81,-3.61,-3.21
59482,1047526,14141.9462631525,13749.9588454782,4.21,0.4,4.01
59483,1047526,14142.7302802052,13753.246658925,3.38,-0.83,-1.23
59484,1047526,14143.8019248157,13757.7406524529,4.62,1.24,2.07
59485,1047526,14146.9342320223,13769.9698316404,3.92,-0.7,-1.94
59486,1047526,14146.9342320223,13769.9698316404,0,-3.92,-3.22
59487,1047526,14147.5832895878,13772.3219209832,2.45,2.45,6.37
59488,1047526,14148.7962824151,13776.7176289354,4.55,2.1,-0.350000000000001
59489,1047526,14150.4348867608,13782.655690555,6.16,1.61,-0.489999999999999
59490,1047526,14152.6214659363,13790.5795325215,8.21,2.05,0.44
59491,1047526,14154.8452861197,13798.6383304338,8.37,0.159999999999998,-1.89
59492,1047526,14164.9797179664,13817.4964503215,8.58,0.210000000000001,0.0500000000000025
59493,1047526,14172.0165523878,13821.8028944841,8.25,-0.33,-0.540000000000001
59494,1047526,14179.1130932831,13826.1458781728,8.33,0.0800000000000001,0.41
59495,1047526,14185.644428772,13841.0131332687,9.59,1.26,1.18
59496,1047526,14191.4330648673,13849.8402695234,10.56,0.970000000000001,-0.289999999999999
59497,1047526,14206.4892897296,13873.6143737964,8.72,-1.84,-2.81
59498,1047526,14208.7793196828,13881.4464464986,8.16,-0.56,1.28
59499,1047526,14212.4070223971,13891.1141527758,10.33,2.17,2.73
59500,1047526,14216.68,13901.5,11.35,1.02,-1.15
59501,1047526,14234.8062716315,13919.969891599,9.9,-1.45,-2.47
59502,1047526,14241.7281097425,13924.4404348731,8.25,-1.65,-0.200000000000001
59503,1047526,14246.6188376177,13927.9152969976,6,-2.25,-0.6
59504,1047526,14251.0576164795,13931.0947375484,5.46,-0.54,1.71
59505,1047526,14254.9833741904,13933.8561575427,4.8,-0.66,-0.12
59506,1047526,14257.5704256198,13935.6179932052,3.14,-1.66,-1
59507,1047526,14259.9260475284,13937.2222205656,2.85,-0.29,1.37
59508,1047526,14262.0419745761,13938.663210756,2.55,-0.3,-0.0100000000000002
59509,1047526,14264.199228324,13940.132345286,2.61,0.0600000000000001,0.36
59510,1047526,14266.6411601906,13941.7500179952,2.93,0.32,0.26
59511,1047526,14268.9147496191,13943.1113743447,2.65,-0.28,-0.600000000000001
59512,1047526,14270.2445849452,13943.9076393794,1.55,-1.1,-0.82
59513,1047526,14271.9862402433,13944.9504897151,2.03,0.48,1.58
59514,1047526,14273.5648834691,13945.8957333691,1.83,-0.2,-0.679999999999999
59515,1047526,14274.7059679748,13946.5789801407,1.33,-0.5,-0.3
59516,1047526,14276.8165453311,13947.8427298086,2.47,1.14,1.64
59517,1047526,14278.7212127014,13948.983186826,2.21,-0.26,-1.4
59518,1047526,14279.7164443003,13949.5791013035,1.16,-1.05,-0.79
59519,1047526,14281.2160609764,13950.4182250055,1.72,0.56,1.61
59520,1047526,14282.8566835839,13951.2061066336,1.82,0.1,-0.46
59521,1047526,14283.8572830862,13951.6866278463,1.11,-0.71,-0.81
59522,1047526,14285.1643725263,13952.3143357368,1.45,0.34,1.05
59523,1047526,14285.8314388612,13952.634683212,0.74,-0.71,-1.05
59524,1047526,14286.895139233,13953.1455075643,1.18,0.44,1.15
59525,1047526,14287.553191158,13953.4615260195,0.73,-0.45,-0.89
59526,1047526,14288.3825168717,13953.8597958535,0.92,0.19,0.64
59527,1047526,14289.1667705357,13954.2364205878,0.87,-0.05,-0.24
59528,1047526,14290.428787926,13954.8424833786,1.4,0.53,0.58
59529,1047526,14291.4384018383,13955.3273336113,1.11,-0.29,-0.82
59530,1047526,14292.8356353776,13955.9983317011,1.56,0.45,0.74
59531,1047526,14293.8272204701,13956.4745238939,1.1,-0.46,-0.91
59532,1047526,14294.9720505313,13957.0243094256,1.27,0.17,0.63
59533,1047526,14296.2762108844,13957.6327656716,1.43,0.16,-0.01
59534,1047526,14297.9052335632,13958.1847485627,1.72,0.29,0.13
59535,1047526,14300.8223206856,13959.1731830422,3.08,1.36,1.07
59536,1047526,14302.7070620407,13959.8118144105,1.99,-1.09,-2.45
59537,1047526,14305.4441989835,13960.7392740357,2.9,0.91,2
59538,1047526,14307.9540304362,13961.5897127924,2.65,-0.25,-1.16
59539,1047526,14310.0471351571,13962.2989466235,2.21,-0.44,-0.19
59540,1047526,14312.2065373127,13963.0306448745,2.27,0.0600000000000001,0.5
59541,1047526,14315.3130456768,13964.0832634112,3.28,1.01,0.95
59542,1047526,14318.4384961651,13965.1423003535,3.3,0.02,-0.99
59543,1047526,14321.6499458357,13965.9291544484,3.31,0.0100000000000002,-0.00999999999999979
59544,1047526,14325.6845080736,13966.8118817841,4.13,0.82,0.81
59545,1047526,14328.3904977585,13967.4039289317,2.77,-1.36,-2.18
59546,1047526,14332.5227491546,13968.3080298106,4.23,1.46,2.82
59547,1047526,14336.1763236751,13969.1074003277,3.74,-0.49,-1.95
59548,1047526,14340.1425035021,13969.9751661831,4.07,0.33,0.82
59549,1047526,14344.1059913936,13970.6935896996,4.03,-0.04,-0.37
59550,1047526,14347.6838125277,13971.2445851012,3.61,-0.42,-0.38
59551,1047526,14351.251750178,13971.794058416,3.61,0,0.42
59552,1047526,14354.1574944139,13972.2415519189,2.94,-0.67,-0.67
59553,1047526,14356.381278268,13972.5840214365,2.25,-0.69,-0.02
59554,1047526,14359.2573720526,13973.0269486792,2.91,0.66,1.35
59555,1047526,14362.77943236,13973.441561476,3.55,0.64,-0.0200000000000005
59556,1047526,14366.1833115515,13973.645783046,3.41,-0.14,-0.779999999999999
59557,1047526,14369.0281959197,13973.8164667629,2.84,-0.57,-0.430000000000001
59558,1047526,14371.7233495318,13973.9781671262,2.7,-0.14,0.430000000000001
59559,1047526,14373.6598673123,13974.0943518318,1.94,-0.76,-0.620000000000001
59560,1047526,14375.3168876812,13974.1937676107,1.66,-0.28,0.48
59561,1047526,14377.2733695625,13974.3111500967,1.96,0.3,0.58
59562,1047526,14379.1499950405,13974.4237414608,1.88,-0.0800000000000001,-0.38
59563,1047526,14380.7870513086,13974.5219594593,1.64,-0.24,-0.16
59564,1047526,14382.7335511395,13974.6387430551,1.95,0.31,0.55
59565,1047526,14384.789853525,13974.7621144434,2.06,0.11,-0.2
59566,1047526,14387.1056892212,13974.9010569778,2.32,0.26,0.15
59567,1047526,14388.3534455231,13974.9759182572,1.25,-1.07,-1.33
59568,1047526,14390.1601966482,13975.0843173897,1.81,0.56,1.63
59569,1047526,14391.8571452187,13975.1861287295,1.7,-0.11,-0.67
59570,1047526,14393.4542732851,13975.2819511671,1.6,-0.0999999999999999,0.0100000000000002
59571,1047526,14394.2029270663,13975.3268679347,0.74,-0.86,-0.76
59572,1047526,14394.8817064945,13975.3675924706,0.68,-0.0599999999999999,0.8
59573,1047526,14395.7501448806,13975.4196959211,0.87,0.19,0.25
59574,1047526,14397.1376498883,13975.5029416637,1.39,0.52,0.33
59575,1047526,14398.7447600051,13975.5993629915,1.61,0.22,-0.3
59576,1047526,14399.9525881053,13975.6718287099,1.21,-0.4,-0.62
59577,1047526,14400.7611341889,13975.7203388189,0.81,-0.4,2.22044604925031e-16
59578,1047526,14401.6595187262,13975.77423894,0.9,0.09,0.49
59579,1047526,14402.2284955999,13975.8083756834,0.57,-0.33,-0.42
59580,1047526,14402.6277776165,13975.8323312927,0.4,-0.17,0.16
59581,1047526,14403.0370416835,13975.8568857924,0.41,0.00999999999999995,0.18
59582,1047526,14403.9054800696,13975.9089892428,0.88,0.47,0.46
59583,1047526,14404.4544928424,13975.9419282057,0.55,-0.33,-0.8
