"V1","V2","V3","V4","V5","acceleration","jerk"
30264,1048593,14397.295661767,13323.0942571936,13.55,-0.610000000000001,0
30265,1048593,14384.5324781251,13320.9624168327,12.94,-0.610000000000001,0
30266,1048593,14372.0947852562,13318.8849433434,12.61,-0.33,0.280000000000001
30267,1048593,14361.7481240195,13317.1567358174,10.49,-2.12,-1.79
30268,1048593,14352.0031275449,13315.5290246299,9.88,-0.609999999999999,1.51
30269,1048593,14343.2543301026,13314.0677090193,8.87,-1.01,-0.400000000000002
30270,1048593,14334.0814290957,13309.1936828681,10.5,1.63,2.64
30271,1048593,14322.2650943723,13307.2202002345,11.98,1.48,-0.15
30272,1048593,14309.4821479604,13305.0852807911,12.96,0.98,-0.5
30273,1048593,14296.3934366265,13302.8992946018,13.27,0.309999999999999,-0.670000000000002
30274,1048593,14283.7288508295,13300.7841429311,12.84,-0.43,-0.739999999999998
30275,1048593,14271.1628988783,13298.6854644042,12.74,-0.0999999999999996,0.33
30276,1048593,14257.5514281619,13296.4121705525,13.8,1.06,1.16
30277,1048593,14243.9202306763,13294.135582072,13.82,0.0199999999999996,-1.04
30278,1048593,14227.8209692915,13291.3265976225,13.05,-0.77,-0.789999999999999
30279,1048593,14214.3901778051,13288.8901370648,13.65,0.6,1.37
30280,1048593,14201.3628020337,13286.5268595716,13.24,-0.41,-1.01
30281,1048593,14188.1091198856,13284.1225281642,13.48,0.24,0.65
30282,1048593,14175.6721085751,13281.8663478383,12.63,-0.85,-1.09
30283,1048593,14162.231477681,13279.4281023279,13.67,1.04,1.89
30284,1048593,14149.1647442788,13277.0576850235,13.27,-0.4,-1.44
30318,1048593,13739.347592463,13277.7439965112,16.24,0.0873529411764705,0.0143339100346021
30319,1048593,13732.9925481831,13293.2051628907,17.86,1.62,1.53264705882353
30320,1048593,13735.3572122935,13312.2938010958,19.77,1.91,0.289999999999999
30321,1048593,13751.6029783616,13324.3548261129,20.9,1.13,-0.780000000000001
30322,1048593,13770.6257457256,13321.1896160365,19.74,-1.16,-2.29
30323,1048593,13784.9514718421,13313.9642565216,16.07,-3.67,-2.51
30324,1048593,13796.4199793673,13307.6746034991,13.08,-2.99,0.679999999999998
30325,1048593,13806.7840498682,13290.1956702004,13.41,0.33,3.32
30326,1048593,13813.8371934344,13278.2973403375,13.35,-0.0600000000000005,-0.390000000000001
