"V1","V2","V3","V4","V5","acceleration","jerk"
49013,1048594,13485.8623630618,13276.2331936129,11.27,1.68,0
49014,1048594,13494.751623638,13285.6503878027,12.95,1.68,0
49015,1048594,13503.9017273816,13295.3439166483,13.33,0.380000000000001,-1.3
49016,1048594,13512.9969167742,13304.9792697769,13.25,-0.0800000000000001,-0.460000000000001
49017,1048594,13521.8861773504,13314.3964639667,12.95,-0.300000000000001,-0.220000000000001
49018,1048594,13530.8166236899,13323.8572899443,13.01,0.0600000000000005,0.360000000000001
49019,1048594,13539.767662911,13333.3399318158,13.03,0.0199999999999996,-0.0400000000000009
49020,1048594,13546.9545786046,13340.9536787785,10.48,-2.55,-2.57
49021,1048594,13552.3087278319,13346.6258111863,7.8,-2.68,-0.130000000000002
49022,1048594,13557.4775411245,13352.1016005492,7.53,-0.27,2.41
49023,1048594,13560.875417934,13356.2656511334,5.43,-2.1,-1.83
49024,1048594,13562.01647464,13358.9534735966,2.92,-2.51,-0.409999999999999
