"V1","V2","V3","V4","V5","acceleration","jerk"
58531,1050148,14154.8297111247,13278.8199530414,12.69,0.23,0
58532,1050148,14153.2487233746,13291.6428574602,12.92,0.23,0
58533,1050148,14151.6432621298,13304.6642588514,13.12,0.199999999999999,-0.0300000000000011
58534,1050148,14150.0439192587,13317.6360359995,13.07,-0.0499999999999989,-0.249999999999998
58535,1050148,14146.6360526788,13330.9382635777,13.74,0.67,0.719999999999999
58536,1050148,14144.1339051194,13340.3410375083,9.73,-4.01,-4.68
58537,1050148,14142.0380672357,13348.2169478408,8.15,-1.58,2.43
58538,1050148,14140.7055461844,13354.8032268447,6.72,-1.43,0.149999999999999
58539,1050148,14139.6951111705,13359.8327318982,5.13,-1.59,-0.159999999999999
58540,1050148,14139.151485315,13362.5386644416,2.76,-2.37,-0.78
58541,1050148,14137.8678981182,13369.2449456041,1.81,-0.95,1.42
58542,1050148,14137.4259091947,13370.284919542,1.13,-0.68,0.27
58543,1050148,14137.2107818425,13370.7911015471,0.55,-0.58,0.1
58544,1050148,14134.1946215417,13381.0437977708,1.4,0.85,1.43
58545,1050148,14132.4291569519,13384.3635469755,3.76,2.36,1.51
58546,1050148,14126.9183481161,13393.391756127,5.81,2.05,-0.31
58547,1050148,14124.4073628529,13398.6200400718,5.8,-0.00999999999999979,-2.06
58548,1050148,14121.467778381,13404.7407380003,6.78,0.98,0.99
58549,1050148,14119.212220929,13409.437179268,5.21,-1.57,-2.55
58550,1050148,14114.9235792111,13420.4979432414,7.34,2.13,3.7
58551,1050148,14114.0941834114,13424.5131770587,4.1,-3.24,-5.37
58552,1050148,14108.0564247234,13439.7397673356,6.32,2.22,5.46
58553,1050148,14106.9219071826,13447.9315784875,8.27,1.95,-0.270000000000001
58554,1050148,14105.5898436612,13457.5497751363,9.71,1.44,-0.509999999999998
58555,1050148,14104.0753244773,13468.4853972788,11.04,1.33,-0.110000000000003
58556,1050148,14102.9233667717,13481.0397844651,12.61,1.57,0.240000000000002
58557,1050148,14101.8602196216,13494.0363731767,13.04,0.43,-1.14
58558,1050148,14100.8702841939,13507.2081453104,13.21,0.170000000000002,-0.259999999999998
58559,1050148,14100.1881939465,13520.7710046289,13.57,0.359999999999999,0.189999999999998
58560,1050148,14099.5342311319,13533.7745707797,13.02,-0.550000000000001,-0.91
58561,1050148,14098.8652000497,13547.0777582703,13.32,0.300000000000001,0.850000000000001
58562,1050148,14088.70647331,13555.9177374116,13.55,0.23,-0.0700000000000003
58563,1050148,14075.7134520962,13553.6467244794,13.19,-0.360000000000001,-0.590000000000002
58564,1050148,14062.3165538015,13551.3051190301,13.59,0.4,0.760000000000002
58565,1050148,14049.3717741584,13549.1103270789,13.13,-0.459999999999999,-0.859999999999999
58566,1050148,14035.9124035349,13547.0247234689,13.62,0.489999999999998,0.949999999999998
58567,1050148,14022.2751557665,13544.9115568156,13.8,0.180000000000001,-0.309999999999997
58568,1050148,14002.7028722713,13542.1759132714,13.61,-0.190000000000001,-0.370000000000003
58569,1050148,13989.5120393672,13540.3988293413,13.31,-0.299999999999999,-0.109999999999998
58570,1050148,13969.8369585961,13537.5447480362,13.66,0.35,0.649999999999999
58571,1050148,13957.0060621977,13535.6502830423,12.97,-0.69,-1.04
58572,1050148,13943.7794558101,13533.6973919886,13.36,0.389999999999999,1.08
58573,1050148,13931.047486909,13531.8175335097,12.87,-0.49,-0.879999999999999
58574,1050148,13923.4369368197,13537.7198148587,13.44,0.57,1.06
58575,1050148,13921.0895692007,13551.1969163743,13.69,0.25,-0.32
58576,1050148,13918.8056903257,13564.3095056413,13.31,-0.379999999999999,-0.629999999999999
58577,1050148,13916.4308681147,13577.9442340752,13.83,0.52,0.899999999999999
58578,1050148,13914.1469892397,13591.0568233422,13.31,-0.52,-1.04
58579,1050148,13911.9060081648,13603.9231205493,13.06,-0.25,0.27
58580,1050148,13909.6186974659,13617.0554131811,13.34,0.279999999999999,0.529999999999999
58581,1050148,13905.0923051046,13627.6341799248,11.57,-1.77,-2.05
58582,1050148,13902.1204632812,13633.761516718,6.8,-4.77,-3
58583,1050148,13900.2046944699,13637.7114445479,4.39,-2.41,2.36
58584,1050148,13899.2795395998,13639.6189267802,2.12,-2.27,0.140000000000001
58585,1050148,13898.8911491119,13640.4197094154,0.89,-1.23,1.04
58586,1050148,13898.6773161466,13640.8605897427,0.49,-0.4,0.83
58587,1050148,13894.8972167135,13657.279326295,2.63,2.14,2.54
58588,1050148,13894.9970516375,13661.5181507769,4.24,1.61,-0.529999999999999
58589,1050148,13895.13267644,13667.2765538466,5.75,1.51,-0.100000000000001
58590,1050148,13895.2982046276,13674.3046048153,7.04,1.29,-0.22
58591,1050148,13895.5157694149,13683.5420430729,9.24,2.2,0.91
58592,1050148,13879.7801232314,13691.9882347681,11.32,2.08,-0.12
58593,1050148,13867.2602866696,13692.0522071512,12.52,1.2,-0.880000000000001
58594,1050148,13854.2904559821,13692.1184788612,12.96,0.440000000000001,-0.759999999999998
58595,1050148,13840.4906361297,13692.1889915518,13.8,0.84,0.399999999999999
58596,1050148,13826.8808137969,13692.2585334155,13.61,-0.190000000000001,-1.03
58597,1050148,13813.5409879395,13692.3266956832,13.34,-0.27,-0.0799999999999983
58598,1050148,13800.4311590797,13692.3936827393,13.12,-0.220000000000001,0.0499999999999989
58599,1050148,13787.2213315253,13692.4611807569,13.21,0.0900000000000016,0.310000000000002
58600,1050148,13766.7822857183,13697.8437959098,13.72,0.51,0.419999999999998
58601,1050148,13760.9237064874,13710.3716029563,13.82,0.0999999999999996,-0.41
58602,1050148,13755.2472812022,13722.5098975639,13.4,-0.42,-0.52
58603,1050148,13752.2018876105,13733.9301144496,11.87,-1.53,-1.11
58604,1050148,13750.234995016,13742.6510624211,8.94,-2.93,-1.4
58605,1050148,13748.8379292469,13748.8454717745,6.35,-2.59,0.34
58606,1050148,13747.8245571243,13755.2427138697,6.49,0.140000000000001,2.73
58607,1050148,13747.4024128889,13759.662600095,4.44,-2.05,-2.19
58608,1050148,13747.1361958035,13762.4499157326,2.8,-1.64,0.409999999999999
58609,1050148,13740.2051468334,13769.8076060358,4.66,1.86,3.5
58610,1050148,13733.2059470539,13768.883050766,7.06,2.4,0.539999999999999
58611,1050148,13724.3131960593,13767.7083679375,8.97,1.91,-0.489999999999998
58612,1050148,13714.9051070304,13766.7231841774,9.46,0.49,-1.42
58613,1050148,13707.2241880329,13765.9473727611,7.72,-1.74,-2.23
58614,1050148,13703.3936779111,13765.56047199,3.84,-3.88,-2.14
58615,1050148,13697.394696135,13771.4098973216,5.84,2,5.88
58616,1050148,13697.4552307688,13778.6896456386,7.28,1.44,-0.56
58617,1050148,13697.5303169974,13787.7193334548,9.03,1.75,0.309999999999999
58618,1050148,13697.6236135072,13798.9389455586,11.22,2.19,0.440000000000002
58619,1050148,13697.7311290039,13811.8684985446,12.93,1.71,-0.480000000000002
58620,1050148,13697.8524477275,13826.4579941414,14.59,1.66,-0.0499999999999989
58621,1050148,13697.9539762824,13838.6675720191,12.21,-2.38,-4.04
58622,1050148,13695.2337013299,13860.3177438599,9.19,-3.02,-0.640000000000002
58623,1050148,13691.031760683,13866.6632585666,7.69,-1.5,1.52
58624,1050148,13687.9659731,13870.8508640327,5.19,-2.5,-1
58625,1050148,13685.5525581507,13874.1404541869,4.08,-1.11,1.39
58626,1050148,13657.1815013601,13902.5953092538,6.08,2,3.11
58627,1050148,13654.8645459329,13904.3226822732,2.89,-3.19,-5.19
