"V1","V2","V3","V4","V5","acceleration","jerk"
52787,1051836,14229.3,14121.82,0,2.49,0
52788,1051836,14229.3120364294,14119.3300290917,2.49,2.49,0
52789,1051836,14229.335384202,14114.5000855225,4.83,2.34,-0.15
52790,1051836,14229.366224531,14108.1201600626,6.38,1.55,-0.79
52791,1051836,14229.4030589052,14100.5002490901,7.62,1.24,-0.31
52792,1051836,14229.4469024451,14091.4303550585,9.07,1.45,0.21
52793,1051836,14229.4994470182,14080.560482057,10.87,1.8,0.349999999999999
52794,1051836,14229.9477988684,14068.5458630147,12.03,1.16,-0.639999999999999
52795,1051836,14230.9378810187,14055.052137164,13.53,1.5,0.34
52796,1051836,14231.9221090248,14041.6381968319,13.45,-0.0800000000000001,-1.58
52797,1051836,14232.930485376,14027.8951412352,13.78,0.33,0.41
52798,1051836,14239.0496400305,14012.1852641736,13.79,0.00999999999999979,-0.32
52799,1051836,14238.4796060044,13999.1777486073,13.02,-0.77,-0.779999999999999
52800,1051836,14237.9590449775,13987.2991495225,11.88,-1.14,-0.369999999999999
52801,1051836,14237.3802476077,13979.1000150858,8.22,-3.66,-2.52
52802,1051836,14236.8709390067,13973.9012299098,5.23,-2.99,0.67
52803,1051836,14236.2983963267,13971.3871548598,2.58,-2.65,0.34
52804,1051836,14231.3549945644,13963.6805609613,4.72,2.14,4.79
52805,1051836,14225.4984859938,13961.7708731955,6.15,1.43,-0.709999999999999
52806,1051836,14217.9306599838,13959.3031597839,7.96,1.81,0.379999999999999
52807,1051836,14208.9557507458,13956.3766252857,9.44,1.48,-0.33
52808,1051836,14196.5377303981,13951.920955914,10.64,1.2,-0.279999999999998
52809,1051836,14184.6988950357,13949.1004568805,12.2,1.56,0.359999999999998
52810,1051836,14171.5891663692,13947.6474894717,13.19,0.99,-0.569999999999999
52811,1051836,14158.2517776038,13946.1607289278,13.42,0.23,-0.76
52812,1051836,14144.8548104287,13944.6668512523,13.49,0.0700000000000003,-0.16
52813,1051836,14131.5610347989,13942.5505170006,13.48,-0.00999999999999979,-0.0800000000000001
52814,1051836,14118.6418271283,13939.6139052337,13.26,-0.220000000000001,-0.210000000000001
52815,1051836,14105.5680466245,13936.2085618826,13.5,0.24,0.460000000000001
52816,1051836,14093.7440756603,13930.4248968883,13.21,-0.289999999999999,-0.529999999999999
52817,1051836,14083.1944777087,13922.9017971595,12.96,-0.25,0.0399999999999991
52818,1051836,14071.8959988664,13915.5135483319,13.55,0.59,0.84
52819,1051836,14059.5787915868,13909.4473052746,13.74,0.19,-0.4
52820,1051836,14047.1453841891,13903.3854788519,13.83,0.0899999999999999,-0.0999999999999996
52821,1051836,14023.7503133807,13889.9989938587,13.34,-0.49,-0.58
52822,1051836,14010.5334644105,13889.3046382999,13.33,-0.00999999999999979,0.48
52823,1051836,13997.524335487,13885.6973450416,13.5,0.17,0.18
52824,1051836,13984.435778847,13882.3325357496,13.53,0.0299999999999994,-0.140000000000001
52825,1051836,13970.70775226,13880.8443864873,13.84,0.31,0.280000000000001
52826,1051836,13956.9354980833,13882.5704846567,13.88,0.0400000000000009,-0.27
52827,1051836,13933.9834687591,13882.2568332411,13.44,-0.440000000000001,-0.480000000000002
52828,1051836,13921.1943769495,13881.2694113951,12.85,-0.59,-0.149999999999999
52829,1051836,13908.1089222318,13879.0046211555,13.28,0.43,1.02
52830,1051836,13889.4228654711,13877.3156710872,12.97,-0.309999999999999,-0.739999999999998
52831,1051836,13876.4574019816,13875.9729510747,13.06,0.0899999999999999,0.399999999999999
52832,1051836,13863.437037126,13874.3267988337,13.13,0.0700000000000003,-0.0199999999999996
52833,1051836,13850.6063277386,13872.9915511716,12.9,-0.23,-0.300000000000001
52834,1051836,13837.6772904155,13871.6350874237,13,0.0999999999999996,0.33
52835,1051836,13824.6537056708,13871.1740938823,13.04,0.0399999999999991,-0.0600000000000005
52836,1051836,13811.0076685416,13871.0286556614,13.65,0.610000000000001,0.570000000000002
52837,1051836,13797.4239891051,13871.8746775078,13.61,-0.0400000000000009,-0.650000000000002
52838,1051836,13784.0447991365,13873.1398696119,13.44,-0.17,-0.129999999999999
52839,1051836,13770.412598476,13875.1516947755,13.78,0.34,0.51
52840,1051836,13759.7241865008,13883.6171757363,12.87,-0.91,-1.25
52841,1051836,13766.5699106568,13895.2411234642,13.49,0.620000000000001,1.53
52842,1051836,13773.1720508546,13906.4514689008,13.01,-0.48,-1.1
52843,1051836,13779.2235205432,13917.9387434084,12.99,-0.0199999999999996,0.460000000000001
52844,1051836,13785.1642443742,13929.7935061797,13.26,0.27,0.289999999999999
52845,1051836,13790.9392014016,13941.3174799445,12.89,-0.369999999999999,-0.639999999999999
52846,1051836,13795.3733245939,13954.1236133449,13.61,0.719999999999999,1.09
52847,1051836,13798.9325211057,13967.0630306498,13.42,-0.19,-0.909999999999998
52848,1051836,13802.9981081519,13990.0597877265,13.04,-0.380000000000001,-0.190000000000001
52849,1051836,13804.3710978007,14003.8214663823,13.83,0.790000000000001,1.17
52850,1051836,13805.6517605968,14016.657739315,12.9,-0.93,-1.72
52851,1051836,13807.0277285312,14030.4492697683,13.87,0.969999999999999,1.9
52852,1051836,13808.3332103736,14043.5343076803,13.15,-0.719999999999999,-1.69
52853,1051836,13809.0830060264,14056.3785455692,12.87,-0.280000000000001,0.439999999999998
52854,1051836,13809.6486394406,14069.3462153229,12.98,0.110000000000001,0.390000000000002
52855,1051836,13811.4286737952,14082.7070774653,13.49,0.51,0.399999999999999
52856,1051836,13811.8859560434,14106.1428098704,12.86,-0.630000000000001,-1.14
52857,1051836,13811.9583101034,14119.437418407,13.32,0.460000000000001,1.09
52858,1051836,13812.7297066942,14132.5647733309,13.15,-0.17,-0.630000000000001
52859,1051836,13813.7875322792,14145.4905885599,12.98,-0.17,0
52860,1051836,13815.8073186133,14158.3934589058,13.06,0.0800000000000001,0.25
52861,1051836,13818.0655912937,14169.0768950241,10.92,-2.14,-2.22
52862,1051836,13819.6813158406,14176.6566004398,7.75,-3.17,-1.03
52863,1051836,13820.9582245871,14183.33505284,6.8,-0.95,2.22
52864,1051836,13821.9066222528,14188.5190128965,5.27,-1.53,-0.58
52865,1051836,13822.3375574227,14195.0446887458,6.55,1.28,2.81
52866,1051836,13822.5150589243,14199.5812175087,4.54,-2.01,-3.29
52867,1051836,13813.9715816952,14207.4134908376,6.37,1.83,3.84
52868,1051836,13805.5935437206,14209.6830457933,8.68,2.31,0.48
52869,1051836,13795.7580360062,14212.347419641,10.18,1.5,-0.81
52870,1051836,13784.4077379141,14215.9101184458,11.9,1.72,0.220000000000001
52871,1051836,13771.896089794,14220.05391638,13.18,1.28,-0.440000000000001
52872,1051836,13759.4034274829,14224.1914263051,13.16,-0.0199999999999996,-1.3
52873,1051836,13746.8158361269,14228.3603762753,13.26,0.0999999999999996,0.119999999999999
52874,1051836,13723.5259757138,14240.1353748627,13.15,-0.109999999999999,-0.209999999999999
52875,1051836,13716.1499006696,14245.9138190254,9.37,-3.78,-3.67
52876,1051836,13711.7809341279,14249.3364833907,5.55,-3.82,-0.0399999999999983
52877,1051836,13709.8601632519,14250.8412223189,2.44,-3.11,0.71
52878,1051836,13708.6163853896,14251.8156024445,1.59,-0.85,2.26
52879,1051836,13705.987670459,14259.2932812488,3.24,1.65,2.5
52880,1051836,13707.3192916646,14264.4749108153,5.35,2.11,0.459999999999999
52881,1051836,13709.2258745495,14271.89384212,7.66,2.31,0.200000000000001
