"V1","V2","V3","V4","V5","acceleration","jerk"
46111,1051965,13434.57,13755.85,0,2.36,0
46112,1051965,13436.9226314583,13756.0363470462,2.36,2.36,0
46113,1051965,13441.3967155216,13756.4074150361,4.49,2.13,-0.23
46114,1051965,13447.2448896572,13756.5535631787,5.85,1.36,-0.770000000000001
46115,1051965,13454.9424863827,13756.7459291099,7.7,1.85,0.490000000000001
46116,1051965,13464.7994089429,13756.9922574323,9.86,2.16,0.309999999999999
46117,1051965,13476.4357652278,13757.2834830577,11.64,1.78,-0.379999999999998
46118,1051965,13489.6816145067,13757.6151106846,13.25,1.61,-0.170000000000002
46119,1051965,13502.9274637855,13757.9467383115,13.25,0,-1.61
46120,1051965,13516.7731251071,13758.2933830385,13.85,0.6,0.6
46121,1051965,13530.3879059397,13758.6614930193,13.61,-0.24,-0.84
46122,1051965,13543.3153838177,13758.9497487952,12.95,-0.66,-0.42
46123,1051965,13556.8938048566,13758.388872614,13.58,0.630000000000001,1.29
46124,1051965,13569.9861592523,13757.9471763891,13.1,-0.48,-1.11
46125,1051965,13582.9185936038,13757.5047543092,12.94,-0.16,0.32
46126,1051965,13592.5328956881,13757.1737023006,9.63,-3.31,-3.15
46127,1051965,13598.969081283,13756.9520832844,6.44,-3.19,0.119999999999998
46128,1051965,13603.6163270929,13756.7920633426,4.65,-1.79,1.4
46129,1051965,13611.0238334446,13750.4923387711,6.14,1.49,3.28
46130,1051965,13612.6281819836,13742.1553029809,8.49,2.35,0.860000000000001
46131,1051965,13614.5802338573,13732.0114184448,10.33,1.84,-0.510000000000001
46132,1051965,13616.7609384674,13720.6793344616,11.54,1.21,-0.630000000000001
46133,1051965,13619.2061999626,13707.9724742585,12.93,1.39,0.180000000000001
46134,1051965,13621.7100419109,13694.9611993211,13.26,0.33,-1.06
46135,1051965,13623.628079328,13684.9940717275,10.14,-3.12,-3.45
46136,1051965,13624.6825274843,13679.5146065085,5.58,-4.56,-1.44
46137,1051965,13625.4673695921,13675.4496844322,4.14,-1.44,3.12
46138,1051965,13637.732356092,13669.3127301293,6.22,2.08,3.52
46139,1051965,13645.8334015188,13670.9758485838,8.27,2.05,-0.0300000000000002
46140,1051965,13655.9327701221,13673.0492163305,10.31,2.04,-0.0099999999999989
46141,1051965,13667.5210854061,13675.4282600205,11.84,1.53,-0.510000000000002
46142,1051965,13676.1804858381,13677.2060069536,8.84,-3,-4.53
46143,1051965,13681.7346487849,13678.346258663,5.67,-3.17,-0.17
46144,1051965,13684.4480581963,13678.9033128491,2.77,-2.9,0.27
46145,1051965,13694.5748907335,13699.0828678445,4.29,1.52,4.42
46146,1051965,13696.0325168875,13704.9237347318,6.02,1.73,0.21
46147,1051965,13700.0122235767,13707.2505517121,7.53,1.51,-0.219999999999999
46148,1051965,13701.4356573273,13716.4385063204,9.4,1.87,0.359999999999999
46149,1051965,13700.4865392911,13727.3472952061,10.95,1.55,-0.320000000000001
46150,1051965,13699.3788015284,13740.0791967549,12.79,1.84,0.290000000000001
46151,1051965,13698.2320589149,13753.2594046963,13.22,0.430000000000001,-1.41
46152,1051965,13711.3364808997,13763.0462651731,13.53,0.309999999999999,-0.120000000000003
46153,1051965,13725.0812663215,13764.4798869283,13.82,0.290000000000001,-0.0199999999999978
46154,1051965,13738.316004599,13766.2303733538,13.36,-0.460000000000001,-0.750000000000002
46155,1051965,13757.7169297519,13768.6134045423,13.33,-0.0299999999999994,0.430000000000001
46156,1051965,13771.0684354423,13770.1531758882,13.44,0.109999999999999,0.139999999999999
46157,1051965,13784.7485419972,13770.3108701307,13.72,0.280000000000001,0.170000000000002
46158,1051965,13798.4555593544,13769.7141497848,13.72,0,-0.280000000000001
46159,1051965,13811.6930214522,13769.1378710251,13.25,-0.470000000000001,-0.470000000000001
46160,1051965,13825.0345540563,13767.6784486801,13.43,0.18,0.65
46161,1051965,13838.0948456448,13765.982075012,13.17,-0.26,-0.44
46162,1051965,13851.5622233994,13764.2373373844,13.58,0.41,0.67
46163,1051965,13865.0505120965,13762.9456067527,13.55,-0.0299999999999994,-0.44
46164,1051965,13878.1804403558,13761.6881951637,13.19,-0.360000000000001,-0.330000000000002
46165,1051965,13887.6570830419,13760.780647148,9.52,-3.67,-3.31
46166,1051965,13898.2605484802,13755.9117573256,7.78,-1.74,1.93
46167,1051965,13897.9347692777,13748.5725647736,7.4,-0.38,1.36
46168,1051965,13897.2412897951,13741.3055787266,7.31,-0.0900000000000007,0.289999999999999
46169,1051965,13896.4927119426,13733.461215706,7.88,0.57,0.660000000000001
46170,1051965,13895.7555337528,13725.7363099903,7.76,-0.12,-0.69
46171,1051965,13895.019305535,13718.02135905,7.75,-0.00999999999999979,0.11
46172,1051965,13894.2384286381,13709.8385336656,8.22,0.470000000000001,0.48
46173,1051965,13893.495550617,13702.0538992974,7.82,-0.4,-0.870000000000001
46174,1051965,13893.1269615221,13698.1914464396,3.88,-3.94,-3.54
46175,1051965,13892.9740160472,13696.5887275991,1.61,-2.27,1.67
