"V1","V2","V3","V4","V5","acceleration","jerk"
71713,105381,14348.9917061263,14270.2547885936,19.37,-0.220000000000002,0
71714,105381,14350.342546274,14251.1524921114,19.15,-0.220000000000002,0
71715,105381,14351.7018512163,14231.9304945546,19.27,0.120000000000001,0.340000000000003
71716,105381,14353.6185006204,14212.8685938116,19.16,-0.109999999999999,-0.23
71717,105381,14355.6589401503,14193.9080688577,19.08,-0.0800000000000018,0.0299999999999976
71718,105381,14357.6758402624,14175.1662809511,18.85,-0.229999999999997,-0.149999999999995
71719,105381,14359.6835343467,14156.1018041488,19.16,0.309999999999999,0.539999999999996
71720,105381,14361.631017781,14136.7696493731,19.43,0.27,-0.0399999999999991
71721,105381,14363.5544458357,14117.6762860099,19.2,-0.23,-0.5
71722,105381,14365.4568254333,14098.7918651327,18.98,-0.219999999999999,0.0100000000000016
71723,105381,14367.3992973301,14079.5094585679,19.38,0.399999999999999,0.619999999999997
71724,105381,14369.3197184624,14060.4459441313,19.16,-0.219999999999999,-0.619999999999997
71725,105381,14370.5452191871,14041.7075872122,18.79,-0.370000000000001,-0.150000000000002
71726,105381,14371.6918430797,14022.7522356289,18.99,0.199999999999999,0.57
71727,105381,14372.7565000433,14001.0103870334,18.52,-0.469999999999999,-0.669999999999998
71728,105381,14372.2854213421,13980.6258295239,20.39,1.87,2.34
71729,105381,14371.7810737184,13958.8016563787,21.83,1.44,-0.430000000000003
71730,105381,14371.2552399155,13936.0477314686,22.76,0.930000000000003,-0.509999999999994
71731,105381,14370.6929027116,13911.7142282915,24.33,1.57,0.639999999999993
71732,105381,14370.0956793459,13885.871128163,25.85,1.52,-0.0499999999999936
71733,105381,14373.1752679764,13830.7804370457,27.05,1.2,-0.320000000000004
71734,105381,14371.9377105212,13790.2722997844,27.77,0.719999999999999,-0.48
71735,105381,14371.4128419035,13763.0114133296,27.27,-0.5,-1.22
71736,105381,14372.6177781327,13735.9782535312,27.07,-0.199999999999999,0.300000000000001
71737,105381,14372.6740895732,13698.5869219568,27.57,0.5,0.699999999999999
71738,105381,14369.1752102621,13671.4112371712,27.4,-0.170000000000002,-0.670000000000002
71739,105381,14365.6839927304,13644.2950611844,27.34,-0.0599999999999987,0.110000000000003
71740,105381,14362.2374689126,13617.5260198573,27,-0.34,-0.280000000000001
71741,105381,14357.8829042185,13590.3867082942,27.51,0.510000000000002,0.850000000000001
71742,105381,14350.1204674709,13557.3327853214,27.57,0.0599999999999987,-0.450000000000003
71743,105381,14342.7139334896,13531.3270598427,27.04,-0.530000000000001,-0.59
71744,105381,14333.8818425772,13495.0717810474,27.24,0.199999999999999,0.73
71745,105381,14329.1506695677,13457.9979799315,27.58,0.34,0.140000000000001
71746,105381,14328.2686931795,13414.880496405,27.06,-0.52,-0.859999999999999
71747,105381,14329.2947797175,13379.1302616445,27.19,0.130000000000003,0.650000000000002
71748,105381,14330.3535975226,13351.5505788171,27.6,0.41,0.279999999999998
71749,105381,14331.910596242,13324.2772700391,27.32,-0.280000000000001,-0.690000000000001
71750,105381,14331.1664190187,13296.6740102049,27.53,0.210000000000001,0.490000000000002
