"V1","V2","V3","V4","V5","acceleration","jerk"
25852,1055446,14352.1944385921,14271.7115187465,18.74,-0.0399999999999991,0
25853,1055446,14353.5140622212,14253.0581385306,18.7,-0.0399999999999991,0
25854,1055446,14354.8365085746,14234.3648580362,18.74,0.0399999999999991,0.0799999999999983
25855,1055446,14356.6114132958,14215.8725282506,18.58,-0.16,-0.199999999999999
25856,1055446,14358.6641499817,14196.8026915419,19.18,0.600000000000001,0.760000000000002
25857,1055446,14360.6922709514,14177.9615337926,18.95,-0.23,-0.830000000000002
25858,1055446,14362.7069286759,14158.9983247072,19.07,0.120000000000001,0.350000000000001
25859,1055446,14364.5838943877,14140.3626090055,18.73,-0.34,-0.460000000000001
25860,1055446,14366.5069574955,14121.2692088818,19.19,0.460000000000001,0.800000000000001
25861,1055446,14368.3819189727,14102.6533925027,18.71,-0.48,-0.940000000000001
25862,1055446,14370.3140011362,14083.4704454269,19.27,0.559999999999999,1.04
25863,1055446,14372.2130134287,14064.6158371755,18.95,-0.32,-0.879999999999999
25864,1055446,14373.584779552,14046.0597242524,18.61,-0.34,-0.0199999999999996
25865,1055446,14374.7242368454,14027.2942869519,18.8,0.190000000000001,0.530000000000001
25866,1055446,14375.8776343078,14008.299272493,19.03,0.23,0.0399999999999991
25867,1055446,14375.7115351179,13986.0043728568,19.03,0,-0.23
25868,1055446,14375.2429595495,13965.72978687,20.28,1.25,1.25
25869,1055446,14374.7327944337,13943.6556814169,22.08,1.8,0.549999999999997
25870,1055446,14374.1928234755,13920.2919203463,23.37,1.29,-0.509999999999994
25871,1055446,14373.7845527511,13902.6266375856,17.67,-5.7,-6.99
25872,1055446,14373.4432874086,13887.8605806317,14.77,-2.9,2.8
25873,1055446,14376.956902147,13865.5102196479,11.04,-3.73,-0.829999999999998
25874,1055446,14377.0443959473,13858.1607404258,7.35,-3.69,0.0400000000000009
25875,1055446,14377.0852263874,13854.7309834556,3.43,-3.92,-0.23
25876,1055446,14377.1064153622,13852.9511095759,1.78,-1.65,2.27
25877,1055446,14377.1132005957,13852.3811499628,0.57,-1.21,0.44
25878,1055446,14377.1176050455,13852.0111761788,0.37,-0.2,1.01
25879,1055446,14377.1184383198,13851.9411811386,0.07,-0.3,-0.1
25880,1055446,14377.0594244563,13849.7008697045,2.18,2.11,2.41
25881,1055446,14376.4139866121,13828.881160794,4.13,1.95,-0.160000000000001
25882,1055446,14376.2403558056,13823.3638922359,5.53,1.4,-0.549999999999999
25883,1055446,14376.0255191374,13816.5372719003,6.82,1.29,-0.11
25884,1055446,14375.3538503555,13795.4307814975,8.38,1.56,0.27
25885,1055446,14375.1147666402,13785.3136060529,10.12,1.74,0.179999999999998
25886,1055446,14374.8341031484,13773.4369218353,11.88,1.76,0.0200000000000031
25887,1055446,14374.8539452238,13759.7743201733,13.67,1.79,0.0299999999999976
25888,1055446,14375.5141176725,13744.9590215824,14.83,1.16,-0.629999999999999
25889,1055446,14376.2584253828,13728.2555966033,16.72,1.89,0.729999999999999
25890,1055446,14376.2112041476,13700.2397822762,17.84,1.12,-0.769999999999998
25891,1055446,14373.7229731054,13680.8991849152,19.51,1.67,0.550000000000001
25892,1055446,14371.0446156913,13660.0807675507,20.99,1.48,-0.190000000000005
25893,1055446,14368.227172542,13638.181260385,22.08,1.09,-0.389999999999997
25894,1055446,14365.1966347342,13614.6254046248,23.75,1.67,0.580000000000002
25895,1055446,14361.4882165492,13591.4604176189,23.48,-0.27,-1.94
25896,1055446,14351.271430636,13561.6313645974,24.65,1.17,1.44
25897,1055446,14344.6052444183,13537.9523932661,24.6,-0.0499999999999972,-1.22
25898,1055446,14335.9463003471,13505.9800077198,23.01,-1.59,-1.54
25899,1055446,14332.2213123038,13483.1468391519,23.16,0.149999999999999,1.74
25900,1055446,14328.5170437208,13450.4946861024,23.08,-0.0800000000000018,-0.23
25901,1055446,14327.7675148,13413.4560946948,21.04,-2.04,-1.96
25902,1055446,14329.0822488972,13384.6661834873,20.14,-0.899999999999999,1.14
25903,1055446,14329.8882547698,13363.671649567,21.01,0.870000000000001,1.77
25904,1055446,14330.9219839504,13341.6674398709,22.04,1.03,0.159999999999997
25905,1055446,14332.0501260773,13318.6389962408,23.05,1.01,-0.019999999999996
25906,1055446,14331.0602108754,13295.0775391496,23.5,0.449999999999999,-0.560000000000002
25941,1055446,14213.1889212127,13275.536449579,5.68,-0.509142857142857,-0.027404081632653
25942,1055446,14218.285397445,13276.7967789066,5.25,-0.43,0.0791428571428574
25943,1055446,14228.2166123678,13278.8078242563,6.99,1.74,2.17
25944,1055446,14236.7808716741,13280.0919825541,8.66,1.67,-0.0700000000000003
25945,1055446,14246.9669999484,13281.6193301831,10.3,1.64,-0.0299999999999994
25946,1055446,14258.6761027414,13283.3750385255,11.84,1.54,-0.100000000000001
25947,1055446,14271.779617269,13285.3398303784,13.25,1.41,-0.129999999999999
25948,1055446,14285.1699256995,13287.3476252227,13.54,0.289999999999999,-1.12
25949,1055446,14298.7778019183,13289.3880430261,13.76,0.220000000000001,-0.0699999999999985
25950,1055446,14311.8022008865,13291.3409719848,13.16,-0.6,-0.82
25951,1055446,14324.8532796383,13293.6228896769,13.25,0.0899999999999999,0.69
25952,1055446,14337.9213464679,13295.9859447625,13.28,0.0299999999999994,-0.0600000000000005
25953,1055446,14351.2452640035,13298.3952644808,13.54,0.26,0.23
25954,1055446,14364.8545534804,13300.8561870587,13.83,0.290000000000001,0.0300000000000011
25955,1055446,14378.0407052512,13303.2405950517,13.4,-0.43,-0.720000000000001
25956,1055446,14390.9611659042,13305.576959003,13.13,-0.27,0.16
25957,1055446,14403.9898710867,13307.9328964528,13.24,0.109999999999999,0.379999999999999
