"V1","V2","V3","V4","V5","acceleration","jerk"
22084,1058769,14349.1165618475,14268.4891977438,19.01,0.0799999999999983,0
22085,1058769,14350.4638749974,14249.4367767093,19.09,0.0799999999999983,0
22086,1058769,14351.8118935468,14230.3743805853,19.11,0.0199999999999996,-0.0599999999999987
22087,1058769,14353.7297778679,14211.8345641339,18.64,-0.469999999999999,-0.489999999999998
22088,1058769,14355.7263484829,14193.2816854953,18.66,0.0199999999999996,0.489999999999998
22089,1058769,14357.738968701,14174.5796679609,18.81,0.149999999999999,0.129999999999999
22090,1058769,14359.7607120227,14155.3356817002,19.34,0.530000000000001,0.380000000000003
22091,1058769,14361.6871469999,14136.2124694104,19.23,-0.109999999999999,-0.640000000000001
22092,1058769,14363.5584550656,14117.6364874411,18.67,-0.559999999999999,-0.449999999999999
22093,1058769,14365.4798785053,14098.5630233623,19.17,0.5,1.06
22094,1058769,14367.4113250199,14079.3900628616,19.27,0.0999999999999979,-0.400000000000002
22095,1058769,14369.3227253848,14060.4160952047,19.07,-0.199999999999999,-0.299999999999997
22096,1058769,14370.55608766,14041.5279156333,18.93,-0.140000000000001,0.0599999999999987
22097,1058769,14371.6779555865,14022.9818159798,18.58,-0.350000000000001,-0.210000000000001
22098,1058769,14372.7604276244,14001.1803416571,18.58,0,0.350000000000001
22099,1058769,14372.3004385641,13981.2756560262,19.9,1.32,1.32
22100,1058769,14371.7984012822,13959.551456189,21.73,1.83,0.510000000000002
22101,1058769,14371.2642502487,13936.43762737,23.12,1.39,-0.440000000000001
22102,1058769,14370.6924406433,13911.6942336299,24.75,1.63,0.239999999999998
22103,1058769,14370.1003000296,13886.0710747791,25.63,0.879999999999999,-0.75
22104,1058769,14373.1996466854,13831.4700062435,26.57,0.940000000000001,0.0600000000000023
22105,1058769,14371.9578004667,13791.1120595084,27.62,1.05,0.109999999999999
22106,1058769,14371.378062038,13766.8789931866,24.24,-3.38,-4.43
22107,1058769,14372.1306383564,13746.9074023928,19.99,-4.25,-0.869999999999997
22108,1058769,14372.853332924,13730.6935005625,16.22,-3.77,0.48
22109,1058769,14373.4339821638,13717.6664346434,13.04,-3.18,0.59
22110,1058769,14362.0774269895,13710.2824135159,13.2,0.16,3.34
22111,1058769,14342.131588544,13711.7032551483,13.76,0.56,0.4
22112,1058769,14321.8600018314,13712.0333701668,13.63,-0.129999999999999,-0.69
22113,1058769,14308.6373331047,13711.2998104767,13.26,-0.370000000000001,-0.240000000000002
22114,1058769,14295.8344338993,13709.9873045004,12.87,-0.390000000000001,-0.0199999999999996
22115,1058769,14270.4383189699,13707.8889459792,12.87,0,0.390000000000001
22116,1058769,14257.1921354746,13706.6936958762,13.3,0.430000000000001,0.430000000000001
22117,1058769,14244.3244143649,13705.532595776,12.93,-0.370000000000001,-0.800000000000002
22118,1058769,14231.0782308696,13704.3373456729,13.29,0.359999999999999,0.73
22119,1058769,14217.5830589627,13703.1196284627,13.55,0.260000000000002,-0.0999999999999979
22120,1058769,14204.0797434807,13698.8301708606,13.84,0.289999999999999,0.0299999999999976
22121,1058769,14190.2307709849,13697.9026144944,13.89,0.0500000000000007,-0.239999999999998
22122,1058769,14176.4616196563,13696.9804042745,13.79,-0.100000000000001,-0.150000000000002
22123,1058769,14163.3565976936,13696.4987870507,13.13,-0.659999999999998,-0.559999999999997
22124,1058769,14151.2787185151,13697.0400213357,12.1,-1.03,-0.370000000000003
22125,1058769,14143.0969293943,13697.4066639159,8.19,-3.91,-2.88
22126,1058769,14138.3317115546,13697.620203001,4.77,-3.42,0.49
22127,1058769,14135.0949598145,13697.7652484173,3.24,-1.53,1.89
22128,1058769,14134.3457117265,13697.7988237452,0.74,-2.5,-0.970000000000001
22129,1058769,14134.0659924403,13697.8113585343,0.28,-0.46,2.04
22130,1058769,14133.9361227717,13697.8171782577,0.13,-0.15,0.31
22131,1058769,14133.8861728992,13697.8194166129,0.05,-0.08,0.07
22132,1058769,14133.8861728992,13697.8194166129,0,-0.05,0.03
22133,1058769,14133.8861728992,13697.8194166129,0,0,0.05
22134,1058769,14133.8861728992,13697.8194166129,0,0,0
22135,1058769,14133.8861728992,13697.8194166129,0,0,0
22136,1058769,14133.8861728992,13697.8194166129,0,0,0
22137,1058769,14124.0368584184,13702.4971531789,1.75,1.75,1.75
22138,1058769,14121.3230215959,13701.0406197256,3.08,1.33,-0.42
22139,1058769,14117.0319873993,13698.7375944276,4.88,1.8,0.47
22140,1058769,14110.5168463623,13695.7803480834,7.16,2.28,0.48
22141,1058769,14094.626754103,13691.4963921622,8.5,1.34,-0.94
22142,1058769,14084.6040356087,13689.9043758703,10.16,1.66,0.32
22143,1058769,14073.1195308819,13688.2019507823,11.6,1.44,-0.220000000000001
22144,1058769,14059.8544827866,13686.2355838201,13.41,1.81,0.370000000000001
22145,1058769,14044.2761525676,13687.2676776044,15.12,1.71,-0.100000000000001
22146,1058769,14028.1424776608,13684.8758929147,16.32,1.2,-0.509999999999998
22147,1058769,14010.5335367816,13681.1357068481,18.01,1.69,0.49
22148,1058769,13991.9892896705,13674.1879974092,19.85,1.84,0.149999999999999
22149,1058769,13973.3278582122,13663.7996473197,21.38,1.53,-0.310000000000002
22150,1058769,13954.1752399087,13651.0647656115,23,1.62,0.0900000000000034
22151,1058769,13938.1644231526,13640.4136407388,19.23,-3.77,-5.39
22152,1058769,13925.2325218996,13633.6863339582,14.58,-4.65,-0.880000000000001
22153,1058769,13915.4248432978,13628.618340954,11.04,-3.54,1.11
22154,1058769,13908.58000484,13624.5747427436,7.95,-3.09,0.450000000000002
22155,1058769,13904.1300592707,13622.3815072752,4.97,-2.98,0.109999999999999
22156,1058769,13895.9515057355,13626.1103345804,6.99,2.02,5
22157,1058769,13894.9833026847,13634.8425744851,8.82,1.83,-0.19
22158,1058769,13894.9742120441,13660.5484197044,11.02,2.2,0.369999999999999
22159,1058769,13895.2723040577,13673.2049097846,12.65,1.63,-0.569999999999999
22160,1058769,13887.9400167093,13691.9465403075,13.5,0.85,-0.780000000000001
22161,1058769,13874.7301891549,13692.0140383252,13.21,-0.289999999999999,-1.14
22162,1058769,13861.750358598,13692.0803611313,12.98,-0.23,0.0599999999999987
22163,1058769,13848.8605268663,13692.146224072,12.89,-0.0899999999999999,0.140000000000001
22164,1058769,13835.1707055778,13692.216174705,13.69,0.799999999999999,0.889999999999999
22165,1058769,13821.5208837673,13692.2859209534,13.65,-0.0399999999999991,-0.839999999999998
22166,1058769,13808.3210560823,13692.3533678748,13.21,-0.44,-0.4
22167,1058769,13795.1812276141,13692.4205082194,13.14,-0.0700000000000003,0.369999999999999
22168,1058769,13781.3314084143,13692.4912763908,13.84,0.699999999999999,0.77
22169,1058769,13764.4990071894,13702.7262890392,13.21,-0.629999999999999,-1.33
22170,1058769,13758.6912616178,13715.14539494,13.71,0.5,1.13
22171,1058769,13753.6099538974,13727.6869302195,13.59,-0.120000000000001,-0.620000000000001
22172,1058769,13750.5694107591,13741.1683061665,13.82,0.23,0.350000000000001
22173,1058769,13748.3605067715,13750.9623014275,10.04,-3.78,-4.01
22174,1058769,13747.5668970166,13757.940437219,7.03,-3.01,0.770000000000002
22175,1058769,13747.2075039514,13761.7033133297,3.78,-3.25,-0.240000000000002
22176,1058769,13740.3141995212,13769.8220112878,5.31,1.53,4.78
22177,1058769,13733.4339663102,13768.9131708386,6.94,1.63,0.100000000000001
22178,1058769,13724.5709569577,13767.7424167152,8.95,2.01,0.379999999999998
22179,1058769,13714.64642323,13766.6970558137,9.98,1.03,-0.979999999999998
22180,1058769,13707.542568095,13765.9795307473,7.14,-2.84,-3.87
22181,1058769,13703.4633235497,13765.5675065495,4.1,-3.04,-0.199999999999999
22182,1058769,13697.3955276547,13771.5098938644,5.99,1.89,4.93
22183,1058769,13697.457559024,13778.9696359584,7.46,1.47,-0.420000000000001
22184,1058769,13697.5333104683,13788.0793210089,9.11,1.65,0.18
22185,1058769,13697.6207031883,13798.5889576588,10.52,1.41,-0.239999999999999
22186,1058769,13694.4244768463,13811.0985262021,12.47,1.95,0.540000000000001
22187,1058769,13694.545546114,13825.658022836,14.56,2.09,0.139999999999999
22188,1058769,13694.6698583086,13840.6075059869,14.95,0.389999999999999,-1.7
22189,1058769,13689.7866776495,13862.8244298007,11.41,-3.54,-3.93
22190,1058769,13685.5337822691,13868.5842619194,7.16,-4.25,-0.710000000000001
22191,1058769,13682.600373645,13872.583786828,4.95,-2.21,2.04
22192,1058769,13669.4478254921,13878.1059267863,7.17,2.22,4.43
22193,1058769,13664.0870289769,13870.9866631589,8.88,1.71,-0.509999999999999
22194,1058769,13665.1020501227,13857.5988425878,10.86,1.98,0.269999999999998
22195,1058769,13666.0792897717,13845.0468267072,12.59,1.73,-0.249999999999998
22196,1058769,13667.1589882242,13831.1787932759,13.91,1.32,-0.41
22197,1058769,13668.3551171353,13815.8152853552,15.41,1.5,0.18
22198,1058769,13669.4107532931,13802.2563166517,13.6,-1.81,-3.31
22199,1058769,13668.6234194604,13785.9126837786,13.51,-0.0899999999999999,1.72
22200,1058769,13664.4916447653,13773.1488796158,13.47,-0.0399999999999991,0.0500000000000007
22201,1058769,13658.5843800825,13761.0356602935,13.56,0.0899999999999999,0.129999999999999
22202,1058769,13640.5869331375,13756.1830690703,13.31,-0.25,-0.34
22203,1058769,13630.7282928583,13756.6188066435,9.87,-3.44,-3.19
22204,1058769,13624.2192543787,13757.1416049518,6.53,-3.34,0.100000000000002
22205,1058769,13620.4214846073,13757.4466373491,3.81,-2.72,0.619999999999999
22206,1058769,13604.3012488555,13760.0725851954,6.02,2.21,4.93
22207,1058769,13596.8056879154,13760.3305894443,7.5,1.48,-0.729999999999999
22208,1058769,13587.5711568371,13760.648450679,9.24,1.74,0.26
22209,1058769,13576.7475451566,13761.0203755908,10.84,1.6,-0.140000000000001
22210,1058769,13564.1144870426,13761.4383009258,12.64,1.8,0.200000000000001
22211,1058769,13550.7740803758,13761.9391988381,13.35,0.709999999999999,-1.09
22212,1058769,13537.7151180898,13762.2839615865,13.06,-0.289999999999999,-0.999999999999998
22213,1058769,13524.0250058716,13761.7778690658,13.7,0.639999999999999,0.929999999999998
22214,1058769,13510.809152549,13761.4467785106,13.23,-0.469999999999999,-1.11
22215,1058769,13497.2334121465,13761.1066718737,13.58,0.35,0.819999999999999
22216,1058769,13484.2374898172,13760.7810911462,13,-0.58,-0.93
22217,1058769,13470.8316960913,13760.4452421035,13.41,0.41,0.99
22218,1058769,13457.2860014508,13760.1036944066,13.55,0.140000000000001,-0.27
22219,1058769,13444.0902165713,13759.7701356927,13.2,-0.350000000000001,-0.490000000000002
22220,1058769,13421.2763621226,13757.3172586822,13.01,-0.19,0.160000000000002
22221,1058769,13408.1591995761,13755.0597940135,13.31,0.300000000000001,0.49
