"V1","V2","V3","V4","V5","acceleration","jerk"
54286,105839,14402.4246072799,13323.9509472923,13.27,-0.279999999999999,0
54287,105839,14389.6121068543,13321.8108695265,12.99,-0.279999999999999,0
54288,105839,14376.4938423693,13319.6197198511,13.3,0.31,0.59
54289,105839,14363.6221618031,13317.4697571996,13.04,-0.260000000000002,-0.570000000000002
54290,105839,14350.5137606748,13315.2802550051,13.29,0.25,0.510000000000002
54291,105839,14337.4152229033,13313.0924002916,13.28,-0.00999999999999979,-0.26
54292,105839,14323.8333806507,13310.8238190111,13.77,0.49,0.5
54293,105839,14311.1392405061,13308.7035110169,12.87,-0.9,-1.39
54294,105839,14297.9716592373,13306.5041239366,13.35,0.48,1.38
54295,105839,14284.3503635577,13304.2289527323,13.81,0.460000000000001,-0.0199999999999996
54296,105839,14271.3603227105,13302.0592203093,13.17,-0.640000000000001,-1.1
54297,105839,14258.1236979444,13299.8483008623,13.43,0.26,0.9
54298,105839,14244.6306259026,13297.5945469105,13.68,0.25,-0.00999999999999979
54299,105839,14229.2578051979,13294.9347504576,12.92,-0.76,-1.01
54300,105839,14215.7185473676,13292.4799393846,13.76,0.84,1.6
54301,105839,14202.1399312296,13290.0179922329,13.8,0.0400000000000009,-0.799999999999999
54302,105839,14188.7974649375,13287.5988615535,13.56,-0.24,-0.280000000000001
54303,105839,14175.4353194916,13285.1761628346,13.58,0.0199999999999996,0.26
54304,105839,14162.2207676993,13282.780224411,13.43,-0.15,-0.17
54305,105839,14148.8586222534,13280.3575256921,13.58,0.15,0.300000000000001
54306,105839,14136.106530576,13278.0454361932,12.97,-0.609999999999999,-0.76
54331,105839,13827.3162085043,13293.4515732873,22.11,0.3656,0.039024
54332,105839,13820.5865464412,13311.9951357189,19.74,-2.37,-2.7356
54333,105839,13814.1672256865,13328.5115130774,17.72,-2.02,0.350000000000001
54334,105839,13809.2911502148,13341.0572489264,13.46,-4.26,-2.24
54335,105839,13803.5432882719,13356.6376943393,13.48,0.0199999999999996,4.28
54336,105839,13799.3481338503,13368.8259173181,12.89,-0.59,-0.609999999999999
54337,105839,13794.9219042046,13381.6854853949,13.6,0.709999999999999,1.3
54338,105839,13790.6811856543,13394.0060862803,13.03,-0.57,-1.28
54339,105839,13783.1050307666,13405.8811119275,13.7,0.67,1.24
54340,105839,13778.6063492208,13418.7147787142,13.59,-0.109999999999999,-0.779999999999999
54341,105839,13774.0803487083,13430.9227973642,13.02,-0.57,-0.460000000000001
54342,105839,13769.5369672414,13443.1776978064,13.07,0.0500000000000007,0.620000000000001
54343,105839,13764.7537286045,13456.0795669788,13.75,0.68,0.629999999999999
54344,105839,13761.1419662908,13465.821603367,10.39,-3.36,-4.04
54345,105839,13748.6964954445,13481.5660918838,6.41,-3.98,-0.620000000000001
54346,105839,13746.0094516931,13484.3511764208,3.87,-2.54,1.44
54347,105839,13744.3638977678,13486.0567708271,2.37,-1.5,1.04
54348,105839,13743.9264720409,13486.510156682,0.63,-1.74,-0.24
54349,105839,13743.7112308101,13486.733251309,0.31,-0.32,1.42
54350,105839,13743.614025093,13486.8340037212,0.14,-0.17,0.15
54351,105839,13743.56,13486.89,0.08,-0.06,0.11
54352,105839,13743.56,13486.89,0,-0.08,-0.02
54353,105839,13743.56,13486.89,0,0,0.08
54354,105839,13743.56,13486.89,0,0,0
54355,105839,13743.56,13486.89,0,0,0
54356,105839,13743.56,13486.89,0,0,0
54357,105839,13743.56,13486.89,0,0,0
54358,105839,13743.56,13486.89,0,0,0
54359,105839,13743.56,13486.89,0,0,0
54360,105839,13743.56,13486.89,0,0,0
54361,105839,13743.56,13486.89,0,0,0
54362,105839,13743.56,13486.89,0,0,0
54363,105839,13743.56,13486.89,0,0,0
54364,105839,13743.56,13486.89,0,0,0
54365,105839,13743.56,13486.89,0,0,0
54366,105839,13743.56,13486.89,0,0,0
54367,105839,13743.56,13486.89,0,0,0
54368,105839,13743.56,13486.89,0,0,0
54369,105839,13743.56,13486.89,0,0,0
54370,105839,13743.56,13486.89,0,0,0
54371,105839,13743.56,13486.89,0,0,0
54372,105839,13743.56,13486.89,0,0,0
54373,105839,13743.56,13486.89,0,0,0
54374,105839,13743.56,13486.89,0,0,0
54375,105839,13743.56,13486.89,0,0,0
54376,105839,13743.56,13486.89,0,0,0
54377,105839,13743.56,13486.89,0,0,0
54378,105839,13743.56,13486.89,0,0,0
54379,105839,13743.56,13486.89,0,0,0
54380,105839,13743.56,13486.89,0,0,0
54381,105839,13743.56,13486.89,0,0,0
54382,105839,13743.56,13486.89,0,0,0
54383,105839,13743.56,13486.89,0,0,0
54384,105839,13743.56,13486.89,0,0,0
54385,105839,13743.56,13486.89,0,0,0
54386,105839,13743.56,13486.89,0,0,0
54387,105839,13743.56,13486.89,0,0,0
54388,105839,13743.56,13486.89,0,0,0
54389,105839,13743.56,13486.89,0,0,0
54390,105839,13743.56,13486.89,0,0,0
54391,105839,13743.56,13486.89,0,0,0
54392,105839,13743.56,13486.89,0,0,0
54393,105839,13743.56,13486.89,0,0,0
54394,105839,13743.56,13486.89,0,0,0
54395,105839,13715.3469602327,13492.9208797307,2.31,2.31,2.31
54396,105839,13711.4087339255,13490.3924997144,4.71,2.4,0.0899999999999999
54397,105839,13707.7856991289,13487.4458882941,4.67,-0.04,-2.44
54398,105839,13705.9625445738,13485.9631180933,2.34,-2.33,-2.29
54399,105839,13705.4815420955,13485.5719191467,0.62,-1.72,0.61
54400,105839,13703.9313952498,13488.5631453327,0.06,-0.56,1.16
