"V1","V2","V3","V4","V5","acceleration","jerk"
26829,1058918,13823.059173606,13286.9666834705,13.08,0.18,0
26830,1058918,13819.2635164241,13299.6711445259,13.26,0.18,0
26831,1058918,13816.6854574707,13308.5858521505,9.28,-3.98,-4.16
26832,1058918,13813.6684617559,13319.0183655992,10.86,1.58,5.56
26833,1058918,13810.7514769487,13329.1050498728,10.5,-0.359999999999999,-1.94
26834,1058918,13808.4123329414,13337.1936100236,8.43,-2.07,-1.71
26835,1058918,13806.8232707417,13342.6884513612,5.72,-2.71,-0.64
26836,1058918,13805.8620547957,13346.0122539885,3.45,-2.27,0.44
26837,1058918,13805.6509206573,13346.7423378026,0.76,-2.69,-0.420000000000001
26838,1058918,13805.4,13347.61,0.91,0.15,2.84
26839,1058918,13805.4,13347.61,0.07,-0.84,-0.99
26840,1058918,13804.9004483912,13352.6947238334,1.78,1.71,2.55
26841,1058918,13803.7938909798,13355.9096158526,3.4,1.62,-0.0900000000000001
26842,1058918,13802.0591995083,13360.949431871,5.32,1.92,0.3
26843,1058918,13799.5466632682,13368.2491278676,7.72,2.4,0.479999999999999
26844,1058918,13796.4775937418,13377.1657254385,9.43,1.71,-0.69
26845,1058918,13793.8088376319,13384.9192885437,8.2,-1.23,-2.94
26846,1058918,13791.6152502928,13391.2923391935,6.74,-1.46,-0.229999999999999
26847,1058918,13788.8846571511,13399.2255580292,8.39,1.65,3.11
26848,1058918,13786.518577039,13406.0997536115,7.27,-1.12,-2.77
26849,1058918,13784.6406840202,13411.5556144794,5.77,-1.5,-0.379999999999999
26850,1058918,13783.0752307411,13416.1037411301,4.8,-0.97,0.53
26851,1058918,13781.879475799,13419.371702954,3.48,-1.32,-0.35
26852,1058918,13781.3198005654,13420.8812935055,1.61,-1.87,-0.55
26853,1058918,13780.7705540629,13422.3627550404,1.58,-0.03,1.84
26854,1058918,13780.5828369038,13422.8690773371,0.54,-1.04,-1.01
26855,1058918,13780.3951197447,13423.3753996339,0.54,0,1.04
26856,1058918,13780.3568810641,13423.478539361,0.11,-0.43,-0.43
26857,1058918,13780.336023602,13423.534797394,0.06,-0.05,0.38
26858,1058918,13780.3290711146,13423.5535500716,0.02,-0.04,0.01
26859,1058918,13780.3290711146,13423.5535500716,0,-0.02,0.02
26860,1058918,13780.3290711146,13423.5535500716,0,0,0.02
26861,1058918,13780.3290711146,13423.5535500716,0,0,0
26862,1058918,13780.3290711146,13423.5535500716,0,0,0
26863,1058918,13780.3290711146,13423.5535500716,0,0,0
26864,1058918,13780.3290711146,13423.5535500716,0,0,0
26865,1058918,13780.3290711146,13423.5535500716,0,0,0
26866,1058918,13780.3290711146,13423.5535500716,0,0,0
26867,1058918,13780.3290711146,13423.5535500716,0,0,0
26868,1058918,13780.3290711146,13423.5535500716,0,0,0
26869,1058918,13780.3290711146,13423.5535500716,0,0,0
26870,1058918,13780.3290711146,13423.5535500716,0,0,0
26871,1058918,13780.3290711146,13423.5535500716,0,0,0
26872,1058918,13780.3290711146,13423.5535500716,0,0,0
26873,1058918,13780.3290711146,13423.5535500716,0,0,0
26874,1058918,13780.3290711146,13423.5535500716,0,0,0
26875,1058918,13780.3290711146,13423.5535500716,0,0,0
26876,1058918,13780.3290711146,13423.5535500716,0,0,0
26877,1058918,13780.3290711146,13423.5535500716,0,0,0
26878,1058918,13780.3290711146,13423.5535500716,0,0,0
26879,1058918,13780.3290711146,13423.5535500716,0,0,0
26880,1058918,13780.3290711146,13423.5535500716,0,0,0
26881,1058918,13780.3290711146,13423.5535500716,0,0,0
26882,1058918,13780.3290711146,13423.5535500716,0,0,0
26883,1058918,13780.3290711146,13423.5535500716,0,0,0
26884,1058918,13780.3290711146,13423.5535500716,0,0,0
26885,1058918,13780.3290711146,13423.5535500716,0,0,0
26886,1058918,13780.3290711146,13423.5535500716,0,0,0
26887,1058918,13780.3290711146,13423.5535500716,0,0,0
26888,1058918,13780.3290711146,13423.5535500716,0,0,0
26889,1058918,13780.3290711146,13423.5535500716,0,0,0
26890,1058918,13780.3290711146,13423.5535500716,0,0,0
26891,1058918,13780.3290711146,13423.5535500716,0,0,0
26892,1058918,13780.3290711146,13423.5535500716,0,0,0
26893,1058918,13780.3290711146,13423.5535500716,0,0,0
26894,1058918,13780.3290711146,13423.5535500716,0,0,0
26895,1058918,13780.3290711146,13423.5535500716,0,0,0
26896,1058918,13780.3290711146,13423.5535500716,0,0,0
26897,1058918,13780.3290711146,13423.5535500716,0,0,0
26898,1058918,13780.3290711146,13423.5535500716,0,0,0
26899,1058918,13780.3290711146,13423.5535500716,0,0,0
26900,1058918,13780.3290711146,13423.5535500716,0,0,0
26901,1058918,13780.3290711146,13423.5535500716,0,0,0
26902,1058918,13780.3290711146,13423.5535500716,0,0,0
26903,1058918,13780.2178313167,13423.8535929142,0.31,0.31,0.31
26904,1058918,13780.1170202497,13424.1255067402,0.29,-0.02,-0.33
26905,1058918,13779.6581560831,13425.3631834656,1.32,1.03,1.05
26906,1058918,13778.9698598331,13427.2196985536,1.98,0.66,-0.37
26907,1058918,13778.3858508937,13428.7949234769,1.68,-0.3,-0.96
26908,1058918,13777.050973318,13432.3954375871,3.84,2.16,2.46
26909,1058918,13775.4623299531,13436.6804244318,4.57,0.73,-1.43
26910,1058918,13773.1853903382,13442.8219263645,6.55,1.98,1.25
26911,1058918,13770.5121589431,13450.0323309238,7.69,1.14,-0.839999999999999
26912,1058918,13767.0741539368,13459.3055300253,9.89,2.2,1.06
26913,1058918,13755.49325247,13493.0929754178,11.77,1.88,-0.320000000000001
26914,1058918,13759.5142564191,13505.7459496848,13.36,1.59,-0.289999999999999
26915,1058918,13769.7294052675,13520.4999601385,14.61,1.25,-0.34
26916,1058918,13781.6980230512,13531.6828304476,16.39,1.78,0.530000000000001
26917,1058918,13795.0576280164,13543.8965068374,18.11,1.72,-0.0600000000000023
26918,1058918,13810.4902325287,13555.6521317874,19.4,1.29,-0.43
26919,1058918,13827.0206202486,13568.2439816051,20.78,1.38,0.0900000000000034
26920,1058918,13844.9085564022,13581.2797154338,22.13,1.35,-0.0300000000000047
26921,1058918,13864.8936895676,13592.2761365209,22.92,0.790000000000003,-0.559999999999995
