"V1","V2","V3","V4","V5","acceleration","jerk"
19621,1061478,14402.1416808255,13995.9514438525,13.89,-0.790000000000001,0
19622,1061478,14389.0779062187,13994.9778972323,13.1,-0.790000000000001,0
19623,1061478,14376.1117476712,13994.0410676617,13,-0.0999999999999996,0.690000000000001
19624,1061478,14362.7738297783,13993.1154077449,13.37,0.369999999999999,0.469999999999999
19625,1061478,14349.0224479596,13991.855244796,13.81,0.440000000000001,0.0700000000000021
19626,1061478,14324.8466729651,13988.974169529,13.74,-0.0700000000000003,-0.510000000000002
19627,1061478,14311.1974673424,13987.1649514998,13.77,0.0299999999999994,0.0999999999999996
19628,1061478,14298.1996134817,13984.7379450177,13.23,-0.539999999999999,-0.569999999999999
19629,1061478,14284.5906585634,13982.1188347384,13.86,0.629999999999999,1.17
19630,1061478,14271.8696438227,13977.5812508634,13.55,-0.309999999999999,-0.939999999999998
19631,1061478,14259.2661525884,13973.0179657919,13.41,-0.140000000000001,0.169999999999998
19632,1061478,14246.9575023393,13968.8975860709,12.98,-0.43,-0.289999999999999
19633,1061478,14231.1491545974,13960.1487911839,12.42,-0.56,-0.130000000000001
19634,1061478,14219.8657464266,13956.4634689388,11.87,-0.550000000000001,0.00999999999999979
19635,1061478,14207.3275700345,13952.3683214735,13.19,1.32,1.87
19636,1061478,14192.2696215936,13947.2526199079,13.51,0.32,-1
19637,1061478,14179.3052095835,13945.1943448119,13.14,-0.369999999999999,-0.69
19638,1061478,14166.0282840567,13943.7067923211,13.36,0.219999999999999,0.589999999999998
19639,1061478,14152.9791132234,13942.2521306544,13.14,-0.219999999999999,-0.439999999999998
19640,1061478,14139.2143747588,13940.7177007928,13.85,0.709999999999999,0.929999999999998
19641,1061478,14126.1942655339,13937.992517867,13.31,-0.539999999999999,-1.25
19642,1061478,14113.3499311475,13934.8299160972,13.23,-0.0800000000000001,0.459999999999999
19643,1061478,14100.9375441393,13930.6448545667,13.14,-0.0899999999999999,-0.00999999999999979
19644,1061478,14089.3623834787,13923.3807184577,13.7,0.559999999999999,0.649999999999999
19645,1061478,14078.5615096318,13915.3319903506,13.47,-0.229999999999999,-0.789999999999997
19646,1061478,14066.7675220021,13909.3076584119,13.26,-0.210000000000001,0.0199999999999978
19647,1061478,14055.9596639658,13903.846634745,12.11,-1.15,-0.94
19648,1061478,14048.408099419,13900.3406996584,8.33,-3.78,-2.63
19649,1061478,14043.0667949117,13898.0041710025,5.82,-2.51,1.27
19650,1061478,14041.32,13896.23,2.77,-3.05,-0.54
19651,1061478,14041.32,13896.23,0.87,-1.9,1.15
19652,1061478,14041.32,13896.23,0.13,-0.74,1.16
19653,1061478,14041.32,13896.23,0.01,-0.12,0.62
19654,1061478,14041.32,13896.23,0,-0.01,0.11
19655,1061478,14041.32,13896.23,0,0,0.01
19656,1061478,14041.32,13896.23,0,0,0
19657,1061478,14041.32,13896.23,0,0,0
19658,1061478,14041.32,13896.23,0,0,0
19659,1061478,14041.32,13896.23,0,0,0
19660,1061478,14041.32,13896.23,0,0,0
19661,1061478,14041.32,13896.23,0,0,0
19662,1061478,14041.32,13896.23,0,0,0
19663,1061478,14041.32,13896.23,0,0,0
19664,1061478,14041.32,13896.23,0,0,0
19665,1061478,14041.32,13896.23,0,0,0
19666,1061478,14041.32,13896.23,0,0,0
19667,1061478,14041.32,13896.23,0,0,0
19668,1061478,14041.32,13896.23,0,0,0
19669,1061478,14041.32,13896.23,0,0,0
19670,1061478,14041.32,13896.23,0,0,0
19671,1061478,14041.32,13896.23,0,0,0
19672,1061478,14041.32,13896.23,0,0,0
19673,1061478,14041.32,13896.23,0,0,0
19674,1061478,14041.32,13896.23,0,0,0
19675,1061478,14041.32,13896.23,0,0,0
19676,1061478,14041.32,13896.23,0,0,0
19677,1061478,14041.32,13896.23,0,0,0
19678,1061478,14041.32,13896.23,0,0,0
19679,1061478,14041.32,13896.23,0,0,0
19680,1061478,14025.5101585752,13886.6753730178,2.03,2.03,2.03
19681,1061478,14021.5604671328,13886.7247441608,3.95,1.92,-0.109999999999999
19682,1061478,14015.7609202047,13886.7972384974,5.8,1.85,-0.0700000000000007
19683,1061478,14008.1203519595,13885.2074047888,7.86,2.06,0.210000000000001
19684,1061478,13998.7147628994,13882.6011633509,9.76,1.9,-0.160000000000001
19685,1061478,13987.5456258906,13879.5062516434,11.59,1.83,-0.0699999999999994
19686,1061478,13974.2916764439,13877.7070165286,13.39,1.8,-0.0299999999999994
19687,1061478,13961.3350776944,13878.6929437314,13.06,-0.33,-2.13
19688,1061478,13939.02216824,13879.0704090774,12.96,-0.0999999999999996,0.23
19689,1061478,13925.2157874073,13878.6523756798,13.82,0.859999999999999,0.959999999999999
19690,1061478,13912.0742817402,13876.3596853816,13.34,-0.48,-1.34
19691,1061478,13898.5334405778,13874.0977706281,13.74,0.4,0.880000000000001
19692,1061478,13879.5374638133,13873.1611260528,13.25,-0.49,-0.890000000000001
19693,1061478,13866.0939706136,13871.2902456985,13.58,0.33,0.82
19694,1061478,13855.9474259003,13873.5479383267,13.63,0.0500000000000007,-0.279999999999999
19695,1061478,13842.152726412,13872.1046325672,13.87,0.239999999999998,0.189999999999998
19696,1061478,13828.4231566696,13871.2384302451,13.77,-0.0999999999999996,-0.339999999999998
19697,1061478,13815.2250789019,13871.0131676487,13.21,-0.559999999999999,-0.459999999999999
19698,1061478,13802.1148997114,13871.5825171347,13.13,-0.0800000000000001,0.479999999999999
19699,1061478,13788.8729935172,13872.4306876731,13.27,0.139999999999999,0.219999999999999
19700,1061478,13775.9813187671,13874.3242615795,13.03,-0.24,-0.379999999999999
19701,1061478,13762.5291107764,13876.569693961,13.64,0.610000000000001,0.850000000000001
19702,1061478,13763.9919804335,13890.8638325481,13.27,-0.370000000000001,-0.980000000000002
19703,1061478,13771.020392558,13902.7979819945,13.85,0.58,0.950000000000001
19704,1061478,13777.6733769191,13914.8454191861,13.76,-0.0899999999999999,-0.67
19705,1061478,13783.5827394629,13926.6376002534,13.19,-0.57,-0.48
19706,1061478,13789.7922743271,13939.0287776297,13.86,0.67,1.24
19707,1061478,13794.5564598207,13951.1539110126,13.1,-0.76,-1.43
19708,1061478,13798.0599610071,13963.890848613,13.21,0.110000000000001,0.870000000000001
19709,1061478,13802.6536197874,13986.6069298136,12.86,-0.350000000000001,-0.460000000000003
19710,1061478,13803.9313042979,13999.4133509488,12.86,0,0.350000000000001
19711,1061478,13805.2139526177,14012.2695250798,12.92,0.0600000000000005,0.0600000000000005
19712,1061478,13806.5005719849,14025.1655016076,12.96,0.0400000000000009,-0.0199999999999996
19713,1061478,13807.7792492572,14037.9818733419,12.88,-0.0800000000000001,-0.120000000000001
19714,1061478,13808.8742707373,14051.5930957911,13.66,0.779999999999999,0.859999999999999
19715,1061478,13809.4664863072,14065.1701860802,13.59,-0.0700000000000003,-0.85
19716,1061478,13810.8347327286,14078.8019866841,13.72,0.130000000000001,0.200000000000001
19717,1061478,13812.010601889,14102.815143509,13.48,-0.24,-0.370000000000001
19718,1061478,13811.7682473693,14116.2029978782,13.4,-0.0800000000000001,0.16
19719,1061478,13812.5590022015,14129.6597845227,13.48,0.0800000000000001,0.16
19720,1061478,13813.4596649723,14143.3960950581,13.77,0.289999999999999,0.209999999999999
19721,1061478,13815.5413130624,14156.6941528572,13.46,-0.309999999999999,-0.599999999999998
19722,1061478,13818.1594075578,14169.5170069515,13.09,-0.370000000000001,-0.0600000000000023
19723,1061478,13820.7764633646,14182.3415424687,13.09,0,0.370000000000001
19724,1061478,13822.2175288742,14191.977036036,9.76,-3.33,-3.33
19725,1061478,13822.4290449808,14197.382899606,5.4,-4.36,-1.03
19726,1061478,13822.5580658961,14200.6803764601,3.3,-2.1,2.26
19727,1061478,13814.5700129791,14207.2513797694,4.65,1.35,3.45
19728,1061478,13807.8135307415,14209.0816660239,7,2.35,0.999999999999999
19729,1061478,13799.6864478215,14211.2832389187,8.42,1.42,-0.93
19730,1061478,13789.8566650923,14214.1054598614,10.24,1.82,0.4
19731,1061478,13779.0062752583,14217.6990570077,11.42,1.18,-0.640000000000001
19732,1061478,13766.9787652673,14221.6825107122,12.67,1.25,0.0700000000000003
19733,1061478,13753.9260215912,14226.005516903,13.76,1.09,-0.16
19734,1061478,13734.9384863902,14232.0714600549,13.57,-0.19,-1.28
19735,1061478,13720.4795071523,14242.5219894742,10.94,-2.63,-2.44
19736,1061478,13714.6857064772,14247.06087411,7.35,-3.59,-0.959999999999999
19737,1061478,13711.2062772674,14249.7866716766,4.43,-2.92,0.67
19738,1061478,13702.5813756713,14259.3093268899,5.71,1.28,4.2
19739,1061478,13704.5370338264,14266.9118199797,7.85,2.14,0.859999999999999
19747,1061478,13687.9236859545,14264.6447073427,10.99,0.3925,-0.2184375
19748,1061478,13681.8145840602,14253.3984284814,12.8,1.81,1.4175
19749,1061478,13671.5978570444,14244.4566510009,13.89,1.09,-0.720000000000001
19750,1061478,13662.6226680727,14240.6107426956,9.77,-4.12,-5.21
19751,1061478,13647.3989236532,14238.9224994283,8.12,-1.65,2.47
