"V1","V2","V3","V4","V5","acceleration","jerk"
28680,1061888,14212.9638767458,13276.1818477345,13.47,-0.270000000000001,0
28681,1061888,14227.1683312056,13278.650640908,13.2,-0.270000000000001,0
28682,1061888,14240.6179763056,13280.667332923,13.6,0.4,0.670000000000002
28683,1061888,14254.0577319607,13282.6825420763,13.59,-0.00999999999999979,-0.41
28684,1061888,14267.6853870694,13284.7259256032,13.79,0.199999999999999,0.209999999999999
28685,1061888,14280.6108915883,13286.6640259441,13.07,-0.719999999999999,-0.919999999999998
28686,1061888,14293.5561749971,13288.6050920085,13.09,0.0199999999999996,0.739999999999998
28687,1061888,14307.0058200971,13290.6217840235,13.6,0.51,0.49
28688,1061888,14319.9133929301,13292.729626384,13.08,-0.52,-1.03
28689,1061888,14333.4734803482,13295.1816519171,13.78,0.699999999999999,1.22
28690,1061888,14346.6989937661,13297.5731775459,13.44,-0.34,-1.04
28691,1061888,14359.3931249484,13299.8686150914,12.9,-0.539999999999999,-0.199999999999999
28692,1061888,14373.0024144253,13302.3295376693,13.83,0.93,1.47
28693,1061888,14386.149204549,13304.7068280265,13.36,-0.470000000000001,-1.4
28694,1061888,14399.3648775552,13307.0965742463,13.42,0.0600000000000005,0.530000000000001
