"V1","V2","V3","V4","V5","acceleration","jerk"
52815,"1063097#1",14344.4580779068,13290.298175241,22.68,1.31,0
52816,"1063097#1",14344.4746317685,13314.5895277235,23.99,1.31,0
52817,"1063097#1",14344.1155552949,13339.4545045162,24.88,0.890000000000001,-0.419999999999998
52818,"1063097#1",14343.3156056525,13365.4474196971,26.01,1.13,0.240000000000002
52819,"1063097#1",14342.5078520534,13391.9651200899,26.53,0.52,-0.610000000000003
52820,"1063097#1",14336.4171901507,13433.4479807765,27.13,0.599999999999998,0.0799999999999983
52821,"1063097#1",14340.5431162613,13460.3136434359,27.43,0.300000000000001,-0.299999999999997
52822,"1063097#1",14343.5357139645,13487.4338637196,27.31,-0.120000000000001,-0.420000000000002
52823,"1063097#1",14349.3011373143,13514.1626330817,27.36,0.0500000000000007,0.170000000000002
52824,"1063097#1",14356.8045737184,13540.376290441,27.27,-0.0899999999999999,-0.140000000000001
52825,"1063097#1",14364.2805362616,13566.4402318365,27.12,-0.149999999999999,-0.0599999999999987
52826,"1063097#1",14370.3689579484,13592.9500624917,27.2,0.0799999999999983,0.229999999999997
52827,"1063097#1",14375.6256084266,13616.8077012525,24.43,-2.77,-2.85
52828,"1063097#1",14378.8530626212,13636.9509288755,20.43,-4,-1.23
52829,"1063097#1",14380.7088268075,13654.1410492731,17.29,-3.14,0.859999999999999
52830,"1063097#1",14382.1792703791,13667.7619081191,13.7,-3.59,-0.449999999999999
52831,"1063097#1",14383.3105459444,13678.241021421,10.54,-3.16,0.43
52832,"1063097#1",14384.2035452522,13686.512959056,8.32,-2.22,0.940000000000001
52833,"1063097#1",14384.9183740249,13693.134486057,6.66,-1.66,0.559999999999999
52834,"1063097#1",14385.5859768728,13699.3185548178,6.22,-0.44,1.22
52835,"1063097#1",14386.0496495902,13703.613599359,4.32,-1.9,-1.46
52836,"1063097#1",14381.971495813,13707.4718631058,2.35,-1.97,-0.0700000000000007
52837,"1063097#1",14368.2142221969,13706.5827816108,3.91,1.56,3.53
52838,"1063097#1",14362.4458988946,13706.9499958263,5.78,1.87,0.31
52839,"1063097#1",14348.7007887604,13707.880236928,7.49,1.71,-0.16
52840,"1063097#1",14333.3800000733,13708.7397348067,8.95,1.46,-0.250000000000001
52841,"1063097#1",14322.9100016712,13708.7339502772,10.47,1.52,0.0600000000000023
52842,"1063097#1",14310.6471674398,13708.2022549725,12.29,1.82,0.299999999999997
52843,"1063097#1",14297.1289900399,13706.8069127977,13.59,1.3,-0.519999999999998
52844,"1063097#1",14272.0130290094,13704.715204615,12.89,-0.699999999999999,-2
52845,"1063097#1",14258.6371901321,13703.5102837335,13.43,0.539999999999999,1.24
52846,"1063097#1",14245.6398187734,13702.3394559223,13.05,-0.379999999999999,-0.919999999999998
52847,"1063097#1",14232.463173327,13701.1524787619,13.24,0.19,0.569999999999999
52848,"1063097#1",14219.5952776983,13699.9933143695,12.92,-0.32,-0.51
52849,"1063097#1",14206.3346914519,13698.9811994909,13.3,0.380000000000001,0.700000000000001
52850,"1063097#1",14193.2539976897,13698.1050997819,13.12,-0.180000000000001,-0.560000000000002
52851,"1063097#1",14180.0136615933,13697.2183077805,13.27,0.15,0.330000000000002
52852,"1063097#1",14166.6632792552,13696.3506079371,13.38,0.110000000000001,-0.0399999999999991
52853,"1063097#1",14154.0259615044,13696.9169118003,12.66,-0.720000000000001,-0.830000000000002
52854,"1063097#1",14144.7153052643,13697.3341412077,9.32,-3.34,-2.62
52855,"1063097#1",14139.1808593877,13697.5821509628,5.54,-3.78,-0.44
52856,"1063097#1",14136.0639873416,13697.7218243266,3.11,-2.43,1.35
52857,"1063097#1",14123.5874893342,13702.2559739383,4.45,1.34,3.77
52858,"1063097#1",14117.9747813604,13699.2435979325,6.36,1.91,0.57
52859,"1063097#1",14110.8753572719,13695.9338730901,7.84,1.48,-0.430000000000001
52860,"1063097#1",14094.3124247516,13691.4364166767,9.21,1.37,-0.109999999999999
52861,"1063097#1",14083.4664662344,13689.7357463396,10.98,1.77,0.399999999999999
52862,"1063097#1",14070.52785109,13687.817768721,13.08,2.1,0.33
52863,"1063097#1",14055.5910706098,13685.603589666,15.1,2.02,-0.0800000000000001
52864,"1063097#1",14039.5167207553,13683.2207810803,16.26,1.16,-0.859999999999998
52865,"1063097#1",14022.2390514815,13680.4237335084,17.51,1.25,0.0899999999999981
52866,"1063097#1",14004.2825859771,13675.6398062807,18.6,1.09,-0.16
52867,"1063097#1",13986.120352352,13667.4084953821,19.99,1.39,0.299999999999997
52868,"1063097#1",13967.9478433402,13656.2715681399,21.34,1.35,-0.0399999999999956
52869,"1063097#1",13949.9826957679,13644.3154035079,21.58,0.239999999999998,-1.11
52870,"1063097#1",13934.9178545609,13634.9898510464,17.74,-3.84,-4.08
52871,"1063097#1",13922.1612147848,13628.3960856865,14.36,-3.38,0.460000000000001
52872,"1063097#1",13912.8368323415,13623.2592577567,10.65,-3.71,-0.33
52873,"1063097#1",13907.418958167,13620.2401145868,6.21,-4.44,-0.730000000000001
52874,"1063097#1",13903.9087831337,13618.7079359956,3.83,-2.38,2.06
52875,"1063097#1",13896.7271192161,13600.9558856833,5.47,1.64,4.02
52876,"1063097#1",13897.9025194297,13593.9042137424,7.15,1.68,0.0400000000000009
52877,"1063097#1",13898.7309643676,13578.2643156187,8.53,1.38,-0.300000000000002
52878,"1063097#1",13898.0225621095,13567.9085169416,10.38,1.85,0.470000000000002
52879,"1063097#1",13897.2083772407,13556.0063321422,11.92,1.54,-0.310000000000002
52880,"1063097#1",13896.2768077973,13542.3881575813,13.65,1.73,0.190000000000001
52881,"1063097#1",13895.8333045889,13526.8313141745,15.6,1.95,0.219999999999999
52882,"1063097#1",13897.4123010541,13509.3625314418,17.54,1.94,-0.00999999999999979
52883,"1063097#1",13898.9669416025,13492.2029823272,17.24,-0.300000000000001,-2.24
52884,"1063097#1",13901.4329929167,13479.052203228,13.38,-3.86,-3.56
52885,"1063097#1",13903.2207879651,13469.5183798153,9.7,-3.68,0.179999999999996
52886,"1063097#1",13902.4021692259,13457.2358409776,8.3,-1.4,2.28
52887,"1063097#1",13900.8051576983,13449.8586743862,7.56,-0.740000000000001,0.659999999999997
52888,"1063097#1",13900.3161456007,13441.888879033,8.02,0.46,1.2
52889,"1063097#1",13901.5575417111,13433.9719757381,8.03,0.00999999999999979,-0.45
52890,"1063097#1",13903.5091040524,13426.7717671002,7.47,-0.56,-0.569999999999999
52891,"1063097#1",13907.3416534462,13419.8085302879,8.08,0.61,1.17
52892,"1063097#1",13911.8042399254,13413.9431895548,7.37,-0.71,-1.32
52893,"1063097#1",13915.93552533,13407.5871126544,7.67,0.3,1.01
52894,"1063097#1",13917.9257089863,13400.1901694334,7.66,-0.00999999999999979,-0.31
52895,"1063097#1",13920.0769780037,13392.1945180144,8.28,0.619999999999999,0.629999999999999
52896,"1063097#1",13922.0463764521,13384.8748274641,7.59,-0.69,-1.31
52897,"1063097#1",13924.1200604663,13376.951772355,8.19,0.6,1.29
52898,"1063097#1",13926.086430559,13369.3623725989,7.84,-0.35,-0.949999999999999
52899,"1063097#1",13929.0542271433,13361.9229264195,8,0.16,0.51
52900,"1063097#1",13931.7314833771,13355.2284212803,7.22,-0.78,-0.94
52901,"1063097#1",13934.731792721,13347.726118711,8.08,0.86,1.64
52902,"1063097#1",13936.4123319315,13339.717840587,8.26,0.18,-0.680000000000001
52903,"1063097#1",13937.1954014813,13331.8265984743,7.92,-0.34,-0.52
52904,"1063097#1",13937.9221848214,13324.5025704858,7.37,-0.55,-0.21
52905,"1063097#1",13938.7299413053,13316.3625502486,8.18,0.81,1.36
52906,"1063097#1",13939.5416476986,13308.1827255114,8.22,0.0400000000000009,-0.769999999999999
52907,"1063097#1",13941.371652999,13294.280411445,7.28,-0.94,-0.980000000000001
52908,"1063097#1",13942.7027587707,13285.1974296975,9.19,1.91,2.85
