"V1","V2","V3","V4","V5","acceleration","jerk"
26909,1063595,14396.7926305725,13323.0102356647,13.79,-0.399999999999999,0
26910,1063595,14383.5855958766,13320.8042586606,13.39,-0.399999999999999,0
26911,1063595,14370.2010207591,13318.5686269993,13.57,0.18,0.579999999999998
26912,1063595,14356.9939860633,13316.3626499952,13.39,-0.18,-0.359999999999999
26913,1063595,14344.2603924917,13314.2357520771,12.91,-0.48,-0.300000000000001
26914,1063595,14331.2802150012,13312.0676671351,13.16,0.25,0.73
26915,1063595,14318.1718138729,13309.8781649406,13.29,0.129999999999999,-0.120000000000001
26916,1063595,14305.250816523,13307.7199648844,13.11,-0.18,-0.309999999999999
26917,1063595,14291.767607838,13305.4678584134,13.67,0.56,0.74
26918,1063595,14278.6098899259,13303.2701188142,13.33,-0.34,-0.9
26919,1063595,14265.9058864246,13301.148163339,12.88,-0.449999999999999,-0.109999999999999
26920,1063595,14252.2648640315,13298.8696971727,13.83,0.949999999999999,1.4
26921,1063595,14239.4227735356,13296.7246769641,13.02,-0.81,-1.76
26922,1063595,14223.7014673288,13294.5908142884,13.2,0.18,0.99
26923,1063595,14208.541161635,13292.6820106659,15.28,2.08,1.9
26924,1063595,14191.8429977065,13290.5795784037,16.83,1.55,-0.530000000000001
26925,1063595,14173.4283855548,13288.2610315953,18.56,1.73,0.180000000000001
26926,1063595,14153.3568551761,13285.7338655428,20.23,1.67,-0.0599999999999987
26927,1063595,14132.0837462259,13285.5222711793,21.48,1.25,-0.420000000000002
26928,1063595,14112.2910245468,13293.3103035628,21.36,-0.120000000000001,-1.37
26929,1063595,14097.4672755055,13309.7195183191,22.22,0.859999999999999,0.98
26930,1063595,14093.3883917413,13329.2089125472,20.07,-2.15,-3.01
26931,1063595,14096.222232103,13345.7088204735,17.05,-3.02,-0.870000000000001
26932,1063595,14103.4294615962,13356.8807416918,13.41,-3.64,-0.620000000000001
26933,1063595,14114.65,13365.22,14.65,1.24,4.88
26934,1063595,14140.9580264775,13376.2400592221,12.86,-1.79,-3.03
26935,1063595,14153.7353859663,13380.2103847119,13.38,0.520000000000001,2.31
26936,1063595,14166.7705845479,13384.2608288775,13.64,0.26,-0.260000000000002
26937,1063595,14179.4307557235,13387.9069341741,13.18,-0.460000000000001,-0.720000000000001
26938,1063595,14192.7114165504,13391.188160774,13.68,0.5,0.960000000000001
26939,1063595,14205.3707599117,13394.3158796967,13.04,-0.640000000000001,-1.14
26940,1063595,14218.2064064832,13388.7349726336,13.52,0.48,1.12
26941,1063595,14221.2074484439,13375.6035352732,13.47,-0.0499999999999989,-0.529999999999999
26942,1063595,14224.1683873939,13362.6475736904,13.3,-0.17,-0.120000000000001
26943,1063595,14227.0780836082,13349.9158311569,13.06,-0.24,-0.0700000000000003
26944,1063595,14231.5146218971,13327.8727488339,13.28,0.219999999999999,0.459999999999999
26945,1063595,14233.6503461726,13314.9480174317,13.1,-0.18,-0.399999999999999
26946,1063595,14235.7931785138,13301.973782709,13.16,0.0600000000000005,0.24
26947,1063595,14238.0455841945,13288.3182977798,13.83,0.67,0.609999999999999
26948,1063595,14240.1775577795,13275.3929471605,13.1,-0.73,-1.4
