"V1","V2","V3","V4","V5","acceleration","jerk"
54729,"1066289#1",14211.4124352117,13275.0971347848,3.25,-1.73,0
54730,"1066289#1",14212.8879864256,13275.462030133,1.52,-1.73,0
54731,"1066289#1",14215.7323055419,13276.1654139292,2.93,1.41,3.14
54732,"1066289#1",14219.2173245274,13277.0272391265,3.6,0.67,-0.74
54733,"1066289#1",14227.4749039983,13278.6966096231,5.28,1.68,1.01
54734,"1066289#1",14233.9524904252,13279.6678840862,6.55,1.27,-0.410000000000001
54735,"1066289#1",14242.5760864011,13280.9609395546,8.72,2.17,0.900000000000001
54736,"1066289#1",14253.217129142,13282.5564988253,10.75,2.03,-0.140000000000001
54737,"1066289#1",14265.8855080928,13284.45604476,12.81,2.06,0.0300000000000011
54738,"1066289#1",14279.4340476421,13286.4875653928,13.71,0.9,-1.16
54739,"1066289#1",14292.2408788219,13288.4078713924,12.94,-0.770000000000001,-1.67
54740,"1066289#1",14305.4531772437,13290.3889747248,13.36,0.42,1.19
54741,"1066289#1",14318.9982346356,13292.5641413516,13.73,0.370000000000001,-0.0499999999999989
54742,"1066289#1",14331.9186952886,13294.900505303,13.13,-0.6,-0.970000000000001
54743,"1066289#1",14344.868677177,13297.2422074812,13.16,0.0299999999999994,0.629999999999999
54744,"1066289#1",14357.8973823595,13299.598144931,13.24,0.0800000000000001,0.0500000000000007
54745,"1066289#1",14371.565714307,13302.0697439626,13.89,0.65,0.57
54746,"1066289#1",14384.7321852543,13304.4505931377,13.38,-0.51,-1.16
54747,"1066289#1",14397.7116883779,13306.7976335427,13.19,-0.190000000000001,0.319999999999999
