"V1","V2","V3","V4","V5","acceleration","jerk"
20446,1067941,14344.4585587896,13289.6881754306,24,0.890000000000001,0
20447,1067941,14344.4828125012,13314.8894161621,24.89,0.890000000000001,0
20448,1067941,14344.0965393263,13339.7839561711,24.92,0.0300000000000011,-0.859999999999999
20449,1067941,14343.2952062966,13366.1171090776,26.34,1.42,1.39
20450,1067941,14342.4521344097,13393.7942716813,27.69,1.35,-0.0699999999999967
20451,1067941,14340.4327941639,13434.0486178535,27.66,-0.0300000000000011,-1.38
20452,1067941,14343.857984996,13460.7466525417,27.07,-0.59,-0.559999999999999
20453,1067941,14346.9930197048,13488.0513659812,27.51,0.440000000000001,1.03
20454,1067941,14352.7912008264,13514.5073344049,27.09,-0.420000000000002,-0.860000000000003
20455,1067941,14360.4647226165,13541.1307838395,27.71,0.620000000000001,1.04
20456,1067941,14367.8204511108,13567.1540729282,27.05,-0.66,-1.28
20457,1067941,14373.9844420206,13593.9338342428,27.48,0.43,1.09
20458,1067941,14379.8293720282,13620.5802734679,27.28,-0.199999999999999,-0.629999999999999
20459,1067941,14383.3099785824,13647.6432891,27.31,0.0299999999999976,0.229999999999997
20460,1067941,14386.2290950561,13674.6157872975,27.13,-0.18,-0.209999999999997
20461,1067941,14389.1578952926,13701.6777630046,27.22,0.0899999999999999,0.27
20462,1067941,14390.1471671093,13736.6875764776,27.77,0.550000000000001,0.460000000000001
20463,1067941,14390.5147832565,13763.7750820543,27.09,-0.68,-1.23
20464,1067941,14390.889184493,13791.3625415915,27.58,0.489999999999998,1.17
20465,1067941,14391.2589718688,13818.6100324356,27.25,-0.329999999999998,-0.819999999999997
20466,1067941,14390.7143551216,13851.5595261454,27.28,0.0300000000000011,0.359999999999999
20467,1067941,14390.4180282683,13878.3378866328,26.78,-0.5,-0.530000000000001
20468,1067941,14390.1357542569,13903.8463248716,25.51,-1.27,-0.77
20469,1067941,14389.8929831158,13925.7849816713,21.94,-3.57,-2.3
20470,1067941,14389.6736702617,13945.6037682606,19.81,-2.13,1.44
20471,1067941,14389.4653119852,13964.4326154592,18.83,-0.98,1.15
20472,1067941,14389.2469231892,13983.6889015951,19.26,0.430000000000003,1.41
20473,1067941,14389.030636202,14002.6976711487,19.02,-0.240000000000002,-0.670000000000005
20474,1067941,14388.8194691067,14021.256469829,18.56,-0.460000000000001,-0.219999999999999
20475,1067941,14388.6088708883,14039.7652717457,18.51,-0.0499999999999972,0.410000000000004
20476,1067941,14388.3941767563,14058.6340503609,18.87,0.359999999999999,0.409999999999997
20477,1067941,14386.8357724187,14077.6369495522,19.07,0.199999999999999,-0.16
20478,1067941,14385.1818588963,14096.6551689762,19.09,0.0199999999999996,-0.18
20479,1067941,14383.5634668272,14115.264930047,18.68,-0.41,-0.43
20480,1067941,14381.9537385273,14133.7750671292,18.58,-0.100000000000001,0.309999999999999
20481,1067941,14380.2816310897,14153.0024969292,19.3,0.720000000000002,0.820000000000004
20482,1067941,14378.6167309687,14171.8691421673,18.94,-0.359999999999999,-1.08
20483,1067941,14376.8673237611,14191.0194025943,19.23,0.289999999999999,0.649999999999999
20484,1067941,14375.1251943786,14210.0899947512,19.15,-0.0800000000000018,-0.370000000000001
20485,1067941,14373.4066703798,14228.9518582617,18.94,-0.209999999999997,-0.129999999999995
20486,1067941,14371.8090593876,14247.3927839195,18.51,-0.43,-0.220000000000002
20487,1067941,14370.1674299401,14266.3418063945,19.02,0.509999999999998,0.939999999999998
