"V1","V2","V3","V4","V5","acceleration","jerk"
58414,1070104,13901.57,13592.13,0,1.45,0
58415,1070104,13901.3163672302,13593.5576450603,1.45,1.45,0
58416,1070104,13900.8108508821,13596.4030893528,2.89,1.44,-0.00999999999999979
58417,1070104,13900.0887014544,13600.7326148232,4.39,1.5,0.0599999999999994
58418,1070104,13896.1114518807,13625.2755188938,5.93,1.54,0.0400000000000005
58419,1070104,13895.0128244023,13632.3627502034,7.19,1.26,-0.279999999999999
58420,1070104,13894.8696679255,13656.1096506715,9.05,1.86,0.6
58421,1070104,13895.1152524202,13666.5367590077,10.43,1.38,-0.480000000000001
58422,1070104,13895.4069870213,13678.9233239441,12.39,1.96,0.580000000000002
58423,1070104,13882.8600830245,13691.9724971531,12.86,0.469999999999999,-1.49
58424,1070104,13869.7702539036,13692.0393820169,13.09,0.23,-0.239999999999998
58425,1070104,13856.840422694,13692.1054493422,12.93,-0.16,-0.390000000000001
58426,1070104,13843.160601275,13692.175348879,13.67,0.74,0.9
58427,1070104,13830.2007704571,13692.2415694929,12.96,-0.709999999999999,-1.45
58428,1070104,13816.4209503435,13692.3119799912,13.78,0.819999999999999,1.53
58429,1070104,13803.5011190034,13692.3779962204,12.92,-0.859999999999999,-1.68
58430,1070104,13789.9412960179,13692.4472826034,13.56,0.640000000000001,1.5
58431,1070104,13776.1614759044,13692.5176931017,13.78,0.219999999999999,-0.420000000000002
58432,1070104,13753.1379832504,13690.66478704,12.98,-0.799999999999999,-1.02
58433,1070104,13740.1096414304,13689.2038252264,13.11,0.129999999999999,0.929999999999998
58434,1070104,13726.4651614008,13687.6737713972,13.73,0.620000000000001,0.490000000000002
58435,1070104,13717.024333995,13686.6151034163,9.5,-4.23,-4.85
58436,1070104,13710.5548827937,13685.8896372526,6.51,-2.99,1.24
58437,1070104,13706.6195484224,13685.4483398627,3.96,-2.55,0.44
58438,1070104,13705.4667737076,13685.3190709303,1.15,-2.81,-0.26
58439,1070104,13704.9599503416,13685.2622371755,0.51,-0.64,2.17
58440,1070104,13704.8307600719,13685.24775014,0.13,-0.38,0.26
58441,1070104,13704.8208223588,13685.2466357526,0.01,-0.12,0.26
58442,1070104,13704.8208223588,13685.2466357526,0,-0.01,0.11
58443,1070104,13704.8208223588,13685.2466357526,0,0,0.01
58444,1070104,13704.8208223588,13685.2466357526,0,0,0
58445,1070104,13704.8208223588,13685.2466357526,0,0,0
58446,1070104,13704.8208223588,13685.2466357526,0,0,0
58447,1070104,13704.8208223588,13685.2466357526,0,0,0
58448,1070104,13704.8208223588,13685.2466357526,0,0,0
58449,1070104,13704.8208223588,13685.2466357526,0,0,0
58450,1070104,13704.8208223588,13685.2466357526,0,0,0
58451,1070104,13704.8208223588,13685.2466357526,0,0,0
58452,1070104,13704.8208223588,13685.2466357526,0,0,0
58453,1070104,13704.8208223588,13685.2466357526,0,0,0
58454,1070104,13704.8208223588,13685.2466357526,0,0,0
58455,1070104,13704.8208223588,13685.2466357526,0,0,0
58456,1070104,13704.8208223588,13685.2466357526,0,0,0
58457,1070104,13704.8208223588,13685.2466357526,0,0,0
58458,1070104,13704.8208223588,13685.2466357526,0,0,0
58459,1070104,13704.8208223588,13685.2466357526,0,0,0
58460,1070104,13704.8208223588,13685.2466357526,0,0,0
58461,1070104,13704.8208223588,13685.2466357526,0,0,0
58462,1070104,13704.8208223588,13685.2466357526,0,0,0
58463,1070104,13704.8208223588,13685.2466357526,0,0,0
58464,1070104,13704.8208223588,13685.2466357526,0,0,0
58465,1070104,13704.8208223588,13685.2466357526,0,0,0
58466,1070104,13703.1214734258,13685.0560755161,1.71,1.71,1.71
58467,1070104,13700.8854879876,13684.8053383627,2.25,0.54,-1.17
58468,1070104,13685.1696474322,13682.4267720306,4.52,2.27,1.73
58469,1070104,13678.6459514928,13681.0862529927,6.66,2.14,-0.129999999999999
58470,1070104,13670.5452059345,13679.4216745478,8.27,1.61,-0.530000000000001
58471,1070104,13661.1808616131,13677.4974460189,9.56,1.29,-0.319999999999999
58472,1070104,13649.9162214776,13675.1827359685,11.51,1.95,0.659999999999998
58473,1070104,13641.7664992231,13673.5080935669,8.31,-3.2,-5.15
58474,1070104,13636.4868113682,13672.4231990302,5.39,-2.92,0.279999999999998
58475,1070104,13628.4111960629,13677.6051223284,7.17,1.78,4.7
58476,1070104,13626.7631801869,13686.1679748713,8.72,1.55,-0.23
58477,1070104,13624.826005562,13696.2332545233,10.25,1.53,-0.0200000000000014
58478,1070104,13622.5845527765,13707.8795195645,11.86,1.61,0.0800000000000001
58479,1070104,13619.9877938159,13721.3719041907,13.73,1.87,0.260000000000002
58480,1070104,13617.7236619128,13733.1360066522,11.98,-1.75,-3.62
58481,1070104,13615.8696440523,13742.7692157631,9.81,-2.17,-0.42
58482,1070104,13614.7999456741,13748.327214088,5.66,-4.15,-1.98
58483,1070104,13614.1724900882,13751.5873827167,3.33,-2.33,1.82
58484,1070104,13603.8914915241,13760.0866894276,5.49,2.16,4.49
58485,1070104,13596.1160963089,13760.3543258352,7.78,2.29,0.13
58486,1070104,13586.6517013618,13760.6800992002,9.48,1.7,-0.59
58487,1070104,13575.1784552047,13761.0738239103,11.48,2,0.3
58488,1070104,13562.2652164746,13761.4902467282,12.92,1.44,-0.56
58489,1070104,13548.7657358738,13762.020760846,13.52,0.6,-0.84
58490,1070104,13534.9976946528,13762.1655983152,13.77,0.25,-0.35
58491,1070104,13521.1259155058,13761.7052395189,13.88,0.110000000000001,-0.139999999999999
58492,1070104,13507.33024411,13761.3596230543,13.8,-0.0800000000000001,-0.190000000000001
58493,1070104,13493.8444754775,13761.0217704379,13.49,-0.31,-0.23
58494,1070104,13480.1887601684,13760.6796602273,13.66,0.17,0.48
58495,1070104,13466.3031211184,13760.3316261945,13.89,0.23,0.0600000000000005
58496,1070104,13454.6168540547,13760.0362245759,11.7,-2.19,-2.42
58497,1070104,13441.5910148896,13759.7069616939,13.03,1.33,3.52
58498,1070104,13418.5366392166,13756.8457521624,13.3,0.270000000000001,-1.06
58499,1070104,13405.0548372905,13754.5255330288,13.68,0.379999999999999,0.109999999999998
