"V1","V2","V3","V4","V5","acceleration","jerk"
42392,1071857,14348.7645674696,14273.4667674277,18.97,0.190000000000001,0
42393,1071857,14350.1161130168,14254.3544958559,19.16,0.190000000000001,0
42394,1071857,14351.4775341578,14235.1025730305,19.31,0.149999999999999,-0.0400000000000027
42395,1071857,14353.2440098834,14216.3485013804,18.84,-0.469999999999999,-0.619999999999997
42396,1071857,14355.2972890957,14197.26866531,19.19,0.350000000000001,0.82
42397,1071857,14357.2992095784,14178.6660737061,18.71,-0.48,-0.830000000000002
42398,1071857,14359.26456982,14160.2607545844,18.51,-0.199999999999999,0.280000000000001
42399,1071857,14361.1378825007,14141.6648733307,18.69,0.18,0.379999999999999
42400,1071857,14363.0011721065,14123.1684884989,18.59,-0.100000000000001,-0.280000000000001
42401,1071857,14364.9476532333,14103.8462833654,19.42,0.830000000000002,0.930000000000003
42402,1071857,14366.8911274376,14084.5539271584,19.39,-0.0300000000000011,-0.860000000000003
42403,1071857,14368.805534725,14065.5501105749,19.1,-0.289999999999999,-0.259999999999998
42404,1071857,14370.2300334725,14046.9180630029,18.69,-0.41,-0.120000000000001
42405,1071857,14371.386922034,14027.793021595,19.15,0.459999999999997,0.869999999999997
42406,1071857,14372.5220736497,14009.027323345,18.81,-0.34,-0.799999999999997
42407,1071857,14372.4323590831,13986.9841319153,18.8,-0.00999999999999801,0.330000000000002
42408,1071857,14371.9610493477,13966.589577075,20.39,1.59,1.6
42409,1071857,14371.4550844847,13944.6954226141,21.9,1.51,-0.0800000000000018
42410,1071857,14370.9207024171,13921.5715964643,23.13,1.23,-0.279999999999998
42411,1071857,14370.354437632,13897.0681386636,24.51,1.38,0.150000000000002
42412,1071857,14373.7229320042,13860.0006174463,25.65,1.14,-0.240000000000006
42413,1071857,14372.7204966809,13816.4876790152,26.91,1.26,0.120000000000005
42414,1071857,14371.6067047516,13776.4362586172,27.31,0.399999999999999,-0.860000000000003
42415,1071857,14372.0478156887,13748.7655575009,27.69,0.380000000000003,-0.019999999999996
42416,1071857,14373.2790236244,13721.1429829102,27.65,-0.0400000000000027,-0.420000000000005
42417,1071857,14370.8339855267,13684.2948921116,27.14,-0.509999999999998,-0.469999999999995
42418,1071857,14367.286581612,13656.7423182669,27.78,0.640000000000001,1.15
42419,1071857,14363.8170724556,13629.7947505434,27.18,-0.600000000000001,-1.24
42420,1071857,14360.2862690632,13602.3711124294,27.65,0.469999999999999,1.07
42421,1071857,14354.6977746778,13575.749244381,27.21,-0.439999999999998,-0.909999999999997
42422,1071857,14346.0793140391,13543.1161146715,27.37,0.16,0.599999999999998
42423,1071857,14336.2177403163,13507.0253403669,27.3,-0.0700000000000003,-0.23
42424,1071857,14331.7689419303,13479.8981838847,27.52,0.219999999999999,0.289999999999999
42425,1071857,14327.9027716515,13443.2205765469,27.09,-0.43,-0.649999999999999
42426,1071857,14328.830204224,13391.2313471169,27.32,0.23,0.66
42427,1071857,14329.8897892884,13363.6316790122,27.62,0.300000000000001,0.0700000000000003
42428,1071857,14331.2528539916,13336.4278764334,27.23,-0.390000000000001,-0.690000000000001
42429,1071857,14331.9974977402,13309.1663962123,27.18,-0.0500000000000007,0.34
42430,1071857,14330.1667348697,13281.6472263972,27.58,0.399999999999999,0.449999999999999
