"V1","V2","V3","V4","V5","acceleration","jerk"
64992,1071819,13446.8040117598,13286.8045703979,12.95,0.59,0
64993,1071819,13447.4978140722,13300.336796318,13.54,0.59,0
64994,1071819,13448.1829118538,13313.6992452339,13.38,-0.159999999999998,-0.749999999999998
64995,1071819,13448.8593051045,13326.8919171456,13.21,-0.17,-0.0100000000000016
64996,1071819,13449.5413306988,13340.1944447659,13.32,0.109999999999999,0.279999999999999
64997,1071819,13449.8484744281,13351.4256611847,11.24,-2.08,-2.19
64998,1071819,13449.7978374381,13358.8554886319,7.43,-3.81,-1.73
64999,1071819,13449.7742568209,13362.3154082775,3.46,-3.97,-0.159999999999999
65000,1071819,13454.35697587,13370.6083694162,5.01,1.55,5.52
65001,1071819,13461.0188422456,13371.9212427511,6.78,1.77,0.220000000000001
65002,1071819,13469.6724006304,13373.6266246088,8.82,2.04,0.27
65003,1071819,13480.5236881289,13375.7651193192,11.07,2.25,0.21
65004,1071819,13493.4353466713,13378.3096573291,13.16,2.09,-0.16
65005,1071819,13508.397564967,13381.2583050989,15.25,2.09,0
65006,1071819,13525.2533623651,13384.5801259963,17.18,1.93,-0.16
65007,1071819,13538.9499241624,13387.2793471679,13.96,-3.22,-5.15
65008,1071819,13549.5264955216,13389.3637027717,10.78,-3.18,0.0399999999999974
65009,1071819,13556.6298699781,13390.763585385,7.25,-3.53,-0.349999999999998
65010,1071819,13561.28,13391.68,4.74,-2.51,1.02
65011,1071819,13570.6753676753,13393.5824052257,6.7,1.96,4.47
65012,1071819,13578.7858865832,13395.279682929,8.29,1.59,-0.370000000000001
65013,1071819,13588.3187343631,13398.3659773422,10.02,1.73,0.140000000000001
65014,1071819,13607.4760612587,13404.8152029803,11.77,1.75,0.0199999999999996
65015,1071819,13620.1637549947,13410.4026386973,13.91,2.14,0.390000000000001
65016,1071819,13633.1396775085,13417.9674146304,15.01,1.1,-1.04
65017,1071819,13647.0313442209,13426.0660562419,16.09,1.08,-0.0199999999999996
65018,1071819,13661.6314168229,13434.5776882837,16.89,0.800000000000001,-0.279999999999999
65019,1071819,13673.8211815811,13441.6841455684,14.11,-2.78,-3.58
65020,1071819,13683.3673828978,13447.249443442,11.05,-3.06,-0.279999999999998
65021,1071819,13692.544960053,13452.9783111687,10.84,-0.210000000000001,2.85
65022,1071819,13700.3075092154,13459.3457620323,10.05,-0.789999999999999,-0.579999999999998
65023,1071819,13707.783988339,13465.4785558423,9.66,-0.390000000000001,0.399999999999999
65024,1071819,13712.9332490383,13469.7023828096,6.66,-3,-2.61
65025,1071819,13720.3836397771,13478.4337137144,6.17,-0.49,2.51
65026,1071819,13722.6320983499,13482.809880307,4.91,-1.26,-0.77
65027,1071819,13727.6099276193,13513.7857037624,6.63,1.72,2.98
65028,1071819,13725.7148035328,13522.4099373339,8.83,2.2,0.48
65029,1071819,13723.5084756043,13532.4503814014,10.28,1.45,-0.750000000000001
65030,1071819,13720.6796005673,13544.2432152113,12.13,1.85,0.400000000000002
65031,1071819,13717.1205997744,13557.7315810632,13.95,1.82,-0.0300000000000029
65032,1071819,13713.0666555022,13573.0957483312,15.89,1.94,0.120000000000003
65033,1071819,13709.699131091,13589.6590682821,16.94,1.05,-0.890000000000001
65034,1071819,13707.4716120434,13607.7121638309,18.19,1.25,0.199999999999999
65035,1071819,13705.0273415548,13627.521937726,19.96,1.77,0.52
65036,1071819,13701.65894661,13648.3158799878,21.13,1.17,-0.600000000000001
65037,1071819,13690.6895251815,13699.7296824511,19.4,-1.73,-2.9
65038,1071819,13690.2650989383,13720.9301625816,21.24,1.84,3.57
65039,1071819,13691.593717639,13743.8457057663,23.05,1.81,-0.0299999999999976
65040,1071819,13689.5277749413,13767.8871029963,24.13,1.08,-0.730000000000004
65041,1071819,13688.7010807862,13793.6164679442,25.77,1.64,0.560000000000002
65042,1071819,13688.9045468098,13820.7557052507,27.14,1.37,-0.27
65043,1071819,13689.1098870599,13848.1449355316,27.39,0.25,-1.12
65044,1071819,13685.2565505566,13874.5243814736,27.21,-0.18,-0.43
65045,1071819,13675.3680349517,13899.9879412321,27.35,0.140000000000001,0.32
65046,1071819,13667.6959971524,13923.4662255818,24.7,-2.65,-2.79
65047,1071819,13662.2516085328,13945.5999834503,22.83,-1.87,0.780000000000001
65048,1071819,13658.2313741699,13965.5999263419,20.4,-2.43,-0.559999999999999
65049,1071819,13654.4456534782,13984.4332058981,19.21,-1.19,1.24
65050,1071819,13655.2459483282,14004.6225670407,18.96,-0.25,0.939999999999998
65051,1071819,13658.3185574944,14023.6460255305,19.26,0.300000000000001,0.550000000000001
65052,1071819,13663.8720149702,14043.4394085457,16.61,-2.65,-2.95
65053,1071819,13664.6393059792,14057.6286778894,14.21,-2.4,0.250000000000004
65054,1071819,13665.1592927785,14067.2446288943,9.63,-4.58,-2.18
65055,1071819,13662.267787335,14074.7938623747,7.38,-2.25,2.33
65056,1071819,13662.7904739618,14084.4597404357,9.68,2.3,4.55
65057,1071819,13663.1911283804,14091.868915561,7.42,-2.26,-4.56
65058,1071819,13663.4735303492,14097.0912856291,5.23,-2.19,0.0700000000000003
65059,1071819,13663.5836833161,14099.1283095179,2.05,-3.18,-0.990000000000001
65060,1071819,13663.6349800408,14100.0769235839,0.95,-1.1,2.08
65061,1071819,13663.6484791789,14100.3265588644,0.24,-0.71,0.39
65062,1071819,13663.6490191444,14100.3365442756,0.01,-0.23,0.48
65063,1071819,13663.6490191444,14100.3365442756,0,-0.01,0.22
65064,1071819,13663.6490191444,14100.3365442756,0,0,0.01
65065,1071819,13663.6490191444,14100.3365442756,0,0,0
65066,1071819,13663.6490191444,14100.3365442756,0,0,0
65067,1071819,13663.6490191444,14100.3365442756,0,0,0
65068,1071819,13663.6490191444,14100.3365442756,0,0,0
65069,1071819,13663.6490191444,14100.3365442756,0,0,0
65070,1071819,13663.6490191444,14100.3365442756,0,0,0
65071,1071819,13663.6490191444,14100.3365442756,0,0,0
65072,1071819,13663.6490191444,14100.3365442756,0,0,0
65073,1071819,13663.6490191444,14100.3365442756,0,0,0
65074,1071819,13663.6490191444,14100.3365442756,0,0,0
65075,1071819,13663.6490191444,14100.3365442756,0,0,0
65076,1071819,13663.6490191444,14100.3365442756,0,0,0
65077,1071819,13663.6490191444,14100.3365442756,0,0,0
65078,1071819,13663.7003158692,14101.2851583415,0.95,0.95,0.95
65079,1071819,13663.7678115596,14102.533334744,1.25,0.3,-0.65
65080,1071819,13663.9389806306,14105.6987101007,3.17,1.92,1.62
65081,1071819,13664.1430875985,14109.4731955419,3.78,0.61,-1.31
65082,1071819,13664.3668621342,14114.8281068003,5.36,1.58,0.970000000000001
65083,1071819,13664.5675194677,14121.7151843108,6.89,1.53,-0.0500000000000012
65084,1071819,13668.516760764,14140.8571122249,8.37,1.48,-0.0499999999999998
65085,1071819,13672.1170922587,14150.2364923655,10.06,1.69,0.210000000000002
65086,1071819,13675.546513773,14161.7664883948,12.03,1.97,0.279999999999998
65087,1071819,13679.3982639933,14174.9034637027,13.69,1.66,-0.309999999999999
65088,1071819,13683.5848266872,14189.1823674705,14.88,1.19,-0.469999999999999
65089,1071819,13687.2958993977,14201.8395409045,13.19,-1.69,-2.88
65090,1071819,13693.8130145229,14224.4685292104,14.53,1.34,3.03
65091,1071819,13702.3541475616,14247.8273593702,12.55,-1.98,-3.32
65092,1071819,13708.3372974086,14268.4361939793,14.55,2,3.98
