"V1","V2","V3","V4","V5","acceleration","jerk"
54411,"1071090#1",13775.69,13689.22,0,2.52,0
54412,"1071090#1",13778.2099671093,13689.2071249038,2.52,2.52,0
54413,"1071090#1",13783.0199043298,13689.1825498193,4.82,2.3,-0.22
54414,"1071090#1",13790.2498099648,13689.1456105551,7.22,2.4,0.0999999999999992
54415,"1071090#1",13799.249692498,13689.0996280686,9,1.78,-0.619999999999999
54416,"1071090#1",13810.0395516683,13689.0445001765,10.79,1.79,0.0099999999999989
54417,"1071090#1",13822.229392566,13688.9822194531,12.2,1.41,-0.379999999999999
54418,"1071090#1",13835.859214669,13688.9125815318,13.63,1.43,0.0200000000000014
54419,"1071090#1",13849.1690409486,13688.8445785434,13.31,-0.32,-1.75
54420,"1071090#1",13861.5788789749,13688.7811738037,12.4,-0.91,-0.59
54421,"1071090#1",13874.378711911,13688.7157764895,12.8,0.4,1.31
54422,"1071090#1",13885.1885708203,13688.6605464141,10.81,-1.99,-2.39
54423,"1071090#1",13892.143720911,13680.5613686943,8.96,-1.85,0.140000000000001
54424,"1071090#1",13891.9594162012,13672.7335381025,7.83,-1.13,0.719999999999999
54425,"1071090#1",13891.7767591708,13664.9756881163,7.76,-0.0700000000000003,1.06
54426,"1071090#1",13891.5943375232,13657.2278353594,7.75,-0.00999999999999979,0.0600000000000005
54427,"1071090#1",13891.651508919,13637.3901818398,5.03,-2.72,-2.71
54428,"1071090#1",13891.6975604159,13633.4004476055,3.99,-1.04,1.68
54429,"1071090#1",13891.7204130384,13631.4205794893,1.99,-2,-0.96
54430,"1071090#1",13891.8317639334,13630.060321887,1.36,-0.63,1.37
54431,"1071090#1",13891.9185537574,13629.6085835486,0.46,-0.9,-0.27
54432,"1071090#1",13892.2128844648,13628.0766013572,1.56,1.1,2
54433,"1071090#1",13892.7449438205,13625.3072489343,2.82,1.26,0.16
54434,"1071090#1",13904.2899579473,13615.2776379117,4.46,1.64,0.38
54435,"1071090#1",13909.945594716,13617.743945423,6.18,1.72,0.0799999999999996
54436,"1071090#1",13917.1191028738,13621.9558335163,8.32,2.14,0.420000000000001
54437,"1071090#1",13925.5602640686,13626.4386219806,9.56,1.24,-0.9
54438,"1071090#1",13935.2061874485,13631.4281873073,10.87,1.31,0.0699999999999985
54439,"1071090#1",13945.8164534157,13637.5754336503,12.28,1.41,0.100000000000001
54440,"1071090#1",13957.0037798696,13645.0237439833,13.44,1.16,-0.25
54441,"1071090#1",13969.1566791423,13653.1149144343,14.6,1.16,0
54442,"1071090#1",13982.6671038715,13661.8735281868,16.11,1.51,0.35
54443,"1071090#1",13998.0709688089,13669.9626614138,17.4,1.29,-0.220000000000001
54444,"1071090#1",14016.3341134248,13675.7004070272,19.17,1.77,0.480000000000004
54445,"1071090#1",14036.7915251279,13679.4862012267,20.81,1.64,-0.130000000000006
54446,"1071090#1",14059.1571818694,13682.8012424817,22.62,1.81,0.170000000000005
54447,"1071090#1",14082.719762302,13686.2936919595,23.81,1.19,-0.620000000000005
54448,"1071090#1",14113.7057270028,13693.5635348577,23.01,-0.799999999999997,-1.98999999999999
54449,"1071090#1",14131.2570330146,13712.0033130709,20.99,-2.02,-1.22000000000001
54450,"1071090#1",14137.4370053109,13731.0490545296,20.05,-0.939999999999998,1.08000000000001
54451,"1071090#1",14141.695748828,13748.9083015366,18.35,-1.7,-0.760000000000002
54452,"1071090#1",14148.5169748562,13775.7054593412,18.96,0.609999999999999,2.31
54453,"1071090#1",14153.6695343002,13794.3775784275,19.37,0.41,-0.199999999999999
54454,"1071090#1",14171.4365466416,13821.4479390864,20.58,1.21,0.799999999999997
54455,"1071090#1",14186.2576279637,13841.9142918292,19.69,-0.889999999999997,-2.09999999999999
54456,"1071090#1",14194.72,13855.39,16.16,-3.53,-2.64
54457,"1071090#1",14210.1350456002,13885.2488120837,14.24,-1.92,1.61
54458,"1071090#1",14214.9932471769,13897.7907568069,13.45,-0.790000000000001,1.13
54459,"1071090#1",14234.386257183,13919.6986207693,13.59,0.140000000000001,0.930000000000001
54460,"1071090#1",14245.5538558761,13927.1524641915,13.44,-0.15,-0.290000000000001
54461,"1071090#1",14256.2314405349,13934.7061166004,13.08,-0.359999999999999,-0.209999999999999
54462,"1071090#1",14267.001502666,13941.9657801336,12.98,-0.0999999999999996,0.26
54463,"1071090#1",14278.6268372912,13948.9266776945,13.56,0.58,0.68
54464,"1071090#1",14290.2034276778,13954.7342578802,12.95,-0.610000000000001,-1.19
54465,"1071090#1",14302.8207147857,13959.8503248447,13.64,0.690000000000001,1.3
54466,"1071090#1",14315.331987801,13964.0896818169,13.21,-0.43,-1.12
54467,"1071090#1",14328.0876613678,13967.3376709477,13.18,-0.0300000000000011,0.399999999999999
54468,"1071090#1",14341.3343112333,13970.2359234106,13.56,0.380000000000001,0.410000000000002
54469,"1071090#1",14354.3749310574,13972.2750378273,13.2,-0.360000000000001,-0.740000000000002
54470,"1071090#1",14367.8602960212,13973.7463966054,13.58,0.380000000000001,0.740000000000002
54471,"1071090#1",14380.9966743673,13974.5345361542,13.15,-0.43,-0.81
54472,"1071090#1",14394.7319757383,13975.3586091171,13.77,0.619999999999999,1.05
