"V1","V2","V3","V4","V5","acceleration","jerk"
26696,1072351,14348.8964771864,14271.6014256824,18.94,-0.18,0
26697,1072351,14350.2198067514,14252.8881576925,18.76,-0.18,0
26698,1072351,14351.5325553231,14234.3245160458,18.61,-0.150000000000002,0.0299999999999976
26699,1072351,14353.3156981102,14215.6823476458,18.73,0.120000000000001,0.270000000000003
26700,1072351,14355.3550676665,14196.731765285,19.06,0.329999999999998,0.209999999999997
26701,1072351,14357.4062069318,14177.6718144007,19.17,0.110000000000003,-0.219999999999995
26702,1072351,14359.4219320944,14158.6986607605,19.08,-0.0900000000000034,-0.200000000000006
26703,1072351,14361.3193001546,14139.8639880943,18.93,-0.149999999999999,-0.0599999999999952
26704,1072351,14363.2246866747,14120.9497182905,19.01,0.0800000000000018,0.23
26705,1072351,14365.1330801172,14102.0055995602,19.05,0.0399999999999991,-0.0400000000000027
26706,1072351,14367.0745497065,14082.7331426376,19.36,0.309999999999999,0.27
26707,1072351,14369.0190262183,14063.4308367884,19.4,0.0399999999999991,-0.27
26708,1072351,14370.3773616609,14044.4825149322,19,-0.399999999999999,-0.439999999999998
26709,1072351,14371.5203627293,14025.5870538752,18.92,-0.0799999999999983,0.32
26710,1072351,14372.6494763044,14006.9211731691,18.7,-0.220000000000002,-0.140000000000004
26711,1072351,14372.3877694856,13985.0546470701,18.63,-0.0700000000000003,0.150000000000002
26712,1072351,14371.9280114594,13965.15995877,19.89,1.26,1.33
26713,1072351,14371.4439948439,13944.2155507355,20.96,1.07,-0.190000000000001
26714,1072351,14371.0029505866,13925.1306462306,19.08,-1.88,-2.95
26715,1072351,14370.6263648666,13908.83499702,16.3,-2.78,-0.899999999999995
26716,1072351,14370.3389583417,13896.3983174997,12.44,-3.86,-1.08
26717,1072351,14370.0388449366,13883.4117847852,13,0.56,4.42
26718,1072351,14363.9336203971,13861.5740699771,12.88,-0.119999999999999,-0.68
26719,1072351,14353.1588052842,13853.9952954331,13.84,0.959999999999999,1.08
26720,1072351,14342.7270829889,13849.4365380913,11.84,-2,-2.96
26721,1072351,14336.8802403827,13849.3991134495,7.77,-4.07,-2.07
26722,1072351,14331.6119072471,13849.5316501321,5.27,-2.5,1.57
26723,1072351,14329.0874998407,13849.3428714232,2.57,-2.7,-0.2
26724,1072351,14328.147670398,13848.9729787109,1.01,-1.56,1.14
26725,1072351,14328.0453127359,13848.9326933659,0.11,-0.9,0.66
26726,1072351,14307.5431603163,13847.0741519603,2.38,2.27,3.17
26727,1072351,14303.4412458217,13848.0563591669,4.29,1.91,-0.36
26728,1072351,14297.6414678966,13848.0056046582,5.79,1.5,-0.41
26729,1072351,14289.9817611887,13847.9385737037,7.67,1.88,0.38
26730,1072351,14280.292132207,13847.853778671,9.69,2.02,0.14
26731,1072351,14269.2825537666,13847.7574326123,11.01,1.32,-0.699999999999999
26732,1072351,14256.0930587956,13847.6420098589,13.18,2.17,0.85
26733,1072351,14242.8735649734,13847.5263245822,13.23,0.0500000000000007,-2.12
26734,1072351,14229.7816944192,13848.1405623551,13.12,-0.110000000000001,-0.160000000000002
26735,1072351,14218.8331749877,13851.8955457366,11.64,-1.48,-1.37
26736,1072351,14212.3567693708,13856.0604189495,7.7,-3.94,-2.46
26737,1072351,14208.6085528514,13858.5528942973,4.52,-3.18,0.76
26738,1072351,14203.7884692085,13876.1471122773,5.84,1.32,4.5
26739,1072351,14206.0907148325,13883.9118466505,8.1,2.26,0.94
26740,1072351,14209.5345985709,13892.8085463081,9.54,1.44,-0.82
26741,1072351,14225.3636813223,13917.8072240858,11.32,1.78,0.340000000000002
26742,1072351,14236.4217716739,13924.9419446674,13.16,1.84,0.0599999999999987
26743,1072351,14247.47145241,13932.5864538991,13.43,0.27,-1.57
26744,1072351,14258.5606941526,13940.2839721339,13.5,0.0700000000000003,-0.199999999999999
26745,1072351,14269.6016486018,13947.3615363825,13.13,-0.369999999999999,-0.44
26746,1072351,14280.9640730472,13953.9461268941,13.14,0.00999999999999979,0.379999999999999
26747,1072351,14292.7849969497,13959.6382405694,13.12,-0.0200000000000014,-0.0300000000000011
26748,1072351,14305.3940767444,13964.1935200592,13.42,0.300000000000001,0.320000000000002
26749,1072351,14319.5496289323,13965.4696232688,13.01,-0.41,-0.710000000000001
26750,1072351,14332.9428125353,13968.3999360465,13.7,0.69,1.1
26751,1072351,14345.973969831,13970.9812640943,13.29,-0.41,-1.1
26752,1072351,14359.4550417285,13973.0573904141,13.64,0.350000000000001,0.760000000000002
26753,1072351,14373.1308186403,13974.0626106493,13.72,0.0800000000000001,-0.270000000000001
26754,1072351,14386.137430331,13974.8429646251,13.03,-0.690000000000001,-0.770000000000001
26755,1072351,14399.0542035679,13975.6179285887,12.94,-0.0899999999999999,0.600000000000001
