"V1","V2","V3","V4","V5","acceleration","jerk"
52850,"1077827#1",14393.7547166917,13322.5028115293,13.6,-0.23,0
52851,"1077827#1",14380.5772720661,13320.3017769681,13.37,-0.23,0
52852,"1077827#1",14367.1039267379,13318.0513179781,13.65,0.280000000000001,0.510000000000002
52853,"1077827#1",14353.5023577718,13315.7794417357,13.79,0.139999999999999,-0.140000000000002
52854,"1077827#1",14340.0783292273,13313.5372201505,13.61,-0.18,-0.319999999999999
52855,"1077827#1",14327.2855555152,13311.4004373467,12.97,-0.639999999999999,-0.459999999999999
52856,"1077827#1",14314.334968095,13309.2372948476,13.13,0.16,0.799999999999999
52857,"1077827#1",14301.295610464,13307.0593250198,13.21,0.0800000000000001,-0.0800000000000001
52858,"1077827#1",14287.9011719898,13304.8220458775,13.58,0.369999999999999,0.289999999999999
52859,"1077827#1",14274.7533174344,13302.6259537592,13.33,-0.25,-0.619999999999999
52860,"1077827#1",14261.7632765872,13300.4562213362,13.17,-0.16,0.0899999999999999
52861,"1077827#1",14248.40829154,13298.2255321177,13.55,0.380000000000001,0.540000000000001
52862,"1077827#1",14232.9279673859,13295.6001897964,13.01,-0.540000000000001,-0.920000000000002
52863,"1077827#1",14219.3591908248,13293.1400266644,13.8,0.790000000000001,1.33
52864,"1077827#1",14205.7116976485,13290.665591375,13.87,0.0699999999999985,-0.720000000000002
52865,"1077827#1",14193.0580017402,13288.3713420728,12.85,-1.02,-1.09
52866,"1077827#1",14179.8828082556,13285.9825397278,13.39,0.540000000000001,1.56
52867,"1077827#1",14167.2291123473,13283.6882904256,12.86,-0.530000000000001,-1.07
52868,"1077827#1",14154.4868602468,13281.3779849463,12.96,0.100000000000001,0.630000000000003
52869,"1077827#1",14141.1640731086,13278.9624223062,13.54,0.579999999999998,0.479999999999997
52870,"1077827#1",14128.2036113273,13276.2991465271,13.23,-0.309999999999999,-0.889999999999997
52902,"1077827#1",13724.5068548203,13282.8545520026,13.34,0.00343749999999998,0.00979492187499996
52903,"1077827#1",13713.8446401979,13290.7377480135,13.27,-0.0700000000000003,-0.0734375000000003
52904,"1077827#1",13697.785552475,13301.358276862,13.17,-0.0999999999999996,-0.0299999999999994
52905,"1077827#1",13686.1257812688,13308.7025355325,13.79,0.619999999999999,0.719999999999999
52906,"1077827#1",13674.6690830008,13315.9188825861,13.54,-0.25,-0.869999999999999
52907,"1077827#1",13662.9162366979,13323.3217674143,13.89,0.350000000000001,0.600000000000001
52908,"1077827#1",13651.8538971565,13330.4987588055,13.19,-0.700000000000001,-1.05
52909,"1077827#1",13640.8499692445,13338.267572776,13.48,0.290000000000001,0.990000000000002
52910,"1077827#1",13629.7725184289,13346.0882941895,13.56,0.0800000000000001,-0.210000000000001
52911,"1077827#1",13618.7930981514,13353.8398056789,13.44,-0.120000000000001,-0.200000000000001
52912,"1077827#1",13607.8790315661,13361.5451772191,13.36,-0.0800000000000001,0.0400000000000009
52913,"1077827#1",13586.2561991957,13378.6813147739,13.4,0.0400000000000009,0.120000000000001
52914,"1077827#1",13574.5992825039,13386.0558442158,13.3,-0.0999999999999996,-0.140000000000001
52915,"1077827#1",13556.4048909439,13393.7791580258,12.97,-0.33,-0.23
52916,"1077827#1",13542.7503131183,13395.1174047908,13.71,0.74,1.07
52917,"1077827#1",13529.1654015061,13396.4488237661,13.65,-0.0600000000000005,-0.800000000000001
52918,"1077827#1",13516.336865925,13397.7061124543,12.9,-0.75,-0.69
52919,"1077827#1",13502.8415251586,13399.028752843,13.56,0.66,1.41
52920,"1077827#1",13486.6208222982,13395.3404314104,13.1,-0.460000000000001,-1.12
52921,"1077827#1",13475.9165811232,13389.9775822774,11.5,-1.6,-1.14
52922,"1077827#1",13462.8331506851,13387.5321890635,13.31,1.81,3.41
52923,"1077827#1",13440.8538766406,13383.2278607372,13.01,-0.300000000000001,-2.11
52924,"1077827#1",13428.1823230734,13380.5087928466,12.96,-0.0499999999999989,0.250000000000002
52925,"1077827#1",13414.8692146637,13378.0719809657,13.55,0.59,0.639999999999999
