"V1","V2","V3","V4","V5","acceleration","jerk"
64074,107870,13407.2649457946,13751.5595168274,10.24,1.18,0
64075,107870,13418.5194909696,13753.4964249053,11.42,1.18,0
64076,107870,13428.6528234264,13744.9750219021,13.44,2.02,0.84
64077,107870,13429.1727401173,13731.3749562172,13.62,0.18,-1.84
64078,107870,13429.6777583872,13718.1646058605,13.22,-0.399999999999999,-0.579999999999998
64079,107870,13430.1877427975,13704.8243503943,13.34,0.119999999999999,0.519999999999998
64080,107870,13430.6977272077,13691.4840949282,13.35,0.00999999999999979,-0.109999999999999
64081,107870,13431.2249021037,13677.6941679295,13.8,0.450000000000001,0.440000000000001
64082,107870,13431.7409986867,13664.1940292518,13.52,-0.280000000000001,-0.730000000000002
64083,107870,13432.2605333668,13650.6039562676,13.6,0.0800000000000001,0.360000000000001
64084,107870,13432.8123957281,13625.7517242005,13.17,-0.43,-0.51
64085,107870,13433.0476722436,13611.943728511,13.81,0.640000000000001,1.07
64086,107870,13433.2790303234,13598.3656994405,13.58,-0.23,-0.870000000000001
64087,107870,13433.5126031712,13584.6576892375,13.71,0.130000000000001,0.360000000000001
64088,107870,13433.7492426209,13570.7697051588,13.89,0.18,0.0499999999999989
64089,107870,13433.9739563965,13557.5816194858,13.19,-0.700000000000001,-0.880000000000001
64090,107870,13434.2036108085,13544.1035759018,13.48,0.290000000000001,0.990000000000002
64091,107870,13434.4382058569,13530.3355744069,13.77,0.289999999999999,-1.77635683940025e-15
64092,107870,13434.6739934728,13516.4975830715,13.84,0.0700000000000003,-0.219999999999999
64093,107870,13435.730188562,13495.9442890169,12.97,-0.869999999999999,-0.94
64094,107870,13436.7492373593,13482.9541989653,13.03,0.0599999999999987,0.929999999999998
64095,107870,13437.8105184169,13469.4257628947,13.57,0.540000000000001,0.480000000000002
64096,107870,13438.882748579,13455.757755634,13.72,0.15,-0.390000000000001
64097,107870,13439.9346446898,13442.348952012,13.45,-0.270000000000001,-0.420000000000002
64098,107870,13440.9865408006,13428.9401483901,13.45,0,0.270000000000001
64099,107870,13443.2359228816,13408.0753730609,11.16,-2.29,-2.29
64100,107870,13444.3546417318,13400.3762707711,7.77,-3.39,-1.1
64101,107870,13445.0127364647,13394.8150738386,5.61,-2.16,1.23
64102,107870,13440.580108508,13383.1691154433,6.86,1.25,3.41
64103,107870,13432.4843937289,13381.4319331798,8.29,1.43,0.179999999999999
64104,107870,13422.677628121,13379.3275928293,10.02,1.73,0.300000000000002
64105,107870,13411.2619732307,13377.5149268896,11.57,1.55,-0.18
64168,107870,13413.77080685,13366.243505121,13.12,0.0246031746031746,-0.0242126480221718
64169,107870,13426.7900278111,13368.7056963333,13.25,0.130000000000001,0.105396825396826
64170,107870,13440.1629785493,13371.2347848161,13.6,0.35,0.219999999999999
64171,107870,13462.838641666,13373.6673093843,13.63,0.0300000000000011,-0.319999999999999
64172,107870,13477.3309064305,13371.2743291334,13.88,0.25,0.219999999999999
64173,107870,13491.1133797478,13372.1458388911,13.81,-0.0700000000000003,-0.32
64174,107870,13504.666311511,13373.002834004,13.58,-0.23,-0.16
64175,107870,13518.2092632065,13373.8591980454,13.57,-0.00999999999999979,0.220000000000001
64176,107870,13531.376772902,13373.3732283053,13.2,-0.370000000000001,-0.360000000000001
64177,107870,13544.6556142379,13372.2064923549,13.33,0.130000000000001,0.500000000000002
64178,107870,13567.2894333107,13362.4494302237,13.19,-0.140000000000001,-0.270000000000001
64179,107870,13578.2417439148,13354.6424210376,13.45,0.26,0.4
64180,107870,13588.9741940086,13346.992132482,13.18,-0.27,-0.529999999999999
64181,107870,13599.6496432294,13339.382475201,13.11,-0.0700000000000003,0.199999999999999
64182,107870,13610.3658073595,13331.743795581,13.17,0.0600000000000005,0.130000000000001
64183,107870,13621.4402626915,13323.849719378,13.6,0.43,0.369999999999999
64184,107870,13632.5147180235,13315.9556431749,13.6,0,-0.43
64185,107870,13643.7544387324,13307.9837247655,13.78,0.18,0.18
64186,107870,13654.7473350032,13300.3912395612,13.36,-0.42,-0.6
64187,107870,13665.6908619794,13292.8328523442,13.3,-0.0599999999999987,0.360000000000001
64188,107870,13677.0704843915,13284.9732662382,13.84,0.539999999999999,0.599999999999998
64189,107870,13688.3925092932,13277.1534611176,13.76,-0.0800000000000001,-0.619999999999999
64230,107870,14208.9165281665,13275.526890119,13.81,0.00121951219512197,0.00198096371207615
64231,107870,14222.16,13277.67,13.77,-0.0400000000000009,-0.0412195121951229
64232,107870,14236.533635551,13280.0549110097,12.99,-0.779999999999999,-0.739999999999998
64233,107870,14249.6767078583,13282.0256343096,13.29,0.299999999999999,1.08
64234,107870,14263.2351368525,13284.0586378041,13.72,0.430000000000001,0.130000000000003
64235,107870,14276.6353347279,13286.0679155103,13.55,-0.17,-0.600000000000001
64236,107870,14289.6003970265,13288.0119472983,13.11,-0.440000000000001,-0.270000000000001
64237,107870,14302.6346854396,13289.9663591187,13.18,0.0700000000000003,0.510000000000002
64238,107870,14315.357282281,13291.9057600401,12.87,-0.31,-0.380000000000001
64239,107870,14328.7599231107,13294.32931503,13.61,0.74,1.05
64240,107870,14341.9854365286,13296.7208406588,13.44,-0.17,-0.91
64241,107870,14355.6537684761,13299.1924396904,13.89,0.450000000000001,0.620000000000001
64242,107870,14368.7907181881,13301.5679506387,13.36,-0.530000000000001,-0.980000000000002
64243,107870,14382.144156959,13303.9826085838,13.57,0.210000000000001,0.740000000000002
64244,107870,14394.8186073178,13306.2744873114,12.88,-0.69,-0.9
