"V1","V2","V3","V4","V5","acceleration","jerk"
26801,1081693,13412.1678848169,13630.9646466511,12.55,-3.29,0
26802,1081693,13420.3554221719,13635.2903641707,9.26,-3.29,0
26803,1081693,13424.9178079983,13637.7008071946,5.16,-4.1,-0.809999999999999
26804,1081693,13427.2078427445,13638.9107001077,2.59,-2.57,1.53
26805,1081693,13432.6479917907,13635.4003236504,4.15,1.56,4.13
26806,1081693,13432.7405009493,13629.971111732,5.43,1.28,-0.280000000000001
26807,1081693,13432.8624835598,13622.8121508966,7.16,1.73,0.450000000000001
26808,1081693,13433.0221172275,13613.4435108089,9.37,2.21,0.479999999999999
26809,1081693,13433.2084984787,13602.5050985828,10.94,1.57,-0.639999999999999
26810,1081693,13433.4144719091,13590.4168532615,12.09,1.15,-0.42
26811,1081693,13433.6499187914,13576.5988590234,13.82,1.73,0.58
26812,1081693,13433.8720770653,13563.5607515802,13.04,-0.780000000000001,-2.51
26813,1081693,13434.1063313802,13549.8127471826,13.76,0.720000000000001,1.5
26814,1081693,13434.3170750803,13537.4445424991,12.37,-1.39,-2.11
26815,1081693,13434.4750050802,13528.1758878979,9.27,-3.1,-1.71
26816,1081693,13434.5981802581,13520.946937222,7.23,-2.04,1.06
26817,1081693,13434.6785933757,13516.2276222579,4.72,-2.51,-0.470000000000002
26818,1081693,13434.7273182732,13513.3680373432,2.86,-1.86,0.650000000000001
26819,1081693,13434.7412883487,13512.5481563536,0.82,-2.04,-0.18
26820,1081693,13434.75389549,13511.8082637533,0.73,-0.09,1.95
26821,1081693,13434.7595175936,13511.4783116478,0.33,-0.4,-0.31
26822,1081693,13434.7596879603,13511.4683130991,0.02,-0.31,0.09
26823,1081693,13443.863461451,13509.5286674524,2.4,2.38,2.69
26824,1081693,13448.5385814665,13510.8193079293,4.85,2.45,0.0699999999999998
26825,1081693,13455.0741100655,13512.6235434824,6.78,1.93,-0.519999999999999
26826,1081693,13462.7952876582,13514.7550961049,8.01,1.23,-0.700000000000001
26827,1081693,13470.2080037241,13516.8014930671,7.69,-0.319999999999999,-1.55
26828,1081693,13477.1387486543,13518.7148343101,7.19,-0.5,-0.180000000000001
26829,1081693,13484.3683156886,13520.7106700989,7.49,0.3,0.8
26830,1081693,13492.0123778996,13522.8209338064,7.93,0.44,0.14
26831,1081693,13499.9070651011,13525.0003864878,8.2,0.27,-0.17
26832,1081693,13507.2233869398,13527.0201723062,7.58,-0.619999999999999,-0.889999999999999
26833,1081693,13513.9324251477,13528.8723079183,6.96,-0.62,-8.88178419700125e-16
26834,1081693,13516.670021198,13529.6280644037,2.84,-4.12,-3.5
26835,1081693,13530.165900475,13533.5643466955,4.48,1.64,5.76
26836,1081693,13535.9964263405,13535.3911110842,6.11,1.63,-0.0100000000000007
26837,1081693,13543.3442248944,13537.6932527851,7.7,1.59,-0.04
26838,1081693,13552.2570091143,13540.4857207704,9.34,1.64,0.0499999999999998
26839,1081693,13562.8779179332,13543.8133619563,11.13,1.79,0.150000000000001
26840,1081693,13574.3478769222,13548.7154887083,12.5,1.37,-0.420000000000002
26841,1081693,13586.6091587823,13554.0362677318,13.37,0.869999999999999,-0.5
26842,1081693,13599.1721623907,13559.2450046552,13.6,0.23,-0.639999999999999
26843,1081693,13611.3287158823,13564.2852236193,13.16,-0.44,-0.67
26844,1081693,13623.2266192996,13569.218203882,12.88,-0.279999999999999,0.16
26845,1081693,13633.2215971703,13573.362213699,10.83,-2.05,-1.77
26846,1081693,13639.595474001,13576.0048816968,6.89,-3.94,-1.89
26847,1081693,13643.5583626393,13577.6479317999,4.29,-2.6,1.34
26848,1081693,13652.1431995511,13574.3527795482,6.26,1.97,4.57
26849,1081693,13655.8292193899,13567.005558458,8.23,1.97,8.88178419700125e-16
26850,1081693,13660.0981864052,13558.4963680956,9.52,1.29,-0.680000000000001
26851,1081693,13665.138437377,13548.449803004,11.24,1.72,0.430000000000001
26852,1081693,13671.0351722773,13536.6960369047,13.15,1.91,0.19
26853,1081693,13676.9812334771,13524.8439503286,13.26,0.109999999999999,-1.8
26854,1081693,13683.120115666,13512.6075200701,13.69,0.43,0.32
26855,1081693,13688.2007245193,13502.4805109519,11.33,-2.36,-2.79
26856,1081693,13691.7756448474,13495.4812725407,7.86,-3.47,-1.11
26857,1081693,13694.3935615235,13490.6329107269,5.51,-2.35,1.12
26858,1081693,13695.3295498814,13488.8994673924,1.96,-3.55,-1.2
26859,1081693,13695.742905146,13488.1339365797,0.87,-1.09,2.46
26860,1081693,13694.0846868578,13480.8437749507,2.97,2.1,3.19
26861,1081693,13690.5585515775,13478.178672704,4.42,1.45,-0.65
26862,1081693,13685.4767683795,13474.3377900543,6.37,1.95,0.5
26863,1081693,13678.9009281379,13469.7308212402,8.04,1.67,-0.280000000000001
26864,1081693,13670.5340983491,13464.7640255644,9.73,1.69,0.0200000000000022
26865,1081693,13660.3194459424,13458.6981430362,11.88,2.15,0.459999999999999
26866,1081693,13648.5739070953,13451.4727422035,13.79,1.91,-0.240000000000002
26867,1081693,13635.1759864236,13443.2308600354,15.73,1.94,0.0300000000000029
26868,1081693,13620.4408289142,13434.1663615289,17.3,1.57,-0.370000000000001
26869,1081693,13604.0447721481,13424.0801420924,19.25,1.95,0.379999999999999
26870,1081693,13584.6891680322,13415.8532673257,21.1,1.85,-0.0999999999999979
26871,1081693,13565.6426135206,13410.5631301144,19.82,-1.28,-3.13
26872,1081693,13550.9216279141,13407.8440341663,14.96,-4.86,-3.58
26873,1081693,13539.1457431659,13405.8158845695,11.95,-3.01,1.85
26874,1081693,13531.2977140502,13404.5466568519,7.95,-4,-0.989999999999998
26875,1081693,13526.2335141303,13403.7276457587,5.13,-2.82,1.18
26876,1081693,13523.8840412629,13403.3476756998,2.38,-2.75,0.0700000000000003
26877,1081693,13522.5414853387,13403.1305499519,1.36,-1.02,1.73
26878,1081693,13522.0873855408,13403.0571103607,0.46,-0.9,0.12
26879,1081693,13522.0182833977,13403.0459347707,0.07,-0.39,0.51
26880,1081693,13522.0182833977,13403.0459347707,0,-0.07,0.32
26881,1081693,13521.7320030903,13402.999635898,0.29,0.29,0.36
26882,1081693,13520.9916229851,13402.8798974341,0.75,0.46,0.17
26883,1081693,13518.6915087914,13402.5079099395,2.33,1.58,1.12
26884,1081693,13514.6342258146,13401.8517431572,4.11,1.78,0.2
26885,1081693,13511.7121923325,13401.3791753529,2.96,-1.15,-2.93
26886,1081693,13509.708230181,13401.0550832439,2.03,-0.93,0.22
26887,1081693,13508.5729806863,13400.8714842659,1.15,-0.88,0.0500000000000003
26888,1081693,13507.6351658863,13400.7198155449,0.95,-0.2,0.68
26889,1081693,13507.3982442526,13400.6814992364,0.24,-0.71,-0.51
26890,1081693,13507.2304247621,13400.6543585179,0.17,-0.07,0.64
26891,1081693,13507.2106812926,13400.6511654922,0.02,-0.15,-0.08
26892,1081693,13507.2008095579,13400.6495689794,0.01,-0.01,0.14
26893,1081693,13505.7003058779,13400.4068990258,1.52,1.51,1.52
26894,1081693,13503.3113460716,13400.0205429156,2.42,0.9,-0.61
26895,1081693,13497.040383729,13397.2879271329,4.17,1.75,0.85
26896,1081693,13491.1130294433,13396.1800592832,6.03,1.86,0.11
26897,1081693,13483.4556347692,13394.7488336531,7.79,1.76,-0.100000000000001
26898,1081693,13474.5891777781,13393.0916250288,9.02,1.23,-0.53
26899,1081693,13464.5234882449,13391.2102706704,10.24,1.22,-0.0099999999999989
26900,1081693,13452.6196307989,13388.9853486704,12.11,1.87,0.649999999999999
