"V1","V2","V3","V4","V5","acceleration","jerk"
54272,1085500,13688.9882295688,14274.4775930491,6.13,-2.01,0
54273,1085500,13688.1188671437,14270.4503596347,4.12,-2.01,0
54274,1085500,13685.8284618032,14261.7800790303,5.85,1.73,3.74
54275,1085500,13684.3625905595,14256.8431040966,5.14,-0.71,-2.44
54276,1085500,13682.5077678763,14250.5449588197,6.57,1.43,2.14
54277,1085500,13683.9298955342,14245.9604683437,4.8,-1.77,-3.2
54278,1085500,13682.1917832727,14225.1623324874,6.63,1.83,3.6
54279,1085500,13675.0362093194,14207.2804024526,8.46,1.83,8.88178419700125e-16
54280,1085500,13672.3515857629,14197.6682644823,9.98,1.52,-0.310000000000001
54281,1085500,13669.1881415721,14186.3417371746,11.77,1.79,0.27
54282,1085500,13666.6702982366,14177.3267460521,9.36,-2.41,-4.2
54283,1085500,13664.6689355853,14170.1609838779,7.44,-1.92,0.490000000000001
54284,1085500,13663.6279042062,14166.4336317792,3.87,-3.57,-1.65
54285,1085500,13662.8639431941,14163.69831396,2.84,-1.03,2.54
54286,1085500,13662.6326028876,14162.8700134936,0.86,-1.98,-0.95
54287,1085500,13662.0461821108,14160.7703681253,2.18,1.32,3.3
54288,1085500,13661.3333311664,14158.2180469208,2.65,0.47,-0.850000000000001
54289,1085500,13660.1497295984,14153.9802305812,4.4,1.75,1.28
54290,1085500,13658.8073323186,14148.2576249549,5.88,1.48,-0.270000000000001
54291,1085500,13656.8481867054,14140.760946606,7.66,1.78,0.300000000000001
54292,1085500,13651.0549017173,14121.9114238014,9.9,2.24,0.46
54293,1085500,13649.5980648272,14110.5813082021,11.43,1.53,-0.710000000000001
54294,1085500,13648.6252050028,14088.6103504603,12.41,0.98,-0.549999999999999
54295,1085500,13648.5087038142,14077.8409805868,10.77,-1.64,-2.62
54296,1085500,13648.4200028164,14069.6414603488,8.19,-2.58,-0.94
54297,1085500,13648.3099919447,14059.4720553707,10.17,1.98,4.56
54298,1085500,13647.9940706489,14047.5659510775,11.94,1.77,-0.210000000000001
54299,1085500,13645.7008451855,14038.0380385582,9.8,-2.14,-3.91
54300,1085500,13643.7282032819,14029.8420893197,8.43,-1.37,0.769999999999998
54301,1085500,13642.3288677441,14024.0281182111,5.98,-2.45,-1.08
54302,1085500,13640.5995885426,14016.8432943828,7.39,1.41,3.86
54303,1085500,13638.6082264311,14008.5695662666,8.52,1.13,-0.279999999999999
54304,1085500,13636.2494802403,13998.7694276753,10.07,1.55,0.420000000000001
54305,1085500,13637.2315994371,13983.1708577877,11,0.93,-0.620000000000001
54306,1085500,13640.4405174504,13970.9966660206,12.59,1.59,0.66
54307,1085500,13643.9527406612,13957.671776223,13.78,1.19,-0.4
54308,1085500,13647.0597073476,13945.8843737097,12.19,-1.59,-2.78
54309,1085500,13650.0902105389,13934.3870631369,11.89,-0.299999999999999,1.29
54310,1085500,13653.5820434843,13921.1395311901,13.7,1.81,2.11
54311,1085500,13667.8219107755,13882.8133723907,15.75,2.05,0.240000000000002
54312,1085500,13664.6549571617,13863.341464627,17.7,1.95,-0.100000000000001
54313,1085500,13666.1491480468,13844.1495420136,19.25,1.55,-0.399999999999999
54314,1085500,13667.7846078883,13823.1431103531,21.07,1.82,0.27
54315,1085500,13669.3657335158,13802.8345667876,20.37,-0.699999999999999,-2.52
54316,1085500,13669.9988081726,13783.1840971019,16.57,-3.8,-3.1
54317,1085500,13670.297585274,13770.4676065387,12.72,-3.85,-0.0499999999999989
54318,1085500,13670.5089841665,13761.4700896308,9,-3.72,0.129999999999999
54319,1085500,13671.2907737599,13749.8380033237,5.57,-3.43,0.290000000000001
54320,1085500,13675.2865547698,13729.8467557857,7.83,2.26,5.69
54321,1085500,13676.2736862666,13723.2097631379,6.71,-1.12,-3.38
54322,1085500,13676.8135927634,13719.5796941337,3.67,-3.04,-1.92
54323,1085500,13677.119588816,13717.5223253248,2.08,-1.59,1.45
54324,1085500,13677.1799053456,13717.1167862808,0.41,-1.67,-0.0800000000000003
54325,1085500,13677.2196259871,13716.8497239835,0.27,-0.14,1.53
54326,1085500,13677.2328662009,13716.7607032177,0.09,-0.18,-0.0400000000000001
54327,1085500,13677.2358084706,13716.7409208253,0.02,-0.07,0.11
54328,1085500,13677.2358084706,13716.7409208253,0,-0.02,0.05
54329,1085500,13677.2358084706,13716.7409208253,0,0,0.02
54330,1085500,13677.2358084706,13716.7409208253,0,0,0
54331,1085500,13677.2358084706,13716.7409208253,0,0,0
54332,1085500,13677.2358084706,13716.7409208253,0,0,0
54333,1085500,13677.2358084706,13716.7409208253,0,0,0
54334,1085500,13677.2358084706,13716.7409208253,0,0,0
54335,1085500,13677.2358084706,13716.7409208253,0,0,0
54336,1085500,13677.2358084706,13716.7409208253,0,0,0
54337,1085500,13677.2358084706,13716.7409208253,0,0,0
54338,1085500,13677.2358084706,13716.7409208253,0,0,0
54339,1085500,13677.2358084706,13716.7409208253,0,0,0
54340,1085500,13677.2358084706,13716.7409208253,0,0,0
54341,1085500,13677.2358084706,13716.7409208253,0,0,0
54342,1085500,13677.2358084706,13716.7409208253,0,0,0
54343,1085500,13677.3740951483,13715.8111483828,0.94,0.94,0.94
54344,1085500,13677.556515872,13714.5846400545,1.24,0.3,-0.64
54345,1085500,13677.869867599,13712.4778152646,2.13,0.89,0.59
54346,1085500,13678.4391967931,13708.6499223365,3.86,1.73,0.84
54347,1085500,13680.0130384637,13703.125903155,5.82,1.96,0.23
54348,1085500,13682.2633685347,13698.5046896162,5.14,-0.680000000000001,-2.64
54349,1085500,13689.1182570093,13660.4062498823,6.99,1.85,2.53
54350,1085500,13688.6080684662,13651.771308791,8.65,1.66,-0.19
54351,1085500,13688.5360441709,13640.9757333858,10.84,2.19,0.529999999999999
54352,1085500,13690.4143794436,13628.4659629401,12.65,1.81,-0.379999999999999
54353,1085500,13692.4679270184,13614.789273196,13.83,1.18,-0.630000000000001
54354,1085500,13697.776579558,13601.6365057301,13.11,-0.720000000000001,-1.9
54355,1085500,13700.2355881436,13588.8517254289,13.02,-0.0899999999999999,0.630000000000001
54356,1085500,13703.0713213245,13576.1656373845,13.01,-0.00999999999999979,0.0800000000000001
54357,1085500,13706.668140824,13563.7772198307,12.9,-0.109999999999999,-0.0999999999999996
54358,1085500,13710.4517718789,13550.745372838,13.57,0.67,0.779999999999999
54359,1085500,13713.4323920687,13540.4793120899,10.68,-2.89,-3.56
54360,1085500,13716.5251062973,13532.7562036226,8.37,-2.31,0.58
54361,1085500,13719.2157417205,13527.8791777851,5.57,-2.8,-0.489999999999998
54362,1085500,13720.0900774685,13526.2943632849,1.81,-3.76,-0.960000000000001
54363,1085500,13720.9644132164,13524.7095487848,1.81,0,3.76
54364,1085500,13721.2107730128,13524.2629988428,0.51,-1.3,-1.3
54365,1085500,13721.2252647655,13524.2367311991,0.03,-0.48,0.82
54366,1085500,13721.2252647655,13524.2367311991,0,-0.03,0.45
54367,1085500,13721.2252647655,13524.2367311991,0,0,0.03
54368,1085500,13721.2252647655,13524.2367311991,0,0,0
54369,1085500,13721.2252647655,13524.2367311991,0,0,0
54370,1085500,13721.2252647655,13524.2367311991,0,0,0
54371,1085500,13721.2252647655,13524.2367311991,0,0,0
54372,1085500,13721.2252647655,13524.2367311991,0,0,0
54373,1085500,13721.2252647655,13524.2367311991,0,0,0
54374,1085500,13721.2252647655,13524.2367311991,0,0,0
54375,1085500,13721.2252647655,13524.2367311991,0,0,0
54376,1085500,13721.2252647655,13524.2367311991,0,0,0
54377,1085500,13721.2252647655,13524.2367311991,0,0,0
54378,1085500,13721.2252647655,13524.2367311991,0,0,0
54379,1085500,13721.2252647655,13524.2367311991,0,0,0
54380,1085500,13721.2252647655,13524.2367311991,0,0,0
54381,1085500,13721.2252647655,13524.2367311991,0,0,0
54382,1085500,13721.2252647655,13524.2367311991,0,0,0
54383,1085500,13721.2252647655,13524.2367311991,0,0,0
54384,1085500,13721.2252647655,13524.2367311991,0,0,0
54385,1085500,13721.2252647655,13524.2367311991,0,0,0
54386,1085500,13721.2252647655,13524.2367311991,0,0,0
54387,1085500,13721.2252647655,13524.2367311991,0,0,0
54388,1085500,13721.2252647655,13524.2367311991,0,0,0
54389,1085500,13721.2252647655,13524.2367311991,0,0,0
54390,1085500,13721.2252647655,13524.2367311991,0,0,0
54391,1085500,13721.2252647655,13524.2367311991,0,0,0
54392,1085500,13721.2252647655,13524.2367311991,0,0,0
54393,1085500,13721.2252647655,13524.2367311991,0,0,0
54394,1085500,13721.2252647655,13524.2367311991,0,0,0
54395,1085500,13721.2252647655,13524.2367311991,0,0,0
54396,1085500,13721.2252647655,13524.2367311991,0,0,0
54397,1085500,13721.7566290322,13523.2735842653,1.1,1.1,1.1
54398,1085500,13722.9159692505,13521.1721727734,2.4,1.3,0.2
54399,1085500,13724.5438761403,13518.2214408035,3.36,0.96,-0.34
54400,1085500,13726.9784905986,13513.8084766705,5.05,1.69,0.73
54401,1085500,13738.9108953269,13479.8656305435,7.16,2.11,0.42
54402,1085500,13742.2860842173,13471.5116973409,9.01,1.85,-0.260000000000001
54403,1085500,13746.0595802514,13461.8966335964,10.33,1.32,-0.529999999999999
54404,1085500,13750.0504191197,13451.1326378175,11.48,1.15,-0.17
54405,1085500,13754.2741727999,13439.7404297414,12.15,0.67,-0.48
54406,1085500,13758.4179706491,13428.563876633,11.92,-0.23,-0.9
54407,1085500,13762.9615476532,13416.3090486861,13.06,1.14,1.37
54408,1085500,13767.6692573999,13403.7419609787,13.42,0.359999999999999,-0.780000000000001
54409,1085500,13772.3546063985,13391.3693943589,13.23,-0.19,-0.549999999999999
54410,1085500,13777.1426576806,13378.7256225751,13.52,0.289999999999999,0.479999999999999
54411,1085500,13781.8669627178,13366.250185031,13.33,-0.19,-0.479999999999999
54412,1085500,13786.6939700384,13353.503542323,13.64,0.31,0.5
54413,1085500,13793.3082206751,13335.8786931978,12.64,-1,-1.31
54414,1085500,13796.250550088,13327.0732357456,9.29,-3.35,-2.35
54415,1085500,13797.932254978,13321.324151587,5.99,-3.3,0.0500000000000025
54416,1085500,13798.9513849864,13317.840149,3.63,-2.36,0.939999999999999
54417,1085500,13799.310747634,13316.6116301815,1.28,-2.35,0.0100000000000007
54418,1085500,13799.364090527,13316.4292719194,0.18,-1.1,1.25
54419,1085500,13802.9928570548,13315.7774384975,1.9,1.72,2.82
54420,1085500,13804.0508197428,13312.1693482892,3.75,1.85,0.13
54421,1085500,13807.9783987618,13298.3706061812,5.72,1.97,0.12
54422,1085500,13809.992903451,13290.9595218572,7.68,1.96,-0.00999999999999979
54423,1085500,13812.5879596366,13281.9284579229,9.39,1.71,-0.249999999999999
