"V1","V2","V3","V4","V5","acceleration","jerk"
56947,1087672,14352.7448698384,14263.9309644318,19.34,-0.239999999999998,0
56948,1087672,14354.092720711,14244.8785814306,19.1,-0.239999999999998,0
56949,1087672,14355.5433052601,14225.7952065798,19.14,0.0399999999999991,0.279999999999998
56950,1087672,14357.5917609518,14206.7651401249,19.14,0,-0.0399999999999991
56951,1087672,14359.6541298746,14187.605820345,19.27,0.129999999999999,0.129999999999999
56952,1087672,14361.673688856,14168.8442031034,18.87,-0.399999999999999,-0.529999999999998
56953,1087672,14363.637895652,14149.7550893164,19.19,0.32,0.719999999999999
56954,1087672,14365.4978253696,14131.2885178576,18.55,-0.640000000000001,-0.960000000000001
56955,1087672,14367.4409308235,14111.9961245069,19.39,0.84,1.48
56956,1087672,14369.3559769929,14092.982321674,19.11,-0.280000000000001,-1.12
56957,1087672,14371.2429638777,14074.2471093588,18.84,-0.27,0.0100000000000016
56958,1087672,14373.0150509053,14055.4424429026,18.89,0.0500000000000007,0.32
56959,1087672,14374.1726910279,14036.3775571346,19.1,0.210000000000001,0.16
56960,1087672,14375.3321494333,14017.2827265198,19.13,0.0299999999999976,-0.180000000000003
56961,1087672,14375.9217933857,13995.1019434919,18.93,-0.199999999999999,-0.229999999999997
56962,1087672,14375.4541420296,13974.8673468266,20.24,1.31,1.51
56963,1087672,14374.9779417108,13954.2628489376,20.61,0.370000000000001,-0.939999999999998
56964,1087672,14374.5461035761,13935.5778384793,18.69,-1.92,-2.29
56965,1087672,14374.161862368,13918.9522780769,16.62,-2.07,-0.150000000000002
56966,1087672,14373.8266044046,13904.4461517126,14.51,-2.11,-0.0400000000000009
56967,1087672,14373.4996643508,13890.2999292415,14.16,-0.35,1.76
56968,1087672,14376.9585686956,13865.3702295674,13.61,-0.550000000000001,-0.200000000000001
56969,1087672,14377.1145100267,13852.2711577568,13.1,-0.51,0.0400000000000009
56970,1087672,14376.1642350535,13820.9450897158,14.58,1.48,1.99
56971,1087672,14375.2947881728,13792.9314792632,15.29,0.709999999999999,-0.770000000000001
56972,1087672,14374.8950553208,13776.0162017412,16.92,1.63,0.920000000000003
56973,1087672,14374.8165517742,13760.6134874569,15.41,-1.51,-3.14
56974,1087672,14375.4584726583,13746.2077824211,14.43,-0.98,0.530000000000001
56975,1087672,14376.161380478,13730.4334355061,15.79,1.36,2.34
56976,1087672,14376.8861011433,13714.1695743422,16.28,0.490000000000002,-0.869999999999997
56977,1087672,14371.3000771138,13687.9150107053,16.59,0.309999999999999,-0.180000000000003
56978,1087672,14369.0092050393,13670.1218798639,17.94,1.35,1.04
56979,1087672,14366.7362104503,13652.4676028864,17.8,-0.140000000000001,-1.49
56980,1087672,14364.2614556674,13633.2462608738,19.38,1.58,1.72
56981,1087672,14361.7726542888,13613.9158193967,19.5,0.120000000000001,-1.46
56982,1087672,14358.4825080439,13593.1422255328,21.05,1.55,1.43
56983,1087672,14352.2749670586,13565.379339337,22.05,1,-0.550000000000001
56984,1087672,14346.6310607686,13545.0489042479,21.11,-0.940000000000001,-1.94
56985,1087672,14341.703770323,13527.7884202203,17.95,-3.16,-2.22
56986,1087672,14334.7203827817,13501.0936786159,17.48,-0.469999999999999,2.69
56987,1087672,14332.1399408036,13482.5624773813,18.71,1.23,1.7
56988,1087672,14328.8940216483,13454.9587971721,18.01,-0.699999999999999,-1.93
56989,1087672,14327.6898800987,13440.6995495366,14.31,-3.7,-3
56990,1087672,14319.8388067493,13421.4666644331,13.78,-0.530000000000001,3.17
56991,1087672,14307.1725564836,13418.6761440144,12.97,-0.809999999999999,-0.279999999999998
56992,1087672,14289.4922238186,13414.1147807862,13.37,0.399999999999999,1.21
56993,1087672,14276.635154849,13412.484634317,12.96,-0.409999999999998,-0.809999999999997
56994,1087672,14263.0241219583,13410.7588928388,13.73,0.77,1.18
56995,1087672,14249.690130207,13408.8574689304,13.48,-0.25,-1.02
56996,1087672,14237.9210453105,13405.8795097804,12.14,-1.34,-1.09
56997,1087672,14230.3011929805,13403.9514406767,7.86,-4.28,-2.94
56998,1087672,14225.4442642053,13402.7224805991,5.01,-2.85,1.43
