"V1","V2","V3","V4","V5","acceleration","jerk"
24921,1093768,13503.2983599957,14270.3752638104,8.39,-3.03,0
24922,1093768,13501.7140347837,14265.2547644576,5.36,-3.03,0
24923,1093768,13500.9898562819,14262.9142377011,2.45,-2.91,0.12
24924,1093768,13500.4991883991,14261.328411409,1.66,-0.79,2.12
24925,1093768,13500.3868668356,14260.9653909325,0.38,-1.28,-0.49
24926,1093768,13500.3336618844,14260.7934338647,0.18,-0.2,1.08
24927,1093768,13500.2922802558,14260.6596894786,0.14,-0.04,0.16
24928,1093768,13500.2863685945,14260.6405831377,0.03,-0.11,-0.07
24929,1093768,13500.2863685945,14260.6405831377,0,-0.03,0.08
24930,1093768,13507.5592919367,14252.3861195962,2.24,2.24,2.27
24931,1093768,13512.0573211297,14251.7702191348,4.54,2.3,0.0599999999999996
24932,1093768,13517.9027775701,14250.9698198569,5.9,1.36,-0.94
24933,1093768,13525.2839047702,14249.9591461924,7.45,1.55,0.19
24934,1093768,13534.1709800701,14248.7422679681,8.97,1.52,-0.0299999999999994
24935,1093768,13545.1089189009,14247.2445716921,11.04,2.07,0.549999999999998
24936,1093768,13557.8896626433,14245.4945461521,12.9,1.86,-0.209999999999997
24937,1093768,13571.2351369232,14243.6671939023,13.47,0.57,-1.29
24938,1093768,13584.51125833,14241.8493379151,13.4,-0.0700000000000003,-0.640000000000001
24939,1093768,13598.1836818684,14239.9772175701,13.8,0.4,0.470000000000001
24940,1093768,13611.757029874,14238.1186633145,13.7,-0.100000000000001,-0.500000000000002
24941,1093768,13625.4096383058,14236.2492561873,13.77,0.0700000000000003,0.170000000000002
24942,1093768,13647.3642277686,14235.6139237195,13.01,-0.76,-0.83
24943,1093768,13667.3457301897,14235.8121907709,12.01,-1,-0.24
24944,1093768,13675.2481263116,14235.2844261145,7.92,-4.09,-3.09
24945,1093768,13679.6583019251,14234.9898907886,4.42,-3.5,0.59
24946,1093768,13681.7604965818,14224.3952654823,6.83,2.41,5.91
24947,1093768,13674.6596088205,14205.9320063445,8.98,2.15,-0.26
24948,1093768,13671.6494948328,14195.1544688808,11.18,2.2,0.0499999999999989
24949,1093768,13668.1659402179,14182.6818048813,12.95,1.77,-0.43
24950,1093768,13664.510225375,14169.5927312324,13.59,0.640000000000001,-1.13
24951,1093768,13660.9890107103,14156.985227622,13.09,-0.5,-1.14
24952,1093768,13657.5954801052,14143.5215901134,13.8,0.710000000000001,1.21
24953,1093768,13650.9539747568,14121.2389554017,13.44,-0.360000000000001,-1.07
24954,1093768,13649.4162933774,14108.0979517758,13.24,-0.199999999999999,0.160000000000002
24955,1093768,13648.5836669746,14084.7705751294,13.76,0.52,0.719999999999999
24956,1093768,13648.4343896856,14070.9713825337,13.8,0.0400000000000009,-0.479999999999999
24957,1093768,13648.2912781976,14057.7421565888,13.23,-0.57,-0.610000000000001
24958,1093768,13647.2686625941,14044.5520195663,13.3,0.0700000000000003,0.640000000000001
24959,1093768,13644.1002674132,14031.3879445142,13.54,0.239999999999998,0.169999999999998
24960,1093768,13640.9997329857,14018.5058178938,13.25,-0.289999999999999,-0.529999999999998
24961,1093768,13637.9038786102,14005.6431359928,13.23,-0.0199999999999996,0.27
24962,1093768,13635.9928908156,13987.8703472229,13.21,-0.0199999999999996,0
24963,1093768,13639.7472484277,13973.6268329472,14.73,1.52,1.54
24964,1093768,13643.8278502858,13958.145593059,16.02,1.29,-0.23
24965,1093768,13648.2627330047,13941.3202605135,17.4,1.38,0.0899999999999999
24966,1093768,13653.0060184875,13923.3248904748,18.61,1.21,-0.169999999999998
24967,1093768,13667.0655092653,13880.9835481491,19.97,1.36,0.149999999999999
24968,1093768,13665.092735686,13857.718480547,21.37,1.4,0.0400000000000027
24969,1093768,13666.7328527458,13836.6522299069,21.14,-0.23,-1.63
24970,1093768,13668.0586075675,13819.6237603881,17.08,-4.06,-3.83
24971,1093768,13669.0909576335,13806.3638865825,13.3,-3.78,0.280000000000005
24972,1093768,13669.3430938222,13789.6540964547,13.82,0.52,4.3
24973,1093768,13665.8695811823,13776.6150289534,13.55,-0.27,-0.789999999999999
24974,1093768,13661.0264856255,13764.4323968311,13.11,-0.440000000000001,-0.170000000000002
24975,1093768,13645.1942060246,13756.0245239837,12.88,-0.229999999999999,0.210000000000003
24976,1093768,13633.6910149335,13756.4203708266,11.51,-1.37,-1.14
24977,1093768,13625.6346961307,13757.0279183365,8.08,-3.43,-2.06
24978,1093768,13620.8700400921,13757.4106099006,4.78,-3.3,0.13
24979,1093768,13604.6610357806,13760.0602009914,6.12,1.34,4.64
24980,1093768,13596.3659483402,13760.3457256936,8.3,2.18,0.840000000000001
24981,1093768,13586.0920328116,13760.6993635174,10.28,1.98,-0.200000000000002
24982,1093768,13574.1890290567,13761.1075269908,11.91,1.63,-0.349999999999998
24983,1093768,13560.4061405747,13761.5480258247,13.79,1.88,0.249999999999998
24984,1093768,13546.5575560979,13762.1104384767,13.86,0.0700000000000003,-1.81
24985,1093768,13533.0994944578,13762.0829180889,13.47,-0.389999999999999,-0.459999999999999
24986,1093768,13520.1162323094,13761.6799444008,12.99,-0.48,-0.0900000000000016
24987,1093768,13506.420529547,13761.3368324034,13.7,0.709999999999999,1.19
24988,1093768,13492.8947734612,13760.9979780001,13.53,-0.17,-0.879999999999999
24989,1093768,13479.7988824985,13760.6698928054,13.1,-0.43,-0.26
24990,1093768,13466.8229550682,13760.3447663863,12.98,-0.119999999999999,0.31
24991,1093768,13453.2672851466,13760.0021106165,13.56,0.58,0.699999999999999
24992,1093768,13440.1142112253,13759.6206126333,13.16,-0.4,-0.98
24993,1093768,13416.802138384,13756.5472444376,13.57,0.41,0.81
