"V1","V2","V3","V4","V5","acceleration","jerk"
46913,1095342,13823.0324511958,13287.0526248039,12.89,0.26,0
46914,1095342,13819.2690725857,13299.651931794,13.15,0.26,0
46915,1095342,13815.6464552632,13312.1786330251,13.04,-0.110000000000001,-0.370000000000001
46916,1095342,13811.8793777408,13325.204865287,13.56,0.520000000000001,0.630000000000003
46917,1095342,13808.9985079836,13335.1666668029,10.37,-3.19,-3.71
46918,1095342,13807.2566513416,13341.1898582691,6.27,-4.1,-0.909999999999998
46919,1095342,13806.2815449918,13344.5616927263,3.51,-2.76,1.34
46920,1095342,13804.721446457,13353.2147798954,5.58,2.07,4.83
46921,1095342,13802.3195659581,13360.19298669,7.37,1.79,-0.28
46922,1095342,13799.3286063666,13368.8826507066,9.19,1.82,0.0299999999999994
46923,1095342,13795.934078778,13378.7448047538,10.44,1.25,-0.569999999999999
46924,1095342,13792.0578732574,13390.0063823858,11.91,1.47,0.220000000000001
46925,1095342,13787.8627188358,13402.1946053646,12.89,0.98,-0.49
46926,1095342,13783.4950716413,13414.8839732757,13.42,0.529999999999999,-0.450000000000001
46927,1095342,13779.0428609505,13427.0227954382,12.93,-0.49,-1.02
46928,1095342,13774.231739688,13439.9996483771,13.84,0.91,1.4
46929,1095342,13769.6952416767,13452.2357705485,13.05,-0.789999999999999,-1.7
46930,1095342,13765.2213160518,13464.303118621,12.87,-0.180000000000001,0.609999999999998
46931,1095342,13757.1626796415,13499.5196863121,13.1,0.23,0.410000000000002
46932,1095342,13763.3693332963,13512.1676692575,14.21,1.11,0.880000000000001
46933,1095342,13775.7502484016,13526.1255310388,15.36,1.15,0.0399999999999974
46934,1095342,13788.4349373348,13537.9774619646,17.37,2.01,0.860000000000003
46935,1095342,13802.6705159124,13549.695544506,18.46,1.09,-0.920000000000002
46936,1095342,13818.5167778653,13561.7662686816,19.92,1.46,0.370000000000001
46937,1095342,13834.259625458,13573.7582180507,19.79,-0.130000000000003,-1.59
46938,1095342,13849.3046805588,13584.3111659777,18.38,-1.41,-1.28
46939,1095342,13864.2902006353,13592.0089266622,16.91,-1.47,-0.0599999999999987
46940,1095342,13903.1991625251,13614.8019643398,16.75,-0.16,1.31
46941,1095342,13918.3588370744,13622.6884037258,17.13,0.379999999999999,0.539999999999999
46942,1095342,13933.9982265096,13630.8033430306,17.61,0.48,0.100000000000001
46943,1095342,13948.7797631014,13639.548349185,17.2,-0.41,-0.890000000000001
46944,1095342,13964.2206043007,13649.8285691758,18.55,1.35,1.76
46945,1095342,13980.4771880539,13660.6518951283,19.53,0.98,-0.370000000000001
46946,1095342,13999.0800560339,13670.318530733,20.98,1.45,0.469999999999999
46947,1095342,14019.7370392598,13676.4751300499,21.59,0.609999999999999,-0.84
46948,1095342,14041.9353294205,13680.2486167298,22.53,0.940000000000001,0.330000000000002
46949,1095342,14065.2506115698,13683.7044116162,23.57,1.04,0.0999999999999979
46950,1095342,14089.5847626464,13687.3112234195,24.6,1.03,-0.00999999999999801
46951,1095342,14122.8288273448,13698.1056499095,26.27,1.67,0.639999999999997
46952,1095342,14136.5114940564,13727.167878301,26.86,0.59,-1.08
46953,1095342,14142.8578569445,13753.7816581545,27.35,0.490000000000002,-0.0999999999999979
46954,1095342,14152.0016691627,13788.3334799933,27.06,-0.290000000000003,-0.780000000000005
46955,1095342,14169.0568171827,13819.9915779696,24.06,-3,-2.71
46956,1095342,14185.5699219583,13830.0973669378,19.36,-4.7,-1.7
46957,1095342,14193.4918348167,13853.3163400485,16.62,-2.74,1.96
46958,1095342,14209.5643423667,13883.7754832612,15.3,-1.32,1.42
46959,1095342,14214.2708380206,13895.9257836139,13.03,-2.27,-0.950000000000001
46960,1095342,14232.8910057464,13918.7328966154,13.81,0.780000000000001,3.05
46961,1095342,14244.3262815023,13926.2731683615,13.71,-0.0999999999999996,-0.880000000000001
46962,1095342,14254.8924554501,13933.7942399955,12.96,-0.75,-0.65
46963,1095342,14266.2722381323,13941.529118663,13.77,0.809999999999999,1.56
46964,1095342,14277.7174015198,13948.3821351547,13.34,-0.43,-1.24
46965,1095342,14289.644534262,13954.4658586443,13.4,0.0600000000000005,0.49
46966,1095342,14302.2050957501,13959.6417266591,13.61,0.209999999999999,0.149999999999999
46967,1095342,14314.4227658408,13963.7815983427,12.91,-0.699999999999999,-0.909999999999998
46968,1095342,14327.7457493137,13967.2628635464,13.79,0.879999999999999,1.58
46969,1095342,14340.6993317044,13970.0969953795,13.26,-0.529999999999999,-1.41
46970,1095342,14353.910407319,13972.2034997503,13.38,0.120000000000001,0.65
46971,1095342,14366.9718935343,13973.6930953745,13.16,-0.220000000000001,-0.340000000000002
46972,1095342,14380.4776077457,13974.503393862,13.54,0.379999999999999,0.6
46973,1095342,14393.6838604447,13975.2957256425,13.23,-0.309999999999999,-0.689999999999998
