"V1","V2","V3","V4","V5","acceleration","jerk"
48443,1098817,14349.4544482343,14263.7111298509,19.31,-0.189999999999998,0
48444,1098817,14350.8031721833,14244.6387586373,19.12,-0.189999999999998,0
48445,1098817,14352.2157653169,14225.9033333052,18.79,-0.330000000000002,-0.140000000000004
48446,1098817,14354.2401552438,14207.0919472472,18.92,0.130000000000003,0.460000000000004
48447,1098817,14356.2549154089,14188.3700445267,18.83,-0.0900000000000034,-0.220000000000006
48448,1098817,14358.2546959445,14169.7873381089,18.69,-0.139999999999997,-0.0499999999999936
48449,1098817,14360.2127526963,14150.8483930723,19.04,0.349999999999998,0.489999999999995
48450,1098817,14362.1261576762,14131.8545261311,19.09,0.0500000000000007,-0.299999999999997
48451,1098817,14363.9814288223,14113.4377384368,18.5,-0.59,-0.640000000000001
48452,1098817,14365.8898222648,14094.4936197065,19.04,0.539999999999999,1.13
48453,1098817,14367.7521095632,14076.0071845169,18.58,-0.460000000000001,-1
48454,1098817,14369.5912087867,14057.4787591457,18.62,0.0400000000000027,0.500000000000004
48455,1098817,14370.710661497,14038.9725865099,18.54,-0.0800000000000018,-0.120000000000005
48456,1098817,14371.8802299436,14019.6379282597,19.37,0.830000000000002,0.910000000000004
48457,1098817,14372.6668587799,13997.1314226814,19.28,-0.0899999999999999,-0.920000000000002
48458,1098817,14372.1953180103,13976.7268705103,20.41,1.13,1.22
48459,1098817,14371.6891221131,13954.8227187187,21.91,1.5,0.370000000000001
48460,1098817,14371.1420331654,13931.1490393746,23.68,1.77,0.27
48461,1098817,14370.6852785835,13911.384316375,19.77,-3.91,-5.68
48462,1098817,14370.3146997524,13895.3485977653,16.05,-3.72,0.190000000000001
48463,1098817,14369.9995691254,13881.7122385486,13.64,-2.41,1.31
48464,1098817,14362.940060801,13859.8153092404,13.2,-0.440000000000001,1.97
48465,1098817,14352.0346037779,13853.0174043486,13.32,0.120000000000001,0.560000000000002
48466,1098817,14341.8571397997,13849.4265958834,11.21,-2.11,-2.23
48467,1098817,14336.3604048551,13849.4121910728,7.43,-3.78,-1.67
48468,1098817,14331.3619863204,13849.5379374511,5,-2.43,1.35
48469,1098817,14329.4597095209,13849.4893635866,1.92,-3.08,-0.65
48470,1098817,14328.4547433842,13849.0938347456,1.08,-0.84,2.24
48471,1098817,14307.7666377526,13846.9866429011,2.57,1.49,2.33
48472,1098817,14303.2812519479,13848.0549590426,4.7,2.13,0.640000000000001
48473,1098817,14297.2714820635,13848.0023668706,6.01,1.31,-0.820000000000001
48474,1098817,14289.4417818647,13847.9338482839,7.83,1.82,0.510000000000001
48475,1098817,14279.3121697301,13847.8452029092,10.12,2.29,0.469999999999999
48476,1098817,14267.4326246008,13847.7412436742,11.89,1.77,-0.519999999999998
48477,1098817,14254.343125801,13847.6266959986,13.09,1.2,-0.570000000000002
48478,1098817,14240.9136400194,13847.5091730586,13.42,0.33,-0.869999999999999
48479,1098817,14227.3896094669,13848.7440768642,13.64,0.220000000000001,-0.109999999999999
48480,1098817,14217.7314111068,13852.6042179815,10.46,-3.18,-3.4
48481,1098817,14211.3557070898,13856.7038273033,7.58,-2.88,0.299999999999999
48482,1098817,14208.2105327514,13859.3489344973,4.23,-3.35,-0.469999999999999
48483,1098817,14204.086246756,13877.1644266497,6.01,1.78,5.13
48484,1098817,14206.451708935,13884.8444147488,8.04,2.03,0.25
48485,1098817,14210.0977493708,13894.2633525414,10.1,2.06,0.0300000000000011
48486,1098817,14227.119867404,13918.9403218073,11.86,1.76,-0.300000000000001
48487,1098817,14238.6821260086,13926.4003336008,13.76,1.9,0.140000000000001
48488,1098817,14249.9090004693,13934.3352704873,13.75,-0.00999999999999979,-1.91
48489,1098817,14260.6774697509,13941.7237155369,13.06,-0.69,-0.68
48490,1098817,14271.5826935944,13948.5496275985,12.87,-0.190000000000001,0.499999999999998
48491,1098817,14283.5228705993,13955.1782612567,13.67,0.800000000000001,0.990000000000002
48492,1098817,14295.9721647428,13960.9950713361,13.76,0.0899999999999999,-0.710000000000001
48493,1098817,14310.141845778,13962.331038652,13.04,-0.720000000000001,-0.81
48494,1098817,14323.1250521261,13966.2518949513,13.59,0.550000000000001,1.27
48495,1098817,14336.5963870558,13969.1993065636,13.79,0.199999999999999,-0.350000000000001
48496,1098817,14349.4233056757,13971.5124723682,13.04,-0.75,-0.949999999999999
48497,1098817,14362.4400426459,13973.421199208,13.16,0.120000000000001,0.870000000000001
48498,1098817,14375.2869415299,13974.19197094,12.87,-0.290000000000001,-0.410000000000002
48499,1098817,14388.7726916405,13975.001071647,13.51,0.640000000000001,0.930000000000001
48500,1098817,14401.7892853816,13975.782024513,13.04,-0.470000000000001,-1.11
