"V1","V2","V3","V4","V5","acceleration","jerk"
66216,1098854,14130.5,14128.82,0,2.47,0
66217,1098854,14130.5364728163,14126.3502692994,2.47,2.47,0
66218,1098854,14130.5947997896,14122.4006999603,3.94,1.47,-1
66219,1098854,14130.6891565896,14116.0113966497,6.39,2.45,0.98
66220,1098854,14130.8157039723,14107.4423310204,8.58,2.19,-0.259999999999999
66221,1098854,14130.9629242063,14097.4734180304,9.97,1.39,-0.8
66222,1098854,14131.1423350231,14085.3247427216,12.15,2.18,0.789999999999999
66223,1098854,14131.3368074887,14072.1561786214,13.17,1.02,-1.16
66224,1098854,14131.534380882,14058.7776374171,13.39,0.220000000000001,-0.799999999999999
66225,1098854,14131.6705263743,14049.558642656,9.22,-4.17,-4.39
66226,1098854,14131.7558757176,14043.7792728384,5.78,-3.44,0.73
66227,1098854,14132.0757521705,14040.0939074371,3.7,-2.08,1.36
66228,1098854,14139.0458891681,14034.321985459,5.47,1.77,3.85
66229,1098854,14146.0920660062,14033.3714635153,7.11,1.64,-0.129999999999999
66230,1098854,14155.4167392961,14032.1952788274,9.39,2.28,0.64
66231,1098854,14166.7009560065,14031.17775574,11.33,1.94,-0.340000000000001
66232,1098854,14174.7981035665,14030.4476178142,8.14,-3.19,-5.13
66233,1098854,14179.787858705,14029.9976804207,5.01,-3.13,0.0599999999999987
66234,1098854,14182.8653723533,14029.7201741242,3.09,-1.92,1.21
66235,1098854,14188.048679104,14032.8999976422,2.33,-0.76,1.16
66236,1098854,14188.0392900325,14035.5299808827,2.63,0.3,1.06
66237,1098854,14188.0301508603,14038.0899645693,2.56,-0.0699999999999998,-0.37
66238,1098854,14188.0216185863,14040.4799493392,2.38,-0.18,-0.11
66239,1098854,14188.0134433111,14042.7699347463,2.29,-0.0899999999999999,0.0900000000000003
66240,1098854,14188.0076956286,14044.3799244867,1.61,-0.68,-0.59
66241,1098854,14188.001305348,14046.16991308,1.79,0.18,0.86
66242,1098854,14187.9944866687,14048.0799009087,1.91,0.12,-0.0600000000000001
66243,1098854,14187.9882391877,14049.8298897569,1.75,-0.16,-0.28
66244,1098854,14187.9824558053,14051.4498794336,1.62,-0.13,0.03
66245,1098854,14187.97431623,14053.7298649045,2.28,0.66,0.79
66246,1098854,14187.9660695551,14056.0398501841,2.31,0.0300000000000002,-0.629999999999999
66247,1098854,14187.9565733839,14058.6998332335,2.66,0.35,0.32
66248,1098854,14187.9470415129,14061.3698162191,2.66,0,-0.35
66249,1098854,14187.9406512323,14063.1598048124,1.79,-0.87,-0.87
66250,1098854,14187.9347607502,14064.8097942979,1.65,-0.14,0.73
66251,1098854,14187.9269067741,14067.0097802786,2.21,0.56,0.7
66252,1098854,14187.9174820027,14069.6497634553,2.63,0.42,-0.14
66253,1098854,14187.9106276236,14071.5697512203,1.92,-0.71,-1.13
66254,1098854,14187.9026665478,14073.7997370097,2.23,0.31,1.02
66255,1098854,14187.893384576,14076.3997204414,2.6,0.37,0.0600000000000001
66256,1098854,14187.8862088978,14078.4097076328,2.01,-0.59,-0.96
66257,1098854,14187.877926523,14080.7296928488,2.32,0.31,0.9
66258,1098854,14187.8711792435,14082.6196808049,1.89,-0.43,-0.74
66259,1098854,14187.8638607657,14084.6696677414,2.05,0.16,0.59
66260,1098854,14187.8570420864,14086.5796555701,1.91,-0.14,-0.3
66261,1098854,14187.8487597116,14088.899640786,2.32,0.41,0.55
66262,1098854,14187.8417625329,14090.8596282961,1.96,-0.36,-0.77
66263,1098854,14187.8363004495,14092.3896185462,1.53,-0.43,-0.0700000000000001
66264,1098854,14187.8264472794,14095.1496009583,2.76,1.23,1.66
66265,1098854,14187.8190931018,14097.2095878311,2.06,-0.7,-1.93
66266,1098854,14187.8126314214,14099.019576297,1.81,-0.25,0.45
66267,1098854,14187.8067409393,14100.6695657825,1.65,-0.16,0.0899999999999999
66268,1098854,14187.8008861571,14102.3095553317,1.64,-0.01,0.15
66269,1098854,14187.7929250813,14104.5395411212,2.23,0.59,0.6
66270,1098854,14187.7864634009,14106.3495295871,1.81,-0.42,-1.01
66271,1098854,14187.8107693585,14108.7387006279,2.39,0.58,1
66272,1098854,14187.9164278855,14110.7258936925,1.99,-0.4,-0.98
66273,1098854,14188.0194316756,14112.663157283,1.94,-0.05,0.35
66274,1098854,14188.1670350449,14115.4392360364,2.78,0.84,0.89
66275,1098854,14188.2546413612,14117.0869086779,1.65,-1.13,-1.97
66276,1098854,14188.2737554666,14117.4464008906,0.36,-1.29,-0.16
66277,1098854,14188.2907457825,14117.7659495241,0.32,-0.04,1.25
66278,1098854,14188.2939314667,14117.8258648928,0.06,-0.26,-0.22
66279,1098854,14188.2944624141,14117.8358507876,0.01,-0.05,0.21
66280,1098854,14188.2944624141,14117.8358507876,0,-0.01,0.04
66281,1098854,14188.2944624141,14117.8358507876,0,0,0.01
66282,1098854,14188.2944624141,14117.8358507876,0,0,0
66283,1098854,14188.2944624141,14117.8358507876,0,0,0
66284,1098854,14188.2944624141,14117.8358507876,0,0,0
66285,1098854,14188.2944624141,14117.8358507876,0,0,0
66286,1098854,14188.2944624141,14117.8358507876,0,0,0
66287,1098854,14184.4822272704,14121.6898988821,0.51,0.51,0.51
66288,1098854,14183.5066818113,14121.9096966464,1,0.49,-0.02
66289,1098854,14181.9262981675,14122.2657690245,1.62,0.62,0.13
66290,1098854,14179.8874081579,14122.7251463518,2.1,0.48,-0.14
66291,1098854,14177.1071035994,14123.3515699799,2.84,0.74,0.26
66292,1098854,14174.9901699531,14123.8285311283,2.17,-0.67,-1.41
66293,1098854,14172.5025290323,14124.3890154272,2.55,0.38,1.05
66294,1098854,14168.1711071938,14125.3649175005,4.44,1.89,1.51
66295,1098854,14162.2300353477,14126.7034858848,6.09,1.65,-0.240000000000001
66296,1098854,14156.3892462334,14128.0303157447,5.99,-0.0999999999999996,-1.75
66297,1098854,14150.0482190566,14129.3271411029,6.49,0.5,0.6
66298,1098854,14143.6269041642,14130.2688496846,6.49,0,-0.5
66299,1098854,14137.4925201376,14131.1684788381,6.2,-0.29,-0.29
66300,1098854,14124.945856258,14133.1018219352,6.47,0.27,0.56
66301,1098854,14120.8304258184,14133.7742297709,4.17,-2.3,-2.57
66302,1098854,14116.4189212466,14134.495012271,4.47,0.3,2.6
66303,1098854,14111.4843523743,14135.3012566783,5,0.53,0.23
66304,1098854,14107.2917356301,14136.1588797412,4.27,-0.73,-1.26
66305,1098854,14104.4936276646,14136.7506498088,2.87,-1.4,-0.669999999999999
66306,1098854,14102.1064306589,14137.2555165798,2.43,-0.44,0.96
66307,1098854,14098.7310906305,14137.9693650879,3.45,1.02,1.46
66308,1098854,14096.5199983221,14138.4369875889,2.26,-1.19,-2.21
66309,1098854,14094.2991224193,14138.906679216,2.27,0.0100000000000002,1.2
66310,1098854,14092.2250004308,14139.3453339514,2.11,-0.16,-0.17
66311,1098854,14090.7868120709,14139.6494954897,1.47,-0.64,-0.48
66312,1098854,14089.3094893338,14139.9619335324,1.51,0.04,0.68
66313,1098854,14088.0963236424,14140.2185051701,1.24,-0.27,-0.31
66314,1098854,14087.5484423625,14140.3343762323,0.56,-0.68,-0.41
66315,1098854,14085.8462231263,14140.5505591615,0.34,-0.22,0.46
66316,1098854,14085.8381190829,14140.45088808,0.1,-0.24,-0.02
66317,1098854,14085.8267734222,14140.311348566,0.14,0.04,0.28
66318,1098854,14085.8259630178,14140.3013814578,0.01,-0.13,-0.17
66319,1098854,14085.8259630178,14140.3013814578,0,-0.01,0.12
66320,1098854,14085.8259630178,14140.3013814578,0,0,0.01
66321,1098854,14085.8243422092,14140.2814472415,0.02,0.02,0.02
66322,1098854,14085.8235318048,14140.2714801334,0.01,-0.01,-0.03
66323,1098854,14085.8227214005,14140.2615130252,0.01,0,0.01
66324,1098854,14085.8211005918,14140.241578809,0.01,0,0
66325,1098854,14085.8194797831,14140.2216445927,0.02,0.01,0.01
66326,1098854,14085.8170485701,14140.1917432682,0.03,0.01,-1.73472347597681e-18
66327,1098854,14085.8146173571,14140.1618419438,0.03,0,-0.01
66328,1098854,14085.8097549311,14140.1020392949,0.06,0.03,0.03
66329,1098854,14085.8057029094,14140.0522037542,0.05,-0.01,-0.04
66330,1098854,14085.800030079,14139.9824339971,0.07,0.02,0.03
66331,1098854,14085.7943572487,14139.9126642401,0.08,0.01,-0.01
66332,1098854,14085.7870636097,14139.8229602668,0.09,0.01,0
66333,1098854,14085.7813907793,14139.7531905098,0.07,-0.02,-0.03
66334,1098854,14085.7765283533,14139.6933878609,0.06,-0.01,0.00999999999999998
66335,1098854,14085.7708555229,14139.6236181038,0.07,0.01,0.02
66336,1098854,14085.7676139056,14139.5837496713,0.04,-0.03,-0.04
66337,1098854,14085.7651826926,14139.5538483468,0.02,-0.02,0.01
66338,1098854,14085.7619410752,14139.5139799142,0.04,0.02,0.04
66339,1098854,14085.7578890535,14139.4641443735,0.05,0.01,-0.01
66340,1098854,14085.7424913711,14139.2747693187,0.19,0.14,0.13
66341,1098854,14085.72547288,14139.0654600476,0.21,0.02,-0.12
66342,1098854,14085.7100751976,14138.8760849928,0.19,-0.02,-0.04
66343,1098854,14085.6930567065,14138.6667757218,0.21,0.02,0.04
66344,1098854,14085.6744174068,14138.4375322344,0.24,0.03,0.01
66345,1098854,14085.6444324463,14138.0687492329,0.37,0.13,0.1
66346,1098854,14085.5949977817,14137.460755636,0.6,0.23,0.1
66347,1098854,14085.4961284526,14136.2447684421,1.22,0.62,0.39
66348,1098854,14085.429675297,14135.427465574,0.82,-0.4,-1.02
66349,1098854,14085.3462036502,14134.4008534349,1.02,0.2,0.6
66350,1098854,14085.2773192816,14133.5536492424,0.86,-0.16,-0.36
66351,1098854,14085.2019516782,14132.6267081848,0.93,0.0700000000000001,0.23
66352,1098854,14085.0252835327,14130.4538786088,2.18,1.25,1.18
66353,1098854,14084.7991807226,14127.6730554358,2.79,0.61,-0.64
66354,1098854,14084.6071148947,14125.310850805,2.37,-0.42,-1.03
66355,1098854,14084.384253702,14122.5698960646,2.75,0.38,0.8
66356,1098854,14084.1573404876,14119.7791057835,2.8,0.0499999999999998,-0.33
66357,1098854,14083.896390291,14116.5696969603,3.22,0.42,0.370000000000001
66358,1098854,14083.7051348675,14114.2174594376,2.37,-0.85,-1.27
66359,1098854,14083.4903777181,14111.5761757787,2.65,0.28,1.13
66360,1098854,14083.2756205688,14108.9348921198,2.65,0,-0.28
66361,1098854,14083.0551905891,14106.2238387039,2.72,0.0700000000000003,0.0700000000000003
66362,1098854,14083.9749178632,14102.3034093667,4.02,1.3,1.23
66363,1098854,14084.9007800998,14098.4428810195,3.97,-0.0499999999999994,-1.35
66364,1098854,14085.6680563613,14095.2436018604,3.29,-0.68,-0.630000000000001
66365,1098854,14086.3350503152,14092.46246557,2.87,-0.42,0.26
66366,1098854,14087.0650122297,14089.418774455,3.13,0.26,0.68
66367,1098854,14088.0141959332,14085.4610035803,4.06,0.93,0.67
66368,1098854,14089.014686864,14081.2892991447,4.3,0.24,-0.69
66369,1098854,14089.1847761183,14077.6988492911,3.61,-0.69,-0.93
66370,1098854,14089.1899454434,14074.5588535462,3.14,-0.47,0.22
66371,1098854,14089.1950818428,14071.4388577741,3.12,-0.02,0.45
66372,1098854,14089.2019468382,14067.268863425,4.17,1.05,1.07
66373,1098854,14089.2052064763,14065.2888661081,1.98,-2.19,-3.24
66374,1098854,14089.20914109,14062.8988693469,2.39,0.41,2.6
66375,1098854,14089.2111166282,14061.698870973,1.19,-1.2,-1.61
66376,1098854,14089.2131415549,14060.4688726398,1.23,0.04,1.24
66377,1098854,14089.2145573573,14059.6088738052,0.87,-0.36,-0.4
66378,1098854,14089.2157262175,14058.8988747674,0.7,-0.17,0.19
66379,1098854,14089.2159896226,14058.7388749842,0.16,-0.54,-0.37
66380,1098854,14089.216220102,14058.5988751739,0.14,-0.02,0.52
66381,1098854,14089.2162530277,14058.578875201,0.02,-0.12,-0.1
66382,1098854,14089.2162530277,14058.578875201,0,-0.02,0.1
66383,1098854,14089.2162530277,14058.578875201,0,0,0.02
66384,1098854,14089.2162530277,14058.578875201,0,0,0
66385,1098854,14089.2162530277,14058.578875201,0,0,0
66386,1098854,14089.2162530277,14058.578875201,0,0,0
66387,1098854,14089.2162530277,14058.578875201,0,0,0
66388,1098854,14089.2162530277,14058.578875201,0,0,0
66389,1098854,14089.2162530277,14058.578875201,0,0,0
66390,1098854,14089.2162694905,14058.5688752146,0.01,0.01,0.01
66391,1098854,14089.2162859533,14058.5588752281,0.01,0,-0.01
66392,1098854,14089.2163353417,14058.5288752688,0.02,0.01,0.01
66393,1098854,14089.216401193,14058.488875323,0.04,0.02,0.01
66394,1098854,14089.2164835071,14058.4388753907,0.05,0.01,-0.01
66395,1098854,14089.2166152097,14058.3588754991,0.08,0.03,0.02
66396,1098854,14089.2168127635,14058.2388756618,0.12,0.04,0.01
66397,1098854,14089.2170103173,14058.1188758244,0.12,0,-0.04
66398,1098854,14089.2172901852,14057.9488760547,0.17,0.05,0.05
66399,1098854,14089.2175206647,14057.8088762445,0.14,-0.03,-0.08
66400,1098854,14089.2176523672,14057.7288763529,0.08,-0.06,-0.03
66401,1098854,14089.2180310121,14057.4988766646,0.23,0.15,0.21
66402,1098854,14089.2187059876,14057.0888772202,0.41,0.18,0.0299999999999999
66403,1098854,14089.2206815259,14055.8888788463,1.2,0.79,0.61
66404,1098854,14089.2216199066,14055.3188796187,0.57,-0.63,-1.42
66405,1098854,14089.2235625192,14054.1388812178,1.18,0.61,1.24
66406,1098854,14089.2261142561,14052.5888833182,1.54,0.36,-0.25
66407,1098854,14089.2285836789,14051.0888853509,1.5,-0.04,-0.4
66408,1098854,14089.2326993835,14048.5888887387,2.5,1,1.04
66409,1098854,14089.2388235521,14044.8688937798,3.72,1.22,0.22
66410,1098854,14089.2451617373,14041.018898997,3.85,0.13,-1.09
66411,1098854,14089.2493268304,14038.4889024254,2.53,-1.32,-1.45
66412,1098854,14089.2685071052,14028.1000095729,4.2,1.67,2.99
66413,1098854,14089.2791522396,14023.3700215516,4.73,0.53,-1.14
66414,1098854,14089.2801855405,14017.8901067386,5.48,0.75,0.22
66415,1098854,14089.1897689256,14011.8107790755,6.09,0.609999999999999,-0.140000000000001
66416,1098854,14089.1218077528,14007.2412844339,4.57,-1.52,-2.13
66417,1098854,14089.0318372725,14001.1919534533,6.05,1.48,3
66418,1098854,14088.9588199075,13996.2824964096,4.9,-1.15,-2.63
66419,1098854,14082.7031464783,13990.1378217279,6.3,1.4,2.55
66420,1098854,14078.2677724266,13990.3404470498,4.44,-1.86,-3.26
66421,1098854,14072.9433256482,13990.5836887088,5.33,0.89,2.75
66422,1098854,14069.1372952119,13990.7575631404,3.81,-1.52,-2.41
66423,1098854,14066.2503062458,13990.8894521449,2.88,-0.93,0.59
66424,1098854,14064.8118065534,13990.9551684656,1.44,-1.44,-0.51
66425,1098854,14063.1335569121,13991.0318375063,1.68,0.24,1.68
66426,1098854,14062.3244008351,13991.0688029366,0.82,-0.86,-1.1
66427,1098854,14062.0247133992,13991.0824938367,0.29,-0.53,0.33
66428,1098854,14061.9348071684,13991.0866011068,0.1,-0.19,0.34
66429,1098854,14061.914828006,13991.0875138335,0.02,-0.08,0.11
66430,1098854,14061.9048384248,13991.0879701968,0.01,-0.01,0.07
66431,1098854,14061.9048384248,13991.0879701968,0,-0.01,0
66432,1098854,14061.5751822453,13991.1030301869,0.33,0.33,0.34
66433,1098854,14060.9558282111,13991.1313247139,0.62,0.29,-0.04
66434,1098854,14059.4573910314,13991.1997792145,1.5,0.88,0.59
66435,1098854,14057.9589538518,13991.2682337151,1.5,0,-0.88
66436,1098854,14057.2996414927,13991.2983536954,0.66,-0.84,-0.84
66437,1098854,14056.4305479285,13991.3380573058,0.87,0.21,1.05
66438,1098854,14055.8411626379,13991.3649827427,0.6,-0.27,-0.48
66439,1098854,14055.4615585524,13991.3823245495,0.38,-0.22,0.05
66440,1098854,14055.2817460908,13991.3905390896,0.18,-0.2,0.02
66441,1098854,14055.1019336293,13991.3987536297,0.18,0,0.2
66442,1098854,14055.0719648857,13991.4001227197,0.03,-0.15,-0.15
66443,1098854,14055.0719648857,13991.4001227197,0,-0.03,0.12
66444,1098854,14055.0719648857,13991.4001227197,0,0,0.03
66445,1098854,14055.0719648857,13991.4001227197,0,0,0
66446,1098854,14055.0719648857,13991.4001227197,0,0,0
66447,1098854,14055.0719648857,13991.4001227197,0,0,0
66448,1098854,14055.0719648857,13991.4001227197,0,0,0
66449,1098854,14055.0719648857,13991.4001227197,0,0,0
66450,1098854,14055.0719648857,13991.4001227197,0,0,0
66451,1098854,14055.0719648857,13991.4001227197,0,0,0
66452,1098854,14055.0719648857,13991.4001227197,0,0,0
66453,1098854,14055.0719648857,13991.4001227197,0,0,0
66454,1098854,14055.0719648857,13991.4001227197,0,0,0
66455,1098854,14055.0719648857,13991.4001227197,0,0,0
66456,1098854,14055.0719648857,13991.4001227197,0,0,0
66457,1098854,14055.0719648857,13991.4001227197,0,0,0
66458,1098854,14055.0419961421,13991.4014918097,0.03,0.03,0.03
66459,1098854,14054.9520899113,13991.4055990797,0.09,0.06,0.03
66460,1098854,14054.8122357745,13991.4119881665,0.14,0.05,-0.00999999999999998
66461,1098854,14054.5924649882,13991.4220281599,0.22,0.08,0.03
66462,1098854,14054.4626004326,13991.4279608833,0.13,-0.09,-0.17
66463,1098854,14054.4126525266,13991.4302427,0.05,-0.08,0.01
66464,1098854,14054.4026629454,13991.4306990633,0.01,-0.04,0.04
66465,1098854,14054.4026629454,13991.4306990633,0,-0.01,0.03
66466,1098854,14054.4026629454,13991.4306990633,0,0,0.01
66467,1098854,14054.4026629454,13991.4306990633,0,0,0
66468,1098854,14054.4026629454,13991.4306990633,0,0,0
66469,1098854,14054.4026629454,13991.4306990633,0,0,0
66470,1098854,14053.723371424,13991.4617317703,0.68,0.68,0.68
66471,1098854,14051.6055802101,13991.5584807978,2.12,1.44,0.76
66472,1098854,14048.5387787824,13991.6985843425,3.07,0.95,-0.49
66473,1098854,14040.6296775243,13984.9536941612,4.84,1.77,0.82
66474,1098854,14038.3307926319,13982.9492995437,3.05,-1.79,-3.56
66475,1098854,14037.7953663748,13982.483017737,0.71,-2.34,-0.55
66476,1098854,14037.4786353495,13982.2071890627,0.42,-0.29,2.05
66477,1098854,14029.7801584131,13976.3467460057,2.91,2.49,2.78
66478,1098854,14028.746759068,13971.3014922168,5.14,2.23,-0.260000000000001
66479,1098854,14027.2658877735,13964.0715945544,7.38,2.24,0.0100000000000007
66480,1098854,14026.5204236742,13955.4424379833,8.7,1.32,-0.920000000000001
66481,1098854,14026.2144887378,13944.9468958908,10.5,1.8,0.480000000000001
66482,1098854,14026.4854579285,13932.9612691445,11.99,1.49,-0.31
66483,1098854,14027.1362890314,13921.950487207,11.03,-0.960000000000001,-2.45
66484,1098854,14028.2360544952,13914.2317254271,7.81,-3.22,-2.26
66485,1098854,14029.0430675577,13909.8656826058,4.44,-3.37,-0.149999999999999
66486,1098854,14029.570170684,13907.0139879703,2.9,-1.54,1.83
66487,1098854,14029.7283016219,13906.1584795796,0.87,-2.03,-0.489999999999999
66488,1098854,14029.860986202,13905.4406392059,0.73,-0.14,1.89
66489,1098854,14029.8718917839,13905.3816386272,0.06,-0.67,-0.53
66490,1098854,14029.8737093809,13905.3718051974,0.01,-0.05,0.62
66491,1098854,14029.8737093809,13905.3718051974,0,-0.01,0.04
66492,1098854,14029.8737093809,13905.3718051974,0,0,0.01
66493,1098854,14029.8737093809,13905.3718051974,0,0,0
66494,1098854,14029.8737093809,13905.3718051974,0,0,0
66495,1098854,14029.8737093809,13905.3718051974,0,0,0
66496,1098854,14029.8737093809,13905.3718051974,0,0,0
66497,1098854,14029.8737093809,13905.3718051974,0,0,0
66498,1098854,14029.8737093809,13905.3718051974,0,0,0
66499,1098854,14029.8737093809,13905.3718051974,0,0,0
66500,1098854,14029.8737093809,13905.3718051974,0,0,0
66501,1098854,14029.8737093809,13905.3718051974,0,0,0
66502,1098854,14029.8737093809,13905.3718051974,0,0,0
66503,1098854,14029.8737093809,13905.3718051974,0,0,0
66504,1098854,14029.8737093809,13905.3718051974,0,0,0
66505,1098854,14029.8737093809,13905.3718051974,0,0,0
66506,1098854,14029.8737093809,13905.3718051974,0,0,0
66507,1098854,14029.8737093809,13905.3718051974,0,0,0
66508,1098854,14029.8737093809,13905.3718051974,0,0,0
66509,1098854,14029.8737093809,13905.3718051974,0,0,0
66510,1098854,14029.8737093809,13905.3718051974,0,0,0
66511,1098854,14029.8737093809,13905.3718051974,0,0,0
66512,1098854,14029.8737093809,13905.3718051974,0,0,0
66513,1098854,14029.8737093809,13905.3718051974,0,0,0
66514,1098854,14029.8737093809,13905.3718051974,0,0,0
66515,1098854,14029.8737093809,13905.3718051974,0,0,0
66516,1098854,14029.8737093809,13905.3718051974,0,0,0
66517,1098854,14029.8737093809,13905.3718051974,0,0,0
66518,1098854,14029.8737093809,13905.3718051974,0,0,0
66519,1098854,14029.8737093809,13905.3718051974,0,0,0
66520,1098854,14029.8737093809,13905.3718051974,0,0,0
66521,1098854,14029.8737093809,13905.3718051974,0,0,0
66522,1098854,14029.8737093809,13905.3718051974,0,0,0
66523,1098854,14029.8737093809,13905.3718051974,0,0,0
66524,1098854,14029.8737093809,13905.3718051974,0,0,0
66525,1098854,14029.8737093809,13905.3718051974,0,0,0
66526,1098854,14030.1027266013,13904.1327930455,1.26,1.26,1.26
66527,1098854,14030.6189241458,13901.3400989886,2.84,1.58,0.32
66528,1098854,14041.1544765928,13887.3748195675,4.43,1.59,0.01
66529,1098854,14047.0343063618,13884.9768825609,6.35,1.92,0.33
66530,1098854,14054.7753105932,13881.8199135255,8.36,2.01,0.0899999999999999
66531,1098854,14064.2319194336,13880.6783324523,9.81,1.45,-0.559999999999999
66532,1098854,14075.5272189157,13881.7913057726,11.36,1.55,0.0999999999999979
66533,1098854,14088.7722387316,13882.992852787,13.3,1.94,0.390000000000002
66534,1098854,14102.3745824511,13883.5201939927,13.62,0.319999999999999,-1.62
66535,1098854,14116.2032332511,13884.4518683185,13.86,0.24,-0.0799999999999983
66536,1098854,14129.9620423805,13885.3788372183,13.8,-0.0599999999999987,-0.299999999999999
66537,1098854,14143.71,13885.85,13.82,0.0199999999999996,0.0799999999999983
66538,1098854,14160.3317438522,13885.3730318422,13.84,0.0199999999999996,0
66539,1098854,14174.2411860435,13881.8848862402,12.93,-0.91,-0.93
66540,1098854,14186.1409522059,13873.691604958,14.46,1.53,2.44
66541,1098854,14205.813918376,13883.0667694704,15.59,1.13,-0.400000000000002
66542,1098854,14210.7872481067,13896.0445576091,13.9,-1.69,-2.82
66543,1098854,14230.2625161817,13920.9679703617,13.67,-0.23,1.46
66544,1098854,14241.2069538978,13928.0919952677,13.06,-0.609999999999999,-0.379999999999999
66545,1098854,14251.6729048034,13935.5991820766,12.89,-0.17,0.44
66546,1098854,14262.6288722555,13943.0509789865,13.25,0.359999999999999,0.529999999999999
66547,1098854,14274.3870300124,13950.2314710081,13.78,0.529999999999999,0.17
66548,1098854,14285.7753332331,13956.262886576,12.9,-0.879999999999999,-1.41
66549,1098854,14298.1690326668,13961.7408402846,13.57,0.67,1.55
66550,1098854,14311.0945702368,13966.1286618997,13.65,0.0800000000000001,-0.59
66551,1098854,14323.8455221961,13969.7667625841,13.28,-0.370000000000001,-0.450000000000001
66552,1098854,14334.4036834285,13972.0865322687,10.81,-2.47,-2.1
66553,1098854,14343.2582432024,13973.8918336294,9.04,-1.77,0.699999999999998
66554,1098854,14349.5239335679,13974.8596787843,6.34,-2.7,-0.929999999999998
66555,1098854,14354.8902898272,13975.6886061015,5.43,-0.91,1.79
66556,1098854,14358.3492671584,13976.2229054773,3.5,-1.93,-1.02
66557,1098854,14360.9287630914,13976.6205259909,2.61,-0.89,1.04
66558,1098854,14364.0531398772,13976.8080618543,3.13,0.52,1.41
66559,1098854,14366.3589898374,13976.9464669164,2.31,-0.82,-1.34
66560,1098854,14367.7065644894,13977.0273529916,1.35,-0.96,-0.14
66561,1098854,14368.565019453,13977.0788804173,0.87,-0.48,0.48
66562,1098854,14369.2138516928,13977.1178255647,0.65,-0.22,0.26
66563,1098854,14371.1204202746,13977.2322643823,1.91,1.26,1.48
66564,1098854,14373.7057671997,13977.3874458155,2.58,0.67,-0.59
66565,1098854,14376.9399463646,13977.5815723961,3.24,0.66,-0.01
66566,1098854,14379.8646824612,13977.7571251372,2.93,-0.31,-0.97
66567,1098854,14383.48816097,13977.9746188062,3.64,0.71,1.02
66568,1098854,14386.4827713079,13978.1543656401,3,-0.64,-1.35
66569,1098854,14389.0581361985,13978.3089479172,2.58,-0.42,0.22
66570,1098854,14391.5736088823,13978.4599352576,2.52,-0.0600000000000001,0.36
66571,1098854,14393.5500517053,13978.578568168,1.98,-0.54,-0.48
66572,1098854,14395.2669616324,13978.6816230194,1.72,-0.26,0.28
66573,1098854,14397.5628295581,13978.8194289254,2.29,0.57,0.83
66574,1098854,14398.3613923148,13978.8673614144,0.8,-1.49,-2.06
66575,1098854,14399.5891825534,13978.9410576163,1.23,0.43,1.92
66576,1098854,14402.2144576162,13979.098635674,2.63,1.4,0.97
66577,1098854,14404.490361473,13979.2352432678,2.29,-0.34,-1.74
