"V1","V2","V3","V4","V5","acceleration","jerk"
54061,1098665,14154.2350052063,13283.6434294713,12.89,0.449999999999999,0
54062,1098665,14152.6026231175,13296.8831775322,13.34,0.449999999999999,0
54063,1098665,14150.9445438594,13310.3313474142,13.56,0.220000000000001,-0.229999999999999
54064,1098665,14148.7421768835,13323.0236984706,12.91,-0.65,-0.870000000000001
54065,1098665,14145.1831098514,13336.3982504953,13.85,0.94,1.59
54066,1098665,14142.1049283215,13347.9656918056,11.97,-1.88,-2.82
54067,1098665,14140.6169115341,13355.2444114986,7.43,-4.54,-2.66
54068,1098665,14139.5808709545,13360.4013698964,5.26,-2.17,2.37
54069,1098665,14137.7662015518,13369.4842316429,4.25,-1.01,1.16
54070,1098665,14137.1794905912,13370.8647280206,1.49,-2.76,-1.75
54071,1098665,14136.9682746455,13371.3617067166,0.54,-0.95,1.81
54072,1098665,14136.8626666726,13371.6101960646,0.28,-0.26,0.69
54073,1098665,14136.8509324534,13371.6378059921,0.02,-0.26,0
54074,1098665,14136.8509324534,13371.6378059921,0,-0.02,0.24
54075,1098665,14136.8509324534,13371.6378059921,0,0,0.02
54076,1098665,14136.8509324534,13371.6378059921,0,0,0
54077,1098665,14136.8509324534,13371.6378059921,0,0,0
54078,1098665,14136.8509324534,13371.6378059921,0,0,0
54079,1098665,14136.8509324534,13371.6378059921,0,0,0
54080,1098665,14133.3635384769,13382.6065520507,2.25,2.25,2.25
54081,1098665,14128.3383535753,13390.4350714133,4.51,2.26,0.00999999999999979
54082,1098665,14125.3944398184,13396.5647836245,6.8,2.29,0.0300000000000002
54083,1098665,14121.6972304826,13404.2629810192,8.54,1.74,-0.550000000000001
54084,1098665,14115.542591686,13417.5012077582,10.02,1.48,-0.259999999999999
54085,1098665,14114.3773917333,13423.1421216089,5.76,-4.26,-5.74
54086,1098665,14113.833227172,13425.7765067231,2.68,-3.08,1.18
54087,1098665,14108.1263889248,13439.2345891388,4.53,1.85,4.93
54088,1098665,14107.244291248,13445.6037966003,6.43,1.9,0.0499999999999994
54089,1098665,14106.1756223673,13453.32014592,7.79,1.36,-0.539999999999999
54090,1098665,14104.8874579527,13462.621368014,9.39,1.6,0.24
54091,1098665,14103.568266615,13473.1561175397,10.63,1.24,-0.36
54092,1098665,14102.5418078252,13485.7042043401,12.58,1.95,0.709999999999999
54093,1098665,14101.4941513161,13498.5114255781,12.86,0.279999999999999,-1.67
54094,1098665,14100.6492829356,13511.6025916286,13.11,0.25,-0.0299999999999994
54095,1098665,14099.969704066,13525.1155140572,13.54,0.43,0.18
54096,1098665,14099.3162435271,13538.10909283,13.01,-0.529999999999999,-0.959999999999999
54097,1098665,14098.6223168017,13551.8816220919,13.79,0.779999999999999,1.31
54098,1098665,14084.5494945744,13555.1911510148,12.96,-0.829999999999998,-1.61
54099,1098665,14071.428414774,13552.8977550894,13.32,0.359999999999999,1.19
54100,1098665,14057.814801948,13550.5182707284,13.82,0.5,0.140000000000001
54101,1098665,14044.6481477575,13548.3783751511,13.35,-0.470000000000001,-0.970000000000001
54102,1098665,14031.6038238051,13546.3570853089,13.19,-0.16,0.31
54103,1098665,14011.8997865726,13543.4149319695,13.76,0.57,0.73
54104,1098665,13998.2332512046,13541.5737608654,13.79,0.0299999999999994,-0.540000000000001
54105,1098665,13978.4139726111,13538.8111328855,13.78,-0.00999999999999979,-0.0399999999999991
54106,1098665,13964.9697257295,13536.8261074988,13.6,-0.18,-0.17
54107,1098665,13951.7332265922,13534.8717557935,13.38,-0.219999999999999,-0.0399999999999991
54108,1098665,13938.9913649413,13532.9904366632,12.88,-0.5,-0.280000000000001
54109,1098665,13925.5767963089,13531.0097932309,13.56,0.68,1.18
54110,1098665,13922.4211169144,13543.5520108362,13.83,0.27,-0.41
54111,1098665,13920.1217948314,13556.7532652448,13.4,-0.43,-0.699999999999999
54112,1098665,13917.7898704204,13570.1417016188,13.59,0.19,0.619999999999999
54113,1098665,13915.5746280256,13582.86022359,12.91,-0.68,-0.869999999999999
54114,1098665,13913.3593856307,13595.5787455612,12.91,0,0.68
54115,1098665,13911.1218363798,13608.4253394036,13.04,0.129999999999999,0.129999999999999
54116,1098665,13908.3347110881,13620.9489945543,12.9,-0.139999999999999,-0.269999999999998
54117,1098665,13904.2762486861,13629.3167232146,9.3,-3.6,-3.46
54118,1098665,13901.2782232343,13635.4980453539,6.87,-2.43,1.17
54119,1098665,13899.4759168128,13639.2140366837,4.13,-2.74,-0.31
54120,1098665,13899.0613426965,13640.0688046651,0.95,-3.18,-0.44
54121,1098665,13898.8213261028,13640.5636703386,0.54,-0.41,2.77
54122,1098665,13894.897687633,13657.2993207501,2.98,2.44,2.85
54123,1098665,13895.0203621504,13662.5078763045,5.21,2.23,-0.21
54124,1098665,13895.1934250494,13669.8558385549,7.34,2.13,-0.1
54125,1098665,13895.4187600076,13679.4231853217,9.57,2.23,0.100000000000001
54126,1098665,13884.1500661846,13691.9659057494,11.07,1.5,-0.73
54127,1098665,13871.8102272731,13692.0289584017,12.34,1.27,-0.23
54128,1098665,13858.7003984132,13692.0959454578,13.11,0.77,-0.5
54129,1098665,13845.4005720337,13692.1639033409,13.3,0.190000000000001,-0.579999999999998
54130,1098665,13832.3307426517,13692.2306860124,13.07,-0.23,-0.420000000000002
54131,1098665,13819.1109152278,13692.2982351261,13.22,0.15,0.380000000000001
54132,1098665,13805.4410936783,13692.3680835668,13.66,0.44,0.289999999999999
54133,1098665,13792.2912653406,13692.4352750075,13.15,-0.51,-0.949999999999999
54134,1098665,13779.2414356975,13692.5019554867,13.06,-0.0899999999999999,0.42
54135,1098665,13763.5458760781,13704.7644355219,13.36,0.299999999999999,0.389999999999999
54136,1098665,13757.8991037608,13716.8393211278,13.33,-0.0299999999999994,-0.329999999999998
54137,1098665,13753.343741365,13728.867282238,12.93,-0.4,-0.370000000000001
54138,1098665,13751.0424330274,13739.0709864642,10.46,-2.47,-2.07
54139,1098665,13748.8533299719,13748.777186947,9.95,-0.510000000000002,1.96
54140,1098665,13747.7627567295,13755.8897692856,7.21,-2.74,-2.23
54141,1098665,13747.3681849779,13760.0209692484,4.15,-3.06,-0.32
54142,1098665,13741.3353292341,13769.95689683,5.97,1.82,4.88
54143,1098665,13733.9098325842,13768.9760301204,7.49,1.52,-0.299999999999999
54144,1098665,13724.392507105,13767.7188444845,9.6,2.11,0.589999999999999
54145,1098665,13714.1788025138,13766.6498237715,10.27,0.67,-1.44
54146,1098665,13707.0252004941,13765.9272740198,7.18,-3.09,-3.76
54147,1098665,13703.3737791572,13765.5584621159,3.68,-3.5,-0.41
54148,1098665,13697.3969412381,13771.6798879872,6.08,2.4,5.9
54149,1098665,13697.4666225887,13780.0595982751,8.38,2.3,-0.0999999999999992
54150,1098665,13697.5544310685,13790.6192331964,10.56,2.18,-0.120000000000001
54151,1098665,13694.3586204864,13803.1788000112,12.53,1.97,-0.210000000000001
54152,1098665,13694.4790245384,13817.6582994108,14.48,1.95,-0.0199999999999978
54153,1098665,13694.5916954572,13831.2078309623,13.54,-0.940000000000001,-2.89
54154,1098665,13694.6784229614,13841.6374703779,10.43,-3.11,-2.17
54155,1098665,13690.0806776495,13862.4324298007,9.89,-0.539999999999999,2.57
54156,1098665,13685.2573856331,13868.9643999201,8.12,-1.77,-1.23
54157,1098665,13682.6420576963,13872.5275512533,4.42,-3.7,-1.93
54158,1098665,13669.9212778637,13879.2519821304,5.99,1.57,5.27
54159,1098665,13663.9383817502,13872.9711036347,8.13,2.14,0.57
54160,1098665,13664.8590985658,13860.7193993556,9.73,1.6,-0.540000000000001
54161,1098665,13665.7625989243,13849.1145173182,11.63,1.9,0.300000000000001
54162,1098665,13666.802711021,13835.7549452133,13.41,1.78,-0.120000000000001
54163,1098665,13667.9615821853,13820.8699891292,14.93,1.52,-0.26
54164,1098665,13668.975303378,13807.8493912419,13.05,-1.88,-3.4
54165,1098665,13669.6774307305,13791.3922330523,13.55,0.5,2.38
54166,1098665,13666.7155528699,13778.7430402089,13.03,-0.520000000000001,-1.02
54167,1098665,13661.6064749485,13765.8913390456,13.83,0.800000000000001,1.32
54168,1098665,13647.2829696545,13755.9526456257,12.37,-1.46,-2.26
54169,1098665,13637.4487906505,13756.2910585652,9.84,-2.53,-1.07
54170,1098665,13629.9507966846,13756.6812542209,7.51,-2.33,0.199999999999999
54171,1098665,13622.8237484259,13757.2536903472,7.15,-0.359999999999999,1.97
54172,1098665,13618.9562033569,13757.5643270143,3.88,-3.27,-2.91
54173,1098665,13603.5117164365,13760.0997616429,5.36,1.48,4.75
54174,1098665,13596.6657707778,13760.3354055236,6.85,1.49,0.0099999999999989
54175,1098665,13588.0908490623,13760.6305623844,8.58,1.73,0.240000000000001
54176,1098665,13578.1567278522,13760.9723742337,9.94,1.36,-0.370000000000001
54177,1098665,13566.6633938097,13761.3638746634,11.5,1.56,0.200000000000001
54178,1098665,13553.7216506649,13761.8194934035,12.95,1.45,-0.110000000000001
54179,1098665,13539.8930530503,13762.3788262672,13.84,0.890000000000001,-0.559999999999999
54180,1098665,13526.3942624808,13761.8372249369,13.52,-0.32,-1.21
54181,1098665,13513.3883432882,13761.5113937627,13.01,-0.51,-0.19
54182,1098665,13499.6626499357,13761.1675304251,13.73,0.720000000000001,1.23
54183,1098665,13486.0569189433,13760.8266724481,13.6,-0.130000000000001,-0.850000000000001
54184,1098665,13472.7810844407,13760.4940792126,13.28,-0.32,-0.19
54185,1098665,13460.9148422926,13760.195423053,11.87,-1.41,-1.09
54186,1098665,13452.9373905246,13759.9937716486,7.99,-3.88,-2.47
54187,1098665,13446.8193448078,13759.8391216995,6.11,-1.88,2
54188,1098665,13442.8905997641,13759.7398121733,3.93,-2.18,-0.3
54189,1098665,13436.8560146488,13759.343126992,6.05,2.12,4.3
54190,1098665,13418.950554188,13756.9169869603,8.13,2.08,-0.0399999999999987
54191,1098665,13408.9180436904,13755.1903911431,10.18,2.05,-0.030000000000002
