"V1","V2","V3","V4","V5","acceleration","jerk"
23783,1098828,13446.53,13365.63,0,1.77,0
23784,1098828,13446.4902347583,13363.8604467441,1.77,1.77,0
23785,1098828,13446.492213642,13359.7107500036,4.16,2.39,0.62
23786,1098828,13446.5335737693,13353.6608913821,6.05,1.89,-0.5
23787,1098828,13446.5411729717,13346.1120439021,7.55,1.5,-0.39
23788,1098828,13446.0582331413,13336.6844053261,9.45,1.9,0.399999999999999
23789,1098828,13445.5092983552,13325.9684559701,10.73,1.28,-0.619999999999998
23790,1098828,13444.8943686135,13313.9641958341,12.01,1.28,-1.77635683940025e-15
23791,1098828,13444.2016773737,13300.4419260968,13.55,1.54,0.260000000000002
23792,1098828,13443.5238222091,13287.2092766125,13.24,-0.31,-1.85
