"V1","V2","V3","V4","V5","acceleration","jerk"
54668,1101796,13446.7717537925,13286.1753967943,13.6,0.0199999999999996,0
54669,1101796,13447.4691403235,13299.7775308925,13.62,0.0199999999999996,0
54670,1101796,13448.1793276352,13313.6293370557,13.87,0.25,0.23
54671,1101796,13448.8495765112,13326.7021663762,13.09,-0.779999999999999,-1.03
54672,1101796,13449.4035942987,13337.5079733471,10.82,-2.27,-1.49
54673,1101796,13449.8280681858,13345.7870990207,8.29,-2.53,-0.260000000000002
54674,1101796,13449.8328676035,13353.7156080022,7.93,-0.359999999999999,2.17
54675,1101796,13449.7910222308,13359.8554654081,6.14,-1.79,-1.43
54676,1101796,13449.7708492173,13362.8153966656,2.96,-3.18,-1.39
54677,1101796,13454.6513145906,13370.6663756018,4.8,1.84,5.02
54678,1101796,13461.381860001,13371.9927837134,6.86,2.06,0.220000000000001
54679,1101796,13470.0452296765,13373.7000991106,8.83,1.97,-0.0900000000000007
54680,1101796,13479.9350106877,13375.6491069479,10.08,1.25,-0.72
54681,1101796,13491.3553530459,13377.8997469506,11.63,1.55,0.300000000000001
54682,1101796,13504.0119180305,13380.3940129329,12.9,1.27,-0.280000000000001
54683,1101796,13518.1597991993,13383.1821769225,14.42,1.52,0.25
54684,1101796,13531.4050416251,13385.7924552761,13.5,-0.92,-2.44
54685,1101796,13543.8359469239,13388.2422498494,12.68,-0.82,0.0999999999999996
54686,1101796,13552.5483730529,13389.9592329442,8.88,-3.8,-2.98
54687,1101796,13558.6608071501,13391.1638280659,6.23,-2.65,1.15
54688,1101796,13561.28,13391.68,3.7,-2.53,0.12
54689,1101796,13561.28,13391.68,0.86,-2.84,-0.31
54690,1101796,13561.28,13391.68,0.69,-0.17,2.67
54691,1101796,13561.28,13391.68,0.24,-0.45,-0.28
54692,1101796,13561.28,13391.68,0.03,-0.21,0.24
54693,1101796,13569.420310071,13393.330948649,2.57,2.54,2.75
54694,1101796,13573.3619753594,13394.1206794603,4.02,1.45,-1.09
54695,1101796,13578.8524833242,13395.301243868,5.61,1.59,0.140000000000001
54696,1101796,13586.3208321338,13397.7191491718,7.85,2.24,0.649999999999999
54697,1101796,13603.1566459536,13403.1480043053,9.24,1.39,-0.849999999999999
54698,1101796,13613.1108924559,13406.990123066,10.67,1.43,0.0399999999999991
54699,1101796,13624.4573858132,13412.9057636232,12.83,2.16,0.73
54700,1101796,13636.5521205131,13419.9568197526,14,1.17,-0.99
54701,1101796,13649.6921858549,13427.6172885903,15.21,1.21,0.0400000000000009
54702,1101796,13664.5687095357,13436.2900876294,17.22,2.01,0.799999999999997
54703,1101796,13678.5381281141,13444.4340574589,16.17,-1.05,-3.06
54704,1101796,13689.9762915017,13451.1023419698,13.24,-2.93,-1.88
54705,1101796,13697.9570959232,13457.4177689422,10.19,-3.05,-0.119999999999999
54706,1101796,13704.4439273448,13462.7387761878,8.39,-1.8,1.25
54707,1101796,13709.2375334012,13466.6708673586,6.2,-2.19,-0.390000000000001
54708,1101796,13711.4642407307,13468.4973871282,2.88,-3.32,-1.13
54709,1101796,13712.2219397525,13469.1189112165,0.99,-1.89,1.43
54710,1101796,13712.7863482076,13469.5818832414,0.73,-0.26,1.63
54711,1101796,13713.1883925865,13469.9116715332,0.52,-0.21,0.05
54712,1101796,13713.2115874545,13469.9306977808,0.03,-0.49,-0.28
54713,1101796,13713.2347823225,13469.9497240284,0.03,0,0.49
54714,1101796,13713.2347823225,13469.9497240284,0,-0.03,-0.03
54715,1101796,13713.2347823225,13469.9497240284,0,0,0.03
54716,1101796,13713.2347823225,13469.9497240284,0,0,0
54717,1101796,13713.2347823225,13469.9497240284,0,0,0
54718,1101796,13713.2347823225,13469.9497240284,0,0,0
54719,1101796,13713.2347823225,13469.9497240284,0,0,0
54720,1101796,13713.2347823225,13469.9497240284,0,0,0
54721,1101796,13713.2347823225,13469.9497240284,0,0,0
54722,1101796,13713.2347823225,13469.9497240284,0,0,0
54723,1101796,13713.2347823225,13469.9497240284,0,0,0
54724,1101796,13713.2347823225,13469.9497240284,0,0,0
54725,1101796,13713.2347823225,13469.9497240284,0,0,0
54726,1101796,13713.2347823225,13469.9497240284,0,0,0
54727,1101796,13713.2347823225,13469.9497240284,0,0,0
54728,1101796,13713.2347823225,13469.9497240284,0,0,0
54729,1101796,13713.2347823225,13469.9497240284,0,0,0
54730,1101796,13713.2347823225,13469.9497240284,0,0,0
54731,1101796,13713.2347823225,13469.9497240284,0,0,0
54732,1101796,13713.2347823225,13469.9497240284,0,0,0
54733,1101796,13713.2347823225,13469.9497240284,0,0,0
54734,1101796,13713.2347823225,13469.9497240284,0,0,0
54735,1101796,13713.2347823225,13469.9497240284,0,0,0
54736,1101796,13713.2347823225,13469.9497240284,0,0,0
54737,1101796,13713.2347823225,13469.9497240284,0,0,0
54738,1101796,13713.2347823225,13469.9497240284,0,0,0
54739,1101796,13713.2347823225,13469.9497240284,0,0,0
54740,1101796,13713.2347823225,13469.9497240284,0,0,0
54741,1101796,13713.2347823225,13469.9497240284,0,0,0
54742,1101796,13713.2347823225,13469.9497240284,0,0,0
54743,1101796,13713.2347823225,13469.9497240284,0,0,0
54744,1101796,13713.2347823225,13469.9497240284,0,0,0
54745,1101796,13713.2347823225,13469.9497240284,0,0,0
54746,1101796,13713.2347823225,13469.9497240284,0,0,0
54747,1101796,13713.2347823225,13469.9497240284,0,0,0
54748,1101796,13713.2347823225,13469.9497240284,0,0,0
54749,1101796,13713.2347823225,13469.9497240284,0,0,0
54750,1101796,13713.2347823225,13469.9497240284,0,0,0
54751,1101796,13713.2347823225,13469.9497240284,0,0,0
54752,1101796,13713.2347823225,13469.9497240284,0,0,0
54753,1101796,13713.2347823225,13469.9497240284,0,0,0
54754,1101796,13713.2347823225,13469.9497240284,0,0,0
54755,1101796,13713.2347823225,13469.9497240284,0,0,0
54756,1101796,13713.2347823225,13469.9497240284,0,0,0
54757,1101796,13713.2347823225,13469.9497240284,0,0,0
54758,1101796,13713.2347823225,13469.9497240284,0,0,0
54759,1101796,13713.2347823225,13469.9497240284,0,0,0
54760,1101796,13713.2347823225,13469.9497240284,0,0,0
54761,1101796,13713.2347823225,13469.9497240284,0,0,0
54762,1101796,13713.2347823225,13469.9497240284,0,0,0
54763,1101796,13713.2347823225,13469.9497240284,0,0,0
54764,1101796,13713.2347823225,13469.9497240284,0,0,0
54765,1101796,13713.2347823225,13469.9497240284,0,0,0
54766,1101796,13713.2347823225,13469.9497240284,0,0,0
54767,1101796,13713.2347823225,13469.9497240284,0,0,0
54768,1101796,13713.2347823225,13469.9497240284,0,0,0
54769,1101796,13713.2347823225,13469.9497240284,0,0,0
54770,1101796,13713.2347823225,13469.9497240284,0,0,0
54771,1101796,13713.2347823225,13469.9497240284,0,0,0
54772,1101796,13713.2347823225,13469.9497240284,0,0,0
54773,1101796,13713.2347823225,13469.9497240284,0,0,0
54774,1101796,13713.2347823225,13469.9497240284,0,0,0
54775,1101796,13713.2347823225,13469.9497240284,0,0,0
54776,1101796,13713.2347823225,13469.9497240284,0,0,0
54777,1101796,13713.2347823225,13469.9497240284,0,0,0
54778,1101796,13713.2347823225,13469.9497240284,0,0,0
54779,1101796,13713.2347823225,13469.9497240284,0,0,0
54780,1101796,13713.2347823225,13469.9497240284,0,0,0
54781,1101796,13713.2347823225,13469.9497240284,0,0,0
54782,1101796,13713.6290950788,13470.2731702376,0.52,0.52,0.52
54783,1101796,13715.3996366706,13471.7255071378,2.28,1.76,1.24
54784,1101796,13720.7995132124,13479.2431266411,3.89,1.61,-0.149999999999999
54785,1101796,13722.8971605394,13483.3257698647,4.59,0.7,-0.910000000000001
54786,1101796,13727.4618375152,13514.459624619,6.74,2.15,1.45
54787,1101796,13725.6890487321,13522.5271409612,8.26,1.52,-0.630000000000001
54788,1101796,13723.5127680711,13532.4308474635,10.14,1.88,0.360000000000001
54789,1101796,13720.8326758702,13543.6630704434,11.55,1.41,-0.470000000000001
54790,1101796,13717.4777754812,13556.3779099383,13.15,1.6,0.19
54791,1101796,13713.635585378,13570.9395436107,15.06,1.91,0.31
54792,1101796,13709.9832346749,13587.3565294326,16.85,1.79,-0.119999999999999
54793,1101796,13707.7851056532,13605.1714313072,17.96,1.11,-0.680000000000001
54794,1101796,13705.4424756708,13624.1574520795,19.13,1.17,0.0599999999999987
54795,1101796,13702.8433055452,13644.7789047388,20.79,1.66,0.490000000000002
54796,1101796,13690.6689592334,13698.4498476798,21.85,1.06,-0.599999999999998
54797,1101796,13690.2419069634,13721.1991646863,22.78,0.93,-0.130000000000003
54798,1101796,13688.1511933739,13745.4492062674,24.33,1.55,0.619999999999997
54799,1101796,13685.9805963153,13770.6258106534,25.27,0.940000000000001,-0.609999999999996
54800,1101796,13685.435698861,13796.8160229952,26.23,0.960000000000001,0.0199999999999996
54801,1101796,13685.6415849586,13824.5752594926,27.75,1.52,0.559999999999999
54802,1101796,13685.8445043977,13851.9345069914,27.37,-0.379999999999999,-1.9
54803,1101796,13680.2109406955,13877.7856723056,27.06,-0.310000000000002,0.0699999999999967
54804,1101796,13670.7168121366,13903.6357530449,27.56,0.5,0.810000000000002
54805,1101796,13662.1747861783,13929.7544090695,27.48,-0.0799999999999983,-0.579999999999998
54806,1101796,13656.6804048719,13956.6344228763,27.45,-0.0300000000000011,0.0499999999999972
54807,1101796,13651.3340396154,13983.1508117432,27.05,-0.399999999999999,-0.369999999999997
54808,1101796,13653.0981827301,14012.0028631549,27.26,0.210000000000001,0.609999999999999
54809,1101796,13657.0779080022,14040.0249231046,25.15,-2.11,-2.32
54810,1101796,13658.2431536022,14061.5734405174,21.59,-3.56,-1.45
54811,1101796,13659.1810737168,14078.9180998066,17.37,-4.22,-0.66
54812,1101796,13659.9429650706,14093.0075150381,14.1,-3.27,0.949999999999998
54813,1101796,13660.4548523871,14102.4736848747,9.48,-4.62,-1.35
54814,1101796,13660.8436275641,14109.6631809531,7.21,-2.27,2.35
54815,1101796,13661.0228419259,14113.488744314,3.83,-3.38,-1.11
54816,1101796,13661.096493909,14115.9976634808,2.5,-1.33,2.05
54817,1101796,13661.1780686154,14118.7764663826,2.78,0.28,1.61
54818,1101796,13654.8477366999,14124.9716613824,4.52,1.74,1.46
54819,1101796,13654.3772389576,14121.8367719307,3.17,-1.35,-3.09
54820,1101796,13650.7417312957,14119.824793914,8.78,5.61,6.96
54821,1101796,13649.598794833,14110.5912815211,9.31,0.530000000000001,-5.08
54822,1101796,13644.2536784901,14101.3306931045,7.81,-1.5,-2.03
54823,1101796,13636.0755361847,14101.9290144501,8.2,0.39,1.89
54824,1101796,13628.0270473548,14102.5178502134,8.07,-0.129999999999999,-0.519999999999999
54825,1101796,13619.7491716067,14103.1234681608,8.3,0.23,0.359999999999999
54826,1101796,13612.4885769746,14103.6546607701,7.28,-1.02,-1.25
54827,1101796,13604.3603013905,14104.2493338148,8.15,0.87,1.89
54828,1101796,13596.9501065943,14104.7914713267,7.43,-0.720000000000001,-1.59
54829,1101796,13589.3294133039,14105.5588330134,7.66,0.23,0.950000000000001
54830,1101796,13581.9623549492,14106.3554202329,7.41,-0.25,-0.48
54831,1101796,13573.7785937134,14107.3164729064,8.23,0.82,1.07
54832,1101796,13565.9822127117,14108.2324113737,7.85,-0.380000000000001,-1.2
54833,1101796,13557.7636304004,14109.1507343464,8.28,0.43,0.81
54834,1101796,13550.2809773939,14109.8992689041,7.52,-0.76,-1.19
54835,1101796,13542.0122478082,14110.726439406,8.31,0.790000000000001,1.55
54836,1101796,13534.2609357177,14111.5018495396,7.8,-0.510000000000001,-1.3
54837,1101796,13527.0668424681,14112.221517738,7.22,-0.58,-0.0699999999999994
54838,1101796,13519.8528485456,14112.9431767198,7.25,0.0300000000000002,0.61
54839,1101796,13512.1313874644,14113.7156006783,7.76,0.51,0.48
54840,1101796,13503.8726082152,14114.5417757885,8.29,0.529999999999999,0.0199999999999996
54841,1101796,13496.0118424237,14115.3281352307,7.9,-0.389999999999999,-0.919999999999998
54842,1101796,13488.031672595,14116.1264393734,8.03,0.129999999999999,0.519999999999998
54843,1101796,13480.8176786725,14116.8480983552,7.25,-0.779999999999999,-0.909999999999998
54844,1101796,13475.1759048122,14124.5045593645,7.44,0.19,0.97
54845,1101796,13476.8597819163,14133.5084561819,9.16,1.72,1.53
54846,1101796,13478.4149784557,14141.8242822818,8.46,-0.699999999999999,-2.42
54847,1101796,13479.3028743523,14146.5719702325,4.83,-3.63,-2.93
