"V1","V2","V3","V4","V5","acceleration","jerk"
69588,1102051,14349.3253601158,14265.5365712379,19.17,0.0399999999999991,0
69589,1102051,14350.6797272612,14246.384399308,19.21,0.0399999999999991,0
69590,1102051,14352.0488494455,14227.4543778217,18.98,-0.23,-0.27
69591,1102051,14354.0871490284,14208.5137380539,19.05,0.0700000000000003,0.300000000000001
69592,1102051,14356.0751598551,14190.0404001598,18.57,-0.48,-0.550000000000001
69593,1102051,14358.1509085117,14170.7517696351,19.41,0.84,1.32
69594,1102051,14360.0964850286,14152.0025515664,18.85,-0.559999999999999,-1.4
69595,1102051,14361.9808230916,14133.2972242487,18.8,-0.0500000000000007,0.509999999999998
69596,1102051,14363.8801957668,14114.442652298,18.95,0.149999999999999,0.199999999999999
69597,1102051,14365.7805707494,14095.5781307052,18.96,0.0100000000000016,-0.139999999999997
69598,1102051,14367.6659111199,14076.8628537453,18.81,-0.150000000000002,-0.160000000000004
69599,1102051,14369.5839631381,14057.5985401984,19.37,0.560000000000002,0.710000000000004
69600,1102051,14370.7269642064,14038.7030791414,18.93,-0.440000000000001,-1
69601,1102051,14371.8627196261,14019.927399137,18.81,-0.120000000000001,0.32
69602,1102051,14372.6788725575,13997.6512838832,19.05,0.240000000000002,0.360000000000003
69603,1102051,14372.2135697109,13977.5166596439,20.13,1.08,0.839999999999996
69604,1102051,14371.7062186427,13955.5625211982,21.96,1.83,0.750000000000004
69605,1102051,14371.1796917374,13932.7786042957,22.8,0.84,-0.990000000000002
69606,1102051,14370.6882820279,13911.5142816755,21.27,-1.53,-2.37
69607,1102051,14370.2437722579,13892.2794172085,19.24,-2.03,-0.5
69608,1102051,14373.7000182364,13861.9104799961,18.95,-0.289999999999999,1.74
69609,1102051,14373.0718474252,13827.6521518041,17.65,-1.3,-1.01
69610,1102051,14372.0936467652,13796.7904347851,18.11,0.460000000000001,1.76
69611,1102051,14371.664104596,13778.8355721144,17.96,-0.149999999999999,-0.609999999999999
69612,1102051,14371.5459815681,13760.0243790429,18.82,0.859999999999999,1.01
69613,1102051,14372.4093856141,13740.6536115451,19.39,0.57,-0.289999999999999
69614,1102051,14373.3373557182,13719.8342822695,20.84,1.45,0.879999999999999
69615,1102051,14371.280922665,13687.7662387083,22.33,1.49,0.0399999999999991
69616,1102051,14368.4039244577,13665.4206847586,22.53,0.200000000000003,-1.29
69617,1102051,14365.3685828071,13641.8452823005,23.77,1.24,1.04
69618,1102051,14362.2298071331,13617.4665110585,24.58,0.809999999999999,-0.43
69619,1102051,14358.1635698389,13591.676524874,26.13,1.55,0.740000000000002
69620,1102051,14350.8162182381,13559.9312523444,26.2,0.0700000000000003,-1.48
69621,1102051,14343.4660658473,13533.9618078224,27,0.800000000000001,0.73
69622,1102051,14334.2487039166,13497.7063612336,27.32,0.32,-0.48
69623,1102051,14330.5152691574,13470.8950508423,27.07,-0.25,-0.57
69624,1102051,14328.1055964751,13434.1733209641,27.17,0.100000000000001,0.350000000000001
69625,1102051,14329.1873634184,13381.928200482,27.46,0.289999999999999,0.189999999999998
69626,1102051,14330.2258488526,13354.8781275061,27.08,-0.380000000000003,-0.670000000000002
69627,1102051,14331.8017831456,13327.7351911875,27.18,0.100000000000001,0.480000000000004
69628,1102051,14331.4166719564,13300.4356951289,27.22,0.0399999999999991,-0.0600000000000023
