"V1","V2","V3","V4","V5","acceleration","jerk"
27742,1102039,14396.930915621,13319.6903701313,13.46,-1.06,0
27743,1102039,14384.6904553608,13317.6460529791,12.4,-1.06,0
27744,1102039,14372.2231372554,13315.5638475961,12.64,0.24,1.3
27745,1102039,14361.1958732981,13313.7221501133,11.18,-1.46,-1.7
27746,1102039,14351.5790733355,13312.1160185876,9.75,-1.43,0.0300000000000011
27747,1102039,14340.906891223,13310.3336244227,10.82,1.07,2.5
27748,1102039,14330.6982881857,13308.6286540339,10.35,-0.470000000000001,-1.54
27749,1102039,14318.8523633086,13306.6502294572,12.02,1.67,2.14
27750,1102039,14306.0003732046,13304.5037788131,13.03,1.01,-0.66
27751,1102039,14292.8623449479,13302.3095560519,13.31,0.280000000000001,-0.729999999999999
27752,1102039,14280.1681689972,13300.189462438,12.87,-0.440000000000001,-0.720000000000002
27753,1102039,14266.8920533564,13297.9721772754,13.47,0.600000000000001,1.04
27754,1102039,14253.4383967932,13295.7252404538,13.64,0.17,-0.430000000000001
27755,1102039,14240.4187291514,13293.5507854652,13.2,-0.440000000000001,-0.610000000000001
27756,1102039,14224.3279795643,13290.6929393822,13.05,-0.149999999999999,0.290000000000003
27757,1102039,14211.2415673468,13288.3189521722,13.3,0.25,0.399999999999999
27758,1102039,14198.5782496596,13286.0217179322,12.87,-0.430000000000001,-0.680000000000001
27759,1102039,14185.6000709266,13283.6673652029,13.19,0.32,0.750000000000002
27760,1102039,14172.2086370709,13281.2380444564,13.61,0.42,0.0999999999999996
27761,1102039,14159.1615824841,13278.8711970576,13.27,-0.34,-0.76
27762,1102039,14146.1735643434,13276.5150593755,13.19,-0.0800000000000001,0.26
27795,1102039,13730.6285280052,13278.3506709131,13.07,-0.00363636363636361,0.00231404958677686
27796,1102039,13719.8833454629,13286.2729816453,13.35,0.279999999999999,0.283636363636363
27797,1102039,13703.7931268991,13297.574224862,13.59,0.24,-0.0399999999999991
27798,1102039,13692.2687376517,13304.8332091212,13.62,0.0299999999999994,-0.210000000000001
27799,1102039,13680.7951166389,13312.0602154762,13.56,-0.0599999999999987,-0.0899999999999981
27800,1102039,13669.4907230747,13319.1806288171,13.36,-0.200000000000001,-0.140000000000002
27801,1102039,13658.3301728418,13326.210438096,13.19,-0.17,0.0300000000000011
27802,1102039,13647.221954227,13333.7689277152,13.44,0.25,0.42
27803,1102039,13636.3078876416,13341.4742992553,13.37,-0.0700000000000003,-0.32
27804,1102039,13625.46734396,13349.1277633524,13.27,-0.0999999999999996,-0.0299999999999994
27805,1102039,13614.8228613547,13356.6428076015,13.03,-0.24,-0.140000000000001
27806,1102039,13592.9842837618,13373.976319761,13.69,0.66,0.9
27807,1102039,13581.2171042334,13382.0034331364,13.76,0.0700000000000003,-0.59
27808,1102039,13569.2399653251,13388.126678225,13.53,-0.23,-0.300000000000001
27809,1102039,13550.4036442756,13394.3673233314,13.23,-0.299999999999999,-0.0699999999999985
27810,1102039,13536.8187326634,13395.6987423068,13.65,0.42,0.719999999999999
27811,1102039,13523.1342978892,13397.0399152673,13.75,0.0999999999999996,-0.32
27812,1102039,13510.2062391461,13398.3069579406,13,-0.75,-0.85
27813,1102039,13493.5901327269,13396.6430488324,13.41,0.41,1.16
27814,1102039,13480.7524466621,13394.2435871213,13.06,-0.35,-0.76
27815,1102039,13468.1506751958,13391.8882196531,12.82,-0.24,0.109999999999999
27816,1102039,13456.7677958214,13389.7606724392,11.58,-1.24,-1
27817,1102039,13448.3498326303,13394.7074791275,7.8,-3.78,-2.54
27818,1102039,13447.4658460674,13401.9232455936,7.26,-0.54,3.24
27819,1102039,13446.595451841,13407.920412749,6.06,-1.2,-0.66
27820,1102039,13446.2263242565,13410.4637658166,2.57,-3.49,-2.29
27821,1102039,13444.6199779425,13424.8125588987,4.84,2.27,5.76
27822,1102039,13444.1226362611,13431.1530834237,6.36,1.52,-0.75
27823,1102039,13443.5220727212,13438.8095658689,7.68,1.32,-0.200000000000001
27824,1102039,13442.8159413717,13447.811914369,9.03,1.35,0.0300000000000002
27825,1102039,13442.0026782448,13458.1800676803,10.4,1.37,0.0200000000000014
27826,1102039,13441.0353643142,13470.5121884939,12.37,1.97,0.599999999999998
27827,1102039,13439.9632645575,13484.180205984,13.71,1.34,-0.629999999999997
27828,1102039,13438.9122783629,13497.5790502633,13.44,-0.270000000000001,-1.61
27829,1102039,13437.9386892453,13518.628966477,13.66,0.220000000000001,0.490000000000002
27830,1102039,13437.7171948897,13531.6270794266,12.99,-0.67,-0.890000000000001
27831,1102039,13437.4926336892,13544.8051662478,13.19,0.199999999999999,0.869999999999999
27832,1102039,13437.2566570104,13558.6531558133,13.85,0.66,0.460000000000001
27833,1102039,13437.0266436412,13572.1511961841,13.5,-0.35,-1.01
27834,1102039,13436.7952672297,13585.7292249422,13.58,0.0800000000000001,0.43
27835,1102039,13436.5828030287,13598.1974148254,12.47,-1.11,-1.19
27836,1102039,13436.4234974729,13607.5460576007,9.35,-3.12,-2.01
27837,1102039,13436.3154763795,13613.8851373007,6.34,-3.01,0.110000000000001
27838,1102039,13436.2263674965,13619.1143781258,5.23,-1.11,1.9
27839,1102039,13436.1980843711,13620.774137164,1.66,-3.57,-2.46
27840,1102039,13436.1529335986,13623.423752496,2.65,0.99,4.56
27841,1102039,13436.1130646146,13625.7634128269,2.34,-0.31,-1.3
27842,1102039,13436.0352008296,13630.3327494562,4.57,2.23,2.54
27843,1102039,13435.9254759334,13636.7718146404,6.44,1.87,-0.36
27844,1102039,13435.3172424961,13656.8546104546,8.33,1.89,0.0199999999999996
27845,1102039,13434.9445513386,13666.6275067142,9.78,1.45,-0.44
27846,1102039,13434.5143178859,13677.9093061796,11.29,1.51,0.0600000000000005
27847,1102039,13434.0238746142,13690.7699580059,12.87,1.58,0.0700000000000003
27848,1102039,13433.4953238623,13704.6298834784,13.88,1.01,-0.569999999999999
27849,1102039,13432.9980212442,13717.670404561,13.05,-0.83,-1.84
27850,1102039,13432.4881431576,13731.0406859468,13.38,0.33,1.16
27851,1102039,13432.1508919568,13739.8842577155,8.85,-4.53,-4.86
27852,1102039,13431.9275821222,13745.7400012821,5.86,-2.99,1.54
27853,1102039,13431.7812493978,13749.5772120834,3.84,-2.02,0.969999999999999
