"V1","V2","V3","V4","V5","acceleration","jerk"
68238,1106063,13434.57,13755.85,0,1.76,0
68239,1106063,13436.3245048163,13755.9889706785,1.76,1.76,0
68240,1106063,13440.3497452464,13756.3335488647,4.04,2.28,0.52
68241,1106063,13445.8953110105,13756.5198366842,5.55,1.51,-0.77
68242,1106063,13453.1430481872,13756.7009604507,7.25,1.7,0.19
68243,1106063,13462.6000955928,13756.9372957376,9.46,2.21,0.510000000000001
68244,1106063,13473.6566360961,13757.2139038273,11.06,1.6,-0.610000000000001
68245,1106063,13486.1627171888,13757.5270103641,12.51,1.45,-0.15
68246,1106063,13499.7984442955,13757.8683991061,13.64,1.13,-0.319999999999999
68247,1106063,13512.9443249005,13758.197523883,13.15,-0.49,-1.62
68248,1106063,13526.1901741793,13758.5291515099,13.25,0.0999999999999996,0.59
68249,1106063,13539.2689367482,13759.060732019,13.09,-0.16,-0.26
68250,1106063,13553.0271021767,13758.5485923212,13.77,0.68,0.84
68251,1106063,13566.5681448668,13758.0636996068,13.54,-0.23,-0.91
68252,1106063,13579.4106725731,13757.6255435556,12.85,-0.69,-0.459999999999999
68253,1106063,13590.4541276699,13757.2452811132,11.05,-1.8,-1.11
68254,1106063,13597.7398098106,13756.9944111399,7.29,-3.76,-1.96
68255,1106063,13602.9867002412,13756.8137434637,5.25,-2.04,1.72
68256,1106063,13611.1126489703,13750.0308067544,7.24,1.99,4.03
68257,1106063,13612.7113284332,13741.7232304547,8.46,1.22,-0.77
68258,1106063,13614.6501524626,13731.6480847296,10.26,1.8,0.579999999999998
68259,1106063,13616.8554230692,13720.1883429545,11.67,1.41,-0.389999999999999
68260,1106063,13619.4121763946,13706.9021127731,13.53,1.86,0.449999999999999
68261,1106063,13621.9009008066,13693.9693964768,13.17,-0.359999999999999,-2.22
68262,1106063,13624.4841098205,13680.5456886734,13.67,0.5,0.859999999999999
68263,1106063,13629.5366780348,13657.8618550185,13.37,-0.300000000000001,-0.800000000000001
68264,1106063,13632.9001589174,13644.6017872829,13.68,0.31,0.610000000000001
68265,1106063,13636.2562637454,13631.3707986432,13.65,-0.0299999999999994,-0.34
68266,1106063,13639.5386080277,13618.4306009626,13.35,-0.300000000000001,-0.270000000000001
68267,1106063,13642.9094649649,13605.1414541311,13.72,0.370000000000001,0.670000000000002
68268,1106063,13646.1475529198,13592.375731026,13.16,-0.56,-0.930000000000001
68269,1106063,13652.860672999,13572.9226635209,13.4,0.24,0.800000000000001
68270,1106063,13658.6856605545,13561.3119090244,12.99,-0.41,-0.65
68271,1106063,13664.5465217824,13549.6296487265,13.07,0.0800000000000001,0.49
68272,1106063,13670.3176988293,13538.126152932,12.86,-0.210000000000001,-0.290000000000001
68273,1106063,13676.4251915549,13525.9522902497,13.62,0.76,0.970000000000001
68274,1106063,13682.5820105801,13513.6801070906,13.74,0.120000000000001,-0.639999999999999
68275,1106063,13687.8554404225,13503.1687542901,11.76,-1.98,-2.1
68276,1106063,13691.57134282,13495.8596383447,8.2,-3.56,-1.58
68277,1106063,13694.0657280377,13491.2400558542,5.25,-2.95,0.610000000000001
68278,1106063,13693.7416465477,13480.5845002977,6.92,1.67,4.62
68279,1106063,13686.4899339465,13475.103554727,9.09,2.17,0.5
68280,1106063,13677.9636368255,13469.1744176136,10.4,1.31,-0.859999999999999
68281,1106063,13667.971595495,13463.242848677,11.63,1.23,-0.0800000000000001
68282,1106063,13656.1799739484,13456.1517001031,13.75,2.12,0.889999999999999
68283,1106063,13643.4890001398,13448.3447042796,14.91,1.16,-0.959999999999999
68284,1106063,13629.8440739375,13439.9508738706,16.01,1.1,-0.0599999999999987
68285,1106063,13615.0663292678,13430.8601773915,17.36,1.35,0.249999999999996
68286,1106063,13599.2324230193,13421.1197711928,18.59,1.23,-0.119999999999997
68287,1106063,13581.3235684604,13411.2096018643,20.14,1.55,0.32
68288,1106063,13560.7957975966,13406.3332432086,21.15,1.01,-0.540000000000003
68289,1106063,13541.8428968132,13402.9127591352,19.27,-1.88,-2.89
68290,1106063,13527.0356588427,13400.5157393842,15,-4.27,-2.39
68291,1106063,13515.9697163328,13398.7243666237,11.21,-3.79,0.48
68292,1106063,13508.4772539198,13397.5114746297,7.59,-3.62,0.169999999999998
68293,1106063,13504.1831549083,13396.8163389019,4.35,-3.24,0.380000000000001
68294,1106063,13495.0649826961,13393.5565649826,6.59,2.24,5.48
68295,1106063,13486.2869936794,13391.9158916994,8.92,2.33,0.0899999999999999
68296,1106063,13475.4840710261,13389.8967428323,10.99,2.07,-0.26
68297,1106063,13462.7938315854,13387.524840023,12.91,1.92,-0.15
68298,1106063,13440.4041147084,13383.1313506114,13.42,0.51,-1.41
68299,1106063,13426.9014793101,13380.2339487928,13.82,0.4,-0.109999999999999
68300,1106063,13413.5844437424,13377.8735781441,13.52,-0.300000000000001,-0.700000000000001
