"V1","V2","V3","V4","V5","acceleration","jerk"
59028,1107305,13405.3431671171,13361.29241581,13.42,-0.0199999999999996,0
59029,1107305,13418.5096551578,13363.7831170515,13.4,-0.0199999999999996,0
59030,1107305,13432.1084756416,13366.355602513,13.83,0.43,0.449999999999999
59031,1107305,13455.4545983121,13369.8910203797,13.57,-0.26,-0.69
59032,1107305,13468.4187060885,13370.7107822734,12.98,-0.59,-0.33
59033,1107305,13479.885803729,13371.4358834404,11.5,-1.48,-0.890000000000001
59034,1107305,13491.76208414,13372.1868585393,11.9,0.4,1.88
59035,1107305,13504.4068297541,13372.9864261447,12.67,0.77,0.369999999999999
59036,1107305,13516.4119890737,13377.0494459191,12.66,-0.00999999999999979,-0.779999999999999
59037,1107305,13529.9721227073,13376.781497205,13.61,0.949999999999999,0.959999999999999
59038,1107305,13542.9540944337,13375.6637717938,13.02,-0.59,-1.54
59039,1107305,13555.6411067149,13372.6427204992,13.1,0.0800000000000001,0.67
59040,1107305,13579.2315869644,13357.9883258986,13.49,0.390000000000001,0.31
59041,1107305,13589.7848914573,13350.4657356346,12.96,-0.529999999999999,-0.92
59042,1107305,13600.403339805,13342.8967096281,13.03,0.0699999999999985,0.599999999999998
59043,1107305,13611.5266530282,13334.9678066183,13.66,0.630000000000001,0.560000000000002
59044,1107305,13622.2998180313,13327.2884957237,13.23,-0.43,-1.06
59045,1107305,13632.983410234,13319.6730339749,13.13,-0.0999999999999996,0.33
59046,1107305,13643.7972901464,13311.9647007413,13.28,0.149999999999999,0.249999999999998
59047,1107305,13655.0535217572,13304.1904215805,13.68,0.4,0.250000000000002
59048,1107305,13665.8496052214,13296.7352903385,13.12,-0.56,-0.960000000000001
59049,1107305,13677.2299279584,13288.8767183053,13.83,0.710000000000001,1.27
59050,1107305,13688.5937932511,13281.0295108014,13.81,-0.0199999999999996,-0.73
59092,1107305,14214.0694939186,13276.3607629855,13.74,-0.00166666666666667,0.000436507936507926
59093,1107305,14228.3649540417,13278.8300671829,13.29,-0.450000000000001,-0.448333333333334
59094,1107305,14241.2014535563,13280.7548217678,12.99,-0.299999999999999,0.150000000000002
59095,1107305,14254.2456314143,13282.71071645,13.19,0.199999999999999,0.499999999999998
59096,1107305,14267.8930654129,13284.7570657005,13.8,0.610000000000001,0.410000000000002
59097,1107305,14280.9174643811,13286.7099946592,13.17,-0.630000000000001,-1.24
59098,1107305,14293.8133005652,13288.6436464147,13.03,-0.140000000000001,0.49
59099,1107305,14306.8080311986,13290.592126788,13.15,0.120000000000001,0.260000000000002
59100,1107305,14320.3365306362,13292.8061409688,13.7,0.549999999999999,0.429999999999998
59101,1107305,14333.0798638774,13295.1104755591,12.95,-0.75,-1.3
59102,1107305,14346.4529834718,13297.5286923221,13.59,0.640000000000001,1.39
59103,1107305,14359.2455187719,13299.8419239572,12.99,-0.6,-1.24
59104,1107305,14372.844967837,13302.3010671261,13.82,0.83,1.43
59105,1107305,14386.4444169021,13304.760210295,13.83,0.00999999999999979,-0.82
59106,1107305,14400.0045043202,13307.2122358281,13.77,-0.0600000000000005,-0.0700000000000003
