"V1","V2","V3","V4","V5","acceleration","jerk"
23133,1107847,14399.1998384522,13995.7322100716,13.24,0.57,0
23134,1107847,14385.4280272064,13994.7058987109,13.81,0.57,0
23135,1107847,14372.3906980272,13993.7828244688,13.07,-0.74,-1.31
23136,1107847,14359.0939563159,13992.8445693813,13.33,0.26,1
23137,1107847,14335.0838450702,13990.1974468033,13.55,0.220000000000001,-0.0399999999999991
23138,1107847,14322.0168048274,13988.6360181971,13.16,-0.390000000000001,-0.610000000000001
23139,1107847,14308.9126219496,13986.8249786608,13.23,0.0700000000000003,0.460000000000001
23140,1107847,14295.972267127,13984.2507815785,13.2,-0.0300000000000011,-0.100000000000001
23141,1107847,14283.2237800743,13981.8663605891,12.98,-0.219999999999999,-0.189999999999998
23142,1107847,14271.1276465543,13977.2821855634,12.96,-0.0199999999999996,0.199999999999999
23143,1107847,14258.6497717979,13972.8116293652,13.26,0.299999999999999,0.319999999999999
23144,1107847,14245.7342235395,13968.4880876241,13.62,0.359999999999999,0.0600000000000005
23145,1107847,14227.9703889619,13962.5769102395,13.4,-0.219999999999999,-0.579999999999998
23146,1107847,14215.1260008469,13958.3886177532,13.51,0.109999999999999,0.329999999999998
23147,1107847,14199.09,13952.81,13.66,0.15,0.0400000000000009
23148,1107847,14187.3405067981,13949.4647900677,13.01,-0.65,-0.800000000000001
23149,1107847,14173.9049865203,13947.9041546773,13.53,0.52,1.17
23150,1107847,14160.5177334762,13946.4134025999,13.47,-0.0599999999999987,-0.579999999999998
23151,1107847,14147.717070478,13944.9860179961,12.87,-0.600000000000001,-0.540000000000003
23152,1107847,14134.0997652738,13943.1116298023,13.77,0.9,1.5
23153,1107847,14121.4744633355,13940.3211726772,12.92,-0.85,-1.75
23154,1107847,14108.5485976202,13936.9849095895,13.36,0.44,1.29
23155,1107847,14095.8580081706,13931.8688114777,13.73,0.370000000000001,-0.0699999999999985
23156,1107847,14084.734209853,13924.048804101,13.6,-0.130000000000001,-0.500000000000002
23157,1107847,14073.3941588196,13916.2513943556,13.81,0.210000000000001,0.340000000000002
23158,1107847,14061.7766909193,13910.529773992,12.95,-0.860000000000001,-1.07
23159,1107847,14051.6720511759,13905.3635804647,11.35,-1.6,-0.739999999999998
23160,1107847,14044.8362342283,13902.376406774,7.46,-3.89,-2.29
23161,1107847,14041.0792838951,13900.7346625204,4.1,-3.36,0.529999999999999
23162,1107847,14039.4388863911,13899.5457834595,2.12,-1.98,1.38
23163,1107847,14039.1914156822,13899.1228670987,0.49,-1.63,0.349999999999999
23164,1107847,14039.085356807,13898.9416172298,0.21,-0.28,1.35
23165,1107847,14039.0702055391,13898.9157243914,0.03,-0.18,0.1
23166,1107847,14039.0550542712,13898.889831553,0.02,-0.01,0.17
23167,1107847,14039.0550542712,13898.889831553,0,-0.02,-0.01
23168,1107847,14039.0550542712,13898.889831553,0,0,0.02
23169,1107847,14039.0550542712,13898.889831553,0,0,0
23170,1107847,14039.0550542712,13898.889831553,0,0,0
23171,1107847,14039.0550542712,13898.889831553,0,0,0
23172,1107847,14039.0550542712,13898.889831553,0,0,0
23173,1107847,14039.0550542712,13898.889831553,0,0,0
23174,1107847,14039.0550542712,13898.889831553,0,0,0
23175,1107847,14039.0550542712,13898.889831553,0,0,0
23176,1107847,14039.0550542712,13898.889831553,0,0,0
23177,1107847,14039.0550542712,13898.889831553,0,0,0
23178,1107847,14039.0550542712,13898.889831553,0,0,0
23179,1107847,14039.0550542712,13898.889831553,0,0,0
23180,1107847,14039.0550542712,13898.889831553,0,0,0
23181,1107847,14039.0550542712,13898.889831553,0,0,0
23182,1107847,14039.0550542712,13898.889831553,0,0,0
23183,1107847,14039.0550542712,13898.889831553,0,0,0
23184,1107847,14039.0550542712,13898.889831553,0,0,0
23185,1107847,14039.0550542712,13898.889831553,0,0,0
23186,1107847,14039.0550542712,13898.889831553,0,0,0
23187,1107847,14039.0550542712,13898.889831553,0,0,0
23188,1107847,14039.0550542712,13898.889831553,0,0,0
23189,1107847,14039.0550542712,13898.889831553,0,0,0
23190,1107847,14039.0550542712,13898.889831553,0,0,0
23191,1107847,14039.0550542712,13898.889831553,0,0,0
23192,1107847,14039.0550542712,13898.889831553,0,0,0
23193,1107847,14039.0550542712,13898.889831553,0,0,0
23194,1107847,14039.0550542712,13898.889831553,0,0,0
23195,1107847,14039.0550542712,13898.889831553,0,0,0
23196,1107847,14039.0550542712,13898.889831553,0,0,0
23197,1107847,14039.0550542712,13898.889831553,0,0,0
23198,1107847,14039.0550542712,13898.889831553,0,0,0
23199,1107847,14039.0550542712,13898.889831553,0,0,0
23200,1107847,14025.3901791916,13889.9780147651,2.19,2.19,2.19
23201,1107847,14021.1905228467,13890.031741712,4.2,2.01,-0.18
23202,1107847,14014.9810309653,13890.1111808405,6.22,2.02,0.00999999999999934
23203,1107847,14007.0065450134,13888.3266610165,8.22,2,-0.0199999999999987
23204,1107847,13997.9097911588,13885.8042278048,9.44,1.22,-0.780000000000002
23205,1107847,13986.7412130681,13882.7072997409,11.59,2.15,0.930000000000001
23206,1107847,13973.6837816018,13880.9540745643,13.18,1.59,-0.56
23207,1107847,13960.8647579205,13882.078024372,12.92,-0.26,-1.85
23208,1107847,13937.5725289217,13882.3389742724,13.81,0.890000000000001,1.15
23209,1107847,13924.5347151644,13881.8475468554,13.06,-0.75,-1.64
23210,1107847,13911.6266235377,13879.6134540738,13.1,0.0399999999999991,0.789999999999999
23211,1107847,13892.1304002563,13877.4312365963,13.83,0.73,0.690000000000001
23212,1107847,13879.2776371098,13876.4482129204,12.91,-0.92,-1.65
23213,1107847,13866.013145104,13874.5946937491,13.39,0.48,1.4
23214,1107847,13853.0430879483,13873.2459100824,13.04,-0.350000000000001,-0.830000000000002
23215,1107847,13839.2785019609,13871.8030802417,13.84,0.800000000000001,1.15
23216,1107847,13825.6035673283,13871.1903059632,13.7,-0.140000000000001,-0.940000000000001
23217,1107847,13812.685448786,13870.9698216642,12.92,-0.779999999999999,-0.639999999999999
23218,1107847,13799.5199278866,13871.7441377666,13.19,0.27,1.05
23219,1107847,13786.07303653,13872.841955068,13.5,0.31,0.0400000000000009
23220,1107847,13772.8845465516,13874.7791262247,13.33,-0.17,-0.48
23221,1107847,13758.8259706553,13882.0920172872,13.59,0.26,0.43
23222,1107847,13765.7833374587,13893.9055327319,13.71,0.120000000000001,-0.139999999999999
23223,1107847,13772.6442856121,13905.555330603,13.52,-0.190000000000001,-0.310000000000002
23224,1107847,13778.7575814192,13917.008958093,12.99,-0.529999999999999,-0.339999999999998
23225,1107847,13784.783428744,13929.0335854892,13.45,0.459999999999999,0.989999999999998
23226,1107847,13790.9347212177,13941.3085397011,13.72,0.270000000000001,-0.189999999999998
23227,1107847,13795.3043684767,13953.8729241869,13.36,-0.360000000000001,-0.630000000000003
23228,1107847,13798.8582606718,13966.7930577105,13.41,0.0500000000000007,0.410000000000002
23229,1107847,13803.0417896737,13990.4976140901,13.75,0.34,0.289999999999999
23230,1107847,13804.3393294213,14003.5030472088,13.08,-0.67,-1.01
23231,1107847,13805.6825362144,14016.9662078893,13.53,0.449999999999999,1.12
23232,1107847,13807.0376561497,14030.54877576,13.65,0.120000000000001,-0.329999999999998
23233,1107847,13808.3987326562,14044.1910472257,13.71,0.0600000000000005,-0.0600000000000005
23234,1107847,13809.1427069338,14057.7472441487,13.57,-0.140000000000001,-0.200000000000001
23235,1107847,13809.7074688018,14070.6949329013,12.96,-0.609999999999999,-0.469999999999999
23236,1107847,13811.6797830563,14084.3580905297,13.81,0.85,1.46
23237,1107847,13811.8170826633,14107.9815204125,13.03,-0.780000000000001,-1.63
23238,1107847,13812.1002705407,14121.8532510242,13.89,0.860000000000001,1.64
23239,1107847,13812.9097970009,14135.6294866098,13.81,-0.0800000000000001,-0.940000000000001
23240,1107847,13814.3334622761,14148.9781178341,13.43,-0.380000000000001,-0.300000000000001
23241,1107847,13816.5853791283,14162.1329068368,13.35,-0.0800000000000001,0.300000000000001
23242,1107847,13819.3352380667,14175.0330764411,13.19,-0.16,-0.0800000000000001
23243,1107847,13821.5772925131,14186.7188901445,11.9,-1.29,-1.13
23244,1107847,13822.3266101935,14194.7649028309,8.1,-3.8,-2.51
23245,1107847,13822.4892547413,14198.9217221379,4.15,-3.95,-0.149999999999999
23246,1107847,13815.2746175553,14207.06050706,5.68,1.53,5.48
23247,1107847,13807.6494447443,14209.1261158329,7.9,2.22,0.690000000000001
23248,1107847,13798.4123683139,14211.6283786124,9.58,1.68,-0.540000000000001
23249,1107847,13787.3315524975,14214.9417650591,11.56,1.98,0.300000000000001
23250,1107847,13774.3167804394,14219.2521952319,13.71,2.15,0.17
23251,1107847,13761.7291890834,14223.421145202,13.26,-0.450000000000001,-2.6
23252,1107847,13749.2839912947,14227.5429351047,13.12,-0.140000000000001,0.31
