"V1","V2","V3","V4","V5","acceleration","jerk"
42642,1107996,13433.84,14172.77,0,1.7,0
42643,1107996,13433.9260663118,14174.4678199522,1.7,1.7,0
42644,1107996,13434.0880734868,14177.6637163327,3.2,1.5,-0.2
42645,1107996,13434.3376657909,14182.587394194,4.93,1.73,0.229999999999999
42646,1107996,13434.6728181344,14189.1989048313,6.62,1.69,-0.0399999999999991
42647,1107996,13435.1036559656,14197.6979917683,8.51,1.89,0.199999999999999
42648,1107996,13435.6205601086,14207.8948986575,10.21,1.7,-0.189999999999999
42649,1107996,13436.2427689153,14220.1691381941,12.29,2.08,0.379999999999997
42650,1107996,13436.8973791571,14233.0825570067,12.93,0.640000000000001,-1.44
42651,1107996,13437.5555333058,14246.0658860527,13,0.0700000000000003,-0.57
42652,1107996,13438.2445700723,14259.6584328463,13.61,0.609999999999999,0.539999999999999
42653,1107996,13450.5904006824,14265.1383506579,13.69,0.0800000000000001,-0.529999999999999
42654,1107996,13464.0319764083,14262.0136039474,13.79,0.0999999999999996,0.0199999999999996
42655,1107996,13476.0904334725,14259.2103891447,12.39,-1.4,-1.5
42656,1107996,13484.5128628282,14257.2396338552,8.65,-3.74,-2.34
42657,1107996,13490.7264127721,14255.7060768477,6.39,-2.26,1.48
42658,1107996,13493.9108571183,14254.9201288814,3.28,-3.11,-0.849999999999999
42659,1107996,13495.0273543739,14254.6445678567,1.15,-2.13,0.98
42660,1107996,13495.2700711685,14254.5846632861,0.26,-0.89,1.24
42661,1107996,13495.3380318711,14254.5678900063,0.07,-0.19,0.7
42662,1107996,13495.37,14254.56,0.05,-0.02,0.17
42663,1107996,13495.37,14254.56,0,-0.05,-0.03
42664,1107996,13495.37,14254.56,0,0,0.05
42665,1107996,13495.37,14254.56,0,0,0
42666,1107996,13495.37,14254.56,0,0,0
42667,1107996,13495.37,14254.56,0,0,0
42668,1107996,13495.37,14254.56,0,0,0
42669,1107996,13495.37,14254.56,0,0,0
42670,1107996,13495.37,14254.56,0,0,0
42671,1107996,13495.37,14254.56,0,0,0
42672,1107996,13495.37,14254.56,0,0,0
42673,1107996,13495.37,14254.56,0,0,0
42674,1107996,13495.37,14254.56,0,0,0
42675,1107996,13495.37,14254.56,0,0,0
42676,1107996,13495.37,14254.56,0,0,0
42677,1107996,13495.37,14254.56,0,0,0
42678,1107996,13495.37,14254.56,0,0,0
42679,1107996,13495.37,14254.56,0,0,0
42680,1107996,13495.37,14254.56,0,0,0
42681,1107996,13495.37,14254.56,0,0,0
42682,1107996,13495.37,14254.56,0,0,0
42683,1107996,13495.37,14254.56,0,0,0
42684,1107996,13495.37,14254.56,0,0,0
42685,1107996,13495.37,14254.56,0,0,0
42686,1107996,13495.37,14254.56,0,0,0
42687,1107996,13495.37,14254.56,0,0,0
42688,1107996,13495.37,14254.56,0,0,0
42689,1107996,13495.37,14254.56,0,0,0
42690,1107996,13495.37,14254.56,0,0,0
42691,1107996,13495.37,14254.56,0,0,0
42692,1107996,13495.37,14254.56,0,0,0
42693,1107996,13495.37,14254.56,0,0,0
42694,1107996,13495.37,14254.56,0,0,0
42695,1107996,13495.37,14254.56,0,0,0
42696,1107996,13495.37,14254.56,0,0,0
42697,1107996,13495.37,14254.56,0,0,0
42698,1107996,13495.37,14254.56,0,0,0
42699,1107996,13495.37,14254.56,0,0,0
42700,1107996,13495.37,14254.56,0,0,0
42701,1107996,13495.37,14254.56,0,0,0
42702,1107996,13495.37,14254.56,0,0,0
42703,1107996,13495.37,14254.56,0,0,0
42704,1107996,13495.37,14254.56,0,0,0
42705,1107996,13507.3016955512,14252.4213914288,1.99,1.99,1.99
42706,1107996,13511.0170280344,14251.9126630741,3.75,1.76,-0.23
42707,1107996,13516.5751654294,14251.1516054556,5.61,1.86,0.1
42708,1107996,13523.4311923052,14250.2128320652,6.92,1.31,-0.550000000000001
42709,1107996,13532.0705787729,14249.0298690646,8.72,1.8,0.490000000000001
42710,1107996,13542.7905514313,14247.5620181853,10.82,2.1,0.299999999999999
42711,1107996,13554.9768419764,14245.8933891822,12.3,1.48,-0.619999999999999
42712,1107996,13568.1241651905,14244.0931691113,13.27,0.969999999999999,-0.510000000000002
42713,1107996,13581.2318581915,14242.2983754761,13.23,-0.0399999999999991,-1.01
42714,1107996,13594.5971475779,14240.4683100084,13.48,0.25,0.289999999999999
42715,1107996,13607.5562272796,14238.6938655075,13.08,-0.4,-0.65
42716,1107996,13620.2775257023,14236.9519796212,12.85,-0.23,0.17
42717,1107996,13633.5223386528,14236.062860526,13.3,0.450000000000001,0.680000000000001
42718,1107996,13660.1910638422,14233.3316804751,12.89,-0.41,-0.860000000000001
42719,1107996,13668.6744118756,14229.9839639183,9.12,-3.77,-3.36
42720,1107996,13673.040289136,14225.6573241985,6.67,-2.45,1.32
42721,1107996,13674.1770775002,14223.0002934845,2.89,-3.78,-1.33
42722,1107996,13675.0523493407,14207.3381908572,4.75,1.86,5.64
42723,1107996,13673.2957770137,14201.0488861532,6.54,1.79,-0.0699999999999998
42724,1107996,13670.939333892,14192.6117790771,8.75,2.21,0.42
42725,1107996,13668.0798601039,14182.3736000566,10.63,1.88,-0.329999999999999
42726,1107996,13664.6608655746,14170.1320896756,12.71,2.08,0.199999999999999
42727,1107996,13661.9601019967,14160.4621633006,10.05,-2.66,-4.74
42728,1107996,13659.9318393098,14153.2000871187,7.54,-2.51,0.149999999999999
42729,1107996,13659.0279460082,14149.2739563969,4.03,-3.51,-0.999999999999999
42730,1107996,13658.6397507659,14147.4856039557,1.83,-2.2,1.31
42731,1107996,13658.5485354904,14147.0653899941,0.43,-1.4,0.8
42732,1107996,13658.5358077775,14147.0067554878,0.06,-0.37,1.03
42733,1107996,13658.5315652066,14146.9872106524,0.02,-0.04,0.33
42734,1107996,13658.5315652066,14146.9872106524,0,-0.02,0.02
42735,1107996,13658.5315652066,14146.9872106524,0,0,0.02
42736,1107996,13658.5315652066,14146.9872106524,0,0,0
42737,1107996,13658.5315652066,14146.9872106524,0,0,0
42738,1107996,13658.5315652066,14146.9872106524,0,0,0
42739,1107996,13658.5315652066,14146.9872106524,0,0,0
42740,1107996,13658.5315652066,14146.9872106524,0,0,0
42741,1107996,13658.5315652066,14146.9872106524,0,0,0
42742,1107996,13658.5315652066,14146.9872106524,0,0,0
42743,1107996,13658.5315652066,14146.9872106524,0,0,0
42744,1107996,13658.5315652066,14146.9872106524,0,0,0
42745,1107996,13658.5315652066,14146.9872106524,0,0,0
42746,1107996,13658.5315652066,14146.9872106524,0,0,0
42747,1107996,13658.5315652066,14146.9872106524,0,0,0
42748,1107996,13658.5315652066,14146.9872106524,0,0,0
42749,1107996,13658.5315652066,14146.9872106524,0,0,0
42750,1107996,13658.0292238267,14145.1239216596,1.84,1.84,1.84
42751,1107996,13656.9892840606,14141.2821869885,3.98,2.14,0.3
42752,1107996,13655.34314825,14135.2010491926,6.3,2.32,0.18
42753,1107996,13650.3870027139,14117.4612652738,8.63,2.33,0.0100000000000011
42754,1107996,13649.376873063,14107.5593925508,9.97,1.34,-0.990000000000001
42755,1107996,13648.5967557803,14085.9805043352,12.01,2.04,0.699999999999999
42756,1107996,13648.4494255864,14072.3613012082,13.62,1.61,-0.43
42757,1107996,13648.3017708766,14058.7120998365,13.65,0.0300000000000011,-1.58
42758,1107996,13647.5518057381,14045.7284250916,13.06,-0.59,-0.620000000000001
42759,1107996,13644.5284921681,14033.1671363418,12.92,-0.140000000000001,0.449999999999999
42760,1107996,13641.512198676,14020.635014671,12.88,-0.0399999999999991,0.100000000000001
42761,1107996,13638.3742238328,14007.5973302952,13.42,0.539999999999999,0.579999999999998
42762,1107996,13635.5494025437,13989.5528804774,13.48,0.0600000000000005,-0.479999999999999
42763,1107996,13639.426101748,13974.8452190971,15.21,1.73,1.67
42764,1107996,13643.7360940916,13958.4937033876,16.91,1.7,-0.0300000000000011
42765,1107996,13648.3774282475,13940.8851226028,18.21,1.3,-0.399999999999999
42766,1107996,13652.6186034454,13924.7946896397,16.64,-1.57,-2.87
42767,1107996,13662.5680935968,13903.7139395293,18.02,1.38,2.95
42768,1107996,13664.441501321,13866.0831678575,16.45,-1.57,-2.95
42769,1107996,13665.6112393282,13851.0586341544,15.07,-1.38,0.190000000000001
42770,1107996,13666.654456237,13837.6591827298,13.43,-1.64,-0.260000000000002
42771,1107996,13667.5820188904,13825.7452359645,11.96,-1.47,0.170000000000002
42772,1107996,13668.4110037554,13815.0974576003,10.67,-1.29,0.179999999999998
42773,1107996,13669.1367536139,13805.7756666167,9.36,-1.31,-0.0199999999999996
42774,1107996,13670.3045485471,13794.6524666703,8.14,-1.22,0.0900000000000016
42775,1107996,13668.4288618245,13784.9012257586,9.93,1.79,3.01
42776,1107996,13664.9940558986,13774.4126766933,11.09,1.16,-0.629999999999999
42777,1107996,13659.6712820731,13762.5079184444,13.1,2.01,0.85
42778,1107996,13642.3159097307,13756.1235716734,13.4,0.300000000000001,-1.71
42779,1107996,13631.2067520421,13756.5803773651,11.11,-2.29,-2.59
42780,1107996,13624.2591259773,13757.1384025119,6.98,-4.13,-1.84
42781,1107996,13619.6938279319,13757.5050818767,4.58,-2.4,1.73
42782,1107996,13602.7521662612,13760.1259060735,6.86,2.28,4.68
42783,1107996,13593.637564158,13760.4396392402,9.11,2.25,-0.0300000000000011
42784,1107996,13582.3542464227,13760.8280216362,11.3,2.19,-0.0599999999999978
42785,1107996,13569.0919852639,13761.2811489205,13.27,1.97,-0.220000000000002
42786,1107996,13556.0097645503,13761.7265695238,13.08,-0.19,-2.16
42787,1107996,13542.8905788231,13762.2593601529,13.13,0.0500000000000007,0.24
42788,1107996,13529.832592017,13761.9406210679,13.08,-0.0500000000000007,-0.100000000000001
42789,1107996,13515.987527754,13761.5765099082,13.85,0.77,0.82
42790,1107996,13502.3518061716,13761.234900591,13.64,-0.209999999999999,-0.979999999999999
42791,1107996,13489.3558838423,13760.9093198635,13,-0.640000000000001,-0.430000000000001
42792,1107996,13475.6601810798,13760.5662078661,13.69,0.69,1.33
42793,1107996,13462.1944335537,13760.2277681404,13.47,-0.219999999999999,-0.909999999999998
42794,1107996,13450.50816649,13759.9323665218,11.69,-1.78,-1.56
42795,1107996,13443.1405199323,13759.7461295732,7.37,-4.32,-2.54
42796,1107996,13438.5499999241,13759.4859166601,4.6,-2.77,1.55
42797,1107996,13436.1980889479,13759.2908415058,2.36,-2.24,0.530000000000001
42798,1107996,13434.6828661215,13759.1704264467,1.52,-0.84,1.4
42799,1107996,13428.5065132922,13748.8022262793,3.43,1.91,2.75
42800,1107996,13428.6917885274,13743.9557664283,4.85,1.42,-0.490000000000001
42801,1107996,13428.9328373386,13737.6503722716,6.31,1.46,0.0400000000000005
42802,1107996,13429.2449401574,13729.4863357804,8.17,1.86,0.4
42803,1107996,13429.6032662824,13720.1131825016,9.38,1.21,-0.649999999999999
42804,1107996,13430.0318823935,13708.9013722896,11.21,1.83,0.619999999999999
42805,1107996,13430.5181821345,13696.1806642684,12.73,1.52,-0.31
42806,1107996,13431.0449750197,13682.4007299704,13.79,1.06,-0.460000000000001
42807,1107996,13431.5419710629,13669.4002263289,13.01,-0.779999999999999,-1.84
42808,1107996,13432.0362930306,13656.4696715924,12.95,-0.0600000000000005,0.719999999999999
42809,1107996,13432.7181829018,13631.2809216055,13.5,0.550000000000001,0.610000000000001
42810,1107996,13432.9422152102,13618.1328301271,13.15,-0.35,-0.9
42811,1107996,13433.1711881551,13604.6947807377,13.44,0.289999999999999,0.639999999999999
42812,1107996,13433.3931760623,13591.6666718431,13.03,-0.41,-0.699999999999999
42813,1107996,13433.615504703,13578.6185658512,13.05,0.0200000000000014,0.430000000000001
42814,1107996,13433.8490775508,13564.9105556483,13.72,0.67,0.649999999999999
42815,1107996,13434.0695321569,13551.9724336916,12.94,-0.780000000000001,-1.45
42816,1107996,13434.2944162993,13538.7743494699,13.19,0.25,1.03
42817,1107996,13434.5172560403,13525.696247832,13.09,-0.0999999999999996,-0.35
42818,1107996,13434.7472511858,13512.1982071508,13.49,0.4,0.5
42819,1107996,13436.1235742451,13490.9296955435,13.7,0.209999999999999,-0.190000000000001
42820,1107996,13437.1535721469,13477.8000343017,13.17,-0.529999999999999,-0.739999999999998
42821,1107996,13438.2351872557,13464.0123945923,13.82,0.65,1.18
42822,1107996,13439.2425048696,13451.1718451016,12.88,-0.94,-1.59
42823,1107996,13440.3178633473,13437.4639603579,13.76,0.879999999999999,1.82
42824,1107996,13441.3290913557,13424.5735640136,12.93,-0.83,-1.71
42825,1107996,13443.6916639659,13404.9484096674,9.94,-2.99,-2.16
42826,1107996,13444.6707622374,13397.7049101017,7.31,-2.63,0.36
42827,1107996,13445.1232023663,13393.8815872106,3.85,-3.46,-0.83
42828,1107996,13440.6136385728,13386.5543708629,5.18,1.33,4.79
42829,1107996,13433.7987675571,13385.0920326532,6.97,1.79,0.46
42830,1107996,13425.2239585459,13383.2520461254,8.77,1.8,0.00999999999999979
42831,1107996,13414.7326476424,13381.38749085,10.66,1.89,0.0900000000000007
