"V1","V2","V3","V4","V5","acceleration","jerk"
48729,"1107255#1",13651.5,13584.7,0,2.19,0
48730,"1107255#1",13650.9615480166,13586.8227740015,2.19,2.19,0
48731,"1107255#1",13649.9141482681,13590.9520056209,4.26,2.07,-0.12
48732,"1107255#1",13648.5200739549,13596.4479547482,5.68,1.42,-0.65
48733,"1107255#1",13646.5432913309,13604.2411524525,8.04,2.36,0.94
48734,"1107255#1",13644.0280567236,13614.1571241582,10.24,2.2,-0.159999999999998
48735,"1107255#1",13641.1095977999,13625.6627531072,11.86,1.62,-0.580000000000002
48736,"1107255#1",13637.6969432202,13639.1166814822,13.88,2.02,0.400000000000002
48737,"1107255#1",13634.360507871,13652.2701258661,13.57,-0.31,-2.33
48738,"1107255#1",13628.9698753026,13674.7492607183,13.43,-0.140000000000001,0.17
48739,"1107255#1",13626.4475624675,13687.8078789707,13.3,-0.129999999999999,0.0100000000000016
48740,"1107255#1",13623.8621430657,13701.2413448867,13.68,0.379999999999999,0.509999999999998
48741,"1107255#1",13621.318302046,13714.4587755322,13.46,-0.219999999999999,-0.599999999999998
48742,"1107255#1",13618.874627129,13727.1557575712,12.93,-0.530000000000001,-0.310000000000002
48743,"1107255#1",13616.8032677252,13737.9182419601,10.96,-1.97,-1.44
48744,"1107255#1",13615.2025000107,13746.2355998774,8.48,-2.48,-0.510000000000002
48745,"1107255#1",13614.2027289116,13751.4302661563,5.29,-3.19,-0.71
48746,"1107255#1",13602.0026101672,13760.1517064984,7.55,2.26,5.45
48747,"1107255#1",13592.7680790889,13760.469567733,9.24,1.69,-0.569999999999999
48748,"1107255#1",13581.4148027849,13760.8603581688,11.36,2.12,0.429999999999999
48749,"1107255#1",13568.6322519022,13761.2968089376,12.8,1.44,-0.679999999999998
48750,"1107255#1",13555.1404811091,13761.7618724824,13.5,0.699999999999999,-0.740000000000002
48751,"1107255#1",13541.8614271628,13762.3011556097,13.29,-0.210000000000001,-0.91
48752,"1107255#1",13528.3936351469,13761.8873142796,13.48,0.190000000000001,0.400000000000002
48753,"1107255#1",13515.1877786876,13761.5564741711,13.21,-0.27,-0.460000000000001
48754,"1107255#1",13501.3721135652,13761.2103568131,13.82,0.609999999999999,0.879999999999999
48755,"1107255#1",13487.6664139394,13760.8669943689,13.71,-0.109999999999999,-0.719999999999999
48756,"1107255#1",13474.1006704003,13760.5271381788,13.57,-0.140000000000001,-0.0300000000000011
48757,"1107255#1",13461.2547337213,13760.2040147168,12.86,-0.710000000000001,-0.57
48758,"1107255#1",13450.4981696832,13759.9321138258,10.75,-2.11,-1.4
48759,"1107255#1",13442.2308105201,13759.7231342376,8.27,-2.48,-0.370000000000001
48760,"1107255#1",13437.4939082176,13759.3949754298,4.75,-3.52,-1.04
48761,"1107255#1",13428.5049852491,13748.8421970822,6.21,1.46,4.98
48762,"1107255#1",13428.8147960031,13740.7381167953,8.11,1.9,0.44
48763,"1107255#1",13429.1895485923,13730.9352773853,9.81,1.7,-0.199999999999998
48764,"1107255#1",13429.6089964443,13719.9632919907,10.98,1.17,-0.530000000000001
48765,"1107255#1",13430.0918580881,13707.332518276,12.64,1.66,0.49
48766,"1107255#1",13430.5865620666,13694.3919708388,12.95,0.309999999999999,-1.35
48767,"1107255#1",13431.0927263689,13681.1516423799,13.25,0.300000000000001,-0.00999999999999801
48768,"1107255#1",13431.590104423,13668.1411460377,13.02,-0.23,-0.530000000000001
48769,"1107255#1",13432.1035269304,13654.7109562651,13.44,0.42,0.65
48770,"1107255#1",13419.9163347837,13638.7920087808,13.83,0.390000000000001,-0.0299999999999994
48771,"1107255#1",13408.1124877329,13632.5556881666,13.35,-0.48,-0.870000000000001
