"V1","V2","V3","V4","V5","acceleration","jerk"
61777,1109006,14352.1810306514,14271.9010450695,18.84,0.140000000000001,0
61778,1109006,14353.5204133509,14252.9683629039,18.98,0.140000000000001,0
61779,1109006,14351.5403147182,14234.2147900608,18.86,-0.120000000000001,-0.260000000000002
61780,1109006,14353.3670568398,14215.2051031792,19.1,0.240000000000002,0.360000000000003
61781,1109006,14355.3807470314,14196.4931430517,18.82,-0.280000000000001,-0.520000000000003
61782,1109006,14357.4072769053,14177.6618718076,18.95,0.129999999999999,0.41
61783,1109006,14359.4239367093,14158.6787614761,19.08,0.129999999999999,0
61784,1109006,14361.3463624566,14139.5953477551,19.18,0.100000000000001,-0.0299999999999976
61785,1109006,14363.2216797522,14120.9795672171,18.72,-0.460000000000001,-0.560000000000002
61786,1109006,14365.1651539565,14101.6872110101,19.39,0.670000000000002,1.13
61787,1109006,14367.0545035569,14082.9321354814,18.85,-0.539999999999999,-1.21
61788,1109006,14368.9608923844,14064.0079160354,19.01,0.16,0.699999999999999
61789,1109006,14370.3157736477,14045.5006538798,18.56,-0.450000000000003,-0.610000000000003
61790,1109006,14371.4853420943,14026.1659956297,19.37,0.810000000000002,1.26000000000001
61791,1109006,14372.6313621829,14007.2206258007,18.99,-0.380000000000003,-1.19
61792,1109006,14372.3935453402,13985.3045803402,18.67,-0.319999999999997,0.0600000000000058
61793,1109006,14371.9238528441,13964.9800068156,20.33,1.66,1.97999999999999
61794,1109006,14371.4562396556,13944.7454092682,20.24,-0.0899999999999999,-1.75
61795,1109006,14371.0678711923,13927.9398961865,16.82,-3.42,-3.33
61796,1109006,14370.739802651,13913.7436864448,14.2,-2.62,0.799999999999997
61797,1109006,14370.4810443649,13902.5466759442,11.2,-3,-0.379999999999999
61798,1109006,14373.583998711,13893.9489548259,8.52,-2.68,0.32
61799,1109006,14373.3614946319,13884.3215256813,9.63,1.11,3.79
61800,1109006,14376.9438078368,13866.6101417083,6.4,-3.23,-4.34
61801,1109006,14377.0074938003,13861.260520778,5.35,-1.05,2.18
61802,1109006,14377.0589187278,13856.9408268679,4.32,-1.03,0.0200000000000014
61803,1109006,14377.0915782994,13850.8204080604,6.06,1.74,2.77
61804,1109006,14376.3419549913,13826.5922939465,7.54,1.48,-0.259999999999999
61805,1109006,14376.0494248281,13817.2968958322,9.3,1.76,0.28
61806,1109006,14375.3198305383,13793.9911834106,10.59,1.29,-0.470000000000002
61807,1109006,14375.0207396455,13781.3347168959,12.65,2.06,0.770000000000001
61808,1109006,14374.6833764583,13767.0587025333,14.29,1.64,-0.420000000000002
61809,1109006,14375.2314410003,13751.3027266432,15.77,1.48,-0.159999999999998
61810,1109006,14376.0158131208,13733.7001938602,17.61,1.84,0.359999999999999
61811,1109006,14376.8727463399,13714.4692769435,19.26,1.65,-0.189999999999998
61812,1109006,14374.1032258493,13683.8548249222,20.56,1.3,-0.350000000000005
61813,1109006,14371.349583496,13662.4512305093,21.58,1.02,-0.279999999999998
61814,1109006,14368.4517513438,13639.926873275,22.71,1.13,0.110000000000003
61815,1109006,14365.4926704275,13616.926439798,23.19,0.48,-0.650000000000002
61816,1109006,14362.0005672207,13593.815326702,23.39,0.199999999999999,-0.280000000000001
61817,1109006,14357.5190932974,13573.2172007806,21.08,-2.31,-2.51
61818,1109006,14350.0558138439,13545.047240528,22.31,1.23,3.54
61819,1109006,14341.1016297979,13512.7086846937,23.47,1.16,-0.0700000000000003
61820,1109006,14336.3347804223,13488.8305943351,24.39,0.920000000000002,-0.239999999999998
61821,1109006,14332.1308708463,13454.0410076797,25.82,1.43,0.509999999999998
61822,1109006,14330.6392857265,13410.6302236037,26.67,0.850000000000001,-0.579999999999998
61823,1109006,14332.7166241124,13376.0825967846,27.07,0.399999999999999,-0.450000000000003
61824,1109006,14333.8077147372,13348.3443587072,27.75,0.68,0.280000000000001
61825,1109006,14335.2901845371,13321.0579803294,27.34,-0.41,-1.09
61826,1109006,14334.2632529581,13293.5504284731,27.09,-0.25,0.16
