"V1","V2","V3","V4","V5","acceleration","jerk"
53598,1109225,14344.1436919057,13280.0145497683,16.73,-3.75,0
53599,1109225,14344.4559572925,13292.9881744051,12.98,-3.75,0
53600,1109225,14344.4446368388,13307.348169943,14.36,1.38,5.13
53601,1109225,14344.7219625875,13323.6561548508,16,1.64,0.260000000000002
53602,1109225,14344.0060694154,13341.351347378,17.72,1.72,0.0799999999999983
53603,1109225,14343.4154468734,13360.5885475748,19.25,1.53,-0.189999999999998
53604,1109225,14342.8378953634,13381.1301456362,20.55,1.3,-0.23
53605,1109225,14342.1808534233,13402.7001409048,21.58,1.03,-0.270000000000003
53606,1109225,14341.6972665708,13438.3648643419,23.31,1.73,0.700000000000003
53607,1109225,14343.8132756418,13459.7876942144,21.55,-1.76,-3.49
53608,1109225,14345.6430407903,13479.6922660236,20,-1.55,0.209999999999997
53609,1109225,14348.7522220059,13498.037596865,18.61,-1.39,0.16
53610,1109225,14352.7839391168,13514.4782265438,16.93,-1.68,-0.289999999999999
53611,1109225,14353.9803446827,13530.7833904439,15.37,-1.56,0.119999999999999
53612,1109225,14358.191270175,13545.0864043395,14.9,-0.469999999999999,1.09
53613,1109225,14362.938799184,13561.2120692346,16.81,1.91,2.38
53614,1109225,14367.0941929014,13578.6912822532,17.97,1.16,-0.749999999999998
53615,1109225,14371.3770403868,13597.4279368161,19.22,1.25,0.0899999999999999
53616,1109225,14375.7369620244,13617.3156386268,20.36,1.14,-0.109999999999999
53617,1109225,14379.0720191822,13638.9791443533,21.96,1.6,0.460000000000001
53618,1109225,14381.5664066716,13662.0848932278,23.24,1.28,-0.320000000000004
53619,1109225,14383.2665399689,13677.8333898789,15.83,-7.41,-8.69
53620,1109225,14384.584572601,13690.0424516767,12.29,-3.54,3.87
53621,1109225,14385.4561055792,13698.1155446569,8.12,-4.17,-0.629999999999999
53622,1109225,14385.9680775381,13702.8579896712,4.77,-3.35,0.82
53623,1109225,14382.3310751156,13707.4544641073,2.75,-2.02,1.33
53624,1109225,14367.924808052,13706.6012058535,4.57,1.82,3.84
53625,1109225,14362.2562827307,13706.9620668819,5.68,1.11,-0.710000000000001
53626,1109225,14357.4759594404,13707.2663845449,4.79,-0.89,-2
53627,1109225,14346.2582213101,13708.0709310573,4.96,0.17,1.06
53628,1109225,14332.6200001893,13708.7393149172,7.26,2.3,2.13
53629,1109225,14323.9500015125,13708.7345248627,8.68,1.42,-0.88
53630,1109225,14313.5119467564,13708.4979566254,10.44,1.76,0.34
53631,1109225,14300.9984315474,13707.2063153775,12.58,2.14,0.380000000000001
53632,1109225,14275.3694383181,13705.017556318,13.42,0.84,-1.3
53633,1109225,14261.8242850247,13703.7973832734,13.6,0.18,-0.66
53634,1109225,14248.1197769867,13702.5628552518,13.76,0.16,-0.0199999999999996
53635,1109225,14234.5148656641,13701.3372990908,13.65,-0.109999999999999,-0.27
53636,1109225,14221.5174943054,13700.1664712796,13.05,-0.6,-0.49
53637,1109225,14207.7018134759,13702.3734694303,13.57,0.52,1.12
53638,1109225,14193.9425497297,13701.4532731671,13.78,0.209999999999999,-0.31
53639,1109225,14180.8617703452,13700.5784527892,13.11,-0.67,-0.879999999999999
53640,1109225,14167.5415258918,13699.687617393,13.34,0.23,0.9
53641,1109225,14154.3061491701,13700.1907371574,13.25,-0.0899999999999999,-0.32
53642,1109225,14144.6260834054,13700.6294019381,9.69,-3.56,-3.47
53643,1109225,14139.2116400158,13700.8747644883,5.42,-4.27,-0.709999999999999
53644,1109225,14135.48546403,13701.0436210035,3.73,-1.69,2.58
53645,1109225,14133.2281413606,13708.1005339944,5.4,1.67,3.36
53646,1109225,14132.8123975421,13716.1391314659,6.7,1.3,-0.370000000000001
53647,1109225,14135.7361040181,13724.4604498976,8.82,2.12,0.82
53648,1109225,14138.2279810949,13734.3660497526,10.22,1.4,-0.72
53649,1109225,14141.0648238625,13746.2624871652,12.24,2.02,0.619999999999999
53650,1109225,14146.5059604319,13768.4178382625,14.12,1.88,-0.140000000000001
53651,1109225,14150.63439216,13783.3786688366,15.52,1.4,-0.479999999999999
53652,1109225,14155.281537926,13800.2192429429,17.47,1.95,0.549999999999999
53653,1109225,14174.9592286004,13823.6037711339,18.65,1.18,-0.77
53654,1109225,14189.04796557,13846.0149766553,20.51,1.86,0.680000000000003
53655,1109225,14207.9373969059,13878.5670080051,18.39,-2.12,-3.98
53656,1109225,14212.8693642572,13892.3077356194,14.61,-3.78,-1.66
53657,1109225,14229.396485535,13916.475923312,13.53,-1.08,2.7
53658,1109225,14240.4260649522,13923.5994953009,13.14,-0.389999999999999,0.690000000000001
53659,1109225,14251.6754684823,13931.537297039,13.77,0.629999999999999,1.02
53660,1109225,14262.6453443983,13939.074118115,13.31,-0.459999999999999,-1.09
53661,1109225,14273.9509646929,13946.1269070888,13.34,0.0299999999999994,0.489999999999998
53662,1109225,14285.3536751348,13952.4052451555,13.03,-0.31,-0.34
53663,1109225,14297.7252833836,13958.1237737085,13.64,0.610000000000001,0.920000000000002
53664,1109225,14309.9618955984,13962.2700637978,12.92,-0.720000000000001,-1.33
53665,1109225,14322.7733711562,13966.1749501956,13.41,0.49,1.21
53666,1109225,14335.6390333044,13968.9898458399,13.16,-0.25,-0.74
53667,1109225,14349.265169935,13971.4881189803,13.86,0.699999999999999,0.949999999999999
53668,1109225,14362.250383688,13973.4098202935,13.13,-0.729999999999999,-1.43
53669,1109225,14375.9757030085,13974.2332943662,13.75,0.619999999999999,1.35
53670,1109225,14389.0422070017,13975.0172416834,13.08,-0.67,-1.29
53671,1109225,14401.9290340874,13975.7904089763,12.91,-0.17,0.5
