"V1","V2","V3","V4","V5","acceleration","jerk"
49099,1110962,14396.5164565833,13322.9641061978,13.36,0.25,0
49100,1110962,14383.0924280388,13320.7218846127,13.61,0.25,0
49101,1110962,14369.5105857862,13318.4533033321,13.77,0.16,-0.0899999999999999
49102,1110962,14356.8361723552,13316.3362902998,12.86,-0.91,-1.07
49103,1110962,14343.6883177999,13314.1401981815,13.33,0.470000000000001,1.38
49104,1110962,14329.9881152662,13311.8518471295,13.88,0.550000000000001,0.0800000000000001
49105,1110962,14317.2545216947,13309.7249492114,12.91,-0.970000000000001,-1.52
49106,1110962,14304.3729777717,13307.573339079,13.06,0.15,1.12
49107,1110962,14291.4618437786,13305.4167865037,13.09,0.0299999999999994,-0.120000000000001
49108,1110962,14278.1463121584,13303.1926872091,13.5,0.41,0.380000000000001
49109,1110962,14265.1759980247,13301.026249748,13.15,-0.35,-0.76
49110,1110962,14251.8604664045,13298.8021504534,13.49,0.34,0.69
49111,1110962,14238.7915187032,13296.6192381827,13.25,-0.24,-0.58
49112,1110962,14223.127748782,13293.8233062,13.23,-0.0199999999999996,0.220000000000001
49113,1110962,14209.9820740281,13291.439855914,13.35,0.119999999999999,0.139999999999999
49114,1110962,14197.1709448892,13289.117062297,13.03,-0.32,-0.44
49115,1110962,14183.9760722508,13286.7246919127,13.41,0.380000000000001,0.700000000000001
49116,1110962,14170.9091141123,13284.3555137841,13.28,-0.130000000000001,-0.510000000000002
49117,1110962,14157.2714605128,13281.8828625144,13.86,0.58,0.710000000000001
49118,1110962,14144.5784062969,13279.5814771335,12.91,-0.949999999999999,-1.53
49119,1110962,14131.8283213399,13277.2603839194,12.95,0.0399999999999991,0.989999999999998
49151,1110962,13727.145585759,13280.9063534656,13.12,0.0053125,-0.00108398437499997
49152,1110962,13716.2890694929,13288.9304391241,13.5,0.380000000000001,0.374687500000001
49153,1110962,13700.4593461623,13299.6741072395,13.06,-0.44,-0.82
49154,1110962,13689.4257165158,13306.6239717578,13.03,-0.0300000000000011,0.409999999999998
49155,1110962,13677.9182500133,13313.8722967156,13.61,0.58,0.610000000000001
49156,1110962,13666.216171945,13321.2432036396,13.83,0.220000000000001,-0.359999999999999
49157,1110962,13654.5333985337,13328.6070208825,13.81,-0.0199999999999996,-0.24
49158,1110962,13643.3170711223,13336.5257896883,13.73,-0.0800000000000001,-0.0600000000000005
49159,1110962,13632.6644193055,13344.0466014311,13.04,-0.690000000000001,-0.610000000000001
49160,1110962,13621.8647216814,13351.6712280599,13.23,0.190000000000001,0.880000000000003
49161,1110962,13611.1467161725,13359.238179752,13.12,-0.110000000000001,-0.300000000000002
49162,1110962,13589.8619936038,13376.1597583724,13,-0.119999999999999,-0.00999999999999801
49163,1110962,13578.0872839051,13383.9199729123,13.6,0.6,0.719999999999999
