"V1","V2","V3","V4","V5","acceleration","jerk"
24454,1111590,13946.4635795764,13282.283139547,10.55,-0.59,0
24455,1111590,13945.0174718493,13292.1375990676,9.96,-0.59,0
24456,1111590,13947.9969027654,13302.0865306719,8.26,-1.7,-1.11
24457,1111590,13955.5089863089,13302.5500456736,7.61,-0.649999999999999,1.05
24458,1111590,13962.8707679629,13303.4777152693,7.41,-0.2,0.449999999999999
24459,1111590,13970.2226280783,13304.4041346365,7.41,0,0.2
24460,1111590,13977.7133897343,13305.3480572035,7.55,0.14,0.14
24461,1111590,13985.4473174741,13306.5164110505,7.83,0.28,0.140000000000001
24462,1111590,13993.4096088898,13308.4342263212,8.19,0.359999999999999,0.0799999999999992
24463,1111590,14000.8098063668,13309.4852743639,7.48,-0.709999999999999,-1.07
24464,1111590,14008.1317102348,13310.4094625197,7.38,-0.100000000000001,0.609999999999999
24465,1111590,14015.8306227031,13311.3812375994,7.76,0.38,0.48
24466,1111590,14023.817252261,13312.3893290159,8.05,0.290000000000001,-0.089999999999999
24467,1111590,14031.9328584454,13313.4137001696,8.18,0.129999999999999,-0.160000000000002
24468,1111590,14039.6912985874,13314.3929889742,7.83,-0.35,-0.479999999999999
24469,1111590,14047.8465898876,13315.4223692777,8.22,0.390000000000001,0.74
24470,1111590,14056.1054513594,13316.3405470805,8.31,0.0899999999999999,-0.300000000000001
24471,1111590,14064.8723773158,13318.6225663571,8.02,-0.290000000000001,-0.380000000000001
24472,1111590,14070.2396015658,13326.5458108851,9.57,1.55,1.84
24473,1111590,14076.4424751504,13335.7026640178,11.06,1.49,-0.0600000000000005
24474,1111590,14081.9826668047,13347.4367597299,13.02,1.96,0.469999999999999
24475,1111590,14088.0553181575,13359.4602286781,13.47,0.450000000000001,-1.51
24476,1111590,14093.3435290238,13369.930554644,11.73,-1.74,-2.19
24477,1111590,14097.9330057366,13379.5592279277,10.68,-1.05,0.69
24478,1111590,14101.6048164326,13387.8636969783,9.08,-1.6,-0.549999999999999
24479,1111590,14104.2373591232,13393.8176720356,6.5,-2.58,-0.98
24480,1111590,14107.0478309664,13400.1740662979,6.95,0.45,3.03
24481,1111590,14109.2292480469,13405.1138452854,5.41,-1.54,-1.99
24482,1111590,14110.4607011664,13407.9041899262,3.05,-2.36,-0.82
24483,1111590,14115.4596521061,13417.90273114,4.71,1.66,4.02
24484,1111590,14114.120481327,13424.3858647669,6.62,1.91,0.25
24485,1111590,14119.8276067536,13433.0370618218,8.4,1.78,-0.13
24486,1111590,14130.1913265707,13435.0108428511,10.55,2.15,0.37
24487,1111590,14141.9794438983,13437.2559018418,11.99,1.44,-0.710000000000001
24488,1111590,14155.5652491183,13439.8433323286,13.83,1.84,0.4
24489,1111590,14168.7974108185,13442.3634110456,13.47,-0.359999999999999,-2.2
24490,1111590,14181.5099171283,13444.2783027607,12.87,-0.600000000000001,-0.240000000000002
24491,1111590,14194.3850270163,13446.0021488593,12.99,0.120000000000001,0.720000000000002
24492,1111590,14207.6858282524,13447.7868235702,13.42,0.43,0.309999999999999
24493,1111590,14220.8669089687,13449.5613970829,13.3,-0.119999999999999,-0.549999999999999
24494,1111590,14234.3017505483,13451.3234846568,13.55,0.25,0.369999999999999
24495,1111590,14247.6545439828,13453.0189219149,13.45,-0.100000000000001,-0.350000000000001
24496,1111590,14260.9577356586,13454.7080611148,13.41,-0.0399999999999991,0.0600000000000023
24497,1111590,14274.0129185411,13456.3657100239,13.16,-0.25,-0.210000000000001
24498,1111590,14287.0447913959,13458.047506723,13.14,-0.0199999999999996,0.23
24499,1111590,14300.2183954363,13459.8025727008,13.29,0.149999999999999,0.169999999999998
24500,1111590,14310.7949458585,13461.2116437303,10.67,-2.62,-2.77
24501,1111590,14318.8537420097,13462.2852845429,8.12,-2.55,0.0699999999999985
24502,1111590,14323.1458191726,13462.8571006215,4.34,-3.78,-1.23
24503,1111590,14324.6624191862,13463.0591511065,1.53,-2.81,0.97
24504,1111590,14325.9708584137,13463.233469172,1.32,-0.21,2.6
24505,1111590,14326.1096322712,13463.2519574517,0.14,-1.18,-0.97
24506,1111590,14326.1591943631,13463.2585604087,0.04,-0.1,1.08
24507,1111590,14326.1691067815,13463.2598810001,0.01,-0.03,0.07
24508,1111590,14326.1691067815,13463.2598810001,0,-0.01,0.02
24509,1111590,14326.1691067815,13463.2598810001,0,0,0.01
24510,1111590,14326.1691067815,13463.2598810001,0,0,0
24511,1111590,14326.1691067815,13463.2598810001,0,0,0
24512,1111590,14326.1691067815,13463.2598810001,0,0,0
24513,1111590,14326.1691067815,13463.2598810001,0,0,0
24514,1111590,14326.1691067815,13463.2598810001,0,0,0
24515,1111590,14326.1691067815,13463.2598810001,0,0,0
24516,1111590,14326.1691067815,13463.2598810001,0,0,0
24517,1111590,14326.1691067815,13463.2598810001,0,0,0
24518,1111590,14326.1691067815,13463.2598810001,0,0,0
24519,1111590,14332.4384150723,13457.6880635538,2.29,2.29,2.29
24520,1111590,14332.0510437931,13453.0943674938,4.6,2.31,0.0199999999999996
24521,1111590,14331.4855321425,13446.3881691241,6.73,2.13,-0.179999999999999
24522,1111590,14330.8805271077,13439.2136329783,7.2,0.47,-1.66
24523,1111590,14331.2860542541,13435.0708296321,4.22,-2.98,-3.45
24524,1111590,14337.338293571,13435.245748417,6.07,1.85,4.83
24525,1111590,14339.0412721875,13443.1877416042,8.19,2.12,0.269999999999999
24526,1111590,14340.1857156954,13452.5919101567,9.48,1.29,-0.829999999999998
24527,1111590,14340.7063276453,13463.8398683358,11.26,1.78,0.489999999999998
24528,1111590,14341.929607014,13476.3341721602,12.56,1.3,-0.479999999999999
24529,1111590,14343.9929727407,13490.033962643,13.86,1.3,-1.77635683940025e-15
24530,1111590,14346.9492178659,13504.7108567984,14.98,1.12,-0.179999999999998
24531,1111590,14350.9047592628,13520.3367223471,16.13,1.15,0.0299999999999976
24532,1111590,14355.8866992818,13537.2585979419,17.63,1.5,0.350000000000001
24533,1111590,14361.3007463433,13555.6481872363,19.17,1.54,0.0400000000000027
24534,1111590,14366.3600008745,13575.4945085566,20.5,1.33,-0.210000000000004
24535,1111590,14371.1693230985,13596.4804382524,21.53,1.03,-0.299999999999997
24536,1111590,14376.0367601724,13618.683162327,22.72,1.19,0.159999999999997
24537,1111590,14379.4906126077,13642.8566151196,24.45,1.73,0.540000000000003
24538,1111590,14382.2447426841,13668.3683843159,25.66,1.21,-0.52
24539,1111590,14385.1416238519,13695.2024704658,26.98,1.32,0.109999999999999
24540,1111590,14386.727482326,13727.8983867146,27.01,0.0300000000000011,-1.29
24541,1111590,14387.0975634793,13755.1358726474,27.24,0.229999999999997,0.199999999999996
24542,1111590,14387.4685956487,13782.4433521197,27.31,0.0700000000000003,-0.159999999999997
24543,1111590,14387.8377257858,13809.610844513,27.17,-0.139999999999997,-0.209999999999997
24544,1111590,14387.6915963131,13837.1865695992,27.53,0.359999999999999,0.499999999999996
24545,1111590,14387.2087631525,13870.0983886494,27.37,-0.16,-0.52
24546,1111590,14386.902698897,13897.7566952619,27.66,0.289999999999999,0.449999999999999
24547,1111590,14386.6218633655,13923.1351414595,25.38,-2.28,-2.57
24548,1111590,14386.3809733134,13944.9038086668,21.77,-3.61,-1.33
24549,1111590,14386.1675250311,13964.1926277035,19.29,-2.48,1.13
24550,1111590,14385.9539772625,13983.0289417254,18.85,-0.439999999999998,2.04
24551,1111590,14385.740648435,14001.7777281078,18.74,-0.110000000000003,0.329999999999995
24552,1111590,14385.5269782814,14020.5565125483,18.78,0.0400000000000027,0.150000000000006
24553,1111590,14385.3062540546,14039.9552568586,19.4,0.619999999999997,0.579999999999995
24554,1111590,14385.0933803287,14058.66404583,18.71,-0.689999999999998,-1.31
24555,1111590,14383.5051980731,14077.9255360751,19.33,0.619999999999997,1.31
24556,1111590,14381.8396561845,14097.0531592995,19.21,-0.119999999999997,-0.739999999999995
24557,1111590,14380.2209576615,14115.6428181208,18.66,-0.550000000000001,-0.430000000000003
24558,1111590,14378.6048615477,14134.2025900308,18.63,-0.0300000000000011,0.52
24559,1111590,14376.9636088117,14153.0512687499,18.92,0.290000000000003,0.320000000000004
24560,1111590,14375.2538667675,14172.3757424135,19.4,0.479999999999997,0.189999999999994
24561,1111590,14373.5323841186,14191.2172629861,18.92,-0.479999999999997,-0.959999999999994
24562,1111590,14371.7936138533,14210.2479954462,19.11,0.189999999999998,0.669999999999995
24563,1111590,14370.1141136356,14228.6816329321,18.5,-0.609999999999999,-0.799999999999997
24564,1111590,14368.4435778394,14247.9694246707,19.36,0.859999999999999,1.47
24565,1111590,14366.8463868483,14266.4103867101,18.51,-0.849999999999998,-1.71
