"V1","V2","V3","V4","V5","acceleration","jerk"
72121,111329,13775.69,13689.22,0,2.24,0
72122,111329,13777.9299707638,13689.20855547,2.24,2.24,0
72123,111329,13782.3299133356,13689.1860751433,4.41,2.17,-0.0700000000000003
72124,111329,13788.5898316309,13689.1540917693,6.26,1.85,-0.32
72125,111329,13796.4297293042,13689.1140359144,7.83,1.57,-0.279999999999999
72126,111329,13806.3395999602,13689.0634040876,9.92,2.09,0.52
72127,111329,13818.0294473838,13689.0036779468,11.69,1.77,-0.32
72128,111329,13831.3992728803,13688.9353684085,13.36,1.67,-0.0999999999999996
72129,111329,13844.2591050333,13688.8696645444,12.86,-0.5,-2.17
72130,111329,13857.6189306603,13688.8014060978,13.37,0.51,1.01
72131,111329,13870.098767773,13688.7376437165,12.48,-0.889999999999999,-1.4
72132,111329,13879.3686467822,13688.6902817553,9.27,-3.21,-2.32
72133,111329,13884.1385845247,13688.6659110375,4.77,-4.5,-1.29
72134,111329,13887.1485452386,13688.6505324503,3.01,-1.76,2.74
72135,111329,13896.3401239179,13697.1780790717,4.69,1.68,3.44
72136,111329,13896.9868321468,13703.9472568997,6.79,2.1,0.419999999999999
72137,111329,13897.6982111985,13711.3933525104,7.49,0.7,-1.4
72138,111329,13898.3934225445,13718.6702186755,7.31,-0.180000000000001,-0.880000000000001
72139,111329,13899.0781724339,13725.8375834345,7.2,-0.109999999999999,0.0700000000000012
72140,111329,13899.8304462707,13733.7117299962,7.91,0.71,0.819999999999999
72141,111329,13900.5532378206,13741.2772816863,7.6,-0.31,-1.02
72142,111329,13901.278882495,13748.8726973962,7.63,0.0300000000000002,0.340000000000001
72143,111329,13901.7876897045,13754.1984475991,5.36,-2.27,-2.3
72144,111329,13908.0430939165,13760.2855883087,7.22,1.86,4.13
72145,111329,13917.0231320515,13760.7086900614,8.99,1.77,-0.089999999999999
72146,111329,13928.260665869,13761.2381555473,11.25,2.26,0.489999999999999
72147,111329,13941.2745517237,13759.8850455345,13.11,1.86,-0.4
72148,111329,13954.3224010053,13758.0329615774,13.18,0.0700000000000003,-1.79
72149,111329,13971.8166454042,13750.146129668,13.24,0.0600000000000005,-0.00999999999999979
72150,111329,13984.0340496536,13745.9129354358,12.93,-0.31,-0.370000000000001
72151,111329,13996.6388580593,13741.5455099865,13.34,0.41,0.720000000000001
72152,111329,14009.2482729596,13738.5896814208,13.05,-0.289999999999999,-0.699999999999999
72153,111329,14022.937024116,13737.7013392126,13.73,0.68,0.969999999999999
72154,111329,14036.1837011327,13738.5650873456,13.35,-0.380000000000001,-1.06
72155,111329,14048.8515549144,13743.9881451448,13.78,0.43,0.81
72156,111329,14060.654728119,13749.2917950485,12.95,-0.83,-1.26
72157,111329,14072.5673588804,13754.6446287226,13.06,0.110000000000001,0.940000000000001
72158,111329,14084.9634271842,13760.2146907158,13.58,0.52,0.409999999999998
72159,111329,14096.9753675971,13765.441686686,13.13,-0.449999999999999,-0.969999999999999
72160,111329,14110.3298189062,13765.8266934789,13.36,0.229999999999999,0.679999999999998
72161,111329,14120.5856881018,13766.1177845251,10.26,-3.1,-3.33
72162,111329,14128.4511672503,13765.7288939786,7.91,-2.35,0.75
72163,111329,14132.2992335815,13765.0945553381,3.9,-4.01,-1.66
72164,111329,14154.3618473364,13763.2342443993,5.49,1.59,5.6
72165,111329,14161.5324327421,13762.850093229,7.22,1.73,0.139999999999999
72166,111329,14170.4490047327,13763.3396276366,8.93,1.71,-0.0199999999999996
72167,111329,14181.0330655502,13763.9207099121,10.6,1.67,-0.04
72168,111329,14192.7853670429,13764.5659305142,11.78,1.18,-0.49
72169,111329,14206.5446461057,13765.3213374724,13.78,2,0.82
72170,111329,14220.164135686,13766.069069759,13.64,-0.139999999999999,-2.14
72171,111329,14233.9633546009,13766.8266694805,13.82,0.18,0.319999999999999
72172,111329,14247.4230847726,13767.5656307139,13.48,-0.34,-0.52
72173,111329,14259.9841682712,13768.255254773,12.58,-0.9,-0.56
72174,111329,14269.3900034505,13768.771650531,9.42,-3.16,-2.26
72175,111329,14275.1413421589,13769.0874084468,5.76,-3.66,-0.5
72176,111329,14278.4363799606,13769.2683114194,3.3,-2.46,1.2
72177,111329,14295.6981393862,13768.4146176589,4.74,1.44,3.9
72178,111329,14301.8922537712,13768.1445306614,6.2,1.46,0.0199999999999996
72179,111329,14309.6348967523,13767.8069219146,7.76,1.56,0.0999999999999996
72180,111329,14319.1258784712,13767.3930789347,9.49,1.73,0.170000000000001
72181,111329,14339.1843408241,13765.2296188709,11.03,1.54,-0.190000000000001
72182,111329,14350.6309965457,13761.5590211574,12.49,1.46,-0.0799999999999983
72183,111329,14351.6102681836,13747.8057819868,13.8,1.31,-0.15
72184,111329,14351.9025001942,13735.35921216,12.45,-1.35,-2.66
72185,111329,14352.1243148528,13725.9118157855,9.45,-3,-1.65
72186,111329,14352.2743038124,13719.5235763323,6.39,-3.06,-0.0599999999999996
72187,111329,14352.3529365221,13716.1744993106,3.35,-3.04,0.02
72188,111329,14352.383920157,13714.8548629916,1.32,-2.03,1.01
72189,111329,14352.3949522088,13714.3849924841,0.48,-0.84,1.19
72190,111329,14352.3984730764,13714.2350338115,0.14,-0.34,0.5
72191,111329,14346.5971898542,13708.0444673822,2.44,2.3,2.64
72192,111329,14342.6591729446,13708.3519130192,3.96,1.52,-0.78
72193,111329,14335.6658166848,13701.4464139527,6.38,2.42,0.9
72194,111329,14333.6697732151,13692.988759995,8.7,2.32,-0.100000000000001
72195,111329,14331.2510922328,13682.7403024376,10.53,1.83,-0.489999999999999
72196,111329,14328.7155045274,13670.6050455594,12.39,1.86,0.0300000000000011
72197,111329,14326.1081911744,13656.9924955749,13.87,1.48,-0.380000000000003
72198,111329,14323.8681950545,13643.981599192,13.2,-0.67,-2.15
72199,111329,14322.4604286981,13631.0479881771,13.01,-0.19,0.48
72200,111329,14320.9660971546,13617.3190744095,13.81,0.800000000000001,0.99
72201,111329,14320.6814048971,13606.3914190032,10.95,-2.86,-3.66
72202,111329,14320.7819674907,13599.8121875006,6.58,-4.37,-1.51
72203,111329,14320.8559375444,13594.9727527783,4.84,-1.74,2.63
72204,111329,14327.0295394301,13585.5160625168,7.03,2.19,3.93
72205,111329,14334.8731207328,13581.8409299489,8.67,1.64,-0.550000000000001
72206,111329,14341.8687782771,13577.1730743895,8.41,-0.26,-1.9
72207,111329,14346.5571056364,13574.0202749691,5.65,-2.76,-2.5
72208,111329,14348.7062685156,13572.5217760808,2.61,-3.04,-0.280000000000001
72209,111329,14349.6003858967,13571.8983547876,1.09,-1.52,1.52
72210,111329,14349.9695169256,13571.6409790243,0.45,-0.64,0.88
72211,111329,14352.124953882,13564.8190750718,2.18,1.73,2.37
72212,111329,14351.1498682343,13561.1773573481,3.77,1.59,-0.14
72213,111329,14349.5352798725,13555.2224931621,6.17,2.4,0.81
72214,111329,14347.3914281522,13547.7124998332,7.81,1.64,-0.76
72215,111329,14344.7370048313,13538.4139549559,9.67,1.86,0.220000000000001
72216,111329,14341.7531804779,13527.961505854,10.87,1.2,-0.660000000000001
72217,111329,14335.9613803454,13506.0380817558,12.55,1.68,0.480000000000002
72218,111329,14333.4777434326,13492.1697810679,14.11,1.56,-0.120000000000003
72219,111329,14331.3800137433,13477.1051327098,15.21,1.1,-0.459999999999997
72220,111329,14328.5347145612,13450.7039413088,16.77,1.56,0.459999999999997
72221,111329,14327.3886343442,13437.1322464944,13.62,-3.15,-4.71
72222,111329,14316.6258566048,13420.7588146122,13.49,-0.129999999999999,3.02
72223,111329,14303.0709180013,13417.7725059451,13.88,0.390000000000001,0.52
72224,111329,14285.6331190121,13413.6254852796,13.07,-0.81,-1.2
72225,111329,14272.3693063482,13411.9437678187,13.36,0.289999999999999,1.1
72226,111329,14258.7285117239,13410.2142528533,13.76,0.4,0.110000000000001
72227,111329,14245.3857861427,13407.7683306581,13.58,-0.18,-0.58
72228,111329,14234.9642323835,13405.1313404717,10.75,-2.83,-2.65
72229,111329,14228.1393264798,13403.4044185264,7.03,-3.72,-0.89
72230,111329,14224.6784011848,13402.5286924831,3.57,-3.46,0.259999999999999
72231,111329,14222.3226453118,13401.9326100503,2.44,-1.13,2.33
72232,111329,14221.7506716636,13401.7878822168,0.59,-1.85,-0.72
72233,111329,14221.6828103833,13401.7707111179,0.07,-0.52,1.33
72234,111329,14221.6828103833,13401.7707111179,0,-0.07,0.45
72235,111329,14217.3865227107,13392.322477421,1.7,1.7,1.77
72236,111329,14218.2777007243,13388.4230156956,4,2.3,0.6
72237,111329,14219.6813060956,13382.281363478,6.3,2.3,0
72238,111329,14221.5282725287,13374.199729052,8.3,2,-0.299999999999999
72239,111329,14223.6559600361,13364.8897641826,9.55,1.25,-0.750000000000001
72240,111329,14226.2626557258,13353.4838386356,11.7,2.15,0.899999999999999
72241,111329,14230.9733543708,13331.1483296167,13.61,1.91,-0.239999999999998
72242,111329,14233.1628793342,13317.8980133777,13.43,-0.18,-2.09
72243,111329,14235.3033128275,13304.9436533474,13.12,-0.31,-0.130000000000001
72244,111329,14237.4011097367,13292.2255030052,12.9,-0.219999999999999,0.0900000000000016
72245,111329,14239.6079465164,13278.8462851122,13.55,0.65,0.869999999999999
72279,111329,14215.0333602301,13275.9925687643,7.32,-0.183235294117647,-0.0245069204152249
72280,111329,14218.7901912813,13276.9216115258,3.87,-3.45,-3.26676470588235
72281,111329,14227.652914007,13278.7233011351,5.9,2.03,5.48
72282,111329,14234.9711032526,13279.8206188491,7.39,1.49,-0.540000000000001
72283,111329,14243.7331514575,13281.1344343824,8.86,1.47,-0.0199999999999996
72284,111329,14254.6214303215,13282.7670651975,11.01,2.15,0.680000000000001
72285,111329,14267.4282615013,13284.6873711971,12.95,1.94,-0.210000000000001
72286,111329,14280.8779066014,13286.7040632121,13.6,0.65,-1.29
72287,111329,14293.9220844594,13288.6599578942,13.19,-0.41,-1.06
72288,111329,14307.5299606782,13290.7003756977,13.76,0.57,0.98
72289,111329,14320.9367957541,13292.9146849148,13.59,-0.17,-0.74
72290,111329,14334.162309172,13295.3062105436,13.44,-0.15,0.0199999999999996
72291,111329,14347.4960671194,13297.7173096708,13.56,0.120000000000001,0.270000000000001
72292,111329,14360.8298250667,13300.1284087981,13.54,-0.0200000000000014,-0.140000000000002
72293,111329,14373.5141158373,13302.4220669347,12.89,-0.649999999999999,-0.629999999999997
72294,111329,14387.1037244907,13304.8794306946,13.82,0.93,1.58
72295,111329,14399.7584940259,13307.1677506043,12.86,-0.960000000000001,-1.89
