"V1","V2","V3","V4","V5","acceleration","jerk"
39985,111675,14402.3511001131,13995.967050325,13.57,-0.300000000000001,0
39986,111675,14389.1277679538,13994.9816130591,13.27,-0.300000000000001,0
39987,111675,14375.5730434332,13994.0036812477,13.58,0.31,0.610000000000001
39988,111675,14362.7039977475,13993.1105613579,12.9,-0.68,-0.99
39989,111675,14349.3906117199,13991.892061172,13.37,0.469999999999999,1.15
39990,111675,14325.5615870209,13989.0595972339,13.39,0.0200000000000014,-0.449999999999998
39991,111675,14312.5030932811,13987.3592216935,13.18,-0.210000000000001,-0.230000000000002
39992,111675,14299.4988988552,13985.0221236905,13.22,0.0400000000000009,0.250000000000002
39993,111675,14286.085374609,13982.394921578,13.67,0.449999999999999,0.409999999999998
39994,111675,14273.0939393155,13978.0747086086,13.75,0.0800000000000001,-0.369999999999999
39995,111675,14260.7454664859,13973.513173216,13.17,-0.58,-0.66
39996,111675,14248.370436767,13969.3705726491,13.04,-0.130000000000001,0.449999999999999
39997,111675,14230.6989895459,13963.4666511304,13.31,0.270000000000001,0.400000000000002
39998,111675,14219.5659188704,13959.8363842899,11.71,-1.6,-1.87
39999,111675,14210.9808097158,13957.0369556333,9.03,-2.68,-1.08
40000,111675,14200.5403076712,13954.4170094741,6.77,-2.26,0.420000000000002
40001,111675,14195.8384602709,13954.8305684471,4.72,-2.05,0.21
40002,111675,14193.5273827351,13955.0338431965,2.31,-2.41,-0.36
40003,111675,14191.4481776182,13955.8309808383,2.25,-0.0600000000000001,2.35
40004,111675,14188.7526769265,13961.4598095442,2.29,0.04,0.1
40005,111675,14188.7259114668,13963.3796229753,1.91,-0.38,-0.42
40006,111675,14188.6881331355,13966.0893596411,2.71,0.8,1.18
40007,111675,14188.6798658128,13967.6590524212,1.57,-1.14,-1.94
40008,111675,14188.741061478,13969.3279308141,1.67,0.0999999999999999,1.24
40009,111675,14188.8374354895,13971.956164451,2.63,0.96,0.86
40010,111675,14188.8975318313,13973.5950629926,1.65,-0.98,-1.94
40011,111675,14188.9792481985,13975.8235652779,2.22,0.57,1.55
40012,111675,14189.038245217,13977.4324839681,1.61,-0.61,-1.18
40013,111675,14189.1272904064,13979.8608519291,2.43,0.82,1.43
40014,111675,14189.1906847181,13981.5896900249,1.73,-0.7,-1.52
40015,111675,14189.24748309,13983.1386490124,1.55,-0.18,0.52
40016,111675,14180.8307738472,13989.9647880518,2.32,0.77,0.95
40017,111675,14176.3608436555,13989.9648175217,4.47,2.15,1.38
40018,111675,14170.450847366,13989.9714401083,5.91,1.44,-0.71
40019,111675,14162.8808521188,13989.9799228461,7.56,1.65,0.209999999999999
40020,111675,14153.9708577128,13989.9899071518,8.91,1.35,-0.299999999999999
40021,111675,14142.8808646756,13990.0023343067,11.09,2.18,0.829999999999999
40022,111675,14130.3121676236,13989.898915631,12.58,1.49,-0.69
40023,111675,14117.2321743678,13989.8856330788,13.08,0.5,-0.99
40024,111675,14103.6021813955,13989.8717920095,13.63,0.550000000000001,0.0500000000000007
40025,111675,14083.7220837605,13990.0912726675,13.65,0.0199999999999996,-0.530000000000001
40026,111675,14070.45591993,13990.6973231798,13.27,-0.380000000000001,-0.4
40027,111675,14057.5094226979,13991.2887700653,12.96,-0.309999999999999,0.0700000000000021
