"V1","V2","V3","V4","V5","acceleration","jerk"
78809,1121430,13418.2022548903,13367.081579262,13.5,-0.15,0
78810,1121430,13431.3099082957,13369.5604947918,13.35,-0.15,0
78811,1121430,13453.2078144961,13373.0593060765,12.99,-0.359999999999999,-0.209999999999999
78812,1121430,13466.6211116115,13373.9061003207,13.44,0.449999999999999,0.809999999999999
78813,1121430,13480.2650462968,13371.4598641578,13.02,-0.42,-0.869999999999999
78814,1121430,13493.558496303,13372.3004514114,13.32,0.300000000000001,0.720000000000001
78815,1121430,13506.9816871877,13373.1492425947,13.45,0.129999999999999,-0.170000000000002
78816,1121430,13520.5146588157,13374.0049755646,13.56,0.110000000000001,-0.0199999999999978
78817,1121430,13533.9070247395,13373.150909527,13.44,-0.120000000000001,-0.230000000000002
78818,1121430,13546.9665067835,13371.7329456127,13.16,-0.279999999999999,-0.159999999999998
78819,1121430,13569.0808893203,13361.1724473085,13.03,-0.130000000000001,0.149999999999999
78820,1121430,13580.3752051626,13353.121650475,13.87,0.84,0.970000000000001
78821,1121430,13590.9773675466,13345.5642334041,13.01,-0.859999999999999,-1.7
78822,1121430,13601.6446737855,13337.9603805909,13.11,0.0999999999999996,0.959999999999999
78823,1121430,13612.3282659882,13330.3449188421,13.11,0,-0.0999999999999996
78824,1121430,13623.1910037918,13322.6017588018,13.35,0.24,0.24
78825,1121430,13634.0863135228,13314.8353808902,13.38,0.0300000000000011,-0.209999999999999
78826,1121430,13645.350712592,13306.8812231715,13.78,0.399999999999999,0.369999999999997
78827,1121430,13656.0638495267,13299.481959896,13.02,-0.76,-1.16
78828,1121430,13667.040289366,13291.9008406874,13.35,0.33,1.09
78829,1121430,13678.3952271307,13284.0583035751,13.8,0.450000000000001,0.120000000000001
78830,1121430,13689.2153308704,13276.5851613268,13.15,-0.65,-1.1
