"V1","V2","V3","V4","V5","acceleration","jerk"
50975,1121284,14393.6562719414,13319.1434617553,13.63,0.0399999999999991,0
50976,1121284,14380.1730252245,13316.8915829906,13.67,0.0399999999999991,0
50977,1121284,14366.5122375852,13314.610052567,13.85,0.18,0.140000000000001
50978,1121284,14353.7194277887,13312.4734858092,12.96,-0.889999999999999,-1.07
50979,1121284,14341.0055250688,13310.3500975666,12.89,-0.0700000000000003,0.819999999999999
50980,1121284,14327.8576334275,13308.154227491,13.34,0.449999999999999,0.52
50981,1121284,14314.5913811713,13305.9385896427,13.45,0.109999999999999,-0.34
50982,1121284,14300.9207301474,13303.6554119047,13.86,0.41,0.300000000000001
50983,1121284,14287.6840680449,13301.4447159996,13.42,-0.44,-0.85
50984,1121284,14274.4375425579,13299.2323727801,13.43,0.00999999999999979,0.449999999999999
50985,1121284,14261.5559623002,13297.0809801929,13.07,-0.359999999999999,-0.369999999999999
50986,1121284,14248.2206663519,13294.853811144,13.51,0.44,0.799999999999999
50987,1121284,14232.2880603793,13292.1369661889,12.87,-0.640000000000001,-1.08
50988,1121284,14219.2803634232,13289.7772586012,13.21,0.340000000000002,0.980000000000002
50989,1121284,14205.8102143061,13287.3336582324,13.69,0.479999999999999,0.139999999999997
50990,1121284,14192.6746050502,13284.9507462585,13.35,-0.34,-0.819999999999999
50991,1121284,14179.5586746096,13282.5714041901,13.34,-0.00999999999999979,0.33
50992,1121284,14165.9507737849,13280.1028144823,13.82,0.48,0.49
50993,1121284,14152.3723911833,13277.6395796328,13.81,-0.00999999999999979,-0.49
50994,1121284,14139.0793514044,13275.2281084142,13.51,-0.300000000000001,-0.290000000000001
51026,1121284,13732.8618034733,13276.7119577949,13.51,0,0.00937500000000002
51027,1121284,13721.8453216076,13284.8223784578,13.68,0.17,0.17
51028,1121284,13705.8577017716,13296.2737900901,13.6,-0.0800000000000001,-0.25
51029,1121284,13694.1133168411,13303.6713452677,13.88,0.280000000000001,0.360000000000001
51030,1121284,13683.0627644497,13310.6318690874,13.06,-0.82,-1.1
51031,1121284,13671.5976048094,13317.8535457917,13.55,0.49,1.31
51032,1121284,13660.5893592801,13324.787421358,13,-0.550000000000001,-1.04
51033,1121284,13649.4929950284,13332.1655644755,13.34,0.34,0.890000000000001
51034,1121284,13638.6687897698,13339.8074935853,13.25,-0.0899999999999999,-0.43
51035,1121284,13627.9344458378,13347.3859802647,13.14,-0.109999999999999,-0.0199999999999996
51036,1121284,13617.1837634828,13354.9760019315,13.16,0.0199999999999996,0.129999999999999
51037,1121284,13606.3595582241,13362.6179310413,13.24,0.0800000000000001,0.0600000000000005
51038,1121284,13584.3303771822,13380.0280551247,13.89,0.65,0.57
51039,1121284,13571.9721732235,13387.2159422588,13.84,-0.0500000000000007,-0.700000000000001
51040,1121284,13553.1106742819,13394.1020149348,13.39,-0.449999999999999,-0.399999999999999
51041,1121284,13539.4859534049,13395.4373355043,13.69,0.299999999999999,0.749999999999998
51042,1121284,13526.2593251758,13396.733640133,13.29,-0.4,-0.699999999999999
51043,1121284,13512.8037936742,13398.0523789277,13.52,0.23,0.630000000000001
51044,1121284,13495.9492787112,13397.0839912601,13.63,0.110000000000001,-0.119999999999999
51045,1121284,13483.2393797206,13394.7084139306,12.92,-0.710000000000001,-0.820000000000002
51046,1121284,13471.1094374512,13392.4412349479,12.34,-0.58,0.130000000000001
51047,1121284,13458.1636238621,13390.0215633756,13.17,0.83,1.41
51048,1121284,13435.9693577515,13385.5577989123,13.16,-0.00999999999999979,-0.84
51049,1121284,13423.3173590509,13382.8429271141,12.95,-0.210000000000001,-0.200000000000001
51050,1121284,13410.3545390226,13380.7114250887,13.14,0.190000000000001,0.400000000000002
