"V1","V2","V3","V4","V5","acceleration","jerk"
37332,1122959,13489.6514532843,13280.2473180861,13.78,-0.19,0
37333,1122959,13498.9800286688,13290.1299180119,13.59,-0.19,0
37334,1122959,13508.2193682329,13299.9179823976,13.46,-0.129999999999999,0.0600000000000005
37335,1122959,13517.6852294951,13309.946021616,13.79,0.329999999999998,0.459999999999997
37336,1122959,13526.6568615978,13319.4504793813,13.07,-0.719999999999999,-1.05
37337,1122959,13535.9785726885,13329.3258073426,13.59,0.52,1.24
37338,1122959,13545.3483338364,13339.2520390562,13.65,0.0600000000000005,-0.459999999999999
37339,1122959,13553.3246433263,13347.7020619509,11.62,-2.03,-2.09
37340,1122959,13558.7611640803,13353.4614579341,7.93,-3.69,-1.66
37341,1122959,13561.0747120847,13356.7350995773,4.07,-3.86,-0.17
37342,1122959,13568.8203139008,13361.358190278,6.39,2.32,6.18
37343,1122959,13575.9454230298,13356.2792809562,8.75,2.36,0.0400000000000009
37344,1122959,13584.2268355832,13350.3761372073,10.17,1.42,-0.94
37345,1122959,13594.2264173095,13343.2482507534,12.28,2.11,0.69
37346,1122959,13605.447446315,13335.24969413,13.79,1.51,-0.6
37347,1122959,13616.3101841186,13327.5065340897,13.34,-0.449999999999999,-1.96
37348,1122959,13627.2787806864,13319.687915968,13.47,0.130000000000001,0.58
37349,1122959,13638.3043781272,13311.8286665717,13.54,0.0699999999999985,-0.0600000000000023
37350,1122959,13649.4895051251,13304.022675224,13.65,0.110000000000001,0.0400000000000027
37351,1122959,13660.3096088648,13296.5495329757,13.15,-0.5,-0.610000000000001
37352,1122959,13671.615177335,13288.7410938509,13.75,0.6,1.1
37353,1122959,13682.6080736058,13281.1486086465,13.35,-0.4,-1
37395,1122959,14208.3526713174,13278.7791159019,12.16,-0.0283333333333333,0.00884920634920636
37396,1122959,14221.9847796873,13280.9885776899,13.8,1.64,1.66833333333333
37397,1122959,14237.2798161668,13283.5002687316,13.57,-0.23,-1.87
37398,1122959,14250.8184662712,13285.5303065026,13.7,0.129999999999999,0.359999999999999
37399,1122959,14263.9714280234,13287.5025126643,13.29,-0.41,-0.539999999999999
37400,1122959,14277.5793042422,13289.5429304677,13.76,0.470000000000001,0.880000000000001
37401,1122959,14290.4256932017,13291.4691679144,12.99,-0.77,-1.24
37402,1122959,14303.578654954,13293.4413740762,13.3,0.31,1.08
37403,1122959,14316.589327287,13295.477306194,13.17,-0.130000000000001,-0.440000000000001
37404,1122959,14329.9229540302,13297.8891307881,13.56,0.390000000000001,0.520000000000001
37405,1122959,14342.9515310103,13300.2457771073,13.23,-0.33,-0.720000000000001
37406,1122959,14356.5803672017,13302.7110000319,13.86,0.629999999999999,0.959999999999999
37407,1122959,14370.061598669,13305.1495237912,13.7,-0.16,-0.789999999999999
37408,1122959,14383.3558641524,13307.5542286079,13.51,-0.19,-0.0299999999999994
37409,1122959,14396.2171557785,13309.8806158732,13.07,-0.44,-0.25
