"V1","V2","V3","V4","V5","acceleration","jerk"
40340,1126869,14211.5917268616,13275.9598011282,12.92,0.81,0
40341,1126869,14226.3178389419,13278.5231147953,13.73,0.81,0
40342,1126869,14239.2037856811,13280.4552836891,13.03,-0.700000000000001,-1.51
40343,1126869,14252.7523252304,13282.4868043219,13.69,0.66,1.36
40344,1126869,14266.1030758812,13284.4886677191,13.51,-0.18,-0.84
40345,1126869,14279.2659270783,13286.4623567426,13.31,-0.199999999999999,-0.0199999999999996
40346,1126869,14292.6166777291,13288.4642201399,13.49,0.18,0.379999999999999
40347,1126869,14306.1751067233,13290.4972236344,13.72,0.23,0.0500000000000007
40348,1126869,14318.9982346356,13292.5641413516,12.98,-0.74,-0.970000000000001
40349,1126869,14331.9186952886,13294.900505303,13.14,0.16,0.9
40350,1126869,14345.5181443538,13297.3596484719,13.82,0.68,0.52
40351,1126869,14358.8814235364,13299.776085826,13.59,-0.23,-0.91
40352,1126869,14372.077415719,13302.162273228,13.41,-0.18,0.0500000000000007
40353,1126869,14385.1159613133,13304.5199900867,13.25,-0.16,0.0199999999999996
40354,1126869,14398.0167411428,13306.8527952202,13.11,-0.140000000000001,0.0199999999999996
