"V1","V2","V3","V4","V5","acceleration","jerk"
76685,1127999,13406.1881805287,13361.4522667852,13.54,-0.52,0
76686,1127999,13418.9714648129,13363.8704774682,13.02,-0.52,0
76687,1127999,13432.5015051353,13366.4299518038,13.77,0.75,1.27
76688,1127999,13455.5244587851,13369.8954378803,13.22,-0.549999999999999,-1.3
76689,1127999,13468.9376696022,13370.743597992,13.44,0.219999999999999,0.769999999999998
76690,1127999,13482.4806212978,13371.5999620334,13.57,0.130000000000001,-0.0899999999999981
76691,1127999,13495.6742706283,13372.4342385719,13.22,-0.35,-0.48
76692,1127999,13509.1872821212,13373.2887093988,13.55,0.33,0.68
76693,1127999,13522.8297017346,13374.1242106349,13.67,0.119999999999999,-0.210000000000001
76694,1127999,13536.1981976631,13372.9495972475,13.43,-0.24,-0.359999999999999
76695,1127999,13549.2608339754,13371.0634960355,13.25,-0.18,0.0600000000000005
76696,1127999,13571.1003488221,13359.732939295,13.11,-0.140000000000001,0.0399999999999991
76697,1127999,13582.3213778276,13351.7343826717,13.78,0.67,0.81
76698,1127999,13593.2411165042,13343.9505913568,13.41,-0.369999999999999,-1.04
76699,1127999,13603.8758508157,13336.3699564147,13.06,-0.35,0.0199999999999996
76700,1127999,13614.6815877462,13328.6674276489,13.27,0.209999999999999,0.559999999999999
76701,1127999,13625.6176123866,13320.8720273984,13.43,0.16,-0.0499999999999989
76702,1127999,13636.4803501902,13313.1288673581,13.34,-0.0899999999999999,-0.25
76703,1127999,13647.7780362447,13305.2047387888,13.8,0.460000000000001,0.550000000000001
76704,1127999,13658.7462478682,13297.6293025781,13.33,-0.470000000000001,-0.930000000000001
76705,1127999,13669.5828080394,13290.144794334,13.17,-0.16,0.31
76706,1127999,13680.6333018206,13282.5125281443,13.43,0.26,0.42
76748,1127999,14207.8010394117,13275.3463774104,13.79,0.00857142857142856,-0.00598639455782312
76749,1127999,14220.8710138482,13277.4614112709,13.24,-0.549999999999999,-0.558571428571427
76750,1127999,14235.4161282743,13279.887347629,13.53,0.289999999999999,0.839999999999998
76751,1127999,14248.3218539034,13281.8224822463,13.04,-0.49,-0.779999999999999
76752,1127999,14261.7912778932,13283.8421399849,13.62,0.58,1.07
76753,1127999,14275.4486013367,13285.8899720972,13.81,0.190000000000001,-0.389999999999999
76754,1127999,14288.2104575382,13291.1370068767,13.41,-0.4,-0.590000000000002
76755,1127999,14301.284303731,13293.0973501442,13.22,-0.19,0.210000000000001
76756,1127999,14314.5720627243,13295.1124176023,13.44,0.219999999999999,0.409999999999998
76757,1127999,14328.0040926169,13297.5420416399,13.65,0.210000000000001,-0.00999999999999801
76758,1127999,14341.1212324315,13299.9147074582,13.33,-0.32,-0.530000000000001
76759,1127999,14354.5434220092,13302.3425515515,13.65,0.32,0.640000000000001
76760,1127999,14367.444074895,13304.6760585942,13.11,-0.540000000000001,-0.860000000000001
76761,1127999,14380.4332906154,13307.025585136,13.2,0.0899999999999999,0.630000000000001
76762,1127999,14393.4520272805,13309.3804515109,13.24,0.0400000000000009,-0.0499999999999989
