"V1","V2","V3","V4","V5","acceleration","jerk"
66659,"1129357#1",14349.0805864702,14268.9979273107,19.19,0.209999999999997,0
66660,"1129357#1",14350.4490616068,14249.6462535898,19.4,0.209999999999997,0
66661,"1129357#1",14351.7639263771,14231.0526866744,18.64,-0.759999999999998,-0.969999999999995
66662,"1129357#1",14353.7351277356,14211.7848511687,19.37,0.73,1.49
66663,"1129357#1",14355.7916168685,14192.675187319,19.21,-0.16,-0.890000000000001
66664,"1129357#1",14357.803167113,14173.9831123777,18.8,-0.41,-0.25
66665,"1129357#1",14359.7697327901,14155.2461349204,18.84,0.0399999999999991,0.449999999999999
66666,"1129357#1",14361.6250039361,14136.8293472262,18.52,-0.32,-0.359999999999999
66667,"1129357#1",14363.5544458357,14117.6762860099,19.25,0.73,1.05
66668,"1129357#1",14365.4327700538,14099.0306565453,18.73,-0.52,-1.25
66669,"1129357#1",14367.3501842636,14079.9969910352,19.13,0.399999999999999,0.919999999999998
66670,"1129357#1",14369.239533864,14061.2419155065,18.84,-0.289999999999999,-0.689999999999998
66671,"1129357#1",14370.4824235658,14042.7456896686,18.54,-0.300000000000001,-0.0100000000000016
66672,"1129357#1",14371.6139523571,14024.039881945,18.74,0.199999999999999,0.5
66673,"1129357#1",14372.783762077,14002.1900720683,18.63,-0.109999999999999,-0.309999999999999
66674,"1129357#1",14372.3205385381,13982.1454238061,20.05,1.42,1.53
66675,"1129357#1",14371.8198874613,13960.4812079537,21.67,1.62,0.199999999999999
66676,"1129357#1",14371.3280156835,13939.1968906719,21.29,-0.380000000000003,-2
66677,"1129357#1",14370.901757614,13920.7518153384,18.45,-2.84,-2.46
66678,"1129357#1",14370.5533580645,13905.6758404859,15.08,-3.37,-0.529999999999999
66679,"1129357#1",14370.2227481471,13891.3696601053,14.31,-0.77,2.6
66680,"1129357#1",14366.267120197,13868.7124506243,13.28,-1.03,-0.260000000000002
66681,"1129357#1",14359.6991915262,13857.9771532094,13.57,0.290000000000001,1.32
66682,"1129357#1",14349.2199751245,13850.6118339015,13.04,-0.530000000000001,-0.820000000000002
66683,"1129357#1",14339.497293907,13849.3996262161,9.87,-3.17,-2.64
66684,"1129357#1",14335.0908065473,13849.4441306529,6.32,-3.55,-0.379999999999999
66685,"1129357#1",14330.6522108884,13849.5557934368,4.44,-1.88,1.67
66686,"1129357#1",14305.9043257833,13847.7158850617,6.87,2.43,4.31
66687,"1129357#1",14297.5314721084,13848.0046420727,8.44,1.57,-0.86
66688,"1129357#1",14286.8318817984,13847.911008755,10.7,2.26,0.69
66689,"1129357#1",14274.8723397323,13847.8063494578,11.96,1.26,-0.999999999999998
66690,"1129357#1",14261.4828524191,13847.6891765489,13.38,1.42,0.159999999999998
66691,"1129357#1",14247.653381953,13847.568153298,13.83,0.449999999999999,-0.970000000000001
66692,"1129357#1",14234.6841381261,13847.7252965352,12.99,-0.84,-1.29
66693,"1129357#1",14223.4677502806,13850.0063844824,11.51,-1.48,-0.640000000000001
66694,"1129357#1",14216.5707743468,13853.3507582091,7.74,-3.77,-2.29
66695,"1129357#1",14212.2558219139,13856.1253004642,5.13,-2.61,1.16
66696,"1129357#1",14208.5548872199,13858.6602255602,4.51,-0.62,1.99
66697,"1129357#1",14207.3608269199,13861.0483461602,2.67,-1.84,-1.22
66698,"1129357#1",14207.0746102188,13861.6207795624,0.65,-2.02,-0.18
66699,"1129357#1",14206.9001969165,13861.9696061669,0.38,-0.27,1.75
66700,"1129357#1",14206.8286427413,13862.1127145175,0.16,-0.22,0.05
66701,"1129357#1",14206.8152263334,13862.1395473332,0.03,-0.13,0.09
66702,"1129357#1",14203.721047877,13875.9167769477,1.59,1.56,1.69
66703,"1129357#1",14204.8110260698,13879.6405314428,3.88,2.29,0.73
66704,"1129357#1",14206.4841984042,13884.9283458776,5.55,1.67,-0.62
66705,"1129357#1",14209.3107822273,13892.2303540871,7.83,2.28,0.61
66706,"1129357#1",14213.0063086414,13901.6262051961,10.1,2.27,-0.0100000000000007
66707,"1129357#1",14233.7832911493,13923.2395873249,11.86,1.76,-0.51
66708,"1129357#1",14244.6438966613,13930.5578266569,13.1,1.24,-0.52
66709,"1129357#1",14255.5674411581,13938.2480849781,13.36,0.26,-0.98
66710,"1129357#1",14267.1146224206,13945.8699932976,13.84,0.48,0.220000000000001
66711,"1129357#1",14278.2033288076,13952.5202181557,12.92,-0.92,-1.4
66712,"1129357#1",14289.4693719527,13958.0416720995,12.55,-0.369999999999999,0.550000000000001
66713,"1129357#1",14298.6898418729,13961.9176389577,10.02,-2.53,-2.16
66714,"1129357#1",14306.6061418059,13964.6049787894,8.36,-1.66,0.870000000000001
66715,"1129357#1",14313.3861307437,13966.9065760615,7.17,-1.19,0.470000000000001
66716,"1129357#1",14319.9680106241,13968.9148212661,6.89,-0.28,0.909999999999999
66717,"1129357#1",14325.7012582129,13970.1744926859,5.87,-1.02,-0.739999999999999
66718,"1129357#1",14330.7605806166,13971.2860937004,5.18,-0.69,0.329999999999999
66719,"1129357#1",14336.0445447487,13972.4470515166,5.41,0.23,0.920000000000001
66720,"1129357#1",14339.3653355156,13973.1766738041,3.41,-2,-2.23
66721,"1129357#1",14342.3391435115,13973.7498626525,3.02,-0.39,1.61
66722,"1129357#1",14344.5528890034,13974.0918142529,2.25,-0.77,-0.38
66723,"1129357#1",14346.4207367622,13974.3803359158,1.89,-0.36,0.41
66724,"1129357#1",14350.2732852822,13971.6433718283,2.01,0.12,0.48
66725,"1129357#1",14354.2069118329,13972.2491623526,3.98,1.97,1.85
66726,"1129357#1",14359.4945756637,13973.0634787611,5.35,1.37,-0.600000000000001
66727,"1129357#1",14366.7922166268,13973.6823153503,7.33,1.98,0.610000000000001
66728,"1129357#1",14375.4366722861,13974.2009542935,8.66,1.33,-0.65
66729,"1129357#1",14385.7581124152,13974.8202067962,10.34,1.68,0.35
66730,"1129357#1",14396.1993371493,13975.4466459816,10.46,0.120000000000001,-1.56
66731,"1129357#1",14404.0751749267,13975.9191703768,7.9,-2.56,-2.68
