"V1","V2","V3","V4","V5","acceleration","jerk"
38348,1134628,13409.1310454128,13918.1295770624,12.96,0.799999999999999,0
38349,1134628,13422.4435059155,13914.6885168533,13.76,0.799999999999999,0
38350,1134628,13435.5526488397,13911.3000110182,13.53,-0.23,-1.03
38351,1134628,13448.8915450799,13908.5162686265,13.64,0.110000000000001,0.340000000000002
38352,1134628,13462.0027912532,13906.4997333658,13.72,0.0800000000000001,-0.0300000000000011
38353,1134628,13480.7814140509,13903.6546988344,12.85,-0.870000000000001,-0.950000000000001
38354,1134628,13493.6015690272,13901.5609638025,12.99,0.140000000000001,1.01
38355,1134628,13506.6388474904,13899.4317690549,13.21,0.220000000000001,0.0800000000000001
38356,1134628,13520.3507280663,13898.0346983574,13.79,0.579999999999998,0.359999999999998
38357,1134628,13531.8297209983,13897.063554049,11.52,-2.27,-2.85
38358,1134628,13542.6909209079,13896.1446761878,10.9,-0.619999999999999,1.65
38359,1134628,13551.7265121703,13895.6438648058,9.05,-1.85,-1.23
38360,1134628,13560.030210803,13895.3811453972,8.31,-0.74,1.11
38361,1134628,13565.6901309844,13895.3510864646,5.66,-2.65,-1.91
38362,1134628,13572.0500412944,13895.3173099962,6.36,0.7,3.35
38363,1134628,13579.9299301689,13895.2754611644,7.88,1.52,0.819999999999999
38364,1134628,13588.5399973118,13895.2295362631,8.86,0.98,-0.54
38365,1134628,13608.0446315801,13894.6675086821,9.82,0.960000000000001,-0.0199999999999987
38366,1134628,13615.9080506665,13894.345731942,7.87,-1.95,-2.91
38367,1134628,13622.1328411251,13894.0910090588,6.23,-1.64,0.31
38368,1134628,13627.5204598013,13893.4749424302,5.44,-0.79,0.85
38369,1134628,13630.9010437132,13892.7863551699,3.45,-1.99,-1.2
38370,1134628,13633.5663156669,13892.2434689821,2.72,-0.73,1.26
38371,1134628,13634.1934384795,13892.1157310555,0.64,-2.08,-1.35
38372,1134628,13634.6343842071,13892.0259153259,0.45,-0.19,1.89
38373,1134628,13634.7617685284,13891.9999685596,0.13,-0.32,-0.13
38374,1134628,13634.84015888,13891.9840013187,0.08,-0.05,0.27
38375,1134628,13634.8695552619,13891.9780136034,0.03,-0.05,0
38376,1134628,13634.8793540558,13891.9760176983,0.01,-0.02,0.03
38377,1134628,13635.4476841047,13891.8602552024,0.58,0.57,0.59
38378,1134628,13637.0154911363,13891.540910386,1.6,1.02,0.45
38379,1134628,13638.3053235879,13891.2201209235,1.33,-0.27,-1.29
38380,1134628,13639.8069241238,13890.7972783638,1.56,0.23,0.5
38381,1134628,13641.270022082,13890.3852779209,1.53,-0.03,-0.26
38382,1134628,13641.8283094608,13890.2280672256,0.57,-0.96,-0.93
38383,1134628,13642.0978275057,13890.1521724072,0.28,-0.29,0.67
38384,1134628,13642.771622618,13889.9624353612,0.7,0.42,0.71
38385,1134628,13644.3117257318,13889.5287506845,1.6,0.9,0.48
38386,1134628,13646.4774957356,13888.918881608,2.25,0.65,-0.25
38387,1134628,13647.7480808045,13888.5610917497,1.32,-0.93,-1.58
38388,1134628,13648.7298965396,13888.2846177683,1.02,-0.3,0.63
38389,1134628,13654.2797307956,13886.5186778314,0.42,-0.6,-0.3
38390,1134628,13654.4394231334,13886.528595353,0.16,-0.26,0.34
38391,1134628,13655.4474810161,13886.5911997082,1,0.84,1.1
38392,1134628,13657.5833660347,13886.7238465598,2.14,1.14,0.3
38393,1134628,13661.8551360719,13886.989140263,4.28,2.14,1
38394,1134628,13661.9948668675,13886.9978180944,0.14,-4.14,-6.28
38395,1134628,13662.0148284098,13886.9990577846,0.02,-0.12,4.02
38396,1134628,13662.0148284098,13886.9990577846,0,-0.02,0.1
38397,1134628,13662.0148284098,13886.9990577846,0,0,0.02
38398,1134628,13662.0148284098,13886.9990577846,0,0,0
38399,1134628,13662.0148284098,13886.9990577846,0,0,0
38400,1134628,13662.0148284098,13886.9990577846,0,0,0
38401,1134628,13662.0148284098,13886.9990577846,0,0,0
38402,1134628,13662.0148284098,13886.9990577846,0,0,0
38403,1134628,13662.0148284098,13886.9990577846,0,0,0
38404,1134628,13662.0148284098,13886.9990577846,0,0,0
38405,1134628,13662.0148284098,13886.9990577846,0,0,0
38406,1134628,13662.0148284098,13886.9990577846,0,0,0
38407,1134628,13662.0148284098,13886.9990577846,0,0,0
38408,1134628,13662.0148284098,13886.9990577846,0,0,0
38409,1134628,13662.0148284098,13886.9990577846,0,0,0
38410,1134628,13662.0148284098,13886.9990577846,0,0,0
38411,1134628,13662.0148284098,13886.9990577846,0,0,0
38412,1134628,13662.0148284098,13886.9990577846,0,0,0
38413,1134628,13662.0148284098,13886.9990577846,0,0,0
38414,1134628,13662.0148284098,13886.9990577846,0,0,0
38415,1134628,13662.0148284098,13886.9990577846,0,0,0
38416,1134628,13662.0148284098,13886.9990577846,0,0,0
38417,1134628,13688.8864268523,13877.7640420109,1.59,1.59,1.59
38418,1134628,13691.9336108271,13876.0019211797,3.53,1.94,0.35
38419,1134628,13696.4524461533,13873.3887760835,5.22,1.69,-0.25
38420,1134628,13701.464717521,13870.4902875572,5.79,0.57,-1.12
38421,1134628,13717.5912280599,13864.2400284126,7.79,2,1.43
38422,1134628,13727.1036516056,13862.6286810887,9.66,1.87,-0.13
38423,1134628,13737.9875282751,13860.607263605,11.07,1.41,-0.46
38424,1134628,13750.7738092386,13858.4482876038,12.96,1.89,0.48
38425,1134628,13763.643761322,13856.6140756828,13.01,0.0499999999999989,-1.84
38426,1134628,13777.2855418151,13855.2927964055,13.7,0.69,0.640000000000001
38427,1134628,13790.5710200084,13854.2043506812,13.33,-0.369999999999999,-1.06
38428,1134628,13804.1082592429,13853.127524833,13.58,0.25,0.619999999999999
38429,1134628,13817.2177898713,13852.1163507169,13.15,-0.43,-0.68
38430,1134628,13830.9850410957,13852.3914756414,13.78,0.629999999999999,1.06
38431,1134628,13844.4432137321,13852.9979117108,13.49,-0.289999999999999,-0.919999999999998
38432,1134628,13857.4306305088,13854.9945602695,13.14,-0.35,-0.0600000000000005
38433,1134628,13870.4691057347,13856.9865881126,13.19,0.0499999999999989,0.399999999999999
38434,1134628,13883.9905162008,13858.5369296903,13.61,0.42,0.370000000000001
38435,1134628,13897.5803715773,13860.6464808104,13.77,0.16,-0.26
38436,1134628,13911.0515005668,13863.4886795859,13.78,0.00999999999999979,-0.15
38437,1134628,13924.3609039648,13865.8081366753,13.51,-0.27,-0.279999999999999
38438,1134628,13937.7303818602,13867.3119106209,13.48,-0.0299999999999994,0.24
38439,1134628,13951.5299864249,13867.4101816056,13.82,0.34,0.369999999999999
38440,1134628,13970.7997055903,13865.5900319299,13.1,-0.720000000000001,-1.06
38441,1134628,13983.983793952,13865.3840711087,13.28,0.18,0.9
38442,1134628,13997.4477363264,13868.0738955897,13.73,0.450000000000001,0.270000000000001
38443,1134628,14011.0592694108,13870.4025974023,13.8,0.0700000000000003,-0.380000000000001
38444,1134628,14020.9616320437,13872.0593455082,10.05,-3.75,-3.82
38445,1134628,14028.0073580944,13873.8461304453,7.52,-2.53,1.22
38446,1134628,14030.1128815248,13877.3408652112,4.08,-3.44,-0.909999999999998
38447,1134628,14030.8921316179,13878.6342596956,1.51,-2.57,0.869999999999999
38448,1134628,14031.2791763661,13879.2766741747,0.74,-0.77,1.8
38449,1134628,14031.3720671057,13879.4308536496,0.18,-0.56,0.21
38450,1134628,14031.4339942654,13879.5336399663,0.12,-0.06,0.5
38451,1134628,14031.4494760553,13879.5593365454,0.02,-0.1,-0.04
38452,1134628,14031.4494760553,13879.5593365454,0,-0.02,0.08
38453,1134628,14031.4494760553,13879.5593365454,0,0,0.02
38454,1134628,14031.4494760553,13879.5593365454,0,0,0
38455,1134628,14031.4494760553,13879.5593365454,0,0,0
38456,1134628,14031.4494760553,13879.5593365454,0,0,0
38457,1134628,14031.4494760553,13879.5593365454,0,0,0
38458,1134628,14031.4494760553,13879.5593365454,0,0,0
38459,1134628,14031.4494760553,13879.5593365454,0,0,0
38460,1134628,14031.4494760553,13879.5593365454,0,0,0
38461,1134628,14031.4494760553,13879.5593365454,0,0,0
38462,1134628,14031.4494760553,13879.5593365454,0,0,0
38463,1134628,14031.4494760553,13879.5593365454,0,0,0
38464,1134628,14031.4494760553,13879.5593365454,0,0,0
38465,1134628,14031.4494760553,13879.5593365454,0,0,0
38466,1134628,14031.4494760553,13879.5593365454,0,0,0
38467,1134628,14031.4494760553,13879.5593365454,0,0,0
38468,1134628,14031.4494760553,13879.5593365454,0,0,0
38469,1134628,14031.4494760553,13879.5593365454,0,0,0
38470,1134628,14031.4494760553,13879.5593365454,0,0,0
38471,1134628,14031.4494760553,13879.5593365454,0,0,0
38472,1134628,14031.4494760553,13879.5593365454,0,0,0
38473,1134628,14031.4494760553,13879.5593365454,0,0,0
38474,1134628,14031.4494760553,13879.5593365454,0,0,0
38475,1134628,14031.4494760553,13879.5593365454,0,0,0
38476,1134628,14031.4494760553,13879.5593365454,0,0,0
38477,1134628,14031.4494760553,13879.5593365454,0,0,0
38478,1134628,14031.4494760553,13879.5593365454,0,0,0
38479,1134628,14031.4494760553,13879.5593365454,0,0,0
38480,1134628,14040.7844627323,13883.9568743454,1.97,1.97,1.97
38481,1134628,14043.8406693397,13882.7120445687,3.3,1.33,-0.64
38482,1134628,14048.4805466436,13880.8221666349,5.02,1.72,0.39
38483,1134628,14054.8615355905,13878.2231129495,6.88,1.86,0.140000000000001
38484,1134628,14062.739935275,13877.217747787,8.19,1.31,-0.550000000000001
38485,1134628,14072.7120577423,13878.1961002277,10.02,1.83,0.52
38486,1134628,14084.2474663695,13879.3188877666,11.59,1.57,-0.26
38487,1134628,14097.9006083166,13880.0271147898,13.68,2.09,0.52
38488,1134628,14112.3619413622,13884.1930698947,13.18,-0.5,-2.59
38489,1134628,14125.9611123871,13885.1092835353,13.63,0.450000000000001,0.950000000000001
38490,1134628,14139.322233794,13885.7536618198,13.38,-0.25,-0.700000000000001
38491,1134628,14155.4448000644,13885.5458913646,13.4,0.0199999999999996,0.27
38492,1134628,14171.6864526169,13883.2469451914,14.92,1.52,1.5
38493,1134628,14185.3999554729,13874.2368790557,16.45,1.53,0.00999999999999979
38494,1134628,14205.909431929,13883.393077854,16.84,0.390000000000001,-1.14
38495,1134628,14210.819737576,13896.1284887379,13.66,-3.18,-3.57
38496,1134628,14230.4893918956,13921.114351407,13.86,0.199999999999999,3.38
38497,1134628,14241.6538377086,13928.4126116422,13.34,-0.52,-0.719999999999999
38498,1134628,14252.202098703,13935.9591179273,12.96,-0.379999999999999,0.140000000000001
38499,1134628,14263.6459167813,13943.7427306997,13.85,0.889999999999999,1.27
38500,1134628,14274.8587073916,13950.5143498691,13.1,-0.75,-1.64
38501,1134628,14287.1268108134,13956.9136617675,13.85,0.75,1.5
38502,1134628,14299.0402044298,13962.0365762469,12.99,-0.859999999999999,-1.61
38503,1134628,14312.0130882912,13966.4404704687,13.7,0.709999999999999,1.57
38504,1134628,14324.9394297428,13970.0071087494,13.43,-0.27,-0.979999999999999
38505,1134628,14338.4960696972,13972.9856844406,13.88,0.450000000000001,0.720000000000001
38506,1134628,14351.2633050258,13975.1283550418,12.94,-0.940000000000001,-1.39
38507,1134628,14364.9016128063,13976.8589901239,13.76,0.82,1.76
38508,1134628,14378.3573952578,13977.6666525641,13.47,-0.289999999999999,-1.11
38509,1134628,14393.5740578901,13975.2891378499,13.37,-0.100000000000001,0.189999999999998
