"V1","V2","V3","V4","V5","acceleration","jerk"
43384,1135748,14041.1187431652,14261.6913759336,13.71,0.129999999999999,0
43385,1135748,14041.8218238162,14247.8692459501,13.84,0.129999999999999,0
43386,1135748,14043.4920937242,14225.0652247919,13.39,-0.449999999999999,-0.579999999999998
43387,1135748,14044.5199548497,14202.333843475,13.66,0.27,0.719999999999999
43388,1135748,14044.2798542311,14189.4060729134,12.93,-0.73,-1
43389,1135748,14043.9664489857,14175.6106642516,13.8,0.870000000000001,1.6
43390,1135748,14043.2066233475,14162.7030089649,12.93,-0.870000000000001,-1.74
43391,1135748,14039.893614096,14146.6012012923,13.73,0.800000000000001,1.67
43392,1135748,14033.4575353168,14131.609331186,12.91,-0.82,-1.62
43393,1135748,14031.6051574957,14117.9644934659,13.77,0.859999999999999,1.68
43394,1135748,14029.0945066704,14105.0332060388,13.3,-0.469999999999999,-1.33
43395,1135748,14024.0420438021,14093.0284672812,13.23,-0.0700000000000003,0.399999999999999
43396,1135748,14023.4224480968,14079.6639359738,13.38,0.15,0.220000000000001
43397,1135748,14023.3414192819,14066.2941815134,13.37,-0.0100000000000016,-0.160000000000002
43398,1135748,14023.2599662324,14052.8544283386,13.44,0.0700000000000003,0.0800000000000018
43399,1135748,14023.3963645693,14039.0877235503,13.77,0.33,0.26
43400,1135748,14023.1556641136,14025.4328949822,13.67,-0.0999999999999996,-0.43
43401,1135748,14023.1994384944,14015.4793237568,9.96,-3.71,-3.61
43402,1135748,14023.2422205777,14009.6894818166,5.79,-4.17,-0.460000000000002
43403,1135748,14023.2698552913,14005.9495839139,3.74,-2.05,2.12
43404,1135748,14028.3215363495,13991.3144452327,5.67,1.93,3.98
43405,1135748,14029.7086982715,13985.311061137,6.22,0.55,-1.38
43406,1135748,14029.6697953762,13975.8079324942,4.7,-1.52,-2.07
43407,1135748,14029.372818477,13974.358034318,1.48,-3.22,-1.7
43408,1135748,14029.1280131953,13973.1628479836,1.22,-0.26,2.96
43409,1135748,14028.9955775511,13972.5162717699,0.66,-0.56,-0.3
43410,1135748,14028.9815313464,13972.4476955048,0.07,-0.59,-0.0300000000000001
43411,1135748,14028.9735049437,13972.4085090676,0.04,-0.03,0.56
43412,1135748,14028.9735049437,13972.4085090676,0,-0.04,-0.01
43413,1135748,14028.9735049437,13972.4085090676,0,0,0.04
43414,1135748,14028.9735049437,13972.4085090676,0,0,0
43415,1135748,14028.9514323363,13972.3007463653,0.11,0.11,0.11
43416,1135748,14028.9233399269,13972.1635938351,0.15,0.04,-0.07
43417,1135748,14028.78287788,13971.4778311842,0.7,0.55,0.51
43418,1135748,14028.5220197929,13970.2042719754,1.3,0.6,0.0500000000000002
43419,1135748,14028.3474455346,13969.3519669664,0.87,-0.43,-1.03
43420,1135748,14028.0304026288,13967.8041026972,1.58,0.71,1.14
43421,1135748,14027.5026666526,13965.2275944517,2.62,1.04,0.33
43422,1135748,14026.6792184745,13960.890124117,4.43,1.81,0.77
43423,1135748,14026.5087690099,13955.0426078083,5.84,1.41,-0.399999999999999
43424,1135748,14026.293449088,13947.6557453261,7.39,1.55,0.14
43425,1135748,14026.1538467954,13938.571477167,9.09,1.7,0.15
43426,1135748,14026.820609394,13927.2911656626,11.31,2.22,0.52
43427,1135748,14028.125181079,13914.8315646435,12.55,1.24,-0.98
43428,1135748,14030.6389177126,13901.2319312611,13.83,1.28,0.0399999999999991
43429,1135748,14048.849182952,13884.2367319258,12.63,-1.2,-2.48
43430,1135748,14060.8881127147,13880.3488531258,12.85,0.219999999999999,1.42
43431,1135748,14074.6415082074,13881.7040329748,13.82,0.970000000000001,0.750000000000002
43432,1135748,14087.8850136932,13882.9226265019,13.3,-0.52,-1.49
43433,1135748,14101.1174323783,13883.4354963268,13.25,-0.0500000000000007,0.469999999999999
43434,1135748,14114.9460831784,13884.3671706525,13.86,0.609999999999999,0.66
43435,1135748,14128.2060232313,13885.2605293675,13.28,-0.58,-1.19
43436,1135748,14138.86234463,13885.743564453,10.67,-2.61,-2.03
43437,1135748,14148.9788437643,13885.7746032481,7.39,-3.28,-0.670000000000001
43438,1135748,14152.7464875435,13885.6413352727,3.78,-3.61,-0.33
43439,1135748,14154.5553563075,13885.5773525047,1.81,-1.97,1.64
43440,1135748,14155.4148188141,13885.5469518525,0.86,-0.95,1.02
43441,1135748,14156.3942063217,13885.5123092488,0.98,0.12,1.07
43442,1135748,14158.8426750907,13885.4257027396,2.45,1.47,1.35
43443,1135748,14165.0934082617,13885.0303874055,4.68,2.23,0.759999999999999
43444,1135748,14171.4644320895,13883.3070025427,6.6,1.92,-0.31
43445,1135748,14177.4261862805,13880.1045024985,6.78,0.180000000000001,-1.74
43446,1135748,14180.704291393,13877.6922573054,4.07,-2.71,-2.89
43447,1135748,14182.4359685408,13876.4179754466,2.14,-1.93,0.78
43448,1135748,14183.2816713339,13875.7956517481,1.05,-1.09,0.84
43449,1135748,14183.7004955743,13875.487453345,0.53,-0.52,0.57
43450,1135748,14183.9501792561,13875.3037196817,0.3,-0.23,0.29
43451,1135748,14185.3355209744,13874.2842941946,1.72,1.42,1.65
43452,1135748,14187.8887379784,13872.4054693145,3.17,1.45,0.03
43453,1135748,14195.0597035978,13865.5421458403,1.6,-1.57,-3.02
43454,1135748,14195.6414328732,13864.9223950435,0.85,-0.75,0.82
43455,1135748,14195.7,13864.86,0.11,-0.74,0.0100000000000001
43456,1135748,14195.7,13864.86,0.06,-0.05,0.69
43457,1135748,14195.7,13864.86,0.02,-0.04,0.01
43458,1135748,14195.7,13864.86,0,-0.02,0.02
43459,1135748,14195.7,13864.86,0,0,0.02
43460,1135748,14195.7,13864.86,0,0,0
43461,1135748,14195.7,13864.86,0,0,0
43462,1135748,14199.8295489596,13865.5076366879,1.54,1.54,1.54
43463,1135748,14204.2379447519,13877.6826811413,3.63,2.09,0.55
43464,1135748,14205.6762664908,13882.5965015058,5.13,1.5,-0.59
43465,1135748,14208.1556010991,13889.2461361726,7.09,1.96,0.46
43466,1135748,14210.0580400196,13894.1607700506,5.27,-1.82,-3.78
43467,1135748,14212.238444399,13899.7934813641,6.04,0.77,2.59
43468,1135748,14228.1786207355,13919.6234333524,7.18,1.14,0.369999999999999
43469,1135748,14235.6991305111,13924.4756939303,8.95,1.77,0.63
43470,1135748,14244.1888876902,13930.2313808938,10.26,1.31,-0.459999999999999
43471,1135748,14253.5829640347,13936.8983255379,11.52,1.26,-0.0500000000000007
43472,1135748,14263.8691704577,13943.8945786367,12.44,0.92,-0.34
43473,1135748,14274.7300681063,13950.4372010888,12.68,0.24,-0.68
43474,1135748,14286.1357272546,13956.436426627,12.9,0.220000000000001,-0.0199999999999996
43475,1135748,14297.8565471431,13961.6347610807,12.84,-0.0600000000000005,-0.280000000000001
43476,1135748,14310.1287058909,13965.8007807241,12.96,0.120000000000001,0.180000000000001
43477,1135748,14322.5660410477,13969.4856434086,12.99,0.0299999999999994,-0.0900000000000016
43478,1135748,14335.7026986403,13972.37194334,13.45,0.459999999999999,0.43
43479,1135748,14348.8222553093,13974.7512923395,13.34,-0.109999999999999,-0.569999999999999
43480,1135748,14362.4659963982,13976.7127960323,13.79,0.449999999999999,0.559999999999999
43481,1135748,14375.3727669544,13977.4875048864,12.93,-0.859999999999999,-1.31
43482,1135748,14388.4492320965,13978.2723993943,13.11,0.18,1.04
43483,1135748,14401.5157152041,13979.0566947461,13.09,-0.0199999999999996,-0.199999999999999
