"V1","V2","V3","V4","V5","acceleration","jerk"
53100,1136346,13901.57,13592.13,0,2.59,0
53101,1136346,13901.1169593974,13594.6800694525,2.59,2.59,0
53102,1136346,13900.2399627227,13599.6329694128,5.03,2.44,-0.149999999999999
53103,1136346,13906.4715946673,13612.6333800609,6.8,1.77,-0.670000000000001
53104,1136346,13914.5009558363,13616.597541179,8.98,2.18,0.410000000000001
53105,1136346,13924.2724297833,13622.0630861753,11.2,2.22,0.0399999999999983
53106,1136346,13936.0593739362,13628.1590559536,13.27,2.07,-0.149999999999999
53107,1136346,13949.2354832913,13635.8933796833,15.3,2.03,-0.0399999999999991
53108,1136346,13963.06148719,13645.0984715457,16.6,1.3,-0.73
53109,1136346,13977.1393027057,13658.4295942031,18.53,1.93,0.629999999999999
53110,1136346,13994.4887050704,13668.0976221042,19.89,1.36,-0.57
53111,1136346,14014.6862782784,13675.325254618,21.51,1.62,0.260000000000002
53112,1136346,14037.1872023812,13679.5448485731,22.91,1.4,-0.220000000000002
53113,1136346,14061.2443793804,13683.1106072339,24.33,1.42,0.0199999999999996
53114,1136346,14086.2808575815,13686.8215180771,25.31,0.98,-0.439999999999998
53115,1136346,14120.3078313383,13696.7550281509,26.75,1.44,0.460000000000001
53116,1136346,14135.9349956151,13725.0265259814,27.49,0.739999999999998,-0.700000000000003
53117,1136346,14142.3684261809,13751.729206565,27.46,-0.0299999999999976,-0.769999999999996
53118,1136346,14151.5813777883,13786.8104057467,27.58,0.119999999999997,0.149999999999995
53119,1136346,14168.2209265484,13819.4800246024,24.66,-2.92,-3.04
53120,1136346,14185.2225027226,13840.3930700389,21.61,-3.05,-0.130000000000003
53121,1136346,14202.7106413749,13863.8580275758,19.29,-2.32,0.73
53122,1136346,14211.2620038842,13888.1581702649,16.08,-3.21,-0.890000000000001
53123,1136346,14216.27022677,13900.7726525167,13.58,-2.5,0.710000000000003
53124,1136346,14237.3095577444,13921.5866657443,13.82,0.24,2.74
53125,1136346,14248.3504491517,13929.1556282015,13.39,-0.43,-0.67
53126,1136346,14259.3557390663,13936.8338286783,13.42,0.0299999999999994,0.459999999999999
53127,1136346,14270.218846197,13943.892227798,12.96,-0.459999999999999,-0.489999999999998
53128,1136346,14282.1355307894,13950.8597850388,13.81,0.85,1.31
53129,1136346,14293.9444077992,13956.5308011531,13.1,-0.710000000000001,-1.56
53130,1136346,14306.0977022674,13960.9607090327,12.95,-0.15,0.56
53131,1136346,14319.0635862628,13965.3541077419,13.69,0.74,0.890000000000001
53132,1136346,14331.985458784,13968.1904753228,13.24,-0.449999999999999,-1.19
53133,1136346,14344.619932551,13970.7727382103,12.9,-0.34,0.109999999999999
53134,1136346,14357.7451990318,13972.7940694072,13.28,0.379999999999999,0.719999999999999
53135,1136346,14371.1543726581,13973.9440303829,13.47,0.190000000000001,-0.189999999999998
53136,1136346,14384.8098176258,13974.7633122239,13.68,0.209999999999999,0.0199999999999978
53137,1136346,14398.4253343918,13975.580198504,13.63,-0.0499999999999989,-0.259999999999998
