"V1","V2","V3","V4","V5","acceleration","jerk"
22322,1138059,14344.1126727142,13279.2451748209,11.01,-1.6,0
22323,1138059,14344.4593786553,13288.6481757537,9.41,-1.6,0
22324,1138059,14344.4516924141,13298.3981727241,9.75,0.34,1.94
22325,1138059,14344.4435568234,13308.7181695173,10.31,0.56,0.220000000000001
22326,1138059,14344.654335197,13321.1770770916,12.16,1.85,1.29
22327,1138059,14344.4814686289,13333.1150560045,11.95,-0.210000000000001,-2.06
22328,1138059,14343.7000851944,13346.6525240074,13.56,1.61,1.82
22329,1138059,14343.4024078533,13361.3884413077,14.74,1.18,-0.430000000000001
22330,1138059,14342.9316715068,13378.0515735589,16.67,1.93,0.750000000000002
22331,1138059,14342.3833246421,13396.0532239198,18,1.33,-0.600000000000003
22332,1138059,14341.080451092,13414.8382567112,19.06,1.06,-0.27
22333,1138059,14343.0638722605,13448.0994053629,20.74,1.68,0.620000000000001
22334,1138059,14344.5720607271,13470.5950905442,22.56,1.82,0.140000000000001
22335,1138059,14348.0599915146,13494.1081036474,23.78,1.22,-0.599999999999998
22336,1138059,14353.7443923314,13518.2888648996,24.85,1.07,-0.150000000000002
22337,1138059,14361.1901005599,13543.5962912598,26.37,1.52,0.449999999999999
22338,1138059,14368.4305695706,13569.8047625489,27.21,0.84,-0.68
22339,1138059,14374.4722484372,13596.1200439753,27,-0.210000000000001,-1.05
22340,1138059,14380.4091565702,13623.2275267396,27.74,0.739999999999998,0.949999999999999
22341,1138059,14383.6349226204,13650.6457566472,27.62,-0.119999999999997,-0.859999999999996
22342,1138059,14386.5411274105,13677.4989514984,27.02,-0.600000000000001,-0.480000000000004
22343,1138059,14389.8107623738,13711.899859119,27.29,0.27,0.870000000000001
22344,1138059,14390.1863849264,13739.577310369,27.68,0.390000000000001,0.120000000000001
22345,1138059,14390.5568508111,13766.8747966091,27.3,-0.379999999999999,-0.77
22346,1138059,14390.9332875745,13794.6122423344,27.74,0.439999999999998,0.819999999999997
22347,1138059,14391.3080959165,13822.2296991091,27.62,-0.119999999999997,-0.559999999999995
22348,1138059,14390.6734137714,13855.2592996257,27.36,-0.260000000000002,-0.140000000000004
22349,1138059,14390.366242993,13883.0176001161,27.76,0.400000000000002,0.660000000000004
22350,1138059,14390.0769978868,13909.1559997853,26.14,-1.62,-2.02
22351,1138059,14389.8111004155,13933.184528632,24.03,-2.11,-0.489999999999998
22352,1138059,14389.5911236476,13953.063311548,19.88,-4.15,-2.04
22353,1138059,14389.3794715007,13972.0396556562,18.97,-0.91,3.24
22354,1138059,14389.1632982889,13991.038425857,19.01,0.0400000000000027,0.950000000000003
22355,1138059,14388.950765889,14009.7172167702,18.67,-0.34,-0.380000000000003
22356,1138059,14388.7350477787,14028.6759895601,18.96,0.289999999999999,0.629999999999999
22357,1138059,14388.5154613057,14047.974740343,19.29,0.329999999999998,0.0399999999999991
22358,1138059,14387.773192236,14066.8576339855,18.92,-0.369999999999997,-0.699999999999996
22359,1138059,14386.154800167,14085.4673950563,18.68,-0.240000000000002,0.129999999999995
22360,1138059,14384.5511365054,14103.9077953464,18.5,-0.18,0.0600000000000023
22361,1138059,14382.8824945755,14123.0953755511,19.26,0.760000000000002,0.940000000000001
22362,1138059,14381.2025897457,14142.4124669409,19.4,0.139999999999997,-0.620000000000005
22363,1138059,14379.5192194084,14161.7694079262,19.43,0.0300000000000011,-0.109999999999996
22364,1138059,14377.8452815084,14180.3139787986,18.62,-0.809999999999999,-0.84
22365,1138059,14376.1031521259,14199.3845709555,19.15,0.529999999999998,1.34
22366,1138059,14374.3592032871,14218.47508018,19.17,0.0200000000000031,-0.509999999999994
22367,1138059,14372.6833867431,14237.3005863553,18.9,-0.270000000000003,-0.290000000000006
22368,1138059,14371.0219058355,14256.4787505321,19.25,0.350000000000001,0.620000000000005
