"V1","V2","V3","V4","V5","acceleration","jerk"
52570,1138727,14400.323712291,13323.600033848,13.42,-0.449999999999999,0
52571,1138727,14387.5408019356,13321.4648985252,12.97,-0.449999999999999,0
52572,1138727,14373.8603261155,13319.179842435,13.86,0.889999999999999,1.34
52573,1138727,14362.6358261275,13317.3050091037,11.38,-2.48,-3.37
52574,1138727,14352.2299847503,13315.566916692,10.55,-0.83,1.65
52575,1138727,14341.3112488218,13313.7431552704,11.07,0.52,1.35
52576,1138727,14330.3826598793,13308.5759399736,12.28,1.21,0.69
52577,1138727,14316.8698230086,13306.3191192657,13.7,1.42,0.210000000000001
52578,1138727,14303.238625523,13304.0425307852,13.81,0.110000000000001,-1.31
52579,1138727,14290.4260889574,13301.9026693987,12.99,-0.82,-0.930000000000001
52580,1138727,14277.1302465474,13299.6820896073,13.49,0.5,1.32
52581,1138727,14263.5089124465,13297.4071484412,13.8,0.31,-0.19
52582,1138727,14250.4596546509,13295.2277515095,13.23,-0.57,-0.880000000000001
52583,1138727,14234.433051254,13292.526085897,12.97,-0.26,0.31
52584,1138727,14221.5532665978,13290.1895826956,13.09,0.119999999999999,0.379999999999999
52585,1138727,14208.3487814881,13287.7941760521,13.42,0.33,0.210000000000001
52586,1138727,14195.0262234862,13285.3773499752,13.54,0.119999999999999,-0.210000000000001
52587,1138727,14181.9496506764,13283.005147718,13.3,-0.239999999999998,-0.359999999999998
52588,1138727,14168.9025960896,13280.6383003191,13.26,-0.0400000000000009,0.199999999999998
52589,1138727,14155.6292351261,13278.2303990061,13.49,0.23,0.270000000000001
52590,1138727,14142.1886042321,13275.7921534957,13.66,0.17,-0.0600000000000005
52623,1138727,13724.072646985,13283.1755871342,13.84,0.00545454545454545,-0.0049862258953168
52624,1138727,13713.4828003351,13291.0052772899,13.17,-0.67,-0.675454545454545
52625,1138727,13697.6840160058,13301.4222326705,12.85,-0.32,0.35
52626,1138727,13686.3711610692,13308.5479756621,13.38,0.530000000000001,0.850000000000001
52627,1138727,13674.9398469185,13315.7483337635,13.51,0.129999999999999,-0.400000000000002
52628,1138727,13663.4239190436,13323.001988372,13.61,0.0999999999999996,-0.0299999999999994
52629,1138727,13652.4992648663,13330.0431268058,13,-0.609999999999999,-0.709999999999999
52630,1138727,13641.1767377051,13338.0368730293,13.86,0.859999999999999,1.47
52631,1138727,13630.3852092926,13345.6557321644,13.21,-0.649999999999999,-1.51
52632,1138727,13619.087189766,13353.6321759069,13.83,0.619999999999999,1.27
52633,1138727,13608.0342465849,13361.4355948394,13.53,-0.300000000000001,-0.92
52634,1138727,13586.8462382806,13378.2686964537,12.88,-0.649999999999999,-0.349999999999998
52635,1138727,13575.2900602875,13385.6328476985,13.21,0.33,0.979999999999999
52636,1138727,13556.6736034813,13393.7528222658,13.51,0.299999999999999,-0.0300000000000011
52637,1138727,13542.8796932289,13395.10472461,13.87,0.359999999999999,0.0600000000000005
52638,1138727,13529.762540478,13396.3902998551,13.17,-0.699999999999999,-1.06
52639,1138727,13516.4065321384,13397.6992846646,13.43,0.26,0.959999999999999
52640,1138727,13503.0604761149,13399.0072940756,13.41,-0.0199999999999996,-0.279999999999999
52641,1138727,13486.6994604976,13395.3551294913,13.24,-0.17,-0.15
52642,1138727,13473.4685834355,13392.8821773756,13.46,0.220000000000001,0.390000000000001
52643,1138727,13459.9329833504,13390.3522701964,13.77,0.309999999999999,0.0899999999999981
52644,1138727,13448.1137038292,13396.693491008,13.02,-0.75,-1.06
52645,1138727,13446.2363783152,13410.3944916085,13.83,0.81,1.56
52646,1138727,13458.9178780881,13417.456116857,12.9,-0.93,-1.74
52647,1138727,13472.1087650582,13418.9029758486,13.27,0.369999999999999,1.3
52648,1138727,13485.5481615794,13420.3770929222,13.53,0.26,-0.109999999999999
52649,1138727,13499.2161868875,13421.8762874313,13.75,0.220000000000001,-0.0399999999999991
52650,1138727,13512.3474315654,13423.3166044832,13.21,-0.539999999999999,-0.76
52651,1138727,13525.8464703788,13424.7972634965,13.58,0.369999999999999,0.909999999999998
