"V1","V2","V3","V4","V5","acceleration","jerk"
35518,1139100,13901.57,13592.13,0,1.81,0
35519,1139100,13901.2533963356,13593.9120948683,1.81,1.81,0
35520,1139100,13900.5257326651,13598.0079593171,4.16,2.35,0.54
35521,1139100,13899.9524300416,13601.7232863642,3.76,-0.4,-2.75
35522,1139100,13899.754836493,13603.1597600986,1.45,-2.31,-1.91
35523,1139100,13899.648544791,13603.9324839005,0.78,-0.67,1.64
35524,1139100,13876.2377316794,13611.5203327853,2.54,1.76,2.43
35525,1139100,13871.9755830762,13610.1081751156,4.49,1.95,0.19
35526,1139100,13866.3465093085,13608.243120554,5.93,1.44,-0.510000000000001
35527,1139100,13859.2396210193,13605.6959623316,7.55,1.62,0.180000000000001
35528,1139100,13850.3873302014,13602.4751942127,9.43,1.88,0.26
35529,1139100,13840.7013733821,13597.8315074027,10.77,1.34,-0.54
35530,1139100,13824.9625351192,13588.2571805629,12.8,2.03,0.690000000000001
35531,1139100,13815.1150371475,13577.1516070311,14.44,1.64,-0.390000000000002
35532,1139100,13803.2205471597,13567.0271066519,15.63,1.19,-0.449999999999998
35533,1139100,13790.1914355277,13555.9368248664,17.11,1.48,0.289999999999997
35534,1139100,13776.3224630218,13544.2445910263,18.14,1.03,-0.449999999999998
35535,1139100,13765.3723865764,13535.0475357453,14.31,-3.83,-4.86
35536,1139100,13757.0411396027,13528.0500559231,10.87,-3.44,0.389999999999999
35537,1139100,13751.1924896094,13522.8933862773,7.82,-3.05,0.390000000000002
35538,1139100,13748.9902523014,13519.7232520784,3.86,-3.96,-0.910000000000001
35539,1139100,13741.188316503,13483.0335858243,5.65,1.79,5.75
35540,1139100,13743.9317057427,13476.2471128464,7.33,1.68,-0.110000000000001
35541,1139100,13747.3122208988,13467.8845464174,9.02,1.69,0.00999999999999979
35542,1139100,13751.1207190455,13457.7362028669,10.84,1.82,0.130000000000001
35543,1139100,13755.607317753,13445.6308927909,12.91,2.07,0.25
35544,1139100,13760.0869658815,13433.5443360999,12.89,-0.0199999999999996,-2.09
35545,1139100,13764.6083174837,13421.3452590983,13.01,0.119999999999999,0.139999999999999
35546,1139100,13769.4086314718,13408.4497939033,13.76,0.75,0.630000000000001
35547,1139100,13774.1030825094,13396.0592882858,13.25,-0.51,-1.26
35548,1139100,13778.8294203842,13383.5846207435,13.34,0.0899999999999999,0.6
35549,1139100,13783.6974775357,13370.7359002013,13.74,0.4,0.31
35550,1139100,13788.3671276999,13358.4108538588,13.18,-0.56,-0.960000000000001
35551,1139100,13795.3679015493,13339.8029191753,13.62,0.44,1
35552,1139100,13799.2646640722,13328.4921180878,11.97,-1.65,-2.09
35553,1139100,13801.6675899644,13320.2971472424,8.55,-3.42,-1.77
35554,1139100,13803.2263966907,13314.980971776,5.54,-3.01,0.409999999999999
35555,1139100,13804.1464865816,13311.8430848129,3.27,-2.27,0.740000000000001
35556,1139100,13807.7869158942,13299.0750451859,4.64,1.37,3.64
35557,1139100,13809.4341931661,13293.0149397752,6.28,1.64,0.270000000000001
35558,1139100,13811.4434517493,13285.6231551499,7.65,1.37,-0.27
35559,1139100,13814.4130121381,13276.6236220756,9.48,1.83,0.46
