"V1","V2","V3","V4","V5","acceleration","jerk"
23365,1140406,13405.451604015,13751.2474405697,13.87,-0.719999999999999,0
23366,1140406,13418.4110846676,13753.4777681725,13.15,-0.719999999999999,0
23367,1140406,13441.666631251,13756.414160335,13.8,0.65,1.37
23368,1140406,13455.4223365682,13756.7579207524,13.76,-0.0400000000000009,-0.690000000000001
23369,1140406,13468.3782901194,13757.0817533466,12.96,-0.799999999999999,-0.759999999999998
23370,1140406,13481.3442271115,13757.4063729934,12.96,0,0.799999999999999
23371,1140406,13494.8599918096,13757.7447583154,13.52,0.559999999999999,0.559999999999999
23372,1140406,13508.2857847013,13758.0808910723,13.43,-0.0899999999999999,-0.649999999999999
23373,1140406,13521.8515337363,13758.4205278193,13.58,0.15,0.24
23374,1140406,13535.6525889949,13758.8981622576,13.81,0.23,0.0800000000000001
23375,1140406,13549.0005358201,13758.7149154272,13.36,-0.450000000000001,-0.680000000000001
23376,1140406,13562.7697274019,13758.1730917551,13.78,0.42,0.870000000000001
23377,1140406,13575.6728557007,13757.7533117375,12.92,-0.859999999999999,-1.28
23378,1140406,13586.0467397081,13757.3970419613,10.37,-2.55,-1.69
23379,1140406,13595.0214208637,13757.0880142027,8.98,-1.39,1.16
23380,1140406,13600.7080506828,13756.8922048545,5.69,-3.29,-1.9
23381,1140406,13603.9561257113,13756.7803629597,3.25,-2.44,0.85
23382,1140406,13610.838643625,13751.4546821249,4.82,1.57,4.01
23383,1140406,13612.2030012754,13744.3647647628,7.22,2.4,0.829999999999999
23384,1140406,13613.945297333,13735.3108813723,9.21,1.99,-0.409999999999998
23385,1140406,13615.9219152032,13725.0393390444,10.46,1.25,-0.740000000000001
23386,1140406,13618.2065528753,13713.1671644033,12.09,1.63,0.379999999999999
23387,1140406,13620.7425195883,13699.9889523535,13.42,1.33,-0.299999999999999
23388,1140406,13622.8759818975,13688.9023641238,11.29,-2.13,-3.46
23389,1140406,13624.4028530629,13680.9679413695,8.07,-3.22,-1.09
23390,1140406,13625.1077081925,13677.3051447267,3.74,-4.33,-1.11
23391,1140406,13635.4107747545,13668.836116981,5.74,2,6.33
23392,1140406,13642.8946909649,13670.372540801,7.64,1.9,-0.100000000000001
23393,1140406,13652.5336615815,13672.3513903284,9.83,2.19,0.290000000000001
23394,1140406,13663.7595358972,13674.6560260585,11.47,1.64,-0.55
23395,1140406,13673.1927967751,13676.5926440412,9.63,-1.84,-3.48
23396,1140406,13679.9910138563,13677.9882960452,6.94,-2.69,-0.850000000000001
23397,1140406,13683.9778645077,13678.8067836038,4.07,-2.87,-0.18
23398,1140406,13694.940507925,13700.5479357846,6.28,2.21,5.08
23399,1140406,13698.9212456626,13702.8744955892,7.53,1.25,-0.96
23400,1140406,13701.2894660127,13712.3737393682,9.79,2.26,1.01
23401,1140406,13700.8427835951,13723.2527634874,10.96,1.17,-1.09
23402,1140406,13699.7359126069,13735.9747026719,12.78,1.82,0.649999999999997
23403,1140406,13698.5675006318,13749.4039697203,13.48,0.700000000000001,-1.12
23404,1140406,13707.4760623647,13762.6569468785,13.52,0.0399999999999991,-0.660000000000002
23405,1140406,13720.7387889296,13763.9944759679,13.33,-0.19,-0.229999999999999
23406,1140406,13734.2117486837,13765.687525878,13.58,0.25,0.44
23407,1140406,13753.2862961671,13768.1024387534,13.01,-0.57,-0.82
23408,1140406,13766.3993821131,13769.6147141824,13.2,0.19,0.76
23409,1140406,13780.0529894041,13770.5152859927,13.72,0.520000000000001,0.330000000000002
23410,1140406,13793.7400256863,13769.9194355015,13.7,-0.0200000000000014,-0.540000000000003
23411,1140406,13807.5669294926,13769.3174960272,13.84,0.140000000000001,0.160000000000002
23412,1140406,13821.1670417407,13768.1807916798,13.65,-0.19,-0.33
23413,1140406,13834.7925851292,13766.4109986502,13.75,0.0999999999999996,0.289999999999999
23414,1140406,13847.7437930371,13764.7287936307,13.05,-0.699999999999999,-0.799999999999999
23415,1140406,13861.2080918477,13763.3135831541,13.54,0.489999999999998,1.19
23416,1140406,13874.815834024,13762.0104128416,13.67,0.130000000000001,-0.359999999999998
23417,1140406,13888.3140771777,13760.7177289032,13.57,-0.0999999999999996,-0.23
23418,1140406,13910.6901574379,13760.4103068454,12.93,-0.640000000000001,-0.540000000000001
23419,1140406,13923.5259182872,13761.0150740893,12.85,-0.0800000000000001,0.56
23420,1140406,13936.7926089422,13760.4703564805,13.33,0.48,0.56
23421,1140406,13949.8301571516,13758.755626893,13.15,-0.18,-0.66
23422,1140406,13967.1677955275,13751.7569042715,12.87,-0.280000000000001,-0.100000000000001
23423,1140406,13979.3474042493,13747.5368057677,12.89,0.0200000000000014,0.300000000000002
23424,1140406,13991.9238660095,13743.1792021148,13.31,0.42,0.399999999999999
23425,1140406,14005.1027787433,13738.9367804021,13.88,0.57,0.15
23426,1140406,14018.1272040814,13737.8462554777,13.07,-0.81,-1.38
23427,1140406,14030.9629073304,13737.9584357501,12.85,-0.220000000000001,0.59
23428,1140406,14043.3397881872,13741.6177612669,13.1,0.25,0.470000000000001
23429,1140406,14055.6288019709,13747.0334402596,13.42,0.32,0.0700000000000003
23430,1140406,14067.8971697917,13752.5461211873,13.45,0.0299999999999994,-0.290000000000001
23431,1140406,14079.6273712919,13757.8169819108,12.86,-0.59,-0.619999999999999
23432,1140406,14091.4031801073,13763.1083358719,12.92,0.0600000000000005,0.65
23433,1140406,14104.4422651479,13765.6569562027,13.54,0.619999999999999,0.559999999999999
23434,1140406,14116.5172945976,13766.0034416433,12.08,-1.46,-2.08
23435,1140406,14125.0439276667,13766.2430840958,8.53,-3.55,-2.09
23436,1140406,14130.0298611298,13765.4686524851,5.05,-3.48,0.0700000000000012
23437,1140406,14132.8813769495,13764.9985912874,2.89,-2.16,1.32
23438,1140406,14147.1230971336,13770.6542510803,4.89,2,4.16
23439,1140406,14148.8947050787,13777.074298221,6.67,1.78,-0.219999999999999
23440,1140406,14151.2196079977,13785.4994051293,8.74,2.07,0.29
23441,1140406,14153.988742939,13795.5343436781,10.41,1.67,-0.4
23442,1140406,14165.5341352238,13817.8357459222,12.45,2.04,0.369999999999999
23443,1140406,14177.1427796451,13824.9400738073,13.61,1.16,-0.879999999999999
23444,1140406,14187.2252450368,13843.3363035028,14.71,1.1,-0.0599999999999987
23445,1140406,14202.9418399933,13864.4008417234,16.32,1.61,0.509999999999998
23446,1140406,14211.2005991059,13887.9996475435,15.31,-1.01,-2.62
23447,1140406,14216.1082483378,13900.4851407995,13.42,-1.89,-0.880000000000001
23448,1140406,14236.9567456077,13921.3587982473,13.73,0.31,2.2
23449,1140406,14247.7569860438,13928.7305381645,13.08,-0.65,-0.960000000000001
23450,1140406,14258.9590027449,13936.5636430176,13.68,0.6,1.25
23451,1140406,14270.3732786865,13943.9846972859,13.62,-0.0600000000000005,-0.66
23452,1140406,14281.7659399822,13950.6822952215,13.22,-0.399999999999999,-0.339999999999998
23453,1140406,14293.8001772403,13956.4615368341,13.35,0.129999999999999,0.529999999999998
23454,1140406,14305.8988099636,13960.8933157728,12.9,-0.449999999999999,-0.579999999999998
23455,1140406,14318.09753793,13965.0267690507,12.88,-0.0199999999999996,0.43
23456,1140406,14331.0867185276,13967.993838725,13.33,0.449999999999999,0.469999999999999
23457,1140406,14343.8589042987,13970.655537531,13.04,-0.290000000000001,-0.74
23458,1140406,14357.2213743906,13972.7133988098,13.52,0.48,0.770000000000001
23459,1140406,14370.4256829778,13973.9003113957,13.27,-0.25,-0.73
23460,1140406,14383.7617023322,13974.7004287492,13.36,0.0899999999999999,0.34
23461,1140406,14396.8980806783,13975.488568298,13.16,-0.199999999999999,-0.289999999999999
