"V1","V2","V3","V4","V5","acceleration","jerk"
57701,1140130,14352.7738027629,14263.5219865768,18.97,-0.00999999999999801,0
57702,1140130,14350.8010559847,14244.6686839059,18.96,-0.00999999999999801,0
57703,1140130,14352.1825961373,14226.2115536899,18.51,-0.449999999999999,-0.440000000000001
57704,1140130,14354.2208957202,14207.2709139222,19.05,0.539999999999999,0.989999999999998
57705,1140130,14356.2249561499,14188.6484371322,18.73,-0.32,-0.859999999999999
57706,1140130,14358.239716315,14169.9265344117,18.84,0.109999999999999,0.43
57707,1140130,14360.1846880869,14151.1269830537,18.9,0.0599999999999987,-0.0500000000000007
57708,1140130,14362.0820561471,14132.2923103874,18.93,0.0300000000000011,-0.0299999999999976
57709,1140130,14364.0104957392,14113.1491988133,19.24,0.309999999999999,0.279999999999998
57710,1140130,14365.9008476471,14094.3841736424,18.86,-0.379999999999999,-0.689999999999998
57711,1140130,14367.8242757018,14075.2908102792,19.19,0.330000000000002,0.710000000000001
57712,1140130,14369.6213989892,14056.9796714263,18.4,-0.790000000000003,-1.12
57713,1140130,14370.6249213218,14040.389995633,16.62,-1.78,-0.989999999999995
57714,1140130,14371.6888240595,14022.8021444008,17.62,1,2.78
57715,1140130,14372.758579351,14001.1003630106,18.48,0.859999999999999,-0.140000000000001
57716,1140130,14372.3110661365,13981.7355332432,19.37,0.890000000000001,0.0300000000000011
57717,1140130,14371.9141494084,13964.5601189218,17.17,-2.2,-3.09
57718,1140130,14371.5468050558,13948.6643629434,15.9,-1.27,0.929999999999998
57719,1140130,14371.2582433599,13936.1776967691,12.49,-3.41,-2.14
57720,1140130,14370.9428816987,13922.5313402215,13.65,1.16,4.57
57721,1140130,14370.6859716861,13911.4143083674,11.12,-2.53,-3.69
57722,1140130,14370.4634857669,13901.7868788031,9.63,-1.49,1.04
57723,1140130,14370.2899790947,13894.2788833693,7.51,-2.12,-0.630000000000003
57724,1140130,14370.1883240537,13889.8800578155,4.4,-3.11,-0.989999999999998
57725,1140130,14370.0808931581,13885.2312989916,4.66,0.26,3.37
57726,1140130,14370.0240587489,13882.7719556138,2.45,-2.21,-2.47
57727,1140130,14373.6249186622,13868.170029505,3.19,0.74,2.95
57728,1140130,14373.6708661653,13864.340305125,3.82,0.63,-0.11
57729,1140130,14373.7138144841,13860.7605627541,3.58,-0.24,-0.87
57730,1140130,14373.781716016,13855.1009700672,5.67,2.09,2.33
57731,1140130,14373.71,13848.08,6.96,1.29,-0.8
57732,1140130,14372.9221223094,13822.8945071779,8.63,1.67,0.380000000000001
57733,1140130,14372.6132356211,13813.0793663733,9.82,1.19,-0.480000000000001
57734,1140130,14371.9104455951,13789.1326258732,11.19,1.37,0.18
57735,1140130,14371.61220557,13776.6661928273,12.48,1.29,-0.0799999999999983
57736,1140130,14371.4480192731,13762.2221969127,14.44,1.96,0.669999999999998
57737,1140130,14372.0193175665,13749.4049226993,12.83,-1.61,-3.57
57738,1140130,14372.5968498242,13736.4477873488,12.97,0.140000000000001,1.75
57739,1140130,14373.2157934157,13722.5615744443,13.9,0.93,0.789999999999999
57740,1140130,14367.1170120431,13709.9582492253,13.04,-0.860000000000001,-1.79
57741,1140130,14347.7943177088,13711.2606510297,13.12,0.0800000000000001,0.940000000000001
57742,1140130,14327.4900009722,13712.0364806635,13.68,0.56,0.48
57743,1140130,14314.307614804,13711.8811068299,13.19,-0.49,-1.05
57744,1140130,14301.4450284229,13710.5624819446,12.93,-0.26,0.23
57745,1140130,14275.2288560084,13708.3212131218,13.7,0.77,1.03
57746,1140130,14261.4348980077,13707.0765353829,13.85,0.15,-0.619999999999999
57747,1140130,14247.6409400069,13705.8318576439,13.86,0.00999999999999979,-0.140000000000001
57748,1140130,14234.6343817225,13701.3480653235,13.36,-0.5,-0.51
57749,1140130,14221.4876152907,13700.1637797214,13.2,-0.16,0.34
57750,1140130,14208.0109359614,13699.0934685611,13.52,0.32,0.48
57751,1140130,14194.4812481342,13698.1872967797,13.55,0.0300000000000011,-0.289999999999999
57752,1140130,14181.8096378535,13697.3385960701,12.7,-0.850000000000001,-0.880000000000003
57753,1140130,14171.9217907762,13696.6763422092,9.91,-2.79,-1.94
57754,1140130,14164.1058457816,13696.4652117229,7.83,-2.08,0.709999999999999
57755,1140130,14158.2117608227,13696.7293376353,5.9,-1.93,0.15
57756,1140130,14154.055931428,13696.9155687871,4.16,-1.74,0.19
57757,1140130,14151.3786182602,13697.0355446253,2.68,-1.48,0.26
57758,1140130,14150.1198814724,13697.0919511761,1.26,-1.42,0.0599999999999998
57759,1140130,14149.600402798,13697.1152300701,0.52,-0.74,0.68
57760,1140130,14149.2107937923,13697.1326892406,0.39,-0.13,0.61
57761,1140130,14149.0109943021,13697.1416426613,0.2,-0.19,-0.06
57762,1140130,14148.9011045826,13697.1465670428,0.11,-0.09,0.1
57763,1140130,14148.8811246336,13697.1474623848,0.02,-0.09,1.38777878078145e-17
57764,1140130,14148.8811246336,13697.1474623848,0,-0.02,0.07
57765,1140130,14148.8811246336,13697.1474623848,0,0,0.02
57766,1140130,14147.8721372084,13697.1926771597,1.01,1.01,1.01
57767,1140130,14147.0529592989,13697.2293861848,0.82,-0.19,-1.2
57768,1140130,14144.9750446015,13697.3225017607,2.08,1.26,1.45
57769,1140130,14141.2887440086,13697.4876923738,3.69,1.61,0.35
57770,1140130,14137.352694053,13697.6640747627,3.94,0.25,-1.36
57771,1140130,14123.4200773224,13702.1661228486,5.93,1.99,1.74
57772,1140130,14116.5121290469,13698.4585831492,7.83,1.9,-0.0899999999999994
57773,1140130,14107.5936035609,13694.5285287976,9.75,1.92,0.0199999999999996
57774,1140130,14088.6992853562,13690.5114421807,11.33,1.58,-0.34
57775,1140130,14076.30472513,13688.6741134682,12.53,1.2,-0.380000000000001
57776,1140130,14062.208756796,13686.5845736315,14.24,1.71,0.510000000000002
57777,1140130,14045.8885308691,13687.506709428,15.88,1.64,-0.0700000000000003
57778,1140130,14028.4985857519,13684.9286852193,17.58,1.7,0.0599999999999969
57779,1140130,14009.6657720158,13680.9380093233,19.25,1.67,-0.0299999999999958
57780,1140130,13990.5449393181,13673.4325160663,20.6,1.35,-0.32
57781,1140130,13971.512523086,13662.5926020099,21.92,1.32,-0.0300000000000011
57782,1140130,13955.8157033025,13652.1555359144,18.85,-3.07,-4.39
57783,1140130,13942.7835956307,13643.4902794478,15.65,-3.2,-0.130000000000001
57784,1140130,13931.6409949125,13636.9902064804,12.92,-2.73,0.470000000000001
57785,1140130,13922.3704854084,13632.2108180745,10.43,-2.49,0.24
57786,1140130,13916.3442098152,13629.1039864933,6.77,-3.66,-1.17
57787,1140130,13910.4397345342,13625.6733807479,6.83,0.0600000000000005,3.72
57788,1140130,13905.9180825701,13623.1596285259,5.18,-1.65,-1.71
57789,1140130,13902.3787133723,13621.6193474861,3.87,-1.31,0.340000000000001
57790,1140130,13895.7482800452,13627.1710415705,6.16,2.29,3.6
57791,1140130,13894.9781839998,13635.2725440178,8.17,2.01,-0.28
57792,1140130,13894.9683255509,13660.2984890156,10.34,2.17,0.16
57793,1140130,13895.2579410144,13672.595078904,12.3,1.96,-0.209999999999999
57794,1140130,13888.5200091379,13691.9435767307,13.52,1.22,-0.740000000000002
57795,1140130,13875.1001843249,13692.0121477675,13.42,-0.0999999999999996,-1.32
57796,1140130,13861.5403613394,13692.0814341505,13.57,0.15,0.25
57797,1140130,13848.3205339155,13692.1489832643,13.22,-0.35,-0.5
57798,1140130,13834.780710669,13692.218167455,13.54,0.319999999999999,0.669999999999998
57799,1140130,13821.8608793288,13692.2841836842,12.92,-0.619999999999999,-0.939999999999998
57800,1140130,13808.3310559518,13692.3533167787,13.53,0.609999999999999,1.23
57801,1140130,13794.6412346633,13692.4232674116,13.69,0.16,-0.449999999999999
57802,1140130,13781.4914063257,13692.4904588524,13.16,-0.529999999999999,-0.69
57803,1140130,13760.5515171923,13691.4961200018,10.84,-2.32,-1.79
57804,1140130,13753.068419259,13690.6569863285,7.54,-3.3,-0.98
57805,1140130,13747.0660405716,13689.9838963702,6.04,-1.5,1.8
57806,1140130,13744.2039792106,13689.6629528139,2.88,-3.16,-1.66
57807,1140130,13743.249958757,13689.5559716284,0.96,-1.92,1.24
57808,1140130,13742.4549417123,13689.4668206406,0.8,-0.16,1.76
57809,1140130,13742.2661251642,13689.4456472809,0.19,-0.61,-0.45
57810,1140130,13742.1568103205,13689.4333890201,0.11,-0.08,0.53
57811,1140130,13742.1170594683,13689.4289314707,0.05,-0.06,0.02
57812,1140130,13741.898429781,13689.4044149491,0.22,0.17,0.23
57813,1140130,13741.3021669975,13689.3375517082,0.6,0.38,0.21
57814,1140130,13739.8512608909,13689.1748511553,1.46,0.86,0.48
57815,1140130,13738.5891713324,13689.0333239621,1.27,-0.19,-1.05
57816,1140130,13736.0053659372,13688.7435832515,2.6,1.33,1.52
57817,1140130,13731.3346407996,13688.2198211978,4.7,2.1,0.77
57818,1140130,13724.6266844849,13687.4676097378,6.75,2.05,-0.0500000000000003
57819,1140130,13716.4081957853,13686.5460114007,8.27,1.52,-0.53
57820,1140130,13706.7586764053,13685.4639412856,9.72,1.45,-0.0699999999999985
57821,1140130,13684.5819270773,13682.3060045497,11.02,1.3,-0.150000000000002
57822,1140130,13672.2202089459,13679.7658618683,12.61,1.59,0.290000000000001
57823,1140130,13662.2975302874,13677.7269042326,10.14,-2.47,-4.06
57824,1140130,13654.2751474431,13676.0784281185,8.18,-1.96,0.509999999999998
57825,1140130,13647.7710421823,13674.7419346633,6.64,-1.54,0.420000000000001
57826,1140130,13643.0790746823,13673.7778076075,4.79,-1.85,-0.31
57827,1140130,13637.936521577,13672.7210921497,5.25,0.46,2.31
57828,1140130,13635.1154638735,13672.1414082415,2.88,-2.37,-2.83
57829,1140130,13628.509472239,13677.094493507,5.25,2.37,4.74
57830,1140130,13627.2640106996,13683.5657318394,6.59,1.34,-1.03
57831,1140130,13625.6424537941,13691.9911073919,8.58,1.99,0.65
57832,1140130,13623.7676467425,13701.7323341381,9.93,1.35,-0.640000000000001
57833,1140130,13621.6112406479,13712.9367088531,11.4,1.47,0.120000000000001
57834,1140130,13619.3414389654,13724.7302706697,12.01,0.609999999999999,-0.860000000000001
57835,1140130,13617.5970368398,13733.793932249,9.23,-2.78,-3.39
57836,1140130,13615.9887094195,13742.1505693064,8.52,-0.710000000000001,2.07
57837,1140130,13614.7451378066,13748.6119878537,6.58,-1.94,-1.23
57838,1140130,13614.1951692058,13751.4695452964,2.91,-3.67,-1.73
57839,1140130,13604.3911955868,13760.0694891444,5.12,2.21,5.88
57840,1140130,13597.225439328,13760.3161412064,7.17,2.05,-0.16
57841,1140130,13588.5505767999,13760.6147381238,8.67,1.5,-0.55
57842,1140130,13578.2066988698,13760.970672058,10.35,1.68,0.18
57843,1140130,13566.3036024832,13761.376130329,11.92,1.57,-0.109999999999999
57844,1140130,13553.4418812815,13761.8308552752,12.87,0.949999999999999,-0.620000000000001
57845,1140130,13539.5933372301,13762.3657714946,13.86,0.99,0.0400000000000009
57846,1140130,13526.2842969842,13761.834470023,13.32,-0.539999999999999,-1.53
57847,1140130,13512.8185220784,13761.4971183,13.47,0.15,0.69
57848,1140130,13499.1628067692,13761.1550080894,13.66,0.19,0.0399999999999991
57849,1140130,13487.0366115496,13760.851216226,12.13,-1.53,-1.72
57850,1140130,13477.6395600192,13760.6157963153,9.4,-2.73,-1.2
57851,1140130,13471.3215423945,13760.4575139924,6.32,-3.08,-0.35
57852,1140130,13467.012894396,13760.3495676102,4.31,-2.01,1.07
57853,1140130,13464.2737693528,13760.2803289074,2.74,-1.57,0.440000000000001
57854,1140130,13461.9445133855,13760.2214507405,2.33,-0.41,1.16
57855,1140130,13458.7355384262,13760.140335326,3.22,0.89,1.3
57856,1140130,13454.8467806094,13760.0420365838,3.88,0.66,-0.23
57857,1140130,13450.0583101873,13759.920995202,4.79,0.91,0.25
57858,1140130,13446.0295970763,13759.8191587158,4.03,-0.76,-1.67
57859,1140130,13440.9012984406,13759.6883895879,5.13,1.1,1.86
57860,1140130,13436.5768946545,13759.3209452706,4.34,-0.79,-1.89
57861,1140130,13428.5301979615,13748.1826788344,5.95,1.61,2.4
57862,1140130,13428.8308404565,13740.3184233649,7.87,1.92,0.31
57863,1140130,13429.1864925059,13731.0152189911,9.31,1.44,-0.48
57864,1140130,13429.6246588868,13719.5535912611,11.47,2.16,0.72
57865,1140130,13430.1185988437,13706.6330292253,12.93,1.46,-0.700000000000001
57866,1140130,13430.630493308,13693.2428102556,13.4,0.470000000000001,-0.989999999999998
57867,1140130,13431.1588142363,13679.4229051547,13.84,0.44,-0.0300000000000011
57868,1140130,13431.6718547329,13666.0027080828,13.42,-0.42,-0.859999999999999
57869,1140130,13432.1787830568,13652.7423942225,13.27,-0.15,0.27
57870,1140130,13419.058676983,13638.3388828635,12.83,-0.44,-0.289999999999999
57871,1140130,13408.3954263888,13632.7051730053,12.06,-0.77,-0.33
