"V1","V2","V3","V4","V5","acceleration","jerk"
21899,1141537,14349.8579367797,14258.0053786301,19.07,0.0799999999999983,0
21900,1141537,14351.2087769274,14238.9030821478,19.15,0.0799999999999983,0
21901,1141537,14352.8930585641,14219.6096719021,19.37,0.220000000000002,0.140000000000004
21902,1141537,14354.9302881734,14200.6789747275,19.04,-0.330000000000002,-0.550000000000004
21903,1141537,14357.0049668564,14181.4002867959,19.39,0.350000000000001,0.680000000000003
21904,1141537,14359.0325667039,14162.5590729587,18.95,-0.440000000000001,-0.790000000000003
21905,1141537,14360.9253933148,14143.774197475,18.88,-0.0700000000000003,0.370000000000001
21906,1141537,14362.797703688,14125.1882658636,18.69,-0.189999999999998,-0.119999999999997
21907,1141537,14364.6720186762,14106.5824349677,18.69,0,0.189999999999998
21908,1141537,14366.6064721132,14087.3796255404,19.3,0.609999999999999,0.609999999999999
21909,1141537,14368.4677571041,14068.9031399931,18.57,-0.73,-1.34
21910,1141537,14370.0313819398,14050.2020601967,18.77,0.199999999999999,0.93
21911,1141537,14371.1816286567,14031.186818087,19.05,0.280000000000001,0.0800000000000018
21912,1141537,14372.3542161235,14011.8022510649,19.42,0.370000000000001,0.0899999999999999
21913,1141537,14372.489886595,13989.4734672855,19.1,-0.32,-0.690000000000001
21914,1141537,14372.0067941162,13968.5690485742,20.91,1.81,2.13
21915,1141537,14371.4853499628,13946.0050729495,22.57,1.66,-0.149999999999999
21916,1141537,14370.9840057835,13924.3108651047,21.7,-0.870000000000001,-2.53
21917,1141537,14370.5847787135,13907.0354774752,17.28,-4.42,-3.55
21918,1141537,14370.2775032487,13893.7390275058,13.3,-3.98,0.439999999999998
21919,1141537,14370.034224253,13883.2118381692,10.52,-2.78,1.2
21920,1141537,14373.6559902113,13865.5802158903,6.21,-4.31,-1.53
21921,1141537,14373.7098555608,13861.0905390062,4.49,-1.72,2.59
21922,1141537,14373.7698392463,13856.0908988234,5,0.51,2.23
21923,1141537,14373.7675712287,13850.0007855409,6,1,0.49
21924,1141537,14373.028125175,13826.2628396128,7.22,1.22,0.22
21925,1141537,14372.7478624058,13817.3572485162,8.91,1.69,0.470000000000001
21926,1141537,14372.013765315,13793.4513901682,11.15,2.24,0.55
21927,1141537,14371.7243744327,13781.3548512864,12.1,0.949999999999999,-1.29
21928,1141537,14371.417046099,13768.5085269368,12.85,0.75,-0.199999999999999
21929,1141537,14371.7926684384,13754.4898740435,14.03,1.18,0.43
21930,1141537,14372.4953252639,13738.7255258684,15.78,1.75,0.57
21931,1141537,14373.199763222,13722.9212173684,15.82,0.0400000000000009,-1.71
21932,1141537,14372.8618031713,13700.0448875274,13.04,-2.78,-2.82
21933,1141537,14371.0421305369,13685.9115478123,14.25,1.21,3.99
21934,1141537,14368.9619573989,13669.7549089379,16.29,2.04,0.829999999999998
21935,1141537,14366.6876858467,13652.0907138273,17.81,1.52,-0.52
21936,1141537,14364.2269776596,13632.9784712792,19.27,1.46,-0.0599999999999987
21937,1141537,14361.6628354491,13613.0628599473,20.07,0.800000000000001,-0.66
21938,1141537,14358.6887547498,13594.0900452922,19.22,-0.850000000000001,-1.65
21939,1141537,14354.4808966984,13574.752567933,19.79,0.57,1.42
21940,1141537,14347.7016141245,13548.7990929781,20.43,0.640000000000001,0.0700000000000003
21941,1141537,14343.0350994964,13532.4521164618,17.01,-3.42,-4.06
21942,1141537,14339.7399131625,13507.4522003358,14.91,-2.1,1.32
21943,1141537,14336.7249600801,13491.6436638037,16.12,1.21,3.31
21944,1141537,14334.2725984984,13473.9629278837,17.85,1.73,0.52
21945,1141537,14331.4283927781,13445.7105740437,19.17,1.32,-0.41
21946,1141537,14330.8464942061,13408.1187569712,20.83,1.66,0.339999999999996
21947,1141537,14332.6383815196,13378.1210957659,22.51,1.68,0.0200000000000067
21948,1141537,14333.5508282273,13354.348600293,23.78,1.27,-0.410000000000004
21949,1141537,14334.9863778627,13329.6214221524,24.77,0.989999999999998,-0.280000000000001
21950,1141537,14334.919752044,13303.4186151835,25.78,1.01,0.0200000000000031
21951,1141537,14333.1218189202,13276.097784347,27.38,1.6,0.589999999999996
