"V1","V2","V3","V4","V5","acceleration","jerk"
77000,1141538,14344.0550656442,13277.8163356328,13.95,0.290000000000001,0
77001,1141538,14344.456698325,13292.0481746972,14.24,0.290000000000001,0
77002,1141538,14344.444786622,13307.158170002,15.11,0.869999999999999,0.579999999999998
77003,1141538,14344.7312340845,13323.9960284145,16.53,1.42,0.550000000000002
77004,1141538,14344.0366102134,13340.8222280534,16.85,0.32,-1.1
77005,1141538,14343.4332125383,13359.4986923637,18.69,1.84,1.52
77006,1141538,14342.8820432231,13379.6808178725,20.19,1.5,-0.34
77007,1141538,14342.242660427,13400.6710820357,21,0.809999999999999,-0.690000000000001
77008,1141538,14338.1777533834,13437.027974135,22.42,1.42,0.610000000000003
77009,1141538,14340.5602234036,13460.6832477456,23.79,1.37,-0.0500000000000043
77010,1141538,14343.2516592702,13485.818650752,25.3,1.51,0.140000000000004
77011,1141538,14348.6539972607,13511.5619389914,26.32,1.02,-0.490000000000002
77012,1141538,14356.1239345208,13538.0644015417,27.55,1.23,0.210000000000001
77013,1141538,14363.85748049,13564.5981884564,27.64,0.0899999999999999,-1.14
77014,1141538,14369.9459021768,13591.1080191116,27.19,-0.449999999999999,-0.539999999999999
77015,1141538,14375.8333257148,13617.7551998162,27.3,0.109999999999999,0.559999999999999
77016,1141538,14379.3789876942,13641.8226229153,24.35,-2.95,-3.06
77017,1141538,14381.4955677842,13661.4287058673,19.72,-4.63,-1.68
77018,1141538,14383.1978477145,13677.1970869839,15.87,-3.85,0.780000000000003
77019,1141538,14384.5105137642,13689.356437618,12.23,-3.64,0.210000000000001
77020,1141538,14385.3927799071,13697.5289529256,8.21,-4.02,-0.380000000000001
77021,1141538,14386.0399897419,13703.5241192644,6.04,-2.17,1.85
77022,1141538,14366.8070706647,13706.6723615492,7.76,1.72,3.89
77023,1141538,14357.4260604499,13707.2695611385,9.39,1.63,-0.089999999999999
77024,1141538,14340.316302125,13708.5348237147,10.88,1.49,-0.140000000000001
77025,1141538,14321.7100018543,13708.7332872938,12.21,1.33,-0.16
77026,1141538,14308.1404855379,13707.9435160262,13.61,1.4,0.0699999999999985
77027,1141538,14294.64,13706.55,13.67,0.0600000000000005,-1.34
77028,1141538,14268.6765390437,13704.4146472842,13.63,-0.0399999999999991,-0.0999999999999996
77029,1141538,14255.3007001665,13703.2097264026,13.42,-0.210000000000001,-0.170000000000002
77030,1141538,14241.9447806324,13702.0065998932,13.42,0,0.210000000000001
77031,1141538,14228.8677319013,13700.8285945935,13.13,-0.289999999999999,-0.289999999999999
77032,1141538,14215.581530068,13699.6317483865,13.34,0.209999999999999,0.499999999999998
77033,1141538,14202.6728954101,13698.7359450338,12.94,-0.4,-0.609999999999999
77034,1141538,14189.4624922514,13697.8511578372,13.24,0.300000000000001,0.700000000000001
77035,1141538,14176.2919996762,13696.9690437138,13.19,-0.0500000000000007,-0.350000000000001
77036,1141538,14163.266687923,13696.5028160901,13.05,-0.139999999999999,-0.0899999999999981
77037,1141538,14151.8181771385,13697.0158470997,11.46,-1.59,-1.45
77038,1141538,14143.9260972783,13697.3695072197,7.9,-3.56,-1.97
77039,1141538,14138.6014408663,13697.608115883,5.33,-2.57,0.99
77040,1141538,14135.7243282084,13697.7370451419,2.88,-2.45,0.12
77041,1141538,14122.7063734827,13701.7830734664,5.1,2.22,4.67
77042,1141538,14116.2830389255,13698.3356290265,7.3,2.2,-0.0199999999999996
77043,1141538,14107.6487590855,13694.5521480294,9.42,2.12,-0.0800000000000001
77044,1141538,14088.728961079,13690.515841212,11.36,1.94,-0.180000000000001
77045,1141538,14075.7903459346,13688.5978635934,13.08,1.72,-0.219999999999999
77046,1141538,14061.7636209539,13686.5185881629,14.18,1.1,-0.620000000000001
77047,1141538,14046.3619208164,13684.2354909519,15.57,1.39,0.290000000000001
77048,1141538,14029.2489206637,13681.6987162729,17.3,1.73,0.34
77049,1141538,14010.6212882747,13681.1556987327,18.41,1.11,-0.620000000000001
77050,1141538,13991.8829571292,13674.1323791508,20.06,1.65,0.539999999999999
77051,1141538,13973.0780414517,13663.6335401669,21.56,1.5,-0.149999999999999
77052,1141538,13954.1502582326,13651.0481548963,22.73,1.17,-0.329999999999998
77053,1141538,13938.6299939938,13640.7248380906,18.64,-4.09,-5.26
77054,1141538,13924.8592127921,13633.4938753646,15.56,-3.08,1.01
77055,1141538,13915.0029601727,13628.3691128882,11.11,-4.45,-1.37
77056,1141538,13908.2528301716,13624.3814638355,7.84,-3.27,1.18
77057,1141538,13904.0383657682,13622.3416036213,4.69,-3.15,0.12
77058,1141538,13875.7915824938,13611.372512272,6.34,1.65,4.8
77059,1141538,13868.2260314097,13608.8658537803,7.97,1.63,-0.0199999999999996
77060,1141538,13859.4745544274,13605.7814391925,9.28,1.31,-0.32
77061,1141538,13848.9965244253,13601.9691711962,11.15,1.87,0.560000000000001
77062,1141538,13837.8154811928,13596.2517206221,12.58,1.43,-0.440000000000001
77063,1141538,13821.363171112,13585.7264536428,13.91,1.33,-0.0999999999999996
77064,1141538,13807.2797415339,13579.1146960277,15.35,1.44,0.109999999999999
77065,1141538,13794.6386527311,13568.3708152633,16.59,1.24,-0.199999999999999
77066,1141538,13780.7107009687,13556.5469396772,18.27,1.68,0.44
77067,1141538,13767.6307869446,13545.5632131182,17.08,-1.19,-2.87
77068,1141538,13757.9433798951,13537.4283102511,12.65,-4.43,-3.24
77069,1141538,13750.3006666655,13531.0104185029,9.97,-2.68,1.75
77070,1141538,13745.965680419,13526.9416937899,5.98,-3.99,-1.31
77071,1141538,13744.4252945271,13524.7242151983,2.71,-3.27,0.72
77072,1141538,13743.6379861824,13523.5908372515,1.38,-1.33,1.94
77073,1141538,13742.9134342999,13522.5478010251,1.27,-0.11,1.22
77074,1141538,13742.8278573059,13522.42460777,0.15,-1.12,-1.01
77075,1141538,13742.7936265083,13522.375330468,0.06,-0.09,1.03
77076,1141538,13742.7936265083,13522.375330468,0,-0.06,0.03
77077,1141538,13742.7936265083,13522.375330468,0,0,0.06
77078,1141538,13742.7936265083,13522.375330468,0,0,0
77079,1141538,13742.7936265083,13522.375330468,0,0,0
77080,1141538,13742.7936265083,13522.375330468,0,0,0
77081,1141538,13742.7936265083,13522.375330468,0,0,0
77082,1141538,13742.7936265083,13522.375330468,0,0,0
77083,1141538,13742.7936265083,13522.375330468,0,0,0
77084,1141538,13742.7936265083,13522.375330468,0,0,0
77085,1141538,13742.7936265083,13522.375330468,0,0,0
77086,1141538,13742.7936265083,13522.375330468,0,0,0
77087,1141538,13742.7936265083,13522.375330468,0,0,0
77088,1141538,13742.7936265083,13522.375330468,0,0,0
77089,1141538,13742.7936265083,13522.375330468,0,0,0
77090,1141538,13742.7936265083,13522.375330468,0,0,0
77091,1141538,13742.7936265083,13522.375330468,0,0,0
77092,1141538,13742.7936265083,13522.375330468,0,0,0
77093,1141538,13742.7936265083,13522.375330468,0,0,0
77094,1141538,13742.7936265083,13522.375330468,0,0,0
77095,1141538,13742.7936265083,13522.375330468,0,0,0
77096,1141538,13742.7936265083,13522.375330468,0,0,0
77097,1141538,13742.7936265083,13522.375330468,0,0,0
77098,1141538,13742.7936265083,13522.375330468,0,0,0
77099,1141538,13742.7936265083,13522.375330468,0,0,0
77100,1141538,13742.7936265083,13522.375330468,0,0,0
77101,1141538,13742.7936265083,13522.375330468,0,0,0
77102,1141538,13742.7936265083,13522.375330468,0,0,0
77103,1141538,13742.7936265083,13522.375330468,0,0,0
77104,1141538,13742.7936265083,13522.375330468,0,0,0
77105,1141538,13742.7936265083,13522.375330468,0,0,0
77106,1141538,13742.7936265083,13522.375330468,0,0,0
77107,1141538,13742.7936265083,13522.375330468,0,0,0
77108,1141538,13742.7936265083,13522.375330468,0,0,0
77109,1141538,13742.7936265083,13522.375330468,0,0,0
77110,1141538,13730.8082802477,13514.6065848263,2.29,2.29,2.29
77111,1141538,13730.0288292868,13518.1519136121,3.64,1.35,-0.94
77112,1141538,13728.7898672909,13523.7873260347,5.77,2.13,0.779999999999999
77113,1141538,13727.0463020558,13531.7179237594,8.12,2.35,0.22
77114,1141538,13724.9070739022,13541.1369006778,9.66,1.54,-0.809999999999999
77115,1141538,13722.0478786118,13551.9864814204,11.22,1.56,0.0199999999999996
77116,1141538,13718.6688296321,13564.8087132071,13.26,2.04,0.479999999999999
77117,1141538,13714.7546371489,13579.6616151864,15.36,2.1,0.0600000000000005
77118,1141538,13712.1378963349,13596.714769492,17.28,1.92,-0.179999999999998
77119,1141538,13709.8642730342,13615.205511421,18.63,1.35,-0.570000000000004
77120,1141538,13707.4661679425,13634.7086289146,19.65,1.02,-0.329999999999998
77121,1141538,13702.9450362391,13654.8626887174,20.75,1.1,0.0800000000000018
77122,1141538,13698.9720450777,13703.0782587346,22.11,1.36,0.259999999999998
77123,1141538,13700.5862183543,13726.201623314,23.51,1.4,0.0400000000000027
77124,1141538,13698.459153824,13750.6492652552,24.54,1.03,-0.370000000000005
77125,1141538,13697.5360544833,13788.4093096002,25.44,0.900000000000002,-0.129999999999995
77126,1141538,13697.7371159457,13812.5884736529,24.19,-1.25,-2.15
77127,1141538,13697.9089910668,13833.2577590528,20.66,-3.53,-2.28
77128,1141538,13694.659236728,13861.8213666283,16.25,-4.41,-0.879999999999999
77129,1141538,13687.2074754137,13871.8943108498,12.53,-3.72,0.69
77130,1141538,13675.0612876359,13902.6046884064,8.74,-3.79,-0.0699999999999985
77131,1141538,13679.5618019231,13921.8632294074,10.63,1.89,5.68
77132,1141538,13675.1052714615,13932.8325017736,11.84,1.21,-0.680000000000001
77133,1141538,13669.9486441538,13945.5249875352,13.7,1.86,0.65
77134,1141538,13664.2010748845,13959.672013636,15.27,1.57,-0.289999999999999
77135,1141538,13659.6579733075,13970.8543715296,12.07,-3.2,-4.77
77136,1141538,13656.7785427306,13977.9417814622,7.65,-4.42,-1.22
77137,1141538,13655.0283006152,13982.2498149506,4.65,-3,1.42
77138,1141538,13654.2039930382,13984.2787597549,2.19,-2.46,0.54
77139,1141538,13653.2671688911,13992.3713413086,4.55,2.36,4.82
77140,1141538,13654.3609986203,13999.1435740663,6.86,2.31,-0.0499999999999994
77141,1141538,13655.7242995217,14007.5841848648,8.55,1.69,-0.62
77142,1141538,13657.3475045716,14017.6339413477,10.18,1.63,-0.0600000000000014
77143,1141538,13659.2210467461,14029.2336111585,11.75,1.57,-0.0599999999999987
77144,1141538,13663.9870276267,14045.5663011356,13.08,1.33,-0.24
77145,1141538,13664.7618781531,14059.8953662364,14.35,1.27,-0.0600000000000005
77146,1141538,13665.6479615774,14076.2814260485,16.41,2.06,0.790000000000001
77147,1141538,13666.6020806577,14093.9256476743,17.67,1.26,-0.799999999999999
77148,1141538,13667.6212744967,14113.4386301594,19.54,1.87,0.609999999999996
77149,1141538,13673.3174937574,14143.4896572657,20.86,1.32,-0.549999999999997
77150,1141538,13679.8163014615,14164.608267715,22.1,1.24,-0.0799999999999983
77151,1141538,13686.3334596857,14186.8428252478,23.17,1.07,-0.170000000000002
77152,1141538,13693.9425872643,14220.0044859288,24.17,1,-0.0700000000000003
77153,1141538,13706.7045057996,14262.0826444547,25.09,0.919999999999998,-0.0800000000000018
