"V1","V2","V3","V4","V5","acceleration","jerk"
38285,1143761,14398.421995384,13995.6742431736,13.37,0.0400000000000009,0
38286,1143761,14385.0490780193,13994.6776584273,13.41,0.0400000000000009,0
38287,1143761,14374.1677044054,13990.5957200283,11.87,-1.54,-1.58
38288,1143761,14361.1294167976,13989.6857990111,13.07,1.2,2.74
38289,1143761,14337.1022794117,13987.1218735294,13,-0.0700000000000003,-1.27
38290,1143761,14324.2345955849,13985.5777514702,12.96,-0.0399999999999991,0.0300000000000011
38291,1143761,14311.0342077819,13983.8063021586,13.32,0.359999999999999,0.399999999999999
38292,1143761,14298.330348059,13981.3864074848,12.94,-0.380000000000001,-0.74
38293,1143761,14284.895475971,13978.8150109485,13.67,0.73,1.11
38294,1143761,14272.82961731,13974.4107814794,12.88,-0.789999999999999,-1.52
38295,1143761,14260.2855786602,13969.8884640204,13.35,0.469999999999999,1.26
38296,1143761,14247.6255808531,13965.6520792971,13.34,-0.00999999999999979,-0.479999999999999
38297,1143761,14230.5883112258,13959.9656117294,13.3,-0.0399999999999991,-0.0299999999999994
38298,1143761,14218.0881581132,13955.8828832102,13.15,-0.15,-0.110000000000001
38299,1143761,14205.71,13951.84,13.06,-0.0899999999999999,0.0600000000000005
38300,1143761,14190.6552660597,13946.8660242406,13.42,0.359999999999999,0.449999999999999
38301,1143761,14177.4667878382,13944.9876917533,13.34,-0.0800000000000001,-0.44
38302,1143761,14164.169795903,13943.4996165925,13.38,0.0400000000000009,0.120000000000001
38303,1143761,14150.5044418316,13941.9762656468,13.75,0.369999999999999,0.329999999999998
38304,1143761,14136.7373900796,13940.3339970606,13.87,0.119999999999999,-0.25
38305,1143761,14123.4999114833,13937.3941398509,13.56,-0.309999999999999,-0.429999999999998
38306,1143761,14110.4855634347,13934.0835933751,13.43,-0.130000000000001,0.179999999999998
38307,1143761,14098.3467829758,13929.5060584509,13.01,-0.42,-0.289999999999999
38308,1143761,14088.857220114,13923.0042746042,11.51,-1.5,-1.08
38309,1143761,14082.3542441007,13918.158306902,8.12,-3.39,-1.89
38310,1143761,14077.6949821832,13914.687529599,5.81,-2.31,1.08
38311,1143761,14075.4610432792,13913.587703716,2.49,-3.32,-1.01
38312,1143761,14074.2588432264,13912.9958295459,1.35,-1.14,2.18
38313,1143761,14073.5680267782,13912.6557227468,0.77,-0.58,0.56
38314,1143761,14073.4962536407,13912.6203869754,0.08,-0.69,-0.11
38315,1143761,14072.3266077152,13915.7256238357,0,-0.08,0.61
38316,1143761,14071.0886072749,13915.1159067622,1.38,1.38,1.46
38317,1143761,14067.6078524136,13913.401629773,3.88,2.5,1.12
38318,1143761,14062.323922998,13910.7992866115,5.89,2.01,-0.49
38319,1143761,14059.7671829581,13909.5400883075,2.85,-3.04,-5.05
38320,1143761,14059.0523956959,13909.1809188016,0.8,-2.05,0.99
38321,1143761,14058.91051777,13909.106954931,0.16,-0.64,1.41
38322,1143761,14058.8750482885,13909.0884639633,0.04,-0.12,0.52
38323,1143761,14058.1745260295,13908.7232673524,0.8,0.76,0.88
38324,1143761,14056.9419615485,13908.0807062268,1.39,0.59,-0.17
38325,1143761,14054.3615567717,13906.7354883308,2.91,1.52,0.93
38326,1143761,14051.4063156645,13905.2474570907,3.32,0.41,-1.11
38327,1143761,14046.5955865794,13903.1452235952,5.24,1.92,1.51
38328,1143761,14040.4103634699,13900.4423519582,6.76,1.52,-0.400000000000001
38329,1143761,14021.530495027,13890.0273923877,8.19,1.43,-0.0899999999999999
38330,1143761,14011.8632864782,13889.673383833,9.74,1.55,0.120000000000001
38331,1143761,14001.2439827199,13886.7287637066,11.02,1.28,-0.270000000000001
38332,1143761,13988.8130373041,13883.2817945931,12.9,1.88,0.600000000000001
38333,1143761,13975.6477072979,13881.20585991,13.35,0.449999999999999,-1.43
38334,1143761,13962.3035020528,13881.8977043183,13.44,0.0899999999999999,-0.359999999999999
38335,1143761,13939.8319372692,13882.3906842252,13.01,-0.43,-0.52
38336,1143761,13926.9653065469,13882.0962120602,12.86,-0.15,0.279999999999999
38337,1143761,13913.4298149634,13879.9255448975,13.72,0.860000000000001,1.01
38338,1143761,13899.9994875686,13877.6010651561,13.63,-0.0899999999999999,-0.950000000000001
38339,1143761,13881.4766316328,13876.8187842196,12.72,-0.91,-0.82
38340,1143761,13868.2610231079,13874.8284553355,13.37,0.649999999999999,1.56
38341,1143761,13856.9122230967,13873.6482696271,11.41,-1.96,-2.61
38342,1143761,13846.4889266219,13872.5595696396,10.48,-0.93,1.03
38343,1143761,13835.8075527104,13871.4389218971,10.74,0.26,1.19
38344,1143761,13825.3436051905,13871.1858689726,10.48,-0.26,-0.52
38345,1143761,13814.4051983133,13870.9991740631,10.94,0.459999999999999,0.719999999999999
38346,1143761,13804.8995040926,13871.4090857643,9.52,-1.42,-1.88
38347,1143761,13796.2762131057,13871.9461635566,8.64,-0.879999999999999,0.540000000000001
38348,1143761,13789.080764177,13872.4001695979,7.21,-1.43,-0.550000000000002
38349,1143761,13781.2052667855,13873.5569499735,7.96,0.75,2.18
38350,1143761,13777.1487919985,13874.1527790615,4.11,-3.85,-4.6
38351,1143761,13771.3411073644,13875.0058319264,5.86,1.75,5.6
38352,1143761,13764.7534156705,13876.1696092969,6.69,0.83,-0.92
38353,1143761,13760.4032264529,13876.9520757638,4.43,-2.26,-3.09
38354,1143761,13744.5744591492,13876.8783438729,6.85,2.42,4.68
38355,1143761,13740.4329635103,13877.8325523786,4.24,-2.61,-5.03
38356,1143761,13737.2659374334,13878.562241236,3.26,-0.98,1.63
38357,1143761,13734.858997615,13879.1168047676,2.47,-0.79,0.190000000000001
38358,1143761,13732.5105259703,13879.6578971202,2.41,-0.0600000000000001,0.73
38359,1143761,13731.5740526557,13876.4859401373,0.21,-2.2,-2.14
38360,1143761,13729.235122241,13877.02390344,2.4,2.19,4.39
38361,1143761,13724.8983554303,13878.0213770638,4.45,2.05,-0.14
38362,1143761,13719.333228367,13880.1460124557,5.96,1.51,-0.54
38363,1143761,13712.0486132066,13882.9897392295,7.82,1.86,0.350000000000001
38364,1143761,13703.6409501976,13889.2209130951,6.06,-1.76,-3.62
38365,1143761,13699.5061889019,13889.0127088029,4.14,-1.92,-0.159999999999999
38366,1143761,13697.3788841773,13888.9055892033,2.13,-2.01,-0.0899999999999999
38367,1143761,13695.9748953571,13885.5262049477,0.4,-1.73,0.28
38368,1143761,13693.1984101334,13885.3864558764,2.78,2.38,4.11
38369,1143761,13690.09,13885.23,3.24,0.46,-1.92
38370,1143761,13690.09,13885.23,0.89,-2.35,-2.81
38371,1143761,13690.09,13885.23,0.53,-0.36,1.99
38372,1143761,13690.09,13885.23,0.14,-0.39,-0.03
38373,1143761,13690.09,13885.23,0.07,-0.07,0.32
38374,1143761,13690.09,13885.23,0,-0.07,0
38375,1143761,13670.4940025069,13880.6383394015,1.43,1.43,1.5
38376,1143761,13669.1843721562,13877.4682024416,3.43,2,0.57
38377,1143761,13667.2923215966,13872.3712343261,5.48,2.05,0.0500000000000003
38378,1143761,13667.9294751774,13863.7908645017,7.61,2.13,0.0799999999999996
38379,1143761,13668.6980319153,13853.9207418813,9.91,2.3,0.17
38380,1143761,13666.3408702019,13841.6869940211,12.01,2.1,-0.2
38381,1143761,13667.3693392527,13828.4769693651,13.26,1.25,-0.85
38382,1143761,13668.5367486507,13813.4823451518,15.04,1.78,0.529999999999999
38383,1143761,13670.7673312732,13797.0583619607,13.42,-1.62,-3.4
38384,1143761,13668.2871936431,13784.1647272003,13.12,-0.300000000000001,1.32
38385,1143761,13663.9412090384,13771.7642784059,13.18,0.0600000000000005,0.360000000000001
38386,1143761,13658.0854742507,13760.3598696669,12.92,-0.26,-0.32
38387,1143761,13639.4276193525,13756.2229632786,13.62,0.699999999999999,0.959999999999999
38388,1143761,13629.79131029,13756.6940639804,9.65,-3.97,-4.67
38389,1143761,13623.3620150077,13757.2104574089,6.46,-3.19,0.779999999999998
38390,1143761,13618.8465564606,13757.5731337239,4.53,-1.93,1.26
38391,1143761,13601.9126634359,13760.1548025494,6.84,2.31,4.24
38392,1143761,13593.4876529392,13760.4447993251,8.43,1.59,-0.72
38393,1143761,13583.7534177982,13760.7798608431,9.74,1.31,-0.279999999999999
38394,1143761,13572.6998927329,13761.158251829,11.07,1.33,0.0199999999999996
38395,1143761,13560.4860746842,13761.5447795757,12.21,1.14,-0.19
38396,1143761,13547.526757176,13762.0710777067,12.97,0.76,-0.380000000000001
38397,1143761,13534.1784714107,13762.1299152702,13.36,0.389999999999999,-0.370000000000001
38398,1143761,13520.8160127426,13761.6974756708,13.37,0.00999999999999979,-0.379999999999999
38399,1143761,13507.5001907867,13761.3638806484,13.32,-0.0499999999999989,-0.0599999999999987
38400,1143761,13494.3843060974,13761.0352945604,13.12,-0.200000000000001,-0.150000000000002
38401,1143761,13480.8785437382,13760.6969410505,13.51,0.390000000000001,0.590000000000002
38402,1143761,13468.0125806322,13760.3746161303,12.87,-0.640000000000001,-1.03
38403,1143761,13454.7568093489,13760.0397623198,13.26,0.390000000000001,1.03
38404,1143761,13441.760960604,13759.7112575258,13,-0.26,-0.65
38405,1143761,13418.3691022043,13756.8169190299,13.63,0.630000000000001,0.890000000000001
38406,1143761,13405.4490420252,13754.5933756935,13.11,-0.520000000000001,-1.15
