"V1","V2","V3","V4","V5","acceleration","jerk"
25753,1143038,14404.7030426905,13324.3315153938,13.28,0.00999999999999979,0
25754,1143038,14391.5847782055,13322.1403657183,13.29,0.00999999999999979,0
25755,1143038,14378.0818428069,13319.8849642855,13.69,0.4,0.390000000000001
25756,1143038,14365.2594790245,13317.7432390388,13.01,-0.68,-1.08
25757,1143038,14351.8453138368,13315.5026649346,13.6,0.59,1.27
25758,1143038,14338.8552729896,13313.3329325116,13.16,-0.44,-1.03
25759,1143038,14325.6285115802,13311.1236605456,13.42,0.26,0.699999999999999
25760,1143038,14312.6088806627,13308.9489856798,13.2,-0.220000000000001,-0.48
25761,1143038,14299.8062435939,13306.810555395,12.98,-0.219999999999999,1.77635683940025e-15
25762,1143038,14286.3822150494,13304.5683338098,13.61,0.629999999999999,0.849999999999998
25763,1143038,14273.3823108454,13302.3969539059,13.19,-0.42,-1.05
25764,1143038,14259.7807418793,13300.1250776635,13.79,0.6,1.02
25765,1143038,14246.3961667619,13297.8894460021,13.57,-0.219999999999999,-0.819999999999999
25766,1143038,14230.6550251193,13295.1880812514,13.29,-0.280000000000001,-0.0600000000000023
25767,1143038,14217.4109545964,13292.7867907687,13.46,0.170000000000002,0.450000000000003
25768,1143038,14203.8323384584,13290.324843617,13.8,0.34,0.169999999999998
25769,1143038,14190.6571449738,13287.9360412721,13.39,-0.41,-0.75
25770,1143038,14177.8952137195,13285.6221677534,12.97,-0.42,-0.00999999999999979
25771,1143038,14164.3953141968,13283.1744927592,13.72,0.75,1.17
25772,1143038,14150.8855750972,13280.7250337452,13.73,0.00999999999999979,-0.74
25773,1143038,14137.7202211895,13278.3380154199,13.38,-0.35,-0.359999999999999
25774,1143038,14125.0331983029,13275.4583842214,13.02,-0.360000000000001,-0.0100000000000016
25798,1143038,13828.403790511,13289.8000988756,21.38,0.348333333333333,0.0295138888888889
25799,1143038,13821.0937162526,13310.6902300585,22.15,0.77,0.421666666666666
25800,1143038,13814.8265464412,13326.8151357189,17.3,-4.85,-5.62
25801,1143038,13809.7113766299,13339.9760413793,14.11,-3.19,1.66
25802,1143038,13803.9566200108,13355.4368376145,13.37,-0.74,2.45
25803,1143038,13799.6670827513,13367.8992719714,13.18,-0.19,0.550000000000001
25804,1143038,13795.1985435575,13380.8817623901,13.72,0.540000000000001,0.73
25805,1143038,13791.1758819089,13392.5688404365,12.36,-1.36,-1.9
25806,1143038,13788.5331624439,13400.2467590235,8.12,-4.24,-2.88
25807,1143038,13786.8245076175,13405.2109305238,5.25,-2.87,1.37
25808,1143038,13785.6333311099,13408.6716672268,3.65,-1.6,1.27
25809,1143038,13784.8294496963,13411.0071917231,2.48,-1.17,0.43
25810,1143038,13784.246879765,13412.6997378156,1.79,-0.69,0.48
25811,1143038,13783.5829453181,13414.6286730271,2.04,0.25,0.94
25812,1143038,13782.6233919479,13417.3651664447,2.91,0.87,0.62
25813,1143038,13781.0486535578,13421.6126479341,4.53,1.62,0.75
25814,1143038,13779.1958156727,13426.6102365298,5.33,0.8,-0.82
25815,1143038,13776.5886329076,13433.6424906513,7.5,2.17,1.37
25816,1143038,13773.4043936905,13442.2312170183,9.15,1.65,-0.52
25817,1143038,13769.4831908118,13452.8077272171,11.28,2.13,0.479999999999999
25818,1143038,13764.9258353384,13465.1001074214,13.11,1.83,-0.299999999999999
25819,1143038,13757.5297524834,13500.9327884063,13.7,0.59,-1.24
25820,1143038,13764.6560745771,13514.3111003566,15.25,1.55,0.960000000000001
25821,1143038,13776.4974510021,13531.347112459,16.98,1.73,0.18
25822,1143038,13789.7351422183,13543.7057382428,18.12,1.14,-0.59
25823,1143038,13803.3197318453,13554.3221989575,17.25,-0.870000000000001,-2.01
25824,1143038,13816.3456704817,13564.2534286216,16.37,-0.879999999999999,-0.00999999999999801
25825,1143038,13827.2801427802,13572.5900835594,13.75,-2.62,-1.74
25826,1143038,13836.7650665853,13579.6730876225,11.84,-1.91,0.710000000000001
25827,1143038,13845.6318961234,13585.7863710236,10.77,-1.07,0.84
25828,1143038,13853.6698476061,13590.9139115708,9.56,-1.21,-0.139999999999999
25829,1143038,13863.3619958686,13595.2060278388,10.6,1.04,2.25
25830,1143038,13873.9410671324,13599.8909132371,11.57,0.970000000000001,-0.0699999999999985
25831,1143038,13895.0285375746,13631.0428437309,11.87,0.299999999999999,-0.670000000000002
25832,1143038,13894.8517729863,13655.3498613776,9.61,-2.26,-2.56
25833,1143038,13895.0700441527,13664.6172913179,9.28,-0.33,1.93
25834,1143038,13895.2581764741,13672.6050761315,7.99,-1.29,-0.959999999999999
25835,1143038,13895.4406577621,13680.352927484,7.75,-0.24,1.05
25836,1143038,13896.2954249668,13696.7102094277,7.23,-0.52,-0.279999999999999
25837,1143038,13897.0115592261,13704.2060784049,7.53,0.3,0.819999999999999
25838,1143038,13897.7752455611,13712.1996810458,8.03,0.499999999999999,0.199999999999999
25839,1143038,13898.5094496091,13719.8846888152,7.73,-0.299999999999999,-0.799999999999998
25840,1143038,13899.2132203288,13727.2511470398,7.4,-0.33,-0.0300000000000011
25841,1143038,13899.7876494026,13733.2637696988,6.04,-1.36,-1.03
25842,1143038,13900.1861357966,13737.4347778016,4.19,-1.85,-0.489999999999999
25843,1143038,13900.4790565826,13740.5008171707,3.08,-1.11,0.739999999999999
25844,1143038,13900.8794450596,13744.6917346201,4.22,1.14,2.25
25845,1143038,13901.3112179065,13749.2111562876,4.53,0.31,-0.829999999999999
25846,1143038,13901.7382355458,13753.6808045887,4.5,-0.0300000000000002,-0.340000000000001
25847,1143038,13892.3619653345,13763.6401103432,6.46,1.96,1.99
25848,1143038,13883.7713778678,13764.4639470843,8.63,2.17,0.210000000000001
25849,1143038,13873.4686455061,13765.4519784018,10.35,1.72,-0.450000000000002
25850,1143038,13861.20490998,13766.6280697865,12.31,1.96,0.240000000000002
25851,1143038,13847.9801233831,13768.0259796153,13.31,1,-0.960000000000001
25852,1143038,13834.959421934,13769.7166107909,13.13,-0.18,-1.18
25853,1143038,13821.6313010294,13771.4471578587,13.44,0.309999999999999,0.489999999999998
25854,1143038,13808.7117561428,13772.567009241,12.98,-0.459999999999999,-0.769999999999998
25855,1143038,13795.5339858001,13773.1348726018,13.19,0.209999999999999,0.669999999999998
25856,1143038,13781.6868366759,13773.7315811825,13.86,0.67,0.460000000000001
25857,1143038,13768.201710302,13773.1292443936,13.54,-0.32,-0.99
25858,1143038,13755.2271441153,13771.6378583714,13.05,-0.489999999999998,-0.169999999999998
25859,1143038,13739.0551366713,13769.6556961048,10.01,-3.04,-2.55
25860,1143038,13731.7585204706,13768.6918537839,7.36,-2.65,0.390000000000001
25861,1143038,13725.4632062214,13767.8602778685,6.35,-1.01,1.64
25862,1143038,13719.5912635691,13767.1965095364,5.91,-0.44,0.570000000000001
25863,1143038,13714.64642323,13766.6970558137,4.98,-0.93,-0.49
25864,1143038,13709.3036078134,13766.1574046083,5.37,0.39,1.32
25865,1143038,13704.9855782215,13765.7212619209,4.33,-1.04,-1.43
25866,1143038,13697.3821401876,13769.8999495251,5.93,1.6,2.64
25867,1143038,13697.4449199246,13777.4496885077,7.55,1.62,0.0200000000000005
25868,1143038,13697.5207545209,13786.5693732124,9.12,1.57,-0.0500000000000007
25869,1143038,13697.6088124566,13797.1590070965,10.59,1.47,-0.0999999999999988
25870,1143038,13697.7087611241,13809.1785915429,12.02,1.43,-0.0400000000000009
25871,1143038,13697.8226793224,13822.8781179086,13.7,1.68,0.25
25872,1143038,13697.9445801098,13837.5376110853,14.66,0.960000000000001,-0.719999999999999
25873,1143038,13694.5752951336,13861.9334104087,12.1,-2.56,-3.52
25874,1143038,13689.3594921049,13868.933833834,8.73,-3.37,-0.809999999999999
25875,1143038,13686.795887522,13872.4605223008,4.35,-4.38,-1.01
25876,1143038,13685.3319622597,13874.4375020835,2.46,-1.89,2.49
25877,1143038,13684.7774915066,13875.1841359857,0.93,-1.53,0.36
25878,1143038,13684.3124515201,13875.810345065,0.78,-0.15,1.38
25879,1143038,13658.3279533535,13901.740588348,2.57,1.79,1.94
25880,1143038,13655.0489403095,13904.18520968,4.09,1.52,-0.27
25881,1143038,13654.1830884543,13904.8307331613,1.08,-3.01,-4.53
25882,1143038,13643.3044128353,13909.580252485,3.09,2.01,5.02
25883,1143038,13638.6375593999,13910.4097577671,4.74,1.65,-0.359999999999999
25884,1143038,13631.9326497175,13911.6015153559,6.81,2.07,0.419999999999999
25885,1143038,13623.8198074586,13913.0435245383,8.24,1.43,-0.639999999999999
25886,1143038,13608.2747755973,13914.7315750846,9.63,1.39,-0.04
25887,1143038,13596.5655334374,13914.8647968565,11.71,2.08,0.69
25888,1143038,13582.7743074271,13915.2241041994,13.8,2.09,0.00999999999999979
25889,1143038,13569.5735440233,13916.1031636725,13.22,-0.58,-2.67
25890,1143038,13555.7840844435,13917.0214253444,13.83,0.609999999999999,1.19
25891,1143038,13542.4336525204,13917.9104514782,13.38,-0.449999999999999,-1.06
25892,1143038,13529.0532868935,13918.8014709441,13.4,0.0199999999999996,0.469999999999999
25893,1143038,13515.3835621291,13919.7117592874,13.7,0.299999999999999,0.279999999999999
25894,1143038,13502.1044981202,13921.0412305293,13.37,-0.33,-0.629999999999999
25895,1143038,13488.9362898806,13923.2368606801,13.34,-0.0299999999999994,0.300000000000001
25896,1143038,13484.8723934052,13923.9144633933,4.13,-9.21,-9.18
25897,1143038,13483.5703683208,13924.1315594082,1.32,-2.81,6.4
25898,1143038,13483.1758152649,13924.1973460794,0.4,-0.92,1.89
25899,1143038,13482.92,13924.24,0.37,-0.03,0.89
25900,1143038,13480.3644526137,13924.6043692376,2.6,2.23,2.26
25901,1143038,13475.5009884019,13925.2787696083,4.91,2.31,0.0800000000000001
25902,1143038,13462.2603128278,13927.0968260299,6.58,1.67,-0.64
25903,1143038,13454.3637011084,13928.1759105273,7.98,1.4,-0.27
25904,1143038,13444.5944926324,13929.5108883371,9.86,1.88,0.479999999999999
25905,1143038,13433.3349444377,13931.3350569698,11.42,1.56,-0.319999999999999
25906,1143038,13420.7809399293,13934.6331428999,12.98,1.56,0
25907,1143038,13409.4939420392,13937.5983711592,11.67,-1.31,-2.87
