"V1","V2","V3","V4","V5","acceleration","jerk"
65601,1143857,14044.22,13987.43,0,1.49,0
65602,1143857,14042.9663612882,13986.6247112442,1.49,1.49,0
65603,1143857,14039.8616592543,13984.2824714698,3.9,2.41,0.92
65604,1143857,14029.95071947,13977.1794577961,5.22,1.32,-1.09
65605,1143857,14028.4216897594,13969.7144415105,7.61,2.39,1.07
65606,1143857,14026.6588228121,13960.1904213108,9.71,2.1,-0.29
65607,1143857,14026.3610461406,13949.9747603408,10.22,0.51,-1.59
65608,1143857,14026.1151327251,13941.5383436494,8.44,-1.78,-2.29
65609,1143857,14026.3302733591,13935.5866867778,5.95,-2.49,-0.709999999999998
65610,1143857,14026.5527242437,13931.8232554175,3.78,-2.17,0.319999999999999
65611,1143857,14026.651263495,13930.1561651332,1.67,-2.11,0.0600000000000005
65612,1143857,14026.7468524694,13928.5389877317,1.62,-0.0499999999999998,2.06
65613,1143857,14026.7781254054,13928.0099111744,0.52,-1.1,-1.05
65614,1143857,14026.7899265133,13927.8102596433,0.21,-0.31,0.79
65615,1143857,14026.7999574551,13927.6405558419,0.17,-0.04,0.27
65616,1143857,14026.7999574551,13927.6405558419,0,-0.17,-0.13
65617,1143857,14026.7999574551,13927.6405558419,0,0,0.17
65618,1143857,14026.7999574551,13927.6405558419,0,0,0
65619,1143857,14026.7999574551,13927.6405558419,0,0,0
65620,1143857,14026.7999574551,13927.6405558419,0,0,0
65621,1143857,14026.7999574551,13927.6405558419,0,0,0
65622,1143857,14026.7999574551,13927.6405558419,0,0,0
65623,1143857,14026.7999574551,13927.6405558419,0,0,0
65624,1143857,14026.7999574551,13927.6405558419,0,0,0
65625,1143857,14026.7999574551,13927.6405558419,0,0,0
65626,1143857,14026.7999574551,13927.6405558419,0,0,0
65627,1143857,14026.7999574551,13927.6405558419,0,0,0
65628,1143857,14026.7999574551,13927.6405558419,0,0,0
65629,1143857,14026.7999574551,13927.6405558419,0,0,0
65630,1143857,14026.7999574551,13927.6405558419,0,0,0
65631,1143857,14026.7999574551,13927.6405558419,0,0,0
65632,1143857,14026.7999574551,13927.6405558419,0,0,0
65633,1143857,14026.7999574551,13927.6405558419,0,0,0
65634,1143857,14026.7999574551,13927.6405558419,0,0,0
65635,1143857,14026.7999574551,13927.6405558419,0,0,0
65636,1143857,14026.7999574551,13927.6405558419,0,0,0
65637,1143857,14026.7999574551,13927.6405558419,0,0,0
65638,1143857,14026.7999574551,13927.6405558419,0,0,0
65639,1143857,14026.7999574551,13927.6405558419,0,0,0
65640,1143857,14026.7999574551,13927.6405558419,0,0,0
65641,1143857,14026.7999574551,13927.6405558419,0,0,0
65642,1143857,14026.7999574551,13927.6405558419,0,0,0
65643,1143857,14026.7999574551,13927.6405558419,0,0,0
65644,1143857,14026.7999574551,13927.6405558419,0,0,0
65645,1143857,14026.7999574551,13927.6405558419,0,0,0
65646,1143857,14026.7999574551,13927.6405558419,0,0,0
65647,1143857,14026.7999574551,13927.6405558419,0,0,0
65648,1143857,14026.7999574551,13927.6405558419,0,0,0
65649,1143857,14026.8182491724,13927.3310959688,0.3,0.3,0.3
65650,1143857,14026.8689939365,13926.4725943853,0.87,0.57,0.27
65651,1143857,14026.9816945174,13924.5659222637,1.9,1.03,0.46
65652,1143857,14027.126848145,13922.1102084318,2.46,0.56,-0.47
65653,1143857,14027.4653933726,13918.4010996528,3.73,1.27,0.71
65654,1143857,14028.56503955,13912.4518746373,6.05,2.32,1.05
65655,1143857,14029.9754948122,13904.8211331299,7.76,1.71,-0.61
65656,1143857,14041.9137616968,13887.0651647099,8.79,1.03,-0.680000000000001
65657,1143857,14051.2381531573,13883.2624520082,10.07,1.28,0.250000000000002
65658,1143857,14062.6097751028,13880.5184957552,12,1.93,0.649999999999999
65659,1143857,14074.5220865388,13881.692265856,11.97,-0.0299999999999994,-1.96
65660,1143857,14086.1305012575,13882.7837520505,11.66,-0.31,-0.280000000000001
65661,1143857,14099.1506642163,13883.3354849114,13.04,1.38,1.69
65662,1143857,14112.0127330087,13884.1695427652,12.89,-0.149999999999999,-1.53
65663,1143857,14125.2227861539,13885.0595404617,13.24,0.35,0.499999999999998
65664,1143857,14138.5624169143,13885.7369792137,13.36,0.119999999999999,-0.23
65665,1143857,14154.9151313103,13885.5646266503,13.63,0.270000000000001,0.150000000000002
65666,1143857,14169.3214513475,13883.886686542,12.99,-0.640000000000001,-0.910000000000002
65667,1143857,14178.1510743889,13879.5710821855,9.9,-3.09,-2.45
65668,1143857,14184.3206776226,13875.0310826328,7.66,-2.24,0.85
65669,1143857,14194.211063243,13866.4462528849,4.79,-2.87,-0.63
65670,1143857,14199.825630339,13865.4984364481,3.8,-0.99,1.88
65671,1143857,14203.8727458729,13876.4350314393,2.35,-1.45,-0.46
65672,1143857,14204.3531228599,13878.0761706626,1.71,-0.64,0.81
65673,1143857,14205.1734157266,13880.8785838393,2.92,1.21,1.85
65674,1143857,14205.8869581518,13883.3162994108,2.54,-0.38,-1.59
65675,1143857,14207.3650240145,13887.2038120374,4.16,1.62,2
65676,1143857,14208.7656811324,13890.8221762587,3.88,-0.28,-1.9
65677,1143857,14209.834223676,13893.5825778296,2.96,-0.92,-0.64
65678,1143857,14210.4443037093,13895.1586179157,1.69,-1.27,-0.35
65679,1143857,14211.3215193785,13897.4247583945,2.44,0.75,2.02
65680,1143857,14211.8269111221,13898.7303537321,1.4,-1.04,-1.79
65681,1143857,14212.3864519811,13900.1758342844,1.55,0.15,1.19
65682,1143857,14213.1221484067,13901.8363983186,1.82,0.27,0.12
65683,1143857,14226.4812542834,13918.5282862722,2.93,1.11,0.84
65684,1143857,14230.1784881395,13920.9137551597,4.41,1.48,0.37
65685,1143857,14235.7495473364,13924.5082230515,6.63,2.22,0.74
65686,1143857,14240.4919398004,13927.5790090685,5.65,-0.98,-3.2
65687,1143857,14244.3757663748,13930.3654568322,4.77,-0.880000000000001,0.0999999999999988
65688,1143857,14248.6333503183,13933.4200564728,5.25,0.48,1.36
65689,1143857,14252.1855613936,13935.947869932,4.36,-0.89,-1.37
65690,1143857,14255.9643365828,13938.5180368662,4.57,0.21,1.1
65691,1143857,14258.8252911023,13940.4639400593,3.45,-1.12,-1.33
65692,1143857,14261.9260366077,13942.5729391847,3.76,0.31,1.43
65693,1143857,14264.4646531449,13944.2807284243,3.06,-0.7,-1.01
65694,1143857,14265.8796852824,13945.1293650071,1.65,-1.41,-0.71
65695,1143857,14267.886458132,13946.3328859791,2.33,0.68,2.09
65696,1143857,14269.3272181266,13947.196952318,1.68,-0.65,-1.33
65697,1143857,14271.548389785,13948.5290545904,2.58,0.9,1.55
65698,1143857,14273.0234535889,13949.4136939374,1.72,-0.86,-1.76
65699,1143857,14274.6100047735,13950.3651955606,1.85,0.13,0.99
65700,1143857,14275.6219671506,13950.9720992986,1.18,-0.67,-0.8
65701,1143857,14277.0970309546,13951.8567386455,1.72,0.54,1.21
65702,1143857,14278.8122214244,13952.885389049,2,0.28,-0.26
65703,1143857,14280.1531864991,13953.5556617792,1.5,-0.5,-0.78
65704,1143857,14281.2163488622,13954.0676049298,1.18,-0.32,0.18
65705,1143857,14282.2795112254,13954.5795480805,1.18,0,0.32
65706,1143857,14283.6760380584,13955.2520157784,1.55,0.37,0.37
65707,1143857,14285.3068210053,13956.0372845096,1.81,0.26,-0.11
65708,1143857,14285.9375105428,13956.3409795989,0.69,-1.12,-1.38
65709,1143857,14287.4872048349,13957.0872018186,1.72,1.03,2.15
65710,1143857,14288.5143277959,13957.5817909641,1.14,-0.58,-1.61
65711,1143857,14289.172046885,13957.8985015574,0.73,-0.41,0.17
65712,1143857,14290.7397608781,13958.6534007795,1.73,1,1.41
65713,1143857,14292.0551990563,13959.286821966,1.46,-0.27,-1.27
65714,1143857,14293.4337061882,13959.9506126613,1.53,0.0700000000000001,0.34
65715,1143857,14294.7222226481,13960.5707545205,1.43,-0.1,-0.17
65716,1143857,14296.5024432072,13961.1750845305,1.88,0.45,0.55
65717,1143857,14298.0743400839,13961.7086950713,1.66,-0.22,-0.67
65718,1143857,14299.3337514368,13962.1362264081,1.33,-0.33,-0.11
65719,1143857,14300.4795316903,13962.525183489,1.22,-0.11,0.22
65720,1143857,14301.5306193608,13962.8819953567,1.11,-0.11,2.22044604925031e-16
65721,1143857,14303.8789954175,13963.6791966464,2.48,1.37,1.48
65722,1143857,14305.5550541354,13964.2481669218,1.77,-0.71,-2.08
65723,1143857,14307.7519220594,13964.9939358703,2.32,0.55,1.26
65724,1143857,14307.7519220594,13964.9939358703,0,-2.32,-2.87
65725,1143857,14309.4753270687,13965.5789787523,1.82,1.82,4.14
65726,1143857,14312.8747907959,13966.7329919097,3.58,1.76,-0.0600000000000001
65727,1143857,14316.0375230658,13967.8066420339,3.34,-0.24,-2
65728,1143857,14319.1475799641,13968.7345616421,3.24,-0.0999999999999996,0.140000000000001
65729,1143857,14322.497671826,13969.4706217733,3.44,0.2,0.299999999999999
65730,1143857,14325.3887131995,13970.105822353,2.95,-0.49,-0.69
65731,1143857,14327.9476754964,13970.6680607039,2.62,-0.33,0.16
65732,1143857,14329.9206158932,13971.1015421806,2.02,-0.6,-0.27
65733,1143857,14332.6260836651,13971.6959697501,2.77,0.75,1.35
65734,1143857,14333.8371955918,13971.9620672903,1.24,-1.53,-2.28
65735,1143857,14335.3803865953,13972.3011270591,1.59,0.35,1.88
65736,1143857,14339.5563685523,13969.8469249237,10.19,8.6,8.25
65737,1143857,14351.3308180483,13971.8062351099,11.94,1.75,-6.85
65738,1143857,14364.1869014685,13973.5260049991,12.99,1.05,-0.699999999999999
65739,1143857,14377.622741327,13974.3321112549,13.46,0.470000000000001,-0.58
65740,1143857,14391.1783657905,13975.1454041936,13.58,0.119999999999999,-0.350000000000001
65741,1143857,14404.0053005738,13975.9149781451,12.85,-0.73,-0.85
