"V1","V2","V3","V4","V5","acceleration","jerk"
45357,1144538,14217.514676002,13276.9182756874,13.21,0,0
45358,1144538,14231.7273653167,13279.3342401867,13.21,0,0
45359,1144538,14245.2165681964,13281.3568636488,13.64,0.43,0.43
45360,1144538,14258.4684243979,13283.3438984282,13.39,-0.25,-0.68
45361,1144538,14272.0960795066,13285.3872819552,13.78,0.389999999999999,0.639999999999999
45362,1144538,14284.9029106864,13287.3075879548,12.95,-0.83,-1.22
45363,1144538,14298.550344685,13289.3539372053,13.81,0.860000000000001,1.69
45364,1144538,14311.5252964285,13291.2994518551,13.12,-0.690000000000001,-1.55
45365,1144538,14324.3710994616,13293.5356986383,13.04,-0.0800000000000001,0.610000000000001
45366,1144538,14337.6950169972,13295.9450183566,13.54,0.5,0.58
45367,1144538,14350.7434030032,13298.3045146243,13.26,-0.279999999999999,-0.779999999999999
45368,1144538,14364.2936500095,13300.7547607485,13.77,0.51,0.789999999999999
45369,1144538,14377.8045353687,13303.1978892369,13.73,-0.0399999999999991,-0.549999999999999
45370,1144538,14390.4789857275,13305.4897679645,12.88,-0.85,-0.81
45371,1144538,14404.1276368515,13307.9578081781,13.87,0.989999999999998,1.84
