"V1","V2","V3","V4","V5","acceleration","jerk"
68387,1145956,13645.5,13909.19,0,2.51,0
68388,1145956,13643.0287337294,13909.6292527971,2.51,2.51,0
68389,1145956,13638.667096447,13910.4045077337,4.43,1.92,-0.59
68390,1145956,13632.4150881528,13911.5157648099,6.35,1.92,0
68391,1145956,13624.026566788,13913.0067743043,8.52,2.17,0.25
68392,1145956,13608.1947807747,13914.7324852248,9.92,1.4,-0.77
68393,1145956,13596.125561913,13914.8698026276,12.06,2.14,0.74
68394,1145956,13583.223312985,13915.1942042173,12.91,0.85,-1.29
68395,1145956,13569.7132346413,13916.0938614559,13.54,0.629999999999999,-0.220000000000001
68396,1145956,13555.663834541,13913.7221681059,13.87,0.33,-0.299999999999999
68397,1145956,13541.964040258,13914.6324079659,13.73,-0.139999999999999,-0.469999999999999
68398,1145956,13528.4538279788,13915.5300516442,13.54,-0.190000000000001,-0.0500000000000025
68399,1145956,13515.4924057111,13916.3912326916,12.99,-0.549999999999999,-0.359999999999998
68400,1145956,13502.5349551764,13917.6325074706,13.04,0.0499999999999989,0.599999999999998
68401,1145956,13489.1397256908,13919.8650457182,13.58,0.540000000000001,0.490000000000002
68402,1145956,13478.5566632068,13921.5200589605,10.49,-3.09,-3.63
68403,1145956,13471.2723017503,13915.8504318571,7.12,-3.37,-0.28
68404,1145956,13470.9904786804,13912.2614857289,3.6,-3.52,-0.15
68405,1145956,13475.1164648928,13904.5798750533,5.55,1.95,5.47
68406,1145956,13482.5282711955,13903.3694093035,7.51,1.96,0.0100000000000002
68407,1145956,13491.7362808898,13901.8655949965,9.33,1.82,-0.14
68408,1145956,13502.2766392536,13900.1441869795,10.68,1.35,-0.470000000000001
68409,1145956,13514.2126554568,13898.5539908001,12.05,1.37,0.0200000000000014
68410,1145956,13527.8240307564,13897.4024429483,13.66,1.61,0.239999999999998
68411,1145956,13540.7279334013,13896.3107486086,12.95,-0.710000000000001,-2.32
68412,1145956,13554.0933994823,13895.5224380692,13.39,0.440000000000001,1.15
68413,1145956,13567.7201023569,13895.3403056107,13.63,0.24,-0.200000000000001
68414,1145956,13581.5199077464,13895.2670170473,13.8,0.17,-0.0700000000000003
68415,1145956,13604.7373994103,13894.8028429909,13.78,-0.0200000000000014,-0.190000000000001
68416,1145956,13618.5858096439,13894.2361561271,13.86,0.0800000000000001,0.100000000000001
68417,1145956,13629.0882668329,13893.1555976138,10.59,-3.27,-3.35
68418,1145956,13637.1428754576,13891.5149636197,8.22,-2.37,0.9
68419,1145956,13641.6839247938,13890.2687251641,4.71,-3.51,-1.14
68420,1145956,13647.3149268038,13888.683065565,5.85,1.14,4.65
68421,1145956,13657.2136769541,13890.0035662065,5.02,-0.83,-1.97
68422,1145956,13659.6589539472,13890.1556202328,2.45,-2.57,-1.74
68423,1145956,13660.7668141359,13890.2245100161,1.1,-1.35,1.22
68424,1145956,13661.6151755417,13890.2772634537,0.85,-0.25,1.1
68425,1145956,13661.7848478228,13890.2878141413,0.17,-0.68,-0.43
68426,1145956,13661.82,13890.29,0.04,-0.13,0.55
68427,1145956,13661.82,13890.29,0,-0.04,0.09
68428,1145956,13661.82,13890.29,0,0,0.04
68429,1145956,13674.652504176,13901.4022757971,2.4,2.4,2.4
68430,1145956,13676.0301366233,13905.4545009685,4.28,1.88,-0.52
68431,1145956,13678.1384292704,13911.6559203314,6.55,2.27,0.389999999999999
68432,1145956,13676.911973,13928.385499463,8.11,1.56,-0.71
68433,1145956,13673.3550293461,13937.140535262,9.45,1.34,-0.22
68434,1145956,13669.0076537691,13947.841134572,11.55,2.1,0.760000000000002
68435,1145956,13664.0166407691,13960.1259784552,13.27,1.72,-0.380000000000003
68436,1145956,13659.6278616152,13970.9284882348,11.66,-1.61,-3.33
68437,1145956,13656.6806797306,13978.182660754,7.83,-3.83,-2.22
68438,1145956,13654.9003259229,13982.5648109476,4.73,-3.1,0.73
68439,1145956,13653.2304952996,13992.1442839421,6.18,1.45,4.55
68440,1145956,13654.5108819942,14000.0715476511,8.03,1.85,0.4
68441,1145956,13656.0129047418,14009.3710276186,9.42,1.39,-0.459999999999999
68442,1145956,13657.8051272134,14020.4672223994,11.23,1.81,0.42
68443,1145956,13663.503758483,14036.6293580937,13.01,1.78,-0.0300000000000011
68444,1145956,13664.3191064237,14051.7073290359,15.11,2.1,0.32
68445,1145956,13665.1949305031,14067.9036660348,16.22,1.11,-0.99
68446,1145956,13666.0918132378,14084.4894340713,16.61,0.390000000000001,-0.719999999999999
68447,1145956,13666.7381519696,14096.4419713017,11.97,-4.64,-5.03
68448,1145956,13667.2095418718,14105.1592352968,8.74,-3.23,1.41
68449,1145956,13667.4730450473,14110.0321159722,4.88,-3.86,-0.63
68450,1145956,13667.6030807834,14112.8088929215,2.78,-2.1,1.76
68451,1145956,13667.6357139517,14113.9384216181,1.13,-1.65,0.45
68452,1145956,13667.6518861413,14114.4981880518,0.56,-0.57,1.08
68453,1145956,13667.66834712,14115.0679503146,0.56,0,0.57
68454,1145956,13667.6706574328,14115.147916948,0.08,-0.48,-0.48
68455,1145956,13667.6706574328,14115.147916948,0,-0.08,0.4
68456,1145956,13667.6706574328,14115.147916948,0,0,0.08
68457,1145956,13667.6706574328,14115.147916948,0,0,0
68458,1145956,13667.6706574328,14115.147916948,0,0,0
68459,1145956,13667.6706574328,14115.147916948,0,0,0
68460,1145956,13667.6706574328,14115.147916948,0,0,0
68461,1145956,13667.6706574328,14115.147916948,0,0,0
68462,1145956,13667.6706574328,14115.147916948,0,0,0
68463,1145956,13667.6706574328,14115.147916948,0,0,0
68464,1145956,13667.6706574328,14115.147916948,0,0,0
68465,1145956,13667.6706574328,14115.147916948,0,0,0
68466,1145956,13667.6706574328,14115.147916948,0,0,0
68467,1145956,13667.6706574328,14115.147916948,0,0,0
68468,1145956,13667.6706574328,14115.147916948,0,0,0
68469,1145956,13667.6706574328,14115.147916948,0,0,0
68470,1145956,13667.6706574328,14115.147916948,0,0,0
68471,1145956,13667.6706574328,14115.147916948,0,0,0
68472,1145956,13667.6706574328,14115.147916948,0,0,0
68473,1145956,13667.6706574328,14115.147916948,0,0,0
68474,1145956,13667.6706574328,14115.147916948,0,0,0
68475,1145956,13667.6706574328,14115.147916948,0,0,0
68476,1145956,13667.6706574328,14115.147916948,0,0,0
68477,1145956,13667.6706574328,14115.147916948,0,0,0
68478,1145956,13667.6706574328,14115.147916948,0,0,0
68479,1145956,13667.6706574328,14115.147916948,0,0,0
68480,1145956,13667.6706574328,14115.147916948,0,0,0
68481,1145956,13667.6706574328,14115.147916948,0,0,0
68482,1145956,13667.6706574328,14115.147916948,0,0,0
68483,1145956,13667.6706574328,14115.147916948,0,0,0
68484,1145956,13667.6706574328,14115.147916948,0,0,0
68485,1145956,13667.6706574328,14115.147916948,0,0,0
68486,1145956,13667.6706574328,14115.147916948,0,0,0
68487,1145956,13667.6706574328,14115.147916948,0,0,0
68488,1145956,13667.6706574328,14115.147916948,0,0,0
68489,1145956,13667.6706574328,14115.147916948,0,0,0
68490,1145956,13667.6706574328,14115.147916948,0,0,0
68491,1145956,13667.6706574328,14115.147916948,0,0,0
68492,1145956,13667.6706574328,14115.147916948,0,0,0
68493,1145956,13667.6706574328,14115.147916948,0,0,0
68494,1145956,13667.6706574328,14115.147916948,0,0,0
68495,1145956,13667.6706574328,14115.147916948,0,0,0
68496,1145956,13667.7082000158,14116.4473747405,1.29,1.29,1.29
68497,1145956,13667.7922376439,14119.3561610298,2.91,1.62,0.33
68498,1145956,13669.1901500211,14134.3823122826,4.94,2.03,0.41
68499,1145956,13671.7573016252,14140.0148812029,6.19,1.25,-0.78
68500,1145956,13674.7553926202,14147.7431907216,8.3,2.11,0.86
68501,1145956,13677.6392274582,14157.1807547541,9.87,1.57,-0.540000000000002
68502,1145956,13680.7810771503,14167.8997883165,11.16,1.29,-0.279999999999998
68503,1145956,13684.2548321813,14179.751181736,12.35,1.19,-0.100000000000001
68504,1145956,13688.1054966651,14192.8884753323,13.69,1.34,0.15
68505,1145956,13692.2880664879,14207.1581287856,14.87,1.18,-0.16
68506,1145956,13700.9889092906,14244.9679877934,16.88,2.01,0.83
68507,1145956,13707.4711213721,14265.0657134388,14.29,-2.59,-4.6
