"V1","V2","V3","V4","V5","acceleration","jerk"
50896,1145068,13688.1420782764,14270.5578828569,9.05,-1.43,0
50897,1145068,13685.3559673829,14260.1887434206,7.62,-1.43,0
50898,1145068,13683.8616326199,14255.1559048959,5.25,-2.37,-0.94
50899,1145068,13683.0351402161,14248.8448769349,6.59,1.34,3.71
50900,1145068,13684.2795019168,14244.8334477684,4.19,-2.4,-3.74
50901,1145068,13681.8732192397,14224.5957489041,6.11,1.92,4.32
50902,1145068,13674.9043991447,14206.8084638148,8.3,2.19,0.27
50903,1145068,13672.0933454208,14196.7436500082,10.45,2.15,-0.0400000000000018
50904,1145068,13668.800781059,14184.9548154634,12.24,1.79,-0.359999999999998
50905,1145068,13665.7045869573,14173.8690731751,11.51,-0.73,-2.52
50906,1145068,13663.4799540102,14165.9039047367,8.27,-3.24,-2.51
50907,1145068,13662.0730821464,14160.8666821331,5.23,-3.04,0.200000000000001
50908,1145068,13660.9701806853,14156.9178078166,4.1,-1.13,1.91
50909,1145068,13660.658140272,14155.8005653271,1.15,-2.95,-1.82
50910,1145068,13660.300369798,14154.5195890244,1.34,0.19,3.14
50911,1145068,13660.257329741,14154.3654866121,0.15,-1.19,-1.38
50912,1145068,13660.2438797232,14154.3173296082,0.05,-0.1,1.09
50913,1145068,13660.238499716,14154.2980668067,0.02,-0.03,0.07
50914,1145068,13660.238499716,14154.2980668067,0,-0.02,0.01
50915,1145068,13660.238499716,14154.2980668067,0,0,0.02
50916,1145068,13660.238499716,14154.2980668067,0,0,0
50917,1145068,13660.238499716,14154.2980668067,0,0,0
50918,1145068,13660.238499716,14154.2980668067,0,0,0
50919,1145068,13660.238499716,14154.2980668067,0,0,0
50920,1145068,13660.238499716,14154.2980668067,0,0,0
50921,1145068,13659.8914892563,14153.0556161071,1.3,1.3,1.3
50922,1145068,13659.3949283958,14150.9645846609,2.15,0.85,-0.45
50923,1145068,13658.5400503485,14147.0263003233,4.03,1.88,1.03
50924,1145068,13657.0363165124,14141.4559337827,5.68,1.65,-0.230000000000001
50925,1145068,13651.4497042392,14124.5419619534,7.96,2.28,0.630000000000001
50926,1145068,13649.9313471717,14114.4252682338,10.23,2.27,-0.00999999999999979
50927,1145068,13648.6694473298,14092.7001111644,12.18,1.95,-0.320000000000001
50928,1145068,13648.5203863847,14078.9209173986,13.78,1.6,-0.35
50929,1145068,13648.3713254396,14065.1417236328,13.78,0,-1.6
50930,1145068,13648.2250769651,14051.6225146551,13.52,-0.26,-0.26
50931,1145068,13645.8108264067,14038.4949894648,13.41,-0.109999999999999,0.15
50932,1145068,13642.7079519533,14025.6031404846,13.26,-0.15,-0.0400000000000009
50933,1145068,13639.5138164865,14012.3321194757,13.65,0.390000000000001,0.540000000000001
50934,1145068,13636.3173409938,13999.051376107,13.67,0.0199999999999996,-0.370000000000001
50935,1145068,13637.7770390359,13981.1015352793,13.42,-0.25,-0.27
50936,1145068,13641.5237502984,13966.8870301976,14.7,1.28,1.53
50937,1145068,13645.4794617811,13951.8796071455,15.53,0.83,-0.449999999999999
50938,1145068,13648.815818953,13939.2219288109,13.09,-2.44,-3.27
50939,1145068,13651.2320653999,13930.055023493,9.48,-3.61,-1.17
50940,1145068,13653.1436527788,13922.802724982,7.5,-1.98,1.63
50941,1145068,13645.1258640706,13909.2565004235,8.82,1.32,3.3
50942,1145068,13634.9158914705,13911.0712619794,10.37,1.55,0.229999999999999
50943,1145068,13622.5792514821,13913.2640259424,12.54,2.17,0.620000000000001
50944,1145068,13603.5150836518,13914.7857284266,13.13,0.590000000000002,-1.58
50945,1145068,13590.2259437453,13914.9369254673,13.29,0.159999999999998,-0.430000000000003
50946,1145068,13576.3784727016,13915.650012833,13.88,0.590000000000002,0.430000000000003
50947,1145068,13563.4670684352,13916.5098034288,12.93,-0.950000000000001,-1.54
50948,1145068,13549.7973436708,13917.4200917721,13.7,0.77,1.72
50949,1145068,13535.9480166833,13918.3423401082,13.88,0.180000000000001,-0.589999999999998
50950,1145068,13522.4778499448,13919.2393395706,13.5,-0.380000000000001,-0.560000000000002
50951,1145068,13509.486622468,13920.1044457187,13.02,-0.48,-0.0999999999999996
50952,1145068,13496.0283810598,13922.0543452655,13.61,0.59,1.07
50953,1145068,13483.2843173553,13924.1792547448,12.92,-0.69,-1.28
50954,1145068,13463.7861324072,13926.8883203679,13.04,0.119999999999999,0.809999999999999
50955,1145068,13450.440165047,13928.7120679438,13.47,0.430000000000001,0.310000000000002
50956,1145068,13436.9158551386,13930.5601863114,13.65,0.18,-0.250000000000002
50957,1145068,13424.4562263031,13933.6676015644,12.85,-0.800000000000001,-0.98
50958,1145068,13415.4904619122,13936.0230142434,9.27,-3.58,-2.78
50959,1145068,13409.3005059143,13937.6491891242,6.41,-2.86,0.720000000000001
