"V1","V2","V3","V4","V5","acceleration","jerk"
43323,1146922,14212.7617879666,13275.4308219783,6.62,-1.19,0
43324,1146922,14218.023292953,13276.7319619698,5.43,-1.19,0
43325,1146922,14220.3919409543,13277.3177150287,2.43,-3,-1.81
43326,1146922,14221.4112362007,13277.5697808942,1.06,-1.37,1.63
43327,1146922,14221.8869073158,13277.6874116315,0.49,-0.57,0.8
43328,1146922,14222.0131057748,13277.7186197863,0.13,-0.36,0.21
43329,1146922,14222.090766365,13277.7378248046,0.08,-0.05,0.31
43330,1146922,14222.1198890864,13277.7450266865,0.03,-0.05,0
43331,1146922,14227.5737984476,13278.7114382408,2.39,2.36,2.41
43332,1146922,14232.3405109021,13279.4261776168,4.81,2.42,0.0599999999999992
43333,1146922,14238.6005295406,13280.3648291208,6.33,1.52,-0.899999999999999
43334,1146922,14246.7791004948,13281.5911558093,8.27,1.94,0.419999999999999
43335,1146922,14256.985007659,13283.1214691619,10.32,2.05,0.110000000000001
43336,1146922,14268.6446632273,13284.8697631955,11.79,1.47,-0.580000000000002
43337,1146922,14282.3514338954,13286.9250096166,13.86,2.07,0.600000000000001
43338,1146922,14295.9197523345,13288.9594959729,13.72,-0.139999999999999,-2.21
43339,1146922,14308.6474679549,13290.8679390783,12.87,-0.850000000000001,-0.710000000000003
43340,1146922,14321.9798794017,13293.1033022635,13.52,0.65,1.5
43341,1146922,14335.2545948784,13295.503724937,13.49,-0.0299999999999994,-0.68
43342,1146922,14348.8540439435,13297.9628681059,13.82,0.33,0.359999999999999
43343,1146922,14362.4928546557,13300.4291289107,13.87,0.0499999999999989,-0.280000000000001
43344,1146922,14375.2657091322,13302.7388017278,12.98,-0.889999999999999,-0.939999999999998
43345,1146922,14388.6585095502,13305.1605773087,13.6,0.619999999999999,1.51
43346,1146922,14402.2874798506,13307.6250587045,13.85,0.25,-0.369999999999999
