"V1","V2","V3","V4","V5","acceleration","jerk"
44148,1147779,13534.59,13432.08,0,1.55,0
44149,1147779,13534.4569308292,13433.6242773701,1.55,1.55,0
44150,1147779,13534.1864999336,13436.7626475093,3.16,1.61,0.0600000000000001
44151,1147779,13533.7993115721,13441.2559965023,4.5,1.34,-0.27
44152,1147779,13533.293648723,13447.1242505086,5.89,1.39,0.0499999999999998
44153,1147779,13532.5931039269,13455.2541236312,8.16,2.27,0.880000000000001
44154,1147779,13531.774943154,13464.7489386873,9.53,1.37,-0.900000000000001
44155,1147779,13530.8494685337,13475.4891387193,10.78,1.25,-0.119999999999999
44156,1147779,13529.8046609151,13487.6142068444,12.16,1.38,0.130000000000001
44157,1147779,13528.6980405203,13500.4566167157,12.89,0.73,-0.65
44158,1147779,13527.5132956446,13514.2056668494,13.81,0.92,0.19
44159,1147779,13526.3354188551,13527.8750123447,13.71,-0.0999999999999996,-1.02
44160,1147779,13541.5311317447,13537.1251918459,13.82,0.109999999999999,0.209999999999999
44161,1147779,13554.1369004327,13541.0747102705,13.21,-0.609999999999999,-0.719999999999999
44162,1147779,13566.7966850109,13545.10489309,13.3,0.0899999999999999,0.699999999999999
44163,1147779,13578.4986314528,13550.6735684533,12.95,-0.350000000000001,-0.440000000000001
44164,1147779,13590.4242473781,13555.6180385769,12.91,-0.0399999999999991,0.310000000000002
44165,1147779,13602.9503009758,13560.8114556858,13.56,0.65,0.69
44166,1147779,13615.0976169648,13565.8478446963,13.15,-0.41,-1.06
44167,1147779,13626.8569578423,13570.7233756547,12.73,-0.42,-0.00999999999999979
44168,1147779,13635.3000352673,13574.2239532635,9.14,-3.59,-3.17
44169,1147779,13641.1566119494,13576.6521438586,6.34,-2.8,0.789999999999999
44170,1147779,13644.4913504072,13578.0347571155,3.61,-2.73,0.0700000000000007
44171,1147779,13650.56324107,13588.3930451807,6.03,2.42,5.15
44172,1147779,13648.7757771799,13595.4398794233,7.26,1.23,-1.19
44173,1147779,13646.4621547307,13604.5610225075,9.41,2.15,0.920000000000001
44174,1147779,13643.6149976678,13615.7855535293,11.58,2.17,0.0199999999999996
44175,1147779,13640.2613515247,13629.006849137,13.64,2.06,-0.109999999999999
44176,1147779,13637.0970241154,13641.481781283,12.88,-0.76,-2.82
44177,1147779,13633.8982751182,13654.0924158766,13,0.119999999999999,0.879999999999999
44178,1147779,13634.5389572902,13668.6571356721,12.01,-0.99,-1.11
44179,1147779,13645.6081003763,13670.9295949871,11.3,-0.709999999999999,0.280000000000001
44180,1147779,13654.4830062489,13672.751584491,9.06,-2.24,-1.53
44181,1147779,13663.4264820344,13674.5876511765,9.14,0.0800000000000001,2.32
44182,1147779,13672.9576999307,13676.5443794185,9.73,0.59,0.51
44183,1147779,13679.6383685898,13677.9158991113,6.82,-2.91,-3.5
44184,1147779,13683.1452298507,13678.6358463987,3.59,-3.23,-0.32
44185,1147779,13696.7489659135,13694.161195371,5.67,2.08,5.31
44186,1147779,13698.5438785793,13701.360826509,7.42,1.75,-0.33
44187,1147779,13700.822595198,13710.5010590318,9.42,2,0.25
44188,1147779,13700.9563310497,13721.9476937668,11.59,2.17,0.17
44189,1147779,13699.7922529469,13735.3271489938,13.43,1.84,-0.33
44190,1147779,13698.6030383848,13748.9955127848,13.72,0.290000000000001,-1.55
44191,1147779,13707.4064156386,13762.6499230949,13.85,0.129999999999999,-0.160000000000002
44192,1147779,13720.6094450096,13763.9814317983,13.27,-0.58,-0.709999999999999
44193,1147779,13734.0233891127,13765.6626125881,13.52,0.25,0.83
44194,1147779,13753.7730698121,13768.1585762504,13.69,0.17,-0.0800000000000001
44195,1147779,13767.2239170627,13769.7098042283,13.54,-0.15,-0.32
44196,1147779,13781.0320620724,13770.4726631108,13.87,0.33,0.48
44197,1147779,13794.4993065312,13769.8863810217,13.48,-0.389999999999999,-0.719999999999999
44198,1147779,13807.8366740033,13769.3057529883,13.34,-0.140000000000001,0.249999999999998
44199,1147779,13821.3752924039,13768.1537424414,13.61,0.27,0.41
44200,1147779,13834.9215022064,13766.3942538835,13.66,0.0500000000000007,-0.219999999999999
44201,1147779,13847.8429600196,13764.7159130409,13.03,-0.630000000000001,-0.680000000000001
44202,1147779,13860.9194126062,13763.3412290495,13.16,0.130000000000001,0.760000000000002
44203,1147779,13871.1725029073,13762.3593231081,10.29,-2.87,-3
44204,1147779,13881.1966407065,13761.3993432217,10.07,-0.219999999999999,2.65
44205,1147779,13893.1917609132,13760.250608601,12.05,1.98,2.2
44206,1147779,13916.2240185356,13760.6710391824,13.57,1.52,-0.460000000000001
44207,1147779,13929.2995134397,13761.28710169,13.09,-0.48,-2
44208,1147779,13942.3256268008,13759.7477823481,13.13,0.0400000000000009,0.520000000000001
44209,1147779,13955.6651376298,13757.8169561204,13.48,0.35,0.309999999999999
44210,1147779,13973.1016933377,13749.7008748996,13.24,-0.24,-0.59
44211,1147779,13985.5836662792,13745.3760105679,13.21,-0.0299999999999994,0.210000000000001
44212,1147779,13997.8105194104,13741.1395424035,12.95,-0.260000000000002,-0.230000000000002
44213,1147779,14011.301089807,13738.4178006753,13.87,0.92,1.18
44214,1147779,14024.6661371871,13737.7567286286,13.39,-0.479999999999999,-1.4
44215,1147779,14038.2072733075,13739.4283113337,13.82,0.43,0.909999999999998
44216,1147779,14050.8673982515,13744.8939462489,13.79,-0.0300000000000011,-0.460000000000001
44217,1147779,14063.4094099643,13750.5295866026,13.75,-0.0399999999999991,-0.00999999999999801
44218,1147779,14075.4679841348,13755.9479986372,13.23,-0.52,-0.48
44219,1147779,14087.7181090295,13761.4524822699,13.43,0.199999999999999,0.719999999999999
44220,1147779,14100.423934739,13765.5411083503,13.56,0.130000000000001,-0.0699999999999985
44221,1147779,14113.7783860482,13765.9261151433,13.36,-0.200000000000001,-0.330000000000002
44222,1147779,14123.3146105261,13766.1944813475,9.54,-3.82,-3.62
44223,1147779,14129.1517126593,13765.6134118158,5.89,-3.65,0.170000000000001
44224,1147779,14132.6445728676,13765.0376275114,3.54,-2.35,1.3
44225,1147779,14147.2295000131,13771.0398394972,5.52,1.98,4.33
44226,1147779,14149.2245540054,13778.2696223133,7.5,1.98,8.88178419700125e-16
44227,1147779,14151.5600972124,13786.7332880633,8.78,1.28,-0.700000000000001
44228,1147779,14154.4409551773,13797.1730944497,10.83,2.05,0.770000000000001
44229,1147779,14167.350917929,13818.947591506,12.89,2.06,0.00999999999999979
44230,1147779,14179.5992745704,13826.443414315,14.37,1.48,-0.580000000000002
44231,1147779,14189.6442877198,13846.8913326867,16.13,1.76,0.280000000000001
44232,1147779,14207.8981071763,13878.4326342088,17.19,1.06,-0.699999999999998
44233,1147779,14212.8296317536,13892.2051620938,14.64,-2.55,-3.61
44234,1147779,14229.0940751321,13916.2806083146,13.28,-1.36,1.19
44235,1147779,14240.2664594617,13923.4964123856,13.3,0.0200000000000014,1.38
44236,1147779,14251.0576164795,13931.0947375484,13.19,-0.110000000000001,-0.130000000000003
44237,1147779,14262.2072813767,13938.7757881146,13.54,0.35,0.460000000000001
44238,1147779,14273.4018713969,13945.7981266874,13.22,-0.319999999999999,-0.669999999999998
44239,1147779,14285.2725454454,13952.3662839761,13.58,0.359999999999999,0.679999999999998
44240,1147779,14297.2422592172,13957.9601043629,13.23,-0.35,-0.709999999999999
44241,1147779,14309.8387717913,13962.2283441607,13.3,0.0700000000000003,0.42
44242,1147779,14322.8222157353,13966.1856369672,13.59,0.289999999999999,0.219999999999999
44243,1147779,14335.4241171561,13968.9428240448,12.89,-0.699999999999999,-0.989999999999998
44244,1147779,14348.1088023309,13971.3100348312,12.91,0.0199999999999996,0.719999999999999
44245,1147779,14361.4618017052,13973.362507965,13.51,0.6,0.58
44246,1147779,14375.3268697316,13974.1943665009,13.89,0.380000000000001,-0.219999999999999
44247,1147779,14389.1120813546,13975.021433915,13.81,-0.0800000000000001,-0.460000000000001
44248,1147779,14402.1686032974,13975.8047823419,13.08,-0.73,-0.65
