"V1","V2","V3","V4","V5","acceleration","jerk"
51892,1147186,13825.3958999215,13279.4515913136,13.31,-0.0600000000000005,0
51893,1147186,13821.4647364631,13292.0945163653,13.25,-0.0600000000000005,0
51894,1147186,13817.7577966475,13304.8777948843,13.31,0.0600000000000005,0.120000000000001
51895,1147186,13814.1268450827,13317.4333152134,13.07,-0.24,-0.300000000000001
51896,1147186,13810.8264851294,13328.8456779915,11.88,-1.19,-0.949999999999999
51897,1147186,13808.1928645607,13337.9525129356,9.48,-2.4,-1.21
51898,1147186,13806.6732543802,13343.2071951238,5.47,-4.01,-1.61
51899,1147186,13805.942619138,13345.7336693752,2.63,-2.84,1.17
51900,1147186,13804.7149372957,13353.2336910249,4.38,1.75,4.59
51901,1147186,13802.8402988576,13358.680096328,5.76,1.38,-0.37
51902,1147186,13800.555583261,13365.3179027912,7.02,1.26,-0.12
51903,1147186,13797.7175889588,13373.563155264,8.72,1.7,0.440000000000001
51904,1147186,13794.4499900144,13383.0565422855,10.04,1.32,-0.380000000000003
51905,1147186,13790.564020752,13394.3464866118,11.94,1.9,0.580000000000002
51906,1147186,13786.1898643962,13407.0547656525,13.44,1.5,-0.4
51907,1147186,13781.8412371184,13419.4748426812,13.16,-0.279999999999999,-1.78
51908,1147186,13777.0301158559,13432.45169562,13.84,0.68,0.959999999999999
51909,1147186,13772.3962830213,13444.9503552786,13.32,-0.52,-1.2
51910,1147186,13767.6025429772,13457.8803265234,13.79,0.469999999999999,0.989999999999998
51911,1147186,13755.5183944455,13493.1897632324,13.4,-0.389999999999999,-0.859999999999998
51912,1147186,13760.3737995946,13507.177761659,14.94,1.54,1.93
51913,1147186,13770.2185019382,13525.4851248564,16.71,1.77,0.230000000000002
51914,1147186,13783.2880722831,13537.6867940455,17.87,1.16,-0.610000000000001
51915,1147186,13797.7530914024,13550.0780837164,19.08,1.21,0.0499999999999972
51916,1147186,13813.9361104043,13562.4163330244,20.34,1.26,0.0500000000000043
51917,1147186,13830.9700301595,13575.4033256621,21.42,1.08,-0.18
51918,1147186,13849.847139135,13588.6925930305,23.09,1.67,0.589999999999996
51919,1147186,13871.7191878609,13598.9069658285,24.18,1.09,-0.579999999999998
