"V1","V2","V3","V4","V5","acceleration","jerk"
80968,1149012,14349.225193379,14266.9530339536,19.4,-0.5,0
80969,1149012,14350.5591039373,14248.0901396205,18.9,-0.5,0
80970,1149012,14351.8958360939,14229.1873449292,18.95,0.0500000000000007,0.550000000000001
80971,1149012,14353.91809321,14210.0846677565,19.21,0.260000000000002,0.210000000000001
80972,1149012,14355.9371332692,14191.3229946637,18.87,-0.34,-0.600000000000001
80973,1149012,14357.9690130108,14172.4420104543,18.98,0.109999999999999,0.449999999999999
80974,1149012,14359.8920143026,14154.0322785732,18.52,-0.460000000000001,-0.57
80975,1149012,14361.8264677396,14134.829469146,19.29,0.77,1.23
80976,1149012,14363.742879642,14115.8057532781,19.12,-0.169999999999998,-0.939999999999998
80977,1149012,14365.6322292423,14097.0506777494,18.85,-0.27,-0.100000000000001
80978,1149012,14367.5356111474,14078.15630723,19,0.149999999999999,0.419999999999998
80979,1149012,14369.4239584403,14059.4111813435,18.84,-0.16,-0.309999999999999
80980,1149012,14370.6140528489,14040.569667212,18.88,0.0399999999999991,0.199999999999999
80981,1149012,14371.7570539172,14021.6742061549,18.92,0.0400000000000027,3.5527136788005e-15
80982,1149012,14372.7167621637,13999.2908461351,19.16,0.239999999999998,0.199999999999996
80983,1149012,14372.2424489839,13978.7663259944,20.53,1.37,1.13
80984,1149012,14371.737870326,13956.9321555183,21.84,1.31,-0.0600000000000023
80985,1149012,14371.1921675833,13933.3184601591,23.62,1.78,0.470000000000002
80986,1149012,14370.6131959181,13908.2651491641,25.06,1.44,-0.340000000000003
80987,1149012,14370.0083484244,13882.0921371191,26.18,1.12,-0.319999999999997
80988,1149012,14373.0356743405,13826.5027208545,27.56,1.38,0.259999999999998
80989,1149012,14371.8468274341,13786.4733867471,27.28,-0.279999999999998,-1.66
80990,1149012,14371.5998608304,13758.8155792145,27.67,0.390000000000001,0.669999999999998
80991,1149012,14372.8065781923,13731.7424590913,27.1,-0.57,-0.960000000000001
80992,1149012,14372.1569194561,13694.5700780378,27.39,0.289999999999999,0.859999999999999
80993,1149012,14368.6542092552,13667.3646388528,27.43,0.0399999999999991,-0.25
80994,1149012,14365.1642686868,13640.2583809991,27.32,-0.109999999999999,-0.149999999999999
80995,1149012,14361.6704972286,13613.1223687461,27.37,0.0500000000000007,0.16
80996,1149012,14357.0175185556,13586.4097738398,27.13,-0.240000000000002,-0.290000000000003
80997,1149012,14349.0192182548,13553.4147098768,27.57,0.440000000000001,0.680000000000003
80998,1149012,14338.9195733425,13517.4302718083,27.26,-0.309999999999999,-0.75
80999,1149012,14333.243283178,13490.4860268135,27.58,0.319999999999997,0.629999999999995
81000,1149012,14328.8056674466,13453.9125211401,27.06,-0.52,-0.839999999999996
81001,1149012,14327.3032889734,13410.8930456704,27.13,0.0700000000000003,0.59
81002,1149012,14329.396441572,13376.4822123875,25.67,-1.46,-1.53
81003,1149012,14330.3332651517,13352.0801886685,24.42,-1.25,0.209999999999997
81004,1149012,14331.7116604487,13329.1623484667,22.97,-1.45,-0.200000000000003
81005,1149012,14331.8853153888,13307.4801236602,21.59,-1.38,0.0700000000000038
81006,1149012,14330.4222982146,13285.488734874,22.04,0.449999999999999,1.83
81030,1149012,14211.8298608841,13275.2003617583,8.39,-0.56875,-0.0424479166666666
81031,1149012,14217.6932354446,13276.6503406419,6.04,-2.35,-1.78125
81032,1149012,14220.2851576428,13277.2913081285,2.67,-3.37,-1.02
81033,1149012,14227.5045723331,13278.7010582084,4.21,1.54,4.91
81034,1149012,14233.9426009802,13279.6664012244,6.51,2.3,0.76
81035,1149012,14242.0321669301,13280.879382157,8.18,1.67,-0.63
81036,1149012,14251.7930490726,13282.3429667296,9.87,1.69,0.0199999999999996
81037,1149012,14262.8000012757,13283.993391886,11.12,1.25,-0.44
81038,1149012,14275.0629129846,13285.8321404879,12.4,1.28,0.0300000000000011
81039,1149012,14287.8005180499,13287.7420664551,12.88,0.48,-0.800000000000001
81040,1149012,14300.6172386746,13289.6638553164,12.97,0.0899999999999999,-0.390000000000001
81041,1149012,14313.8097582066,13291.6419929252,13.34,0.369999999999999,0.279999999999999
81042,1149012,14326.5163092273,13293.9236097894,12.9,-0.44,-0.809999999999999
81043,1149012,14339.5646952334,13296.2831060571,13.26,0.359999999999999,0.799999999999999
81044,1149012,14352.8098894748,13298.6781905038,13.46,0.200000000000001,-0.159999999999998
81045,1149012,14365.7697117749,13301.021672091,13.18,-0.280000000000001,-0.480000000000002
81046,1149012,14378.6409703691,13303.3491389976,13.08,-0.0999999999999996,0.180000000000001
81047,1149012,14391.6499947281,13305.7015176295,13.22,0.140000000000001,0.24
81048,1149012,14404.6294978517,13308.0485580346,13.19,-0.0300000000000011,-0.170000000000002
