"V1","V2","V3","V4","V5","acceleration","jerk"
56080,1153321,13901.57,13592.13,0,2.26,0
56081,1153321,13901.1746827174,13594.3551571284,2.26,2.26,0
56082,1153321,13900.4470190469,13598.4510215772,4.16,1.9,-0.359999999999999
56083,1153321,13900.0110267491,13601.2972976016,2.88,-1.28,-3.18
56084,1153321,13899.7998060592,13602.8328384901,1.54,-1.34,-0.0599999999999996
56085,1153321,13899.6635346464,13603.823510031,1,-0.54,0.8
56086,1153321,13899.6281040791,13604.0810846316,0.27,-0.73,-0.19
56087,1153321,13899.6226532225,13604.1207114933,0.04,-0.23,0.5
56088,1153321,13896.1679034613,13624.9808780632,2.21,2.17,2.4
56089,1153321,13895.2929039614,13629.5478109372,4.65,2.44,0.27
56090,1153321,13894.9721130014,13635.7825078822,6.27,1.62,-0.820000000000001
56091,1153321,13894.9384221656,13659.0288411165,8.56,2.29,0.670000000000002
56092,1153321,13895.1322055205,13667.2565593915,8.22,-0.34,-2.63
56093,1153321,13895.3450611132,13676.294053098,9.05,0.83,1.17
56094,1153321,13887.1600268916,13691.9505258074,11.18,2.13,1.3
56095,1153321,13873.9401994677,13692.0180749212,13.22,2.04,-0.0899999999999981
56096,1153321,13861.0403678665,13692.0839889581,12.9,-0.32,-2.36
56097,1153321,13847.5905434451,13692.1527132834,13.45,0.549999999999999,0.869999999999999
56098,1153321,13833.930721765,13692.2225106279,13.66,0.210000000000001,-0.339999999999998
56099,1153321,13820.1309019126,13692.2930233186,13.8,0.140000000000001,-0.0700000000000003
56100,1153321,13806.461080363,13692.3628717592,13.67,-0.130000000000001,-0.270000000000001
56101,1153321,13793.0512554195,13692.4313916999,13.42,-0.25,-0.119999999999999
56102,1153321,13779.7814286483,13692.4991962945,13.27,-0.15,0.0999999999999996
56103,1153321,13755.9702314722,13690.9823874342,13.75,0.48,0.630000000000001
56104,1153321,13742.3356891556,13689.4534479924,13.72,-0.0299999999999994,-0.51
56105,1153321,13729.3669736139,13687.9991725029,13.05,-0.67,-0.640000000000001
56106,1153321,13716.6765140379,13686.5760998591,12.76,-0.290000000000001,0.379999999999999
56107,1153321,13707.9611396854,13685.5987821547,8.78,-3.98,-3.69
56108,1153321,13702.6047123467,13684.998127374,5.39,-3.39,0.590000000000001
56109,1153321,13699.6929624205,13684.6716118809,2.93,-2.46,0.93
56110,1153321,13697.8942363569,13684.4699077709,1.81,-1.12,1.34
56111,1153321,13697.5961049651,13684.4364761504,0.3,-1.51,-0.39
56112,1153321,13697.4569769823,13684.4208747276,0.14,-0.16,1.35
56113,1153321,13697.3874129909,13684.4130740161,0.07,-0.07,0.09
56114,1153321,13697.3675375648,13684.4108452414,0.02,-0.05,0.02
56115,1153321,13697.36,13684.41,0.01,-0.01,0.04
56116,1153321,13697.36,13684.41,0,-0.01,0
56117,1153321,13697.36,13684.41,0,0,0.01
56118,1153321,13697.36,13684.41,0,0,0
56119,1153321,13697.36,13684.41,0,0,0
56120,1153321,13697.36,13684.41,0,0,0
56121,1153321,13697.36,13684.41,0,0,0
56122,1153321,13697.36,13684.41,0,0,0
56123,1153321,13697.36,13684.41,0,0,0
56124,1153321,13697.36,13684.41,0,0,0
56125,1153321,13697.36,13684.41,0,0,0
56126,1153321,13697.36,13684.41,0,0,0
56127,1153321,13697.36,13684.41,0,0,0
56128,1153321,13697.36,13684.41,0,0,0
56129,1153321,13697.36,13684.41,0,0,0
56130,1153321,13697.36,13684.41,0,0,0
56131,1153321,13697.36,13684.41,0,0,0
56132,1153321,13697.36,13684.41,0,0,0
56133,1153321,13697.36,13684.41,0,0,0
56134,1153321,13697.36,13684.41,0,0,0
56135,1153321,13697.36,13684.41,0,0,0
56136,1153321,13697.36,13684.41,0,0,0
56137,1153321,13697.36,13684.41,0,0,0
56138,1153321,13697.36,13684.41,0,0,0
56139,1153321,13697.36,13684.41,0,0,0
56140,1153321,13697.36,13684.41,0,0,0
56141,1153321,13697.36,13684.41,0,0,0
56142,1153321,13697.36,13684.41,0,0,0
56143,1153321,13697.36,13684.41,0,0,0
56144,1153321,13697.36,13684.41,0,0,0
56145,1153321,13697.36,13684.41,0,0,0
56146,1153321,13697.36,13684.41,0,0,0
56147,1153321,13697.36,13684.41,0,0,0
56148,1153321,13697.36,13684.41,0,0,0
56149,1153321,13697.36,13684.41,0,0,0
56150,1153321,13697.36,13684.41,0,0,0
56151,1153321,13697.36,13684.41,0,0,0
56152,1153321,13697.36,13684.41,0,0,0
56153,1153321,13697.36,13684.41,0,0,0
56154,1153321,13697.36,13684.41,0,0,0
56155,1153321,13684.2097041858,13682.2295184785,1.94,1.94,1.94
56156,1153321,13679.8605735596,13681.3358391199,4.44,2.5,0.56
56157,1153321,13673.3956496557,13680.0073968301,6.6,2.16,-0.340000000000001
56158,1153321,13665.2949040974,13678.3428183852,8.27,1.67,-0.489999999999999
56159,1153321,13655.3624300997,13676.3018479581,10.15,1.88,0.210000000000001
56160,1153321,13645.077323889,13674.1884170426,10.5,0.35,-1.53
56161,1153321,13638.9650321981,13672.9324352413,6.24,-4.26,-4.61
56162,1153321,13635.8501143171,13672.2923675926,3.18,-3.06,1.2
56163,1153321,13628.7650820056,13675.7892894225,4.68,1.5,4.56
56164,1153321,13627.6344362865,13681.6410539742,5.95,1.27,-0.229999999999999
56165,1153321,13626.1451742334,13689.3790445749,7.88,1.93,0.659999999999999
56166,1153321,13624.3686433578,13698.6096424997,9.41,1.53,-0.399999999999999
56167,1153321,13622.3275227775,13709.2150103281,10.8,1.39,-0.14
56168,1153321,13619.9896837423,13721.3620844057,12.37,1.57,0.179999999999998
56169,1153321,13617.5913670604,13733.8233916041,12.69,0.32,-1.25
56170,1153321,13615.7921570673,13743.1718269492,9.52,-3.17,-3.49
56171,1153321,13614.6752105275,13748.9753198997,5.91,-3.61,-0.44
56172,1153321,13614.1441411913,13751.7346794921,2.81,-3.1,0.509999999999999
56173,1153321,13605.0108286245,13760.0481607931,4.23,1.42,4.52
56174,1153321,13598.8444804911,13760.2604122886,6.16,1.93,0.509999999999999
56175,1153321,13590.9391622195,13760.5325207698,7.92,1.76,-0.17
56176,1153321,13581.5547199225,13760.8555420894,9.38,1.46,-0.299999999999999
56177,1153321,13570.0014577838,13761.2501693212,11.57,2.19,0.729999999999999
56178,1153321,13556.699196245,13761.6985706255,13.3,1.73,-0.459999999999999
56179,1153321,13542.9705129326,13762.2561139038,13.74,0.44,-1.29
56180,1153321,13529.9025257084,13761.9436671815,13.08,-0.66,-1.1
56181,1153321,13516.9172360438,13761.5998014525,12.98,-0.0999999999999996,0.56
56182,1153321,13503.5914172245,13761.2659559835,13.33,0.35,0.449999999999999
56183,1153321,13490.4755325352,13760.9373698954,13.13,-0.199999999999999,-0.549999999999999
56184,1153321,13477.5595851126,13760.6137927416,12.91,-0.220000000000001,-0.0200000000000014
56185,1153321,13464.4737054874,13760.2853828273,13.09,0.18,0.4
56186,1153321,13450.6681153976,13759.9364096577,13.81,0.720000000000001,0.540000000000001
56187,1153321,13437.2248517842,13759.3724385524,13.46,-0.35,-1.07
56188,1153321,13413.68792098,13756.0112873862,13.83,0.369999999999999,0.719999999999999
