"V1","V2","V3","V4","V5","acceleration","jerk"
55331,1154034,14404.3185906693,13320.9242086059,13.3,-0.32,0
55332,1154034,14391.5060541036,13318.7843472193,12.98,-0.32,0
55333,1154034,14378.8118781529,13316.6642536054,12.88,-0.0999999999999996,0.220000000000001
55334,1154034,14365.141227129,13314.3810758674,13.86,0.979999999999999,1.08
55335,1154034,14352.1412862564,13312.2099155076,13.18,-0.68,-1.66
55336,1154034,14338.8947607693,13309.9975722881,13.43,0.25,0.93
55337,1154034,14325.6186451285,13307.7802871255,13.46,0.0300000000000011,-0.219999999999999
55338,1154034,14312.2734857957,13305.5514707622,13.53,0.0699999999999985,0.0399999999999974
55339,1154034,14298.7902390788,13303.2995919975,13.67,0.140000000000001,0.0700000000000021
55340,1154034,14285.9481123594,13301.1547886678,13.01,-0.66,-0.800000000000001
55341,1154034,14272.5043191808,13298.9094991606,13.63,0.620000000000001,1.28
55342,1154034,14259.3761543086,13296.7169237138,13.31,-0.32,-0.940000000000001
55343,1154034,14246.632661435,13294.588593528,12.93,-0.380000000000001,-0.0600000000000005
55344,1154034,14230.03483602,13291.7282120001,13.54,0.609999999999999,0.99
55345,1154034,14217.0172996563,13289.3667194596,13.23,-0.309999999999999,-0.919999999999998
55346,1154034,14204.0391209233,13287.0123667303,13.19,-0.0400000000000009,0.269999999999998
55347,1154034,14190.5492929908,13284.565196456,13.71,0.520000000000001,0.560000000000002
55348,1154034,14177.1185015044,13282.1287358983,13.65,-0.0600000000000005,-0.580000000000002
55349,1154034,14164.0616075099,13279.7601035467,13.27,-0.380000000000001,-0.32
55350,1154034,14150.5422613544,13277.307578414,13.74,0.470000000000001,0.850000000000001
55351,1154034,14137.8986224826,13275.0139140795,12.85,-0.890000000000001,-1.36
55383,1154034,13733.2246099573,13276.4457408623,12.97,0.00375000000000003,0.0279296875
55384,1154034,13722.625287534,13284.2457042398,13.16,0.19,0.186249999999999
55385,1154034,13712.0836861992,13292.0397238252,13.11,-0.0500000000000007,-0.24
55386,1154034,13695.5348274091,13302.7759639493,13.65,0.540000000000001,0.590000000000002
55387,1154034,13684.6027342317,13309.6618726593,12.92,-0.73,-1.27
55388,1154034,13673.4252612539,13316.7023412396,13.21,0.290000000000001,1.02
55389,1154034,13662.2224041588,13323.758798772,13.24,0.0299999999999994,-0.260000000000002
55390,1154034,13651.0614836395,13331.0582056913,13.34,0.0999999999999996,0.0700000000000003
55391,1154034,13639.9105099202,13338.9308345478,13.64,0.300000000000001,0.200000000000001
55392,1154034,13628.8167206815,13346.7630909486,13.58,-0.0600000000000005,-0.360000000000001
55393,1154034,13618.3029454605,13354.185855299,12.87,-0.710000000000001,-0.65
55394,1154034,13607.1601409527,13362.0527166618,13.64,0.770000000000001,1.48
55395,1154034,13585.1416809241,13379.4607049344,13.88,0.24,-0.530000000000001
55396,1154034,13572.8734223567,13386.9155258811,13.88,0,-0.24
55397,1154034,13554.115858218,13394.0034996846,13.33,-0.550000000000001,-0.550000000000001
55398,1154034,13540.7996591432,13395.3085829,13.38,0.0500000000000007,0.600000000000001
55399,1154034,13527.6526494437,13396.5970843407,13.22,-0.16,-0.210000000000001
55400,1154034,13514.5354966929,13397.8826595858,13.18,-0.0400000000000009,0.119999999999999
55401,1154034,13501.2392022504,13399.1857920042,13.36,0.18,0.220000000000001
55402,1154034,13484.9595903342,13395.0299344508,13.18,-0.18,-0.359999999999999
55403,1154034,13472.1513935942,13392.6359845201,13.03,-0.15,0.0299999999999994
55404,1154034,13458.6551126089,13390.1134263814,13.73,0.700000000000001,0.850000000000001
55405,1154034,13448.1243296252,13396.6041204734,11.63,-2.1,-2.8
55406,1154034,13447.0895370124,13404.5160802383,7.98,-3.65,-1.55
55407,1154034,13446.3771351373,13409.4246526956,4.97,-3.01,0.64
55408,1154034,13434.9523166464,13417.729845366,7.09,2.12,5.13
55409,1154034,13425.6582355507,13418.0615931417,9.3,2.21,0.0900000000000007
55410,1154034,13415.9344281248,13418.408679793,9.73,0.43,-1.78
55411,1154034,13408.8989086717,13418.659809292,7.04,-2.69,-3.12
55412,1154034,13405.4511043943,13418.7828770153,3.45,-3.59,-0.899999999999999
