"V1","V2","V3","V4","V5","acceleration","jerk"
74111,1157384,13603.11,13403.13,0,2.45,0
74112,1157384,13605.3956517273,13404.0122109619,2.45,2.45,0
74113,1157384,13609.1739739705,13405.4705596949,4.05,1.6,-0.850000000000001
74114,1157384,13614.7061840697,13407.6058703088,5.92,1.87,0.27
74115,1157384,13621.8742960452,13411.3998594927,8.14,2.22,0.350000000000001
74116,1157384,13630.7034523761,13416.5471304672,10.21,2.07,-0.15
74117,1157384,13641.0012550634,13422.5506011145,11.93,1.72,-0.350000000000001
74118,1157384,13652.4480575472,13429.2239220941,13.25,1.32,-0.399999999999999
74119,1157384,13665.467175542,13436.8138803705,15.06,1.81,0.49
74120,1157384,13680.1622782023,13445.3809135677,17.02,1.96,0.149999999999999
74121,1157384,13694.8953733452,13454.9063042589,17.59,0.57,-1.39
74122,1157384,13706.0830313512,13464.0832976849,14.47,-3.12,-3.69
74123,1157384,13714.0156762124,13470.5902743643,10.26,-4.21,-1.09
74124,1157384,13724.5877036733,13479.3945777462,7.55,-2.71,1.5
74125,1157384,13726.2444797064,13482.6131944019,3.62,-3.93,-1.22
74126,1157384,13726.9035287361,13483.8935280991,1.44,-2.18,1.75
74127,1157384,13727.4161224259,13484.889343197,1.13,-0.31,1.87
74128,1157384,13727.5213872015,13485.0938409404,0.22,-0.91,-0.6
74129,1157384,13727.5305406602,13485.1116233528,0.02,-0.2,0.71
74130,1157384,13727.5305406602,13485.1116233528,0,-0.02,0.18
74131,1157384,13727.5305406602,13485.1116233528,0,0,0.02
74132,1157384,13727.5305406602,13485.1116233528,0,0,0
74133,1157384,13727.5305406602,13485.1116233528,0,0,0
74134,1157384,13727.5305406602,13485.1116233528,0,0,0
74135,1157384,13727.5305406602,13485.1116233528,0,0,0
74136,1157384,13727.5305406602,13485.1116233528,0,0,0
74137,1157384,13727.5305406602,13485.1116233528,0,0,0
74138,1157384,13727.5305406602,13485.1116233528,0,0,0
74139,1157384,13727.5305406602,13485.1116233528,0,0,0
74140,1157384,13753.9560274699,13513.5475180417,2.41,2.41,2.41
74141,1157384,13757.9513655141,13516.171574808,4.78,2.37,-0.04
74142,1157384,13763.5013748474,13519.8167080565,6.64,1.86,-0.510000000000001
74143,1157384,13771.6365649398,13526.8090196118,8.49,1.85,-0.0099999999999989
74144,1157384,13778.7488087573,13533.4489659882,9.73,1.24,-0.61
74145,1157384,13787.2644963701,13541.3991587205,11.65,1.92,0.68
74146,1157384,13797.3952359454,13549.8052477366,13.18,1.53,-0.390000000000001
74147,1157384,13808.9579433796,13558.6208813945,14.53,1.35,-0.18
74148,1157384,13821.6021695285,13568.2610860135,15.9,1.37,0.0200000000000014
74149,1157384,13835.3901728686,13578.7251597414,17.31,1.41,0.0399999999999974
74150,1157384,13851.0409091285,13589.5156441848,19.01,1.7,0.290000000000004
74151,1157384,13864.916397005,13595.8943861082,15.29,-3.72,-5.42000000000001
74152,1157384,13896.5273118581,13623.1049981085,13.65,-1.64,2.08
74153,1157384,13894.966042003,13636.2924717466,13.33,-0.32,1.32
74154,1157384,13895.0523846732,13663.8674992515,12.89,-0.44,-0.119999999999999
74155,1157384,13895.3759063374,13677.6036899073,13.74,0.85,1.29
74156,1157384,13883.1500792388,13691.9710153647,13.89,0.15,-0.699999999999999
74157,1157384,13869.3702591253,13692.041425863,13.78,-0.110000000000001,-0.260000000000002
74158,1157384,13856.1304319625,13692.1090771691,13.25,-0.529999999999999,-0.419999999999998
74159,1157384,13843.180601014,13692.1752466867,12.94,-0.31,0.219999999999999
74160,1157384,13829.3807811615,13692.2457593774,13.8,0.860000000000001,1.17
74161,1157384,13815.8709575233,13692.3147902796,13.52,-0.280000000000001,-1.14
74162,1157384,13802.5011320576,13692.3831058357,13.37,-0.15,0.130000000000001
74163,1157384,13789.2313052864,13692.4509104302,13.26,-0.109999999999999,0.0400000000000009
74164,1157384,13775.8314802123,13692.5193792748,13.4,0.140000000000001,0.25
74165,1157384,13752.4820941886,13690.591237475,13.31,-0.0899999999999999,-0.23
74166,1157384,13739.4140015163,13689.125818112,13.15,-0.16,-0.0700000000000003
74167,1157384,13726.6241648097,13687.6916015948,12.87,-0.280000000000001,-0.120000000000001
74168,1157384,13717.4814687957,13686.6663652343,9.19,-3.68,-3.4
74169,1157384,13710.6542599243,13685.9007811261,6.87,-2.32,1.36
74170,1157384,13707.3151883366,13685.5263469771,3.36,-3.51,-1.19
74171,1157384,13705.7748428125,13685.3536169381,1.55,-1.81,1.7
74172,1157384,13704.9997011939,13685.2666947249,0.78,-0.77,1.04
74173,1157384,13704.9003240633,13685.2555508514,0.11,-0.67,0.1
74174,1157384,13704.8208223588,13685.2466357526,0.07,-0.04,0.63
74175,1157384,13704.8208223588,13685.2466357526,0,-0.07,-0.03
74176,1157384,13704.8208223588,13685.2466357526,0,0,0.07
74177,1157384,13704.8208223588,13685.2466357526,0,0,0
74178,1157384,13704.8208223588,13685.2466357526,0,0,0
74179,1157384,13704.8208223588,13685.2466357526,0,0,0
74180,1157384,13704.8208223588,13685.2466357526,0,0,0
74181,1157384,13704.8208223588,13685.2466357526,0,0,0
74182,1157384,13704.8208223588,13685.2466357526,0,0,0
74183,1157384,13704.8208223588,13685.2466357526,0,0,0
74184,1157384,13704.8208223588,13685.2466357526,0,0,0
74185,1157384,13704.8208223588,13685.2466357526,0,0,0
74186,1157384,13704.8208223588,13685.2466357526,0,0,0
74187,1157384,13704.8208223588,13685.2466357526,0,0,0
74188,1157384,13704.8208223588,13685.2466357526,0,0,0
74189,1157384,13704.8208223588,13685.2466357526,0,0,0
74190,1157384,13704.8208223588,13685.2466357526,0,0,0
74191,1157384,13704.8208223588,13685.2466357526,0,0,0
74192,1157384,13704.8208223588,13685.2466357526,0,0,0
74193,1157384,13704.8208223588,13685.2466357526,0,0,0
74194,1157384,13704.8208223588,13685.2466357526,0,0,0
74195,1157384,13704.8208223588,13685.2466357526,0,0,0
74196,1157384,13703.8866773313,13685.1418833419,0.95,0.95,0.95
74197,1157384,13700.7165468656,13684.7863937778,3.19,2.24,1.29
74198,1157384,13693.9741007205,13698.7198063726,4.88,1.69,-0.55
74199,1157384,13694.0852853775,13705.6389131048,6.92,2.04,0.35
74200,1157384,13694.1202807974,13714.4440633189,8.8,1.88,-0.159999999999999
74201,1157384,13693.1981837043,13725.1745170348,10.78,1.98,0.0999999999999979
74202,1157384,13692.1279688796,13737.6286183765,12.5,1.72,-0.259999999999998
74203,1157384,13690.9438831974,13751.407836101,13.83,1.33,-0.390000000000001
74204,1157384,13689.6176729866,13766.8409584836,15.48,1.65,0.32
74205,1157384,13688.6261117281,13783.6167489662,16.83,1.35,-0.300000000000002
74206,1157384,13688.7624804448,13801.8062377873,18.18,1.35,3.5527136788005e-15
74207,1157384,13688.9122686228,13821.7856763055,19.99,1.81,0.459999999999997
74208,1157384,13689.0716528403,13843.0450788528,21.26,1.27,-0.539999999999996
74209,1157384,13689.0524472472,13865.924894959,22.91,1.65,0.379999999999995
74210,1157384,13679.2517650471,13888.1280372685,24.27,1.36,-0.289999999999999
74211,1157384,13671.373605555,13912.2118576992,25.34,1.07,-0.289999999999999
74212,1157384,13663.8754679029,13937.521575145,26.43,1.09,0.0199999999999996
74213,1157384,13658.4363272943,13964.5803214102,27.61,1.18,0.0899999999999999
74214,1157384,13653.3724061537,13993.0228972299,27.45,-0.16,-1.34
74215,1157384,13657.7078624707,14019.8650267751,27.19,-0.259999999999998,-0.0999999999999979
74216,1157384,13664.2478309746,14050.3892547549,27.4,0.209999999999997,0.469999999999995
74217,1157384,13665.7408356475,14077.9989167783,27.66,0.260000000000002,0.0500000000000043
74218,1157384,13667.2214211133,14105.3789143437,27.42,-0.239999999999998,-0.5
74219,1157384,13672.6945815323,14142.071360324,27.38,-0.0400000000000027,0.199999999999996
74220,1157384,13680.9498425769,14168.475564515,27.68,0.300000000000001,0.340000000000003
74221,1157384,13688.6202312162,14194.6445927377,27.27,-0.41,-0.710000000000001
74222,1157384,13699.0937151208,14242.8528426308,27.08,-0.190000000000001,0.219999999999999
74223,1157384,13709.9800450641,14274.8284846595,27.21,0.130000000000003,0.320000000000004
