"V1","V2","V3","V4","V5","acceleration","jerk"
26666,1158691,14352.6538369785,14265.2177484146,18.89,-0.0100000000000016,0
26667,1158691,14353.9861628671,14246.3848169453,18.88,-0.0100000000000016,0
26668,1158691,14355.4020324537,14227.107624956,19.32,0.440000000000001,0.450000000000003
26669,1158691,14357.4183806895,14208.3758354047,18.85,-0.469999999999999,-0.91
26670,1158691,14359.4807496122,14189.2165156249,19.26,0.41,0.879999999999999
26671,1158691,14361.543118535,14170.057195845,19.28,0.0199999999999996,-0.390000000000001
26672,1158691,14363.4705420621,14151.4166827613,18.73,-0.550000000000001,-0.57
26673,1158691,14365.377571293,14132.4824772191,19.04,0.309999999999999,0.859999999999999
26674,1158691,14367.2675645298,14113.7174159199,18.85,-0.189999999999998,-0.499999999999996
26675,1158691,14369.1956382241,14094.5742674894,19.25,0.399999999999999,0.589999999999996
26676,1158691,14371.1237119184,14075.431119059,19.24,-0.0100000000000016,-0.41
26677,1158691,14372.9235306653,14056.949666856,18.57,-0.669999999999998,-0.659999999999997
26678,1158691,14374.0466234124,14038.4537331763,18.53,-0.0399999999999991,0.629999999999999
26679,1158691,14375.2079001008,14019.3289577148,19.16,0.629999999999999,0.669999999999998
26680,1158691,14375.9596860845,13996.7415056723,19.34,0.18,-0.449999999999999
26681,1158691,14375.4853341902,13976.2169864263,20.53,1.19,1.01
26682,1158691,14374.9802522413,13954.3628222413,21.86,1.33,0.139999999999997
26683,1158691,14374.4816397775,13932.7885833066,21.57,-0.289999999999999,-1.62
26684,1158691,14374.0294689751,13913.2238077759,19.58,-1.99,-1.7
26685,1158691,14373.5925476735,13894.3188560496,18.91,-0.669999999999998,1.32
26686,1158691,14376.987257139,13862.9604003259,20.05,1.14,1.81
26687,1158691,14376.2821907644,13824.6932341167,21.52,1.47,0.329999999999998
26688,1158691,14375.2151723507,13789.5624198513,22.4,0.879999999999999,-0.59
26689,1158691,14374.6588065903,13766.0189928038,23.55,1.15,0.270000000000003
26690,1158691,14375.6979687995,13740.8331157712,25.21,1.66,0.509999999999998
26691,1158691,14376.8718560197,13714.4892571169,26.37,1.16,-0.5
26692,1158691,14373.2482951835,13677.209594034,27.28,0.91,-0.25
26693,1158691,14369.755839613,13650.0633299432,27.37,0.0899999999999999,-0.82
26694,1158691,14363.0215243495,13623.6157536012,27.09,-0.280000000000001,-0.370000000000001
26695,1158691,14359.1862983496,13596.37653832,27.51,0.420000000000002,0.700000000000003
26696,1158691,14351.8197546607,13563.679227084,27.13,-0.380000000000003,-0.800000000000004
26697,1158691,14344.6217144699,13538.0100884773,26.66,-0.469999999999999,-0.0899999999999963
26698,1158691,14334.8756204688,13501.8567511673,27.33,0.669999999999998,1.14
26699,1158691,14331.0365984293,13474.6389279491,27.48,0.150000000000002,-0.519999999999996
26700,1158691,14327.4071466531,13437.3514662344,27.68,0.199999999999999,0.0499999999999972
26701,1158691,14329.0741926748,13384.8760289002,27.78,0.100000000000001,-0.0999999999999979
26702,1158691,14330.1226524796,13357.5661473179,27.33,-0.450000000000003,-0.550000000000004
26703,1158691,14331.6473771264,13330.1803207917,27.43,0.100000000000001,0.550000000000004
26704,1158691,14331.6118294198,13303.3692106929,26.73,-0.699999999999999,-0.800000000000001
26705,1158691,14329.8220530549,13276.1480650455,27.28,0.550000000000001,1.25
