"V1","V2","V3","V4","V5","acceleration","jerk"
22253,1158592,14199.23,13864.1,0,2.54,0
22254,1158592,14203.4991193274,13875.1585898212,2.54,2.54,0
22255,1158592,14204.9177765113,13880.0052290479,5.04,2.5,-0.04
22256,1158592,14206.8957316812,13885.9914735097,6.31,1.27,-1.23
22257,1158592,14209.8486634401,13893.6198805536,8.18,1.87,0.600000000000001
22258,1158592,14213.5999874387,13902.7034449492,9.84,1.66,-0.21
22259,1158592,14234.4387098783,13923.6624659005,11.41,1.57,-0.0899999999999999
22260,1158592,14245.5132888024,13931.18157124,13.39,1.98,0.41
22261,1158592,14256.3281573887,13938.7654927636,13.21,-0.18,-2.16
22262,1158592,14267.6206036092,13946.1734451666,13.51,0.299999999999999,0.479999999999999
22263,1158592,14279.1711127907,13953.08276514,13.45,-0.0600000000000005,-0.359999999999999
22264,1158592,14291.208273106,13958.8790028459,13.37,-0.0800000000000001,-0.0199999999999996
22265,1158592,14303.3392476948,13963.4959689306,13,-0.369999999999999,-0.289999999999999
22266,1158592,14316.3784163643,13967.9223648018,13.77,0.77,1.14
22267,1158592,14329.5006335315,13971.0092664207,13.49,-0.279999999999999,-1.05
22268,1158592,14342.0821909098,13973.7101718417,12.87,-0.620000000000001,-0.340000000000002
22269,1158592,14355.5326713316,13975.7878331285,13.61,0.74,1.36
22270,1158592,14368.6947859009,13977.0866694468,13.24,-0.369999999999999,-1.11
22271,1158592,14381.6514666295,13977.8643740814,12.98,-0.26,0.109999999999999
22272,1158592,14394.9675005986,13978.663648336,13.34,0.359999999999999,0.619999999999999
22368,1158592,14393.086789724,13995.2766497066,13.12,-0.00229166666666667,-0.00377387152777777
22369,1158592,14379.7130852624,13994.2910027627,13.42,0.300000000000001,0.302291666666667
22370,1158592,14366.4549754047,13993.3708815738,13.28,-0.140000000000001,-0.440000000000001
22371,1158592,14353.5996190345,13992.3129619035,12.9,-0.379999999999999,-0.239999999999998
22372,1158592,14329.8610007178,13989.5733499592,13.29,0.389999999999999,0.769999999999998
22373,1158592,14316.1825845629,13987.9067104212,13.78,0.49,0.100000000000001
22374,1158592,14303.4456002907,13985.8853431178,12.9,-0.879999999999999,-1.37
22375,1158592,14290.3531822655,13983.1832221596,13.37,0.469999999999999,1.35
22376,1158592,14277.1563743599,13979.7120911265,13.71,0.340000000000002,-0.129999999999997
22377,1158592,14264.5670273876,13974.7924590615,13.52,-0.190000000000001,-0.530000000000003
22378,1158592,14251.9738936966,13970.5768471436,13.27,-0.25,-0.0599999999999987
22379,1158592,14239.3617944429,13966.3548864127,13.31,0.0400000000000009,0.290000000000001
22380,1158592,14221.648021755,13960.5153154924,13.33,0.0199999999999996,-0.0200000000000014
22381,1158592,14208.9367361075,13956.3704250007,13.37,0.0399999999999991,0.0199999999999996
22382,1158592,14193.6468840925,13950.9547583295,13.67,0.300000000000001,0.260000000000002
22383,1158592,14180.4449421401,13948.6289860306,13.43,-0.24,-0.540000000000001
22384,1158592,14167.3851699138,13947.1791811413,13.14,-0.289999999999999,-0.0499999999999989
22385,1158592,14154.4751844832,13945.7396061409,12.99,-0.15,0.139999999999999
22386,1158592,14141.5950142615,13944.3033557942,12.96,-0.0299999999999994,0.120000000000001
22387,1158592,14128.0458695261,13941.7735915829,13.8,0.84,0.869999999999999
22388,1158592,14114.703241884,13938.5880171923,13.72,-0.0800000000000001,-0.92
22389,1158592,14101.7444404508,13934.5742492582,13.61,-0.110000000000001,-0.0300000000000011
22390,1158592,14090.5236316015,13928.225183256,12.94,-0.67,-0.559999999999999
22391,1158592,14080.1310522966,13920.6197312655,12.88,-0.0599999999999987,0.610000000000001
22392,1158592,14068.2717077222,13913.7285795081,13.77,0.889999999999999,0.949999999999998
22393,1158592,14058.9903241033,13909.1485596082,10.35,-3.42,-4.31
22394,1158592,14052.3309289576,13905.6768804332,7.51,-2.84,0.58
22395,1158592,14047.8876109623,13903.7098234483,4.86,-2.65,0.19
22396,1158592,14045.9358294477,13902.8569172873,2.13,-2.73,-0.080000000000001
22397,1158592,14045.404358425,13902.6246705392,0.58,-1.55,1.18
22398,1158592,14045.3585419575,13902.6046492678,0.05,-0.53,1.02
22399,1158592,14045.331052077,13902.592636505,0.02,-0.03,0.5
22400,1158592,14045.3218887835,13902.5886322507,0.02,0,0.03
22401,1158592,14044.2131302706,13902.1041174832,1.21,1.19,1.19
22402,1158592,14041.225896591,13900.7987305889,3.26,2.05,0.86
22403,1158592,14026.0101284616,13889.9700836444,4.61,1.35,-0.699999999999999
22404,1158592,14019.2906783097,13890.0560467594,6.72,2.11,0.759999999999999
22405,1158592,14010.6780102874,13889.3447193361,8.71,1.99,-0.119999999999998
22406,1158592,14001.2825282871,13886.7394519829,9.75,1.04,-0.950000000000002
22407,1158592,13990.6824973124,13883.8001759947,11.01,1.26,0.220000000000001
22408,1158592,13978.9109979747,13881.6242305096,12,0.99,-0.27
22409,1158592,13965.9648578101,13881.4388208713,13.05,1.05,0.0600000000000005
22410,1158592,13943.4909791063,13882.4744268922,13.03,-0.0200000000000014,-1.07
22411,1158592,13930.904275082,13882.18636127,12.59,-0.44,-0.419999999999998
22412,1158592,13917.8638922397,13880.6929813492,13.15,0.56,1
22413,1158592,13904.1970807235,13878.3275716637,13.87,0.719999999999999,0.159999999999998
22414,1158592,13885.6163313266,13877.1531970688,12.81,-1.06,-1.78
22415,1158592,13871.9013919108,13875.2070249843,13.87,1.06,2.12
22416,1158592,13858.5732656926,13873.8210049587,13.41,-0.459999999999999,-1.52
22417,1158592,13845.3849857427,13872.4437485042,13.25,-0.16,0.299999999999999
22418,1158592,13832.9424984507,13871.3155656191,12.5,-0.75,-0.59
22419,1158592,13819.3444789324,13871.0834768833,13.6,1.1,1.85
22420,1158592,13805.7079376226,13871.3587347212,13.66,0.0600000000000005,-1.04
22421,1158592,13791.9645676122,13872.2147024527,13.77,0.109999999999999,0.0499999999999989
22422,1158592,13778.3162652299,13873.9812965435,13.77,0,-0.109999999999999
22423,1158592,13764.9994670968,13876.1253521438,13.48,-0.289999999999999,-0.289999999999999
22424,1158592,13743.1413920257,13880.5990226889,13.75,0.27,0.559999999999999
22425,1158592,13731.4861391957,13886.6649126167,12.73,-1.02,-1.29
22426,1158592,13719.0497388656,13890.8286214981,13.14,0.41,1.43
22427,1158592,13702.6482905543,13894.1502630006,13.89,0.75,0.34
22428,1158592,13694.339529365,13901.4101676164,11.07,-2.82,-3.57
22429,1158592,13689.8146182056,13906.7846623375,7.03,-4.04,-1.22
22430,1158592,13687.4754524041,13909.6385024439,3.69,-3.34,0.7
22431,1158592,13686.5499288079,13910.767664112,1.46,-2.23,1.11
22432,1158592,13678.9859158077,13923.2807113939,3.48,2.02,4.25
22433,1158592,13676.9458486538,13928.3021181696,5.42,1.94,-0.0800000000000001
22434,1158592,13674.4315223461,13934.490863052,6.68,1.26,-0.68
22435,1158592,13671.3751855768,13942.0137086275,8.12,1.44,0.18
22436,1158592,13667.8445896537,13950.7038923095,9.38,1.26,-0.179999999999998
22437,1158592,13663.8510264614,13960.5336203337,10.62,1.24,-0.0200000000000031
22438,1158592,13659.5601103075,13971.0952508214,11.39,0.770000000000001,-0.469999999999997
22439,1158592,13656.5225933459,13978.5717734562,8.08,-3.31,-4.08
22440,1158592,13654.8589223459,13982.6667214173,4.42,-3.66,-0.35
22441,1158592,13653.3468940901,13992.8649442793,6.8,2.38,6.04
22442,1158592,13654.7771641586,14001.7201815732,8.97,2.17,-0.209999999999999
22443,1158592,13656.4003692085,14011.7699380561,10.18,1.21,-0.960000000000002
22444,1158592,13658.2866674148,14023.4485843422,11.83,1.65,0.440000000000001
22445,1158592,13660.4135457268,14040.5039602451,13.69,1.86,0.209999999999999
22446,1158592,13657.9461725642,14056.0814643464,15.42,1.73,-0.129999999999999
22447,1158592,13658.8651938855,14073.0766342429,17.03,1.61,-0.119999999999999
22448,1158592,13659.8689897939,14091.639513701,18.59,1.56,-0.0500000000000025
22449,1158592,13660.7194354936,14107.3665363725,15.75,-2.84,-4.4
22450,1158592,13661.2326473758,14120.6356654464,13.28,-2.47,0.369999999999999
