"V1","V2","V3","V4","V5","acceleration","jerk"
42819,1159628,13644.92,13905.94,0,1.36,0
42820,1159628,13643.5810027831,13906.1780891708,1.36,1.36,0
42821,1159628,13639.8298414624,13906.8450889801,3.81,2.45,1.09
42822,1159628,13634.513234866,13907.7904430405,5.4,1.59,-0.86
42823,1159628,13627.1979780122,13909.0911802015,7.43,2.03,0.439999999999999
42824,1159628,13618.6520251869,13910.6107493209,8.68,1.25,-0.779999999999999
42825,1159628,13602.1551043372,13911.505874819,10.88,2.2,0.950000000000001
42826,1159628,13589.7258634074,13911.6432426066,12.43,1.55,-0.650000000000002
42827,1159628,13576.2284929658,13912.3558138806,13.52,1.09,-0.459999999999999
42828,1159628,13563.3069826989,13913.2143431003,12.95,-0.57,-1.66
42829,1159628,13549.6570784169,13914.1212681756,13.68,0.73,1.3
42830,1159628,13536.1269101374,13915.0202377678,13.57,-0.109999999999999,-0.84
42831,1159628,13522.9659278655,13915.8946779537,13.18,-0.390000000000001,-0.280000000000001
42832,1159628,13509.5255615878,13916.7876809336,13.48,0.300000000000001,0.690000000000001
42833,1159628,13495.7880207374,13918.7569965438,13.89,0.41,0.109999999999999
42834,1159628,13482.4445493235,13924.3159291605,13.87,-0.0200000000000014,-0.430000000000001
42835,1159628,13462.7953404725,13927.0237136549,13.06,-0.809999999999999,-0.789999999999997
42836,1159628,13450.0339403538,13928.7675791915,12.88,-0.18,0.629999999999999
42837,1159628,13436.7771442677,13930.5791413716,13.38,0.5,0.68
42838,1159628,13426.9031932835,13933.0247543069,10.18,-3.2,-3.7
42839,1159628,13420.2103033607,13934.7830558968,6.92,-3.26,-0.0599999999999987
42840,1159628,13416.1288011245,13935.8553149588,4.22,-2.7,0.56
42841,1159628,13411.9602526321,13936.9504421051,4.31,0.0899999999999999,2.79
42842,1159628,13407.1630367337,13938.2107276378,4.96,0.65,0.56
