"V1","V2","V3","V4","V5","acceleration","jerk"
47358,1163089,13487.7225867036,13278.2038960263,13.47,-0.530000000000001,0
47359,1163089,13496.6049829859,13287.6138182515,12.94,-0.530000000000001,0
47360,1163089,13505.6315294397,13297.1764517339,13.15,0.210000000000001,0.740000000000002
47361,1163089,13514.5345186036,13306.608189853,12.97,-0.18,-0.390000000000001
47362,1163089,13523.4992864125,13316.1053756537,13.06,0.0899999999999999,0.27
47363,1163089,13532.3473612254,13325.4789380558,12.89,-0.17,-0.26
47364,1163089,13541.3601790914,13335.0270276089,13.13,0.24,0.41
47365,1163089,13549.4188601079,13343.564314079,11.74,-1.39,-1.63
47366,1163089,13556.0703608788,13350.610847801,9.69,-2.05,-0.66
47367,1163089,13560.0379227422,13354.8140433545,5.77,-3.92,-1.87
47368,1163089,13561.4576694724,13357.6371769793,3.19,-2.58,1.34
47369,1163089,13568.7877419733,13361.3814081492,5.38,2.19,4.77
47370,1163089,13574.8786924059,13357.0396662375,7.48,2.1,-0.0899999999999994
47371,1163089,13582.2806629183,13351.7634050106,9.09,1.61,-0.490000000000001
47372,1163089,13590.895937728,13345.6222780821,10.58,1.49,-0.119999999999999
47373,1163089,13600.9280913817,13338.471173757,12.32,1.74,0.25
47374,1163089,13612.0514046049,13330.5422707472,13.66,1.34,-0.4
47375,1163089,13623.353863429,13322.4856694458,13.88,0.220000000000001,-1.12
47376,1163089,13634.2654591238,13314.7076825987,13.4,-0.48,-0.700000000000001
47377,1163089,13644.8734760773,13307.2108370501,12.99,-0.41,0.0700000000000003
47378,1163089,13655.5866130119,13299.8115737746,13.02,0.0299999999999994,0.44
47379,1163089,13666.3079781623,13292.4066275012,13.03,0.00999999999999979,-0.0199999999999996
47380,1163089,13676.9552893707,13285.0528282089,12.94,-0.0899999999999999,-0.0999999999999996
47381,1163089,13687.7753931104,13277.5796859606,13.15,0.210000000000001,0.300000000000001
47422,1163089,14204.1870306715,13278.1039581361,12.19,-0.0234146341463415,-0.00569303985722786
47423,1163089,14217.0886712503,13280.1950273301,13.07,0.880000000000001,0.903414634146342
47424,1163089,14231.7812847877,13282.6757975843,12.97,-0.0999999999999996,-0.98
47425,1163089,14245.4979449007,13284.7325268673,13.86,0.889999999999999,0.989999999999998
47426,1163089,14258.8486955515,13286.7343902645,13.51,-0.35,-1.24
47427,1163089,14272.0609939733,13288.7154935969,13.36,-0.15,0.199999999999999
47428,1163089,14285.1249507211,13290.6743540026,13.21,-0.149999999999999,1.77635683940025e-15
47429,1163089,14298.4361435922,13292.6702859528,13.46,0.25,0.399999999999999
47430,1163089,14311.5396581198,13294.6350778056,13.25,-0.210000000000001,-0.460000000000001
47431,1163089,14324.3041341996,13296.8727825643,12.95,-0.300000000000001,-0.0899999999999999
47432,1163089,14337.1949467706,13299.2045096626,13.1,0.15,0.450000000000001
47433,1163089,14350.6466572931,13301.6376935889,13.67,0.57,0.42
47434,1163089,14364.1967709649,13304.0886769587,13.77,0.0999999999999996,-0.470000000000001
47435,1163089,14377.8551281012,13306.5592397163,13.89,0.120000000000001,0.0200000000000014
47436,1163089,14390.755780987,13308.892746759,13.11,-0.780000000000001,-0.900000000000002
47437,1163089,14404.3452559187,13311.3508499062,13.81,0.700000000000001,1.48
