"V1","V2","V3","V4","V5","acceleration","jerk"
25688,1164698,14401.6630081681,13995.9157719152,13.35,-0.19,0
25689,1164698,14388.5393994791,13994.9377663029,13.16,-0.19,0
25690,1164698,14375.0343391952,13993.9662948337,13.54,0.379999999999999,0.569999999999999
25691,1164698,14361.5467812362,13993.0302498019,13.52,-0.0199999999999996,-0.399999999999999
25692,1164698,14347.87,13991.74,13.75,0.23,0.25
25693,1164698,14324.6198876144,13995.1548498287,13.43,-0.32,-0.550000000000001
25694,1164698,14311.0837218033,13993.9172335326,13.63,0.200000000000001,0.520000000000001
25695,1164698,14298.3104915213,13991.2300608052,13.07,-0.56,-0.760000000000002
25696,1164698,14285.8896099668,13987.4960815055,12.97,-0.0999999999999996,0.460000000000001
25697,1164698,14272.5701255895,13985.0504307685,13.69,0.719999999999999,0.819999999999999
25698,1164698,14259.0612049509,13985.5614808144,13.58,-0.109999999999999,-0.829999999999998
25699,1164698,14247.5410080732,13991.8762148383,13.41,-0.17,-0.0600000000000005
25700,1164698,14244.0606210186,14003.8824372071,13.03,-0.380000000000001,-0.210000000000001
25701,1164698,14246.3594132866,14016.8441104595,13.21,0.180000000000001,0.560000000000002
25702,1164698,14254.6314799075,14026.9226067307,13.36,0.149999999999999,-0.0300000000000029
25703,1164698,14267.961497277,14029.1058590895,13.69,0.33,0.180000000000001
25704,1164698,14295.7161310232,14025.3052517053,13.8,0.110000000000001,-0.219999999999999
25705,1164698,14306.7321866199,14017.7318233764,13.48,-0.32,-0.430000000000001
25706,1164698,14311.8675495992,14002.4411572005,13.58,0.0999999999999996,0.42
25707,1164698,14312.1057752375,13989.3133185153,13.12,-0.460000000000001,-0.56
25708,1164698,14312.3552499158,13975.5655818876,13.75,0.630000000000001,1.09
25709,1164698,14312.5969228405,13962.2477744781,13.32,-0.43,-1.06
25710,1164698,14312.8307940117,13949.3598962867,12.89,-0.43,0
25711,1164698,14313.0806315623,13935.5921629512,13.77,0.879999999999999,1.31
25712,1164698,14313.3179500199,13922.5143160355,13.07,-0.699999999999999,-1.58
25713,1164698,14313.5219491155,13908.8461498943,13.67,0.6,1.3
25714,1164698,14313.5325106508,13895.1161539565,13.73,0.0600000000000005,-0.539999999999999
25715,1164698,14313.5414875712,13883.4461574091,11.67,-2.06,-2.12
25716,1164698,14313.5506721839,13871.5061609417,11.94,0.27,2.33
25717,1164698,14313.5570491051,13863.2161633943,8.29,-3.65,-3.92
25718,1164698,14313.7618033681,13857.9491562541,4.24,-4.05,-0.399999999999999
25719,1164698,14321.2739517322,13834.6007211392,4.2,-0.04,4.01
25720,1164698,14335.5004473977,13833.8299059389,6.51,2.31,2.35
25721,1164698,14343.7390483582,13831.4946430307,8.57,2.06,-0.249999999999999
25722,1164698,14349.023155598,13829.6404017629,5.6,-2.97,-5.03
25723,1164698,14350.7593622625,13829.0311510606,1.84,-3.76,-0.789999999999999
25724,1164698,14352.0615172608,13828.5742130339,1.38,-0.46,3.3
25725,1164698,14355.4723518885,13826.4342513652,3.63,2.25,2.71
25726,1164698,14359.4461575918,13823.0767257326,5.24,1.61,-0.64
25727,1164698,14362.6843152425,13819.2174435665,5.05,-0.19,-1.8
25728,1164698,14363.5573213323,13817.8885491511,1.59,-3.46,-3.27
25729,1164698,14364.2381562702,13816.8521786637,1.24,-0.35,3.11
25730,1164698,14364.3260059397,13816.7184534395,0.16,-1.08,-0.73
25731,1164698,14364.3589495657,13816.6683064804,0.06,-0.1,0.98
25732,1164698,14364.36444017,13816.6599486539,0.01,-0.05,0.05
25733,1164698,14364.36444017,13816.6599486539,0,-0.01,0.04
25734,1164698,14364.36444017,13816.6599486539,0,0,0.01
25735,1164698,14365.1825402164,13815.4146325036,1.49,1.49,1.49
25736,1164698,14367.0877799218,13812.514466704,3.46,1.97,0.48
25737,1164698,14372.0596851906,13795.3708409659,5.49,2.03,0.0600000000000003
25738,1164698,14371.8944214718,13788.4628175219,6.91,1.42,-0.61
25739,1164698,14371.6992620008,13780.3051516314,8.16,1.25,-0.17
25740,1164698,14371.4538776658,13770.0480864309,10.26,2.1,0.85
25741,1164698,14371.6426080137,13757.8565314168,12.19,1.93,-0.17
25742,1164698,14372.2513100926,13744.2000903804,13.68,1.49,-0.44
25743,1164698,14372.9192348316,13729.214968541,15,1.32,-0.17
25744,1164698,14373.1759361314,13702.4847482783,16.87,1.87,0.550000000000001
25745,1164698,14371.007652529,13685.6437582177,16.99,0.119999999999997,-1.75
25746,1164698,14368.6414396226,13667.2654575215,18.53,1.54,1.42000000000001
25747,1164698,14366.0811283019,13647.3796005889,20.05,1.52,-0.0200000000000031
25748,1164698,14363.3254416035,13625.976269287,21.57,1.52,0
25749,1164698,14360.3897030866,13603.1744812132,22.99,1.42,-0.100000000000001
25750,1164698,14355.5482765578,13579.6577794713,24.03,1.04,-0.379999999999995
25751,1164698,14347.8004344343,13549.1452642455,25.09,1.06,0.019999999999996
25752,1164698,14338.1102801011,13514.3136318789,26.04,0.949999999999999,-0.109999999999999
25753,1164698,14332.898488686,13488.0099176159,26.86,0.82,-0.129999999999999
25754,1164698,14328.6735568782,13452.348089359,26.13,-0.73,-1.55
25755,1164698,14327.9500632164,13413.9749165098,22.35,-3.78,-3.05
25756,1164698,14329.0131955621,13386.4648584543,18.89,-3.46,0.319999999999997
25757,1164698,14329.612425059,13370.8563567963,15.62,-3.27,0.19
25758,1164698,14330.0842895156,13358.5654111884,12.3,-3.32,-0.0499999999999972
25759,1164698,14330.4606565787,13348.9728883209,9.6,-2.7,0.619999999999997
25760,1164698,14334.6489886844,13334.98081284,4.28,-5.32,-2.62
25761,1164698,14334.8877370787,13331.1883203609,3.79,-0.49,4.83
25762,1164698,14335.0247032628,13329.0126273071,2.18,-1.61,-1.12
25763,1164698,14335.162221696,13326.0763491392,2.94,0.76,2.37
25764,1164698,14335.2725960191,13321.747756122,4.33,1.39,0.63
25765,1164698,14335.4253315081,13315.279572121,6.47,2.14,0.75
25766,1164698,14335.1633669727,13307.0805206665,7.75,1.28,-0.859999999999999
25767,1164698,14334.550014945,13297.8609003224,9.24,1.49,0.21
25768,1164698,14333.8357651812,13287.1246324757,10.76,1.52,0.0299999999999994
