"V1","V2","V3","V4","V5","acceleration","jerk"
33956,1167746,14395.5105882419,13319.4531568598,12.9,0.879999999999999,0
33957,1167746,14381.9188442947,13317.1831576368,13.78,0.879999999999999,0
33958,1167746,14368.2975101937,13314.9082164707,13.81,0.0300000000000011,-0.849999999999998
33959,1167746,14355.55401732,13312.7798862849,12.92,-0.890000000000001,-0.920000000000002
33960,1167746,14341.9425466036,13310.5065924332,13.81,0.890000000000001,1.78
33961,1167746,14329.4850840717,13311.7678256006,11.42,-2.39,-3.28
33962,1167746,14319.8189944511,13310.1532942608,9.8,-1.62,0.770000000000001
33963,1167746,14309.4723332144,13308.4250867348,10.49,0.69,2.31
33964,1167746,14298.4155102913,13306.5782605798,11.21,0.720000000000001,0.0300000000000011
33965,1167746,14286.9937431682,13304.6704776293,11.58,0.369999999999999,-0.350000000000001
33966,1167746,14274.7434540777,13302.6243062782,12.42,0.84,0.470000000000001
33967,1167746,14262.4043947763,13300.5633075985,12.51,0.0899999999999999,-0.75
33968,1167746,14249.5327142102,13298.4133449471,13.05,0.540000000000001,0.450000000000001
33969,1167746,14233.9948450495,13292.552641181,13.66,0.609999999999999,0.0699999999999985
33970,1167746,14218.4671434763,13290.5999548634,15.65,1.99,1.38
33971,1167746,14201.4610856512,13288.4613578356,17.14,1.49,-0.5
33972,1167746,14183.2644053412,13286.1730340614,18.34,1.2,-0.290000000000001
33973,1167746,14164.0060866489,13283.7512039383,19.42,1.08,-0.119999999999997
33974,1167746,14143.2148268751,13281.5922612547,20.9,1.48,0.399999999999995
33975,1167746,14121.6181462534,13285.1063611164,22.2,1.3,-0.179999999999996
33976,1167746,14103.7256856017,13296.6321738835,21.5,-0.699999999999999,-2
33977,1167746,14092.1656784539,13314.5119299651,21.57,0.0700000000000003,0.77
33978,1167746,14090.0732322888,13336.2905473908,22,0.43,0.359999999999999
33979,1167746,14097.1738121746,13354.1483154083,19.49,-2.51,-2.94
33980,1167746,14108.3226379722,13365.0341181721,15.79,-3.7,-1.19
33981,1167746,14123.1332637196,13381.0911768596,12.93,-2.86,0.84
33982,1167746,14124.1822400362,13399.0887827703,12.87,-0.0600000000000005,2.8
33983,1167746,14119.420026606,13409.0044937002,11,-1.87,-1.81
33984,1167746,14114.8487312975,13420.8602936103,8.19,-2.81,-0.940000000000001
33985,1167746,14113.9525792505,13425.1987047836,4.43,-3.76,-0.949999999999999
33986,1167746,14108.0015508399,13440.1359855291,6.02,1.59,5.35
33987,1167746,14106.9589470539,13447.6641312069,7.6,1.58,-0.00999999999999979
33988,1167746,14105.6296272267,13457.262516946,9.69,2.09,0.51
33989,1167746,14103.9943854991,13469.0698191143,11.92,2.23,0.140000000000001
33990,1167746,14106.0538987942,13483.1740205338,13.71,1.79,-0.44
33991,1167746,14104.9750505197,13496.3398925672,13.21,-0.5,-2.29
33992,1167746,14104.059337341,13509.2960875867,12.98,-0.23,0.27
33993,1167746,14103.3706382855,13523.0188166743,13.74,0.76,0.99
33994,1167746,14102.6894577786,13536.5917343089,13.59,-0.15,-0.91
33995,1167746,14102.0356907658,13549.6053228381,13.03,-0.56,-0.41
33996,1167746,14102.6713217813,13571.343585392,13.81,0.780000000000001,1.34
33997,1167746,14103.7126601856,13584.7532130649,13.45,-0.360000000000001,-1.14
33998,1167746,14104.7586439657,13598.2226606383,13.51,0.0600000000000005,0.420000000000002
33999,1167746,14105.8177896439,13611.8615979295,13.69,0.18,0.119999999999999
34000,1167746,14106.8281588763,13624.8724262665,13.04,-0.65,-0.83
34001,1167746,14107.2414490444,13638.6554367524,13.79,0.75,1.4
34002,1167746,14107.6158344573,13652.2402788775,13.59,-0.199999999999999,-0.949999999999999
34003,1167746,14107.6272929473,13664.1483151325,11.91,-1.68,-1.48
34004,1167746,14107.5212292056,13673.4477103001,9.3,-2.61,-0.93
34005,1167746,14107.4670568643,13678.1974013803,4.75,-4.55,-1.94
34006,1167746,14107.429307296,13681.507186112,3.32,-1.43,3.12
34007,1167746,14107.4145952286,13682.7971022159,1.29,-2.03,-0.6
34008,1167746,14107.4103754883,13683.1670781527,0.37,-0.92,1.11
34009,1167746,14107.4100333472,13683.1970762016,0.03,-0.34,0.58
34010,1167746,14107.4100333472,13683.1970762016,0,-0.03,0.31
34011,1167746,14097.5248725621,13692.0472110465,2.01,2.01,2.04
34012,1167746,14094.2534879982,13691.4251712732,3.33,1.32,-0.69
34013,1167746,14089.3422593504,13690.6067545241,4.99,1.66,0.34
34014,1167746,14082.7938165174,13689.6360349649,6.61,1.62,-0.04
34015,1167746,14074.8011551743,13688.4512292189,8.08,1.47,-0.15
34016,1167746,14065.0873019085,13687.0112796613,9.82,1.74,0.27
34017,1167746,14053.8303110565,13685.3425804794,11.38,1.56,-0.18
34018,1167746,14040.44656007,13683.3586173923,13.53,2.15,0.589999999999998
34019,1167746,14025.3515090682,13681.1209768374,15.26,1.73,-0.419999999999998
34020,1167746,14008.5810517743,13677.1619073912,17.24,1.98,0.249999999999998
34021,1167746,13991.449625314,13670.2083613962,18.53,1.29,-0.689999999999996
34022,1167746,13973.8585267398,13660.2052460308,20.25,1.72,0.429999999999996
34023,1167746,13956.0265776667,13648.3377276612,21.43,1.18,-0.539999999999999
34024,1167746,13940.0161684515,13637.6859853942,19.23,-2.2,-3.38
34025,1167746,13926.2653704788,13630.517478163,15.5,-3.73,-1.53
34026,1167746,13915.8323648506,13625.0304677915,11.8,-3.7,0.0300000000000011
34027,1167746,13909.2215344858,13621.1215904733,7.68,-4.12,-0.420000000000002
34028,1167746,13905.4209995319,13619.3680129343,4.19,-3.49,0.630000000000002
