"V1","V2","V3","V4","V5","acceleration","jerk"
64454,1168014,14344.0220322195,13276.9970012731,26.04,0.720000000000002,0
64455,1168014,14344.4474748356,13303.7481710616,26.76,0.720000000000002,0
64456,1168014,14344.5857683351,13331.3080635941,27.27,0.509999999999998,-0.210000000000004
64457,1168014,14343.4464145461,13358.6887999591,27.4,0.129999999999999,-0.379999999999999
64458,1168014,14342.6835300883,13386.197795127,27.52,0.120000000000001,-0.00999999999999801
64459,1168014,14341.8514190493,13413.5151246308,27.32,-0.199999999999999,-0.32
64460,1168014,14340.2934444559,13454.9194183767,27.61,0.289999999999999,0.489999999999998
64461,1168014,14342.4970492253,13481.2012050692,26.39,-1.22,-1.51
64462,1168014,14347.5818697093,13507.2533263941,26.56,0.169999999999998,1.39
64463,1168014,14354.6073235286,13532.9130142432,26.6,0.0400000000000027,-0.129999999999995
64464,1168014,14361.3628793821,13555.8592310362,23.92,-2.68,-2.72
64465,1168014,14366.5054962457,13576.1280155392,20.92,-3,-0.32
64466,1168014,14370.5905585907,13593.9149423574,18.25,-2.67,0.329999999999998
64467,1168014,14374.0645166418,13609.6868099853,16.15,-2.1,0.57
64468,1168014,14377.2723568251,13624.3193135769,14.98,-1.17,0.930000000000003
64469,1168014,14378.796176848,13636.4239905405,12.2,-2.78,-1.61
64470,1168014,14380.0444439091,13647.9868072105,11.63,-0.569999999999999,2.21
64471,1168014,14381.1596197273,13658.3167870215,10.39,-1.24,-0.670000000000002
64472,1168014,14382.0247128066,13666.3302266053,8.06,-2.33,-1.09
64473,1168014,14382.7277350982,13672.8423890463,6.55,-1.51,0.819999999999999
64474,1168014,14383.2107275122,13677.3163937768,4.5,-2.05,-0.539999999999999
64475,1168014,14383.6507872672,13681.3927091978,4.11,-0.39,1.66
64476,1168014,14383.8590106635,13683.3215023483,1.94,-2.17,-1.78
64477,1168014,14384.0597208444,13685.1806998696,1.87,-0.0699999999999998,2.1
64478,1168014,14384.2668709242,13687.0995507873,1.93,0.0599999999999998,0.13
64479,1168014,14384.4879741182,13689.1476507306,2.06,0.13,0.0700000000000003
64480,1168014,14384.6103321964,13690.2810652623,1.14,-0.92,-1.05
64481,1168014,14384.7283970087,13691.3747108631,1.1,-0.0399999999999998,0.88
64482,1168014,14384.9312538226,13693.2537928498,1.89,0.79,0.83
64483,1168014,14385.2511021324,13696.2165782047,2.98,1.09,0.3
64484,1168014,14385.5044048206,13698.56294513,2.36,-0.62,-1.71
64485,1168014,14385.8543059917,13701.8041130014,3.26,0.9,1.52
64486,1168014,14382.2511686039,13707.4583305514,3.89,0.63,-0.27
64487,1168014,14366.537616116,13706.6895151544,5.87,1.98,1.35
64488,1168014,14359.0727271365,13707.164733551,7.47,1.6,-0.38
64489,1168014,14343.7458662184,13708.2670735903,9.1,1.63,0.0300000000000002
64490,1168014,14326.8000010775,13708.7360994481,10.55,1.45,-0.179999999999999
64491,1168014,14314.1684586831,13708.5657215876,12.65,2.1,0.649999999999999
64492,1168014,14301.0979030514,13707.216582796,13.14,0.49,-1.61
64493,1168014,14275.7279864935,13705.0498550162,13.15,0.00999999999999979,-0.48
64494,1168014,14262.7704538209,13703.8826159493,13,-0.15,-0.16
64495,1168014,14249.2551795422,13702.6651344629,13.57,0.57,0.720000000000001
64496,1168014,14235.7100262488,13701.4449614182,13.6,0.0299999999999994,-0.540000000000001
64497,1168014,14222.0648503709,13703.5240363923,13.4,-0.199999999999999,-0.229999999999999
64498,1168014,14209.2184255784,13702.47489788,12.88,-0.52,-0.32
64499,1168014,14195.548961233,13701.5607072486,13.7,0.819999999999999,1.34
64500,1168014,14182.6677360725,13700.6992327193,12.91,-0.789999999999999,-1.61
64501,1168014,14169.8264217569,13699.8404273598,12.88,-0.0299999999999994,0.76
64502,1168014,14156.4039962399,13700.0956704867,13.44,0.559999999999999,0.589999999999998
64503,1168014,14146.7638894669,13700.5325244737,9.65,-3.79,-4.35
64504,1168014,14139.7111274133,13700.8521295667,7.05,-2.6,1.19
64505,1168014,14135.6253205013,13701.0372832255,4.1,-2.95,-0.35
64506,1168014,14130.6396921979,13710.4947407935,6.18,2.08,5.03
64507,1168014,14133.3096265346,13717.5543216753,7.56,1.38,-0.7
64508,1168014,14136.4256697045,13726.8079697284,9.76,2.2,0.82
64509,1168014,14139.202203468,13738.4514984143,11.97,2.21,0.0100000000000007
64510,1168014,14142.3777044892,13751.7681155998,13.69,1.72,-0.490000000000002
64511,1168014,14148.2137266493,13774.6065323531,14.88,1.19,-0.529999999999998
64512,1168014,14152.4778220489,13790.0589881587,16.03,1.15,-0.0400000000000009
64513,1168014,14165.1844258768,13817.6217286971,17.74,1.71,0.559999999999997
64514,1168014,14177.4839594959,13825.1488711001,14.42,-3.32,-5.03
64515,1168014,14185.4475299489,13840.7237704281,11.14,-3.28,0.0399999999999991
64516,1168014,14190.9795239626,13849.0745015116,10.02,-1.12,2.16
64517,1168014,14206.7923819293,13874.650971654,10.7,0.68,1.8
64518,1168014,14210.0158480894,13884.9410915069,10.79,0.0899999999999999,-0.59
64519,1168014,14214.0035466327,13895.2357435325,11.04,0.25,0.16
64520,1168014,14230.5305245459,13917.2083545523,11.74,0.700000000000001,0.450000000000001
64521,1168014,14239.6616386559,13923.1057823908,10.88,-0.859999999999999,-1.56
64522,1168014,14249.7893939476,13930.1863259625,12.36,1.48,2.34
64523,1168014,14260.3806412301,13937.5318083018,12.88,0.520000000000001,-0.959999999999997
64524,1168014,14271.2741348751,13944.524102632,12.95,0.0699999999999985,-0.450000000000003
64525,1168014,14282.3969486774,13950.9853266169,12.88,-0.0699999999999985,-0.139999999999997
64526,1168014,14294.2599121468,13956.6823168508,13.16,0.279999999999999,0.349999999999998
64527,1168014,14307.1205769726,13961.3073029411,13.68,0.52,0.24
64528,1168014,14319.5789356798,13965.4760353318,13.13,-0.549999999999999,-1.07
64529,1168014,14331.7314669724,13968.1349041104,12.45,-0.680000000000001,-0.130000000000003
64530,1168014,14344.9263205487,13970.8199228994,13.47,1.02,1.7
64531,1168014,14357.4190440665,13972.7438405447,12.64,-0.83,-1.85
64532,1168014,14368.6788241552,13973.7955056047,11.31,-1.33,-0.5
64533,1168014,14379.3795822,13974.4375159362,10.73,-0.58,0.75
64534,1168014,14388.712799338,13974.9974783056,9.35,-1.38,-0.800000000000001
64535,1168014,14397.0677755354,13975.498749432,8.37,-0.98,0.4
64536,1168014,14404.0152826242,13975.9155770354,6.96,-1.41,-0.429999999999999
