"V1","V2","V3","V4","V5","acceleration","jerk"
60768,1169758,13413.056370932,13362.7515206418,13.54,-0.389999999999999,0
60769,1169758,13425.9870412764,13365.1976123089,13.15,-0.389999999999999,0
60770,1169758,13439.2616124279,13367.7087596054,13.51,0.359999999999999,0.749999999999998
60771,1169758,13462.2909445991,13370.3233043652,13.13,-0.379999999999999,-0.739999999999998
60772,1169758,13475.9636371731,13371.1878723363,13.7,0.569999999999999,0.949999999999998
60773,1169758,13489.4467084632,13372.0404499486,13.52,-0.18,-0.749999999999998
60774,1169758,13502.7102182668,13372.8791439877,13.28,-0.24,-0.0600000000000005
60775,1169758,13515.7142463135,13373.7014301675,13.03,-0.25,-0.00999999999999979
60776,1169758,13528.7369432291,13373.6051750621,13.06,0.0300000000000011,0.280000000000001
60777,1169758,13542.3245948286,13372.4113057175,13.64,0.58,0.549999999999999
60778,1169758,13554.8478566771,13369.4332882784,12.92,-0.720000000000001,-1.3
60779,1169758,13576.4747168508,13355.9019905494,13.89,0.970000000000001,1.69
60780,1169758,13587.3455976363,13348.1530260413,13.36,-0.530000000000001,-1.5
60781,1169758,13597.9314740566,13340.6072179061,12.99,-0.369999999999999,0.160000000000002
60782,1169758,13608.7127820416,13332.9221025437,13.24,0.25,0.619999999999999
60783,1169758,13619.5755198452,13325.1789425033,13.35,0.109999999999999,-0.140000000000001
60784,1169758,13630.3323988845,13317.5112405443,13.21,-0.139999999999999,-0.249999999999998
60785,1169758,13640.9345612686,13309.9538234735,13.02,-0.190000000000001,-0.0500000000000025
60786,1169758,13652.1389906036,13302.1927498978,13.63,0.610000000000001,0.800000000000002
60787,1169758,13662.786301812,13294.8389506056,12.94,-0.690000000000001,-1.3
60788,1169758,13673.9026213195,13287.1612204326,13.51,0.57,1.26
60789,1169758,13684.8214636484,13279.6198822094,13.27,-0.24,-0.81
60831,1169758,14211.8286448272,13275.9981401106,13.71,0.0104761904761905,0.00596371882086168
60832,1169758,14225.8728139202,13278.4563860154,13.04,-0.670000000000002,-0.680476190476192
60833,1169758,14239.1444490116,13280.4463865185,13.42,0.380000000000001,1.05
60834,1169758,14252.2776318739,13282.4156269566,13.28,-0.140000000000001,-0.520000000000001
60835,1169758,14265.3613675117,13284.3774530859,13.23,-0.0499999999999989,0.0900000000000016
60836,1169758,14278.3066509205,13286.3185191504,13.09,-0.140000000000001,-0.0900000000000016
60837,1169758,14291.9936426987,13288.370799848,13.84,0.75,0.890000000000001
60838,1169758,14305.3641722393,13290.3756289688,13.53,-0.31,-1.06
60839,1169758,14319.067117518,13292.5765972143,13.88,0.350000000000001,0.660000000000002
60840,1169758,14331.820291171,13294.8827112135,12.95,-0.930000000000001,-1.28
60841,1169758,14344.5045819415,13297.17636935,12.89,-0.0599999999999987,0.870000000000003
60842,1169758,14358.1630734773,13299.6461889727,13.89,1,1.06
60843,1169758,14371.3295444245,13302.0270381478,13.38,-0.51,-1.51
60844,1169758,14384.9191530779,13304.4844019077,13.81,0.43,0.94
60845,1169758,14397.623124672,13306.7816188622,12.91,-0.9,-1.33
