"V1","V2","V3","V4","V5","acceleration","jerk"
63527,1169704,14398.0452768804,13323.2194657465,13.67,-0.0399999999999991,0
63528,1169704,14384.6015216224,13320.9739491994,13.63,-0.0399999999999991,0
63529,1169704,14371.5523006347,13318.7943318906,13.24,-0.390000000000001,-0.350000000000001
63530,1169704,14358.5721231442,13316.6262469486,13.16,-0.0800000000000001,0.31
63531,1169704,14345.8483929294,13314.5009965115,12.9,-0.26,-0.18
63532,1169704,14332.9372589362,13312.3444439362,13.09,0.19,0.449999999999999
63533,1169704,14320.2529821484,13310.225783423,12.86,-0.23,-0.42
63534,1169704,14307.2728046579,13308.057698481,13.16,0.300000000000001,0.530000000000001
63535,1169704,14293.8882295405,13305.8220668196,13.57,0.41,0.109999999999999
63536,1169704,14281.1250458986,13303.6902264587,12.94,-0.630000000000001,-1.04
63537,1169704,14268.0067814136,13301.4990767832,13.3,0.360000000000001,0.990000000000002
63538,1169704,14254.868790215,13299.3046321459,13.32,0.0199999999999996,-0.340000000000002
63539,1169704,14241.4053082435,13297.0558206369,13.65,0.33,0.31
63540,1169704,14225.6565200483,13294.2817992565,13.31,-0.34,-0.67
63541,1169704,14212.5108452944,13291.8983489705,13.36,0.0499999999999989,0.389999999999999
63542,1169704,14199.5914808095,13289.5559311371,13.12,-0.24,-0.289999999999999
63543,1169704,14186.0128646715,13287.0939839854,13.8,0.680000000000001,0.920000000000002
63544,1169704,14172.4637672643,13284.6373888928,13.77,-0.0300000000000011,-0.710000000000003
63545,1169704,14159.0819426645,13282.2111221346,13.6,-0.17,-0.139999999999999
63546,1169704,14146.0445032567,13279.8472960651,13.25,-0.35,-0.18
63547,1169704,14133.1546575025,13277.5102302906,13.09,-0.16,0.19
63579,1169704,13731.2412678449,13277.9010600936,12.86,-0.00718750000000001,0.004775390625
63580,1169704,13720.2612670973,13285.9935621789,13.64,0.780000000000001,0.787187500000001
63581,1169704,13704.2331182654,13297.2970830254,13.54,-0.100000000000001,-0.880000000000003
63582,1169704,13693.3348705777,13304.1616731325,12.88,-0.659999999999998,-0.559999999999997
63583,1169704,13681.8104813303,13311.4206573917,13.62,0.739999999999998,1.4
63584,1169704,13670.8868495254,13318.3012364509,12.91,-0.709999999999999,-1.45
63585,1169704,13659.6332241957,13325.3896718875,13.3,0.390000000000001,1.1
63586,1169704,13648.3901514737,13332.9441761207,13.55,0.25,-0.140000000000001
63587,1169704,13637.3208698696,13340.7591300405,13.56,0.00999999999999979,-0.24
63588,1169704,13626.7417409565,13348.2280343402,12.95,-0.610000000000001,-0.620000000000001
63589,1169704,13615.6397825063,13356.0660582347,13.59,0.640000000000001,1.25
63590,1169704,13594.2545067919,13373.0880442105,13.14,-0.449999999999999,-1.09
63591,1169704,13589.3620993791,13376.5093377826,5.97,-7.17,-6.72
63592,1169704,13586.2561991957,13378.6813147739,3.78,-2.19,4.98
63593,1169704,13584.4942769281,13379.9134389247,2.15,-1.63,0.56
63594,1169704,13583.9943827033,13380.2630183349,0.61,-1.54,0.0899999999999999
63595,1169704,13580.9271481267,13382.1809872301,3.12,2.51,4.05
63596,1169704,13576.381659748,13384.9644087575,5.32,2.2,-0.31
63597,1169704,13570.1886486232,13387.8104504589,6.86,1.54,-0.66
63598,1169704,13556.4247955763,13393.7772072287,8.18,1.32,-0.220000000000001
63599,1169704,13546.6715257009,13394.7330977752,9.8,1.62,0.300000000000002
63600,1169704,13535.6443593519,13395.8138393317,11.09,1.29,-0.330000000000002
63601,1169704,13522.875537668,13397.0652756287,12.83,1.74,0.450000000000001
63602,1169704,13509.748432601,13398.3518262724,13.19,0.359999999999999,-1.38
63603,1169704,13493.6687709264,13396.6577469133,12.87,-0.32,-0.68
63604,1169704,13480.9392123859,13394.2784950635,12.95,0.0800000000000001,0.4
63605,1169704,13467.5313993749,13391.7724722658,13.64,0.690000000000001,0.610000000000001
63606,1169704,13454.6249048856,13389.360149734,13.13,-0.51,-1.2
63607,1169704,13432.0094972617,13384.7080901965,13.61,0.479999999999999,0.989999999999998
63608,1169704,13418.9130989881,13382.033034455,13.37,-0.24,-0.719999999999999
63609,1169704,13405.6008815822,13379.9773672305,13.47,0.100000000000001,0.340000000000002
