"V1","V2","V3","V4","V5","acceleration","jerk"
26559,1169757,14399.0909968434,13320.0511319816,13.61,-3.08,0
26560,1169757,14388.7147162683,13318.3181572483,10.53,-3.08,0
26561,1169757,14380.1039815325,13316.8800517899,8.73,-1.8,1.28
26562,1169757,14369.4515261892,13315.1009522538,10.79,2.06,3.86
26563,1169757,14359.8840431494,13313.5030573,9.7,-1.09,-3.15
26564,1169757,14352.3582807171,13312.2461564241,7.63,-2.07,-0.98
26565,1169757,14345.4144579748,13311.0864470968,7.04,-0.59,1.48
26566,1169757,14337.7900616967,13309.813073077,7.73,0.69,1.28
26567,1169757,14331.250637722,13308.7209036395,6.63,-1.1,-1.79
26568,1169757,14326.7430709703,13307.9680809654,4.57,-2.06,-0.959999999999999
26569,1169757,14321.6141109902,13307.1114774851,5.2,0.63,2.69
26570,1169757,14314.620971325,13305.9435315859,7.09,1.89,1.26
26571,1169757,14305.9510562818,13304.4955422412,8.79,1.7,-0.19
26572,1169757,14295.170376939,13302.6950276181,10.92,2.13,0.430000000000001
26573,1169757,14283.0285505246,13300.6671836097,12.31,1.39,-0.74
26574,1169757,14269.8707954987,13298.4696662197,13.34,1.03,-0.360000000000001
26575,1169757,14256.288914936,13296.2013143112,13.76,0.42,-0.609999999999999
26576,1169757,14243.0029359106,13293.9823818342,13.48,-0.279999999999999,-0.699999999999999
26577,1169757,14226.6500797773,13291.1141882405,13.3,-0.18,0.0999999999999996
26578,1169757,14213.3275217754,13288.6973621636,13.55,0.25,0.43
26579,1169757,14200.3788612654,13286.3483642926,13.16,-0.390000000000001,-0.640000000000001
26580,1169757,14187.4695583862,13284.0065062329,13.12,-0.0400000000000009,0.35
26581,1169757,14174.7275254376,13281.6949923705,12.95,-0.17,-0.129999999999999
26582,1169757,14161.9461348582,13279.376338697,12.98,0.0300000000000011,0.200000000000001
26583,1169757,14148.6137374486,13276.9577276672,13.55,0.57,0.539999999999999
26616,1169757,13730.4753430453,13278.4630736179,13.08,-0.0142424242424243,-0.0177043158861341
26617,1169757,13719.778813947,13286.3502678807,13.3,0.220000000000001,0.234242424242425
26618,1169757,13703.9285088579,13297.4889504507,13.29,-0.0100000000000016,-0.230000000000002
26619,1169757,13692.531040197,13304.6679899494,13.47,0.180000000000001,0.190000000000003
26620,1169757,13681.4720264332,13311.6338434198,13.07,-0.4,-0.580000000000002
26621,1169757,13670.0407122826,13318.8342015213,13.51,0.44,0.84
26622,1169757,13658.7024732286,13325.975933465,13.4,-0.109999999999999,-0.549999999999999
26623,1169757,13648.0388753786,13333.1921783484,12.88,-0.52,-0.41
26624,1169757,13637.3862235617,13340.7129900911,13.04,0.159999999999998,0.679999999999998
26625,1169757,13626.5946951492,13348.3318492262,13.21,0.170000000000002,0.0100000000000033
26626,1169757,13615.8440127942,13355.921870893,13.16,-0.0500000000000007,-0.220000000000002
26627,1169757,13594.3446516521,13373.0250053005,13.28,0.119999999999999,0.17
26628,1169757,13582.624244163,13381.1417735641,13.76,0.48,0.360000000000001
26629,1169757,13571.1373319212,13387.4942226929,13.18,-0.58,-1.06
26630,1169757,13552.7424385825,13394.1381046799,12.88,-0.299999999999999,0.280000000000001
26631,1169757,13539.3068117133,13395.4548926776,13.49,0.609999999999999,0.909999999999998
26632,1169757,13526.1100404328,13396.7482711108,13.27,-0.220000000000001,-0.83
26633,1169757,13512.9132691524,13398.041649544,13.25,-0.0199999999999996,0.200000000000001
26634,1169757,13496.0770657854,13397.1078756416,13.6,0.35,0.369999999999999
26635,1169757,13483.2688690454,13394.7139257109,13.03,-0.57,-0.92
26636,1169757,13470.2444172569,13392.2795560577,13.25,0.220000000000001,0.790000000000001
26637,1169757,13457.2396250183,13389.8488609247,13.23,-0.0199999999999996,-0.24
26638,1169757,13435.1969405201,13385.3920532615,13.01,-0.220000000000001,-0.200000000000001
26639,1169757,13422.1929542205,13382.6016517997,13.3,0.290000000000001,0.510000000000002
26640,1169757,13408.7633979667,13380.4657217307,13.6,0.299999999999999,0.00999999999999801
