"V1","V2","V3","V4","V5","acceleration","jerk"
23383,1169673,14340.695099547,13276.4714579158,27.34,0.100000000000001,0
23384,1169673,14341.1474440719,13303.9020829694,27.44,0.100000000000001,0
23385,1169673,14341.3222830168,13330.8884984632,27.22,-0.220000000000002,-0.320000000000004
23386,1169673,14340.214909936,13354.6985152969,23.83,-3.39,-3.17
23387,1169673,14339.7552601446,13373.9025606383,19.21,-4.62,-1.23
23388,1169673,14339.2955793091,13388.9455388517,15.05,-4.16,0.459999999999997
23389,1169673,14338.9250857188,13401.0698794317,12.13,-2.92,1.24
23390,1169673,14338.6813479734,13409.0461562519,7.98,-4.15,-1.23
23391,1169673,14337.9359691841,13413.4819120071,4.65,-3.33,0.82
23392,1169673,14336.154729837,13415.7067010731,2.85,-1.8,1.53
23393,1169673,14336.04,13415.85,0.9,-1.95,-0.15
23394,1169673,14336.04,13415.85,0.32,-0.58,1.37
23395,1169673,14323.1005859234,13422.1852718501,2.28,1.96,2.54
23396,1169673,14318.6083152046,13421.1955730123,4.6,2.32,0.36
23397,1169673,14311.8894407383,13419.7153277941,6.88,2.28,-0.0399999999999996
23398,1169673,14303.5982715205,13417.8886879826,8.49,1.61,-0.67
23399,1169673,14289.1747653255,13414.0745302561,10.03,1.54,-0.0700000000000012
23400,1169673,14277.6668949515,13412.6154485398,11.6,1.57,0.0300000000000011
23401,1169673,14264.6709378911,13410.9676924637,13.1,1.5,-0.0700000000000003
23402,1169673,14251.3575788085,13409.2793873602,13.42,0.32,-1.18
23403,1169673,14238.6966027996,13406.0757509105,13.06,-0.359999999999999,-0.68
23404,1169673,14225.4539586739,13402.7249336132,13.66,0.6,0.959999999999999
23405,1169673,14203.4322337072,13397.2326422314,13.23,-0.43,-1.03
23406,1169673,14190.0251862791,13393.9209690497,13.82,0.59,1.02
23407,1169673,14176.783178537,13390.6500623011,13.64,-0.18,-0.77
23408,1169673,14164.4291883018,13386.9852358694,12.88,-0.76,-0.58
23409,1169673,14153.6481690804,13383.6335609824,11.29,-1.59,-0.830000000000002
23410,1169673,14146.6677217369,13381.4634331326,7.31,-3.98,-2.39
23411,1169673,14141.9408798285,13379.9939211139,4.95,-2.36,1.62
23412,1169673,14133.4809230905,13382.3858240451,5.72,0.77,3.13
23413,1169673,14132.2436915324,13384.6833220232,2.61,-3.11,-3.88
23414,1169673,14131.3307216438,13386.0936007128,1.68,-0.93,2.18
23415,1169673,14131.1513882728,13386.3706197412,0.34,-1.34,-0.41
23416,1169673,14131.1079135162,13386.4377758692,0.08,-0.26,1.08
23417,1169673,14131.1079135162,13386.4377758692,0,-0.08,0.18
23418,1169673,14131.1079135162,13386.4377758692,0,0,0.08
23419,1169673,14131.1079135162,13386.4377758692,0,0,0
23420,1169673,14131.1079135162,13386.4377758692,0,0,0
23421,1169673,14131.1079135162,13386.4377758692,0,0,0
23422,1169673,14131.1079135162,13386.4377758692,0,0,0
23423,1169673,14131.1079135162,13386.4377758692,0,0,0
23424,1169673,14131.1079135162,13386.4377758692,0,0,0
23425,1169673,14131.1079135162,13386.4377758692,0,0,0
23426,1169673,14131.1079135162,13386.4377758692,0,0,0
23427,1169673,14131.1079135162,13386.4377758692,0,0,0
23428,1169673,14131.1079135162,13386.4377758692,0,0,0
23429,1169673,14131.1079135162,13386.4377758692,0,0,0
23430,1169673,14131.1079135162,13386.4377758692,0,0,0
23431,1169673,14131.1079135162,13386.4377758692,0,0,0
23432,1169673,14131.1079135162,13386.4377758692,0,0,0
23433,1169673,14131.1079135162,13386.4377758692,0,0,0
23434,1169673,14131.1079135162,13386.4377758692,0,0,0
23435,1169673,14131.1079135162,13386.4377758692,0,0,0
23436,1169673,14131.1079135162,13386.4377758692,0,0,0
23437,1169673,14131.1079135162,13386.4377758692,0,0,0
23438,1169673,14131.1079135162,13386.4377758692,0,0,0
23439,1169673,14127.4941430127,13392.1928565327,2.01,2.01,2.01
23440,1169673,14125.6065747803,13396.123083774,4.36,2.35,0.340000000000001
23441,1169673,14123.0436380979,13401.4595391108,5.92,1.56,-0.790000000000001
23442,1169673,14120.0001507875,13407.7965798233,7.04,1.12,-0.44
23443,1169673,14115.4717896056,13417.8439716207,6.44,-0.6,-1.72
23444,1169673,14114.2459021553,13423.7786830677,6.06,-0.380000000000001,0.219999999999999
23445,1169673,14113.726012593,13426.2955491434,2.57,-3.49,-3.11
23446,1169673,14108.1222733836,13439.2643055033,4.02,1.45,4.94
23447,1169673,14107.2909340489,13445.2670111358,6.06,2.04,0.59
23448,1169673,14106.2112903915,13453.0626040942,7.87,1.81,-0.23
23449,1169673,14104.9039201177,13462.5025025559,9.52,1.65,-0.160000000000001
23450,1169673,14106.796270544,13474.1143856524,11.25,1.73,0.080000000000001
23451,1169673,14105.752539965,13486.8516940996,12.79,1.54,-0.190000000000001
23452,1169673,14104.6802252153,13499.9378333728,13.12,0.33,-1.21
23453,1169673,14103.8478155059,13513.5107831289,13.6,0.48,0.15
23454,1169673,14103.1531016115,13527.3533613788,13.86,0.26,-0.220000000000001
23455,1169673,14102.4639013194,13541.0860778965,13.76,-0.0999999999999996,-0.359999999999999
23456,1169673,14101.7966015618,13554.3392890772,13.27,-0.49,-0.390000000000001
23457,1169673,14102.9817877293,13575.3415487354,13.08,-0.19,0.300000000000001
23458,1169673,14103.9851888981,13588.2626472217,12.96,-0.119999999999999,0.0700000000000003
23459,1169673,14105.0505284107,13601.9813443801,13.76,0.799999999999999,0.919999999999998
23460,1169673,14106.1058029423,13615.5704317543,13.63,-0.129999999999999,-0.929999999999998
23461,1169673,14106.9846961343,13629.3389740147,13.8,0.17,0.299999999999999
23462,1169673,14107.3552247438,13642.7838692746,13.45,-0.350000000000001,-0.520000000000001
23463,1169673,14107.6279558393,13652.6801118823,9.9,-3.55,-3.2
23464,1169673,14107.6738241373,13660.0685804784,7.39,-2.51,1.04
23465,1169673,14107.6090454219,13665.7482110753,5.69,-1.7,0.810000000000001
23466,1169673,14107.5279579806,13672.8577486712,7.11,1.42,3.12
23467,1169673,14107.459301666,13678.877357156,6.02,-1.09,-2.51
23468,1169673,14107.4313601426,13681.3271978184,2.46,-3.56,-2.47
23469,1169673,14107.415849746,13682.6871093698,1.36,-1.1,2.46
