"V1","V2","V3","V4","V5","acceleration","jerk"
30795,1170270,13446.206471318,13275.1498784063,11.63,1.67,0
30796,1170270,13446.887984881,13288.442419144,13.3,1.67,0
30797,1170270,13447.5705225064,13301.7549336469,13.33,0.0299999999999994,-1.64
30798,1170270,13448.2720052873,13315.4369628059,13.71,0.380000000000001,0.350000000000001
30799,1170270,13448.9576151001,13328.8093986044,13.39,-0.32,-0.700000000000001
30800,1170270,13449.6585858497,13342.4814408808,13.69,0.299999999999999,0.619999999999999
30801,1170270,13449.8374337923,13353.0456235621,10.57,-3.12,-3.42
30802,1170270,13449.7917037515,13359.7554677305,6.71,-3.86,-0.740000000000001
30803,1170270,13449.7700313924,13362.9353938788,3.18,-3.53,0.330000000000001
30804,1170270,13454.5728242651,13370.6509072857,4.6,1.42,4.95
30805,1170270,13461.3622374196,13371.9889166343,6.92,2.32,0.900000000000001
30806,1170270,13469.4565522354,13373.5840867393,8.25,1.33,-0.99
30807,1170270,13479.0127493633,13375.4673542329,9.74,1.49,0.16
30808,1170270,13490.1191304195,13377.6561209709,11.32,1.58,0.0899999999999999
30809,1170270,13502.3439986139,13380.0653112143,12.47,1.15,-0.43
30810,1170270,13516.3447104225,13382.8244721111,14.26,1.79,0.639999999999999
30811,1170270,13532.1408884265,13385.9374707402,16.1,1.84,0.0500000000000025
30812,1170270,13544.4344356557,13388.3601957602,12.53,-3.57,-5.41
30813,1170270,13553.3038424357,13390.1081154874,9.04,-3.49,0.0800000000000018
30814,1170270,13559.4064652422,13391.3107770695,6.22,-2.82,0.670000000000001
30815,1170270,13561.28,13391.68,3.19,-3.03,-0.21
30816,1170270,13570.3714084117,13393.521505586,5.1,1.91,4.94
30817,1170270,13577.4311074357,13394.9359488302,7.2,2.1,0.190000000000001
30818,1170270,13585.512157422,13397.4573377695,8.47,1.27,-0.83
30819,1170270,13594.8261873387,13400.4727890973,9.78,1.31,0.0399999999999983
30820,1170270,13614.0344823376,13407.3466083119,11.96,2.18,0.870000000000003
30821,1170270,13626.2975133068,13413.9785314486,13.97,2.01,-0.170000000000002
30822,1170270,13639.774503401,13421.8354225642,15.61,1.64,-0.370000000000001
30823,1170270,13650.3487571672,13428.0000602088,12.24,-3.37,-5.01
30824,1170270,13658.9187406116,13432.9962371233,9.92,-2.32,1.05
30825,1170270,13664.8969951919,13436.4814734387,6.92,-3,-0.68
30826,1170270,13669.5361898589,13439.1860571112,5.37,-1.55,1.45
30827,1170270,13673.3546703856,13441.4121762606,4.41,-0.96,0.59
30828,1170270,13678.0716169185,13444.162088151,5.46,1.05,2.01
30829,1170270,13684.7669164845,13448.0653513655,7.75,2.29,1.24
30830,1170270,13692.4599122036,13452.9085482608,9.11,1.36,-0.930000000000001
30831,1170270,13700.5162630275,13459.5169982608,10.41,1.3,-0.0599999999999987
30832,1170270,13707.3742123374,13465.142425468,8.87,-1.54,-2.84
30833,1170270,13712.1987448845,13469.0998849689,6.24,-2.63,-1.09
30834,1170270,13722.1574603762,13474.6733472374,4.59,-1.65,0.979999999999999
30835,1170270,13723.086536439,13476.4782621023,2.04,-2.55,-0.899999999999999
30836,1170270,13723.6769345281,13477.6252277061,1.28,-0.76,1.79
30837,1170270,13724.0293426898,13478.309850586,0.77,-0.51,0.25
30838,1170270,13724.0613797954,13478.3720890296,0.08,-0.69,-0.18
30839,1170270,13724.093416901,13478.4343274732,0.06,-0.02,0.67
30840,1170270,13724.0979936304,13478.4432186794,0.01,-0.05,-0.03
30841,1170270,13724.0979936304,13478.4432186794,0,-0.01,0.04
30842,1170270,13724.0979936304,13478.4432186794,0,0,0.01
30843,1170270,13724.0979936304,13478.4432186794,0,0,0
30844,1170270,13724.0979936304,13478.4432186794,0,0,0
30845,1170270,13724.0979936304,13478.4432186794,0,0,0
30846,1170270,13724.0979936304,13478.4432186794,0,0,0
30847,1170270,13724.0979936304,13478.4432186794,0,0,0
30848,1170270,13724.0979936304,13478.4432186794,0,0,0
30849,1170270,13724.0979936304,13478.4432186794,0,0,0
30850,1170270,13724.0979936304,13478.4432186794,0,0,0
30851,1170270,13724.0979936304,13478.4432186794,0,0,0
30852,1170270,13724.0979936304,13478.4432186794,0,0,0
30853,1170270,13724.0979936304,13478.4432186794,0,0,0
30854,1170270,13724.0979936304,13478.4432186794,0,0,0
30855,1170270,13724.0979936304,13478.4432186794,0,0,0
30856,1170270,13724.0979936304,13478.4432186794,0,0,0
30857,1170270,13724.0979936304,13478.4432186794,0,0,0
30858,1170270,13724.0979936304,13478.4432186794,0,0,0
30859,1170270,13724.0979936304,13478.4432186794,0,0,0
30860,1170270,13724.0979936304,13478.4432186794,0,0,0
30861,1170270,13724.0979936304,13478.4432186794,0,0,0
30862,1170270,13724.0979936304,13478.4432186794,0,0,0
30863,1170270,13724.0979936304,13478.4432186794,0,0,0
30864,1170270,13724.0979936304,13478.4432186794,0,0,0
30865,1170270,13724.0979936304,13478.4432186794,0,0,0
30866,1170270,13724.0979936304,13478.4432186794,0,0,0
30867,1170270,13724.0979936304,13478.4432186794,0,0,0
30868,1170270,13724.0979936304,13478.4432186794,0,0,0
30869,1170270,13724.0979936304,13478.4432186794,0,0,0
30870,1170270,13724.0979936304,13478.4432186794,0,0,0
30871,1170270,13724.0979936304,13478.4432186794,0,0,0
30872,1170270,13724.0979936304,13478.4432186794,0,0,0
30873,1170270,13724.0979936304,13478.4432186794,0,0,0
30874,1170270,13724.0979936304,13478.4432186794,0,0,0
30875,1170270,13724.0979936304,13478.4432186794,0,0,0
30876,1170270,13724.0979936304,13478.4432186794,0,0,0
30877,1170270,13724.0979936304,13478.4432186794,0,0,0
30878,1170270,13724.0979936304,13478.4432186794,0,0,0
30879,1170270,13724.0979936304,13478.4432186794,0,0,0
30880,1170270,13724.0979936304,13478.4432186794,0,0,0
30881,1170270,13724.0979936304,13478.4432186794,0,0,0
30882,1170270,13724.0979936304,13478.4432186794,0,0,0
30883,1170270,13724.0979936304,13478.4432186794,0,0,0
30884,1170270,13724.0979936304,13478.4432186794,0,0,0
30885,1170270,13724.0979936304,13478.4432186794,0,0,0
30886,1170270,13724.0979936304,13478.4432186794,0,0,0
30887,1170270,13724.0979936304,13478.4432186794,0,0,0
30888,1170270,13724.0979936304,13478.4432186794,0,0,0
30889,1170270,13724.0979936304,13478.4432186794,0,0,0
30890,1170270,13724.0979936304,13478.4432186794,0,0,0
30891,1170270,13724.0979936304,13478.4432186794,0,0,0
30892,1170270,13724.0979936304,13478.4432186794,0,0,0
30893,1170270,13724.0979936304,13478.4432186794,0,0,0
30894,1170270,13724.0979936304,13478.4432186794,0,0,0
30895,1170270,13724.0979936304,13478.4432186794,0,0,0
30896,1170270,13724.0979936304,13478.4432186794,0,0,0
30897,1170270,13724.0979936304,13478.4432186794,0,0,0
30898,1170270,13724.0979936304,13478.4432186794,0,0,0
30899,1170270,13724.0979936304,13478.4432186794,0,0,0
30900,1170270,13724.0979936304,13478.4432186794,0,0,0
30901,1170270,13724.0979936304,13478.4432186794,0,0,0
30902,1170270,13724.0979936304,13478.4432186794,0,0,0
30903,1170270,13724.0979936304,13478.4432186794,0,0,0
30904,1170270,13724.0979936304,13478.4432186794,0,0,0
30905,1170270,13724.0979936304,13478.4432186794,0,0,0
30906,1170270,13724.0979936304,13478.4432186794,0,0,0
30907,1170270,13724.0979936304,13478.4432186794,0,0,0
30908,1170270,13724.0979936304,13478.4432186794,0,0,0
30909,1170270,13724.0979936304,13478.4432186794,0,0,0
30910,1170270,13724.0979936304,13478.4432186794,0,0,0
30911,1170270,13724.889767812,13479.9813973574,1.73,1.73,1.73
30912,1170270,13726.1804054952,13482.4887175146,2.82,1.09,-0.64
30913,1170270,13753.3960114679,13513.1797109217,4.7,1.88,0.79
30914,1170270,13758.4612308293,13516.5064439769,6.05,1.35,-0.530000000000001
30915,1170270,13766.9876573675,13522.4688285579,8.16,2.11,0.760000000000001
30916,1170270,13773.8733034888,13528.8972247415,9.43,1.27,-0.840000000000001
30917,1170270,13781.7384364256,13536.2400636942,10.76,1.33,0.0600000000000005
30918,1170270,13791.1678244261,13545.0432813978,12.89,2.13,0.800000000000001
30919,1170270,13802.9459717013,13554.0372369342,14.83,1.94,-0.190000000000001
30920,1170270,13816.2343376728,13564.1685463168,16.71,1.88,-0.0599999999999987
30921,1170270,13830.6439840764,13575.1547417694,18.12,1.41,-0.470000000000001
30922,1170270,13842.297573038,13583.4875040065,14.33,-3.79,-5.2
30923,1170270,13852.5451926662,13590.415864117,12.38,-1.95,1.84
30924,1170270,13861.6612981546,13594.4528829088,9.97,-2.41,-0.460000000000001
30925,1170270,13870.9145566844,13598.5506391949,10.12,0.149999999999999,2.56
30926,1170270,13896.0606454581,13625.5406956413,9.57,-0.549999999999999,-0.699999999999998
30927,1170270,13894.9760412945,13635.4525312641,10.01,0.44,0.989999999999998
30928,1170270,13894.9753893427,13660.5984058421,10.46,0.450000000000001,0.0100000000000016
30929,1170270,13895.1708209156,13668.8961047099,8.3,-2.16,-2.61
30930,1170270,13895.3723744415,13677.453731494,8.56,0.26,2.42
30931,1170270,13887.3800240197,13691.9494016921,9.82,1.26,1
30932,1170270,13875.3501810613,13692.0108703637,12.03,2.21,0.949999999999999
30933,1170270,13862.2803516793,13692.0776530352,13.06,1.03,-1.18
30934,1170270,13848.4005328712,13692.1485744951,13.88,0.82,-0.210000000000001
30935,1170270,13835.5407007478,13692.2142841474,12.86,-1.02,-1.84
30936,1170270,13822.5808699298,13692.2805047612,12.97,0.110000000000001,1.13
30937,1170270,13809.0810461611,13692.3494845672,13.49,0.52,0.409999999999998
30938,1170270,13795.2512267003,13692.4201505463,13.83,0.34,-0.18
30939,1170270,13782.241396535,13692.4866266409,13.01,-0.82,-1.16
30940,1170270,13764.8717873574,13701.9291473038,13.24,0.23,1.05
30941,1170270,13758.9962635734,13714.4931880656,13.87,0.629999999999999,0.399999999999999
30942,1170270,13753.823363944,13726.7406976096,13.34,-0.529999999999999,-1.16
30943,1170270,13750.7740203914,13740.261093458,13.86,0.52,1.05
30944,1170270,13748.5805171289,13749.9868038916,9.97,-3.89,-4.41
30945,1170270,13747.6325005127,13757.2535630083,7.34,-2.63,1.26
30946,1170270,13747.2322241093,13761.4444911633,4.21,-3.13,-0.499999999999999
30947,1170270,13740.3042856405,13769.8207017195,5.59,1.38,4.51
30948,1170270,13733.0572388433,13768.8634072405,7.3,1.71,0.33
30949,1170270,13723.9265547117,13767.6572947711,9.21,1.91,0.200000000000001
30950,1170270,13713.9400174673,13766.6257052819,10.04,0.829999999999998,-1.08
30951,1170270,13706.9456054786,13765.9192345232,7.03,-3.01,-3.84
30952,1170270,13702.8447820012,13765.5273343564,4.12,-2.91,0.0999999999999988
30953,1170270,13697.4035102437,13772.4698606755,6.34,2.22,5.13
30954,1170270,13697.4695329076,13780.409586175,7.94,1.6,-0.619999999999999
30955,1170270,13697.5535163969,13790.5092369993,10.1,2.16,0.559999999999999
30956,1170270,13697.6533819123,13802.5188217914,12.01,1.91,-0.249999999999999
30957,1170270,13697.7701272776,13816.5583364027,14.04,2.03,0.119999999999999
30958,1170270,13697.8998443502,13832.1577970819,15.6,1.56,-0.469999999999999
30959,1170270,13698.0156750438,13846.087315496,13.93,-1.67,-3.23
30960,1170270,13688.8185480186,13869.6779974555,13.2,-0.73,0.94
30961,1170270,13678.3752133601,13902.0947599284,12.07,-1.13,-0.399999999999999
30962,1170270,13688.4151616674,13918.7100906273,12.72,0.65,1.78
30963,1170270,13700.0079056928,13925.2087355601,13.29,0.569999999999999,-0.0800000000000018
30964,1170270,13711.8885056646,13931.8687463942,13.63,0.340000000000002,-0.229999999999997
30965,1170270,13724.2334347202,13937.3117141617,13.5,-0.130000000000001,-0.470000000000002
30966,1170270,13735.0003109539,13945.2775614328,13.41,-0.0899999999999999,0.0400000000000009
30967,1170270,13745.1581627915,13954.5694352951,13.79,0.379999999999999,0.469999999999999
30968,1170270,13754.5526642502,13964.073873398,13.37,-0.42,-0.799999999999999
30969,1170270,13763.9543631721,13971.9544692589,12.42,-0.949999999999999,-0.529999999999999
30970,1170270,13772.2354638929,13974.6520285183,8.76,-3.66,-2.71
30971,1170270,13778.8041685673,13975.810052223,6.67,-2.09,1.57
30972,1170270,13784.0433752941,13976.7336933189,5.33,-1.34,0.75
30973,1170270,13789.2295325666,13976.5940989057,5.21,-0.12,1.22
30974,1170270,13791.7934677961,13976.4176445521,2.57,-2.64,-2.52
30975,1170270,13792.9407539883,13976.3386863783,1.15,-1.42,1.22
30976,1170270,13794.0381581721,13976.2631611686,1.1,-0.0499999999999998,1.37
30977,1170270,13802.4371977025,13984.437699194,2.97,1.87,1.92
30978,1170270,13802.8948609188,13989.0249254126,4.6,1.63,-0.240000000000001
30979,1170270,13803.4895252713,13994.985334317,5.99,1.39,-0.239999999999999
30980,1170270,13804.3095465656,14003.2045292336,8.26,2.27,0.879999999999999
30981,1170270,13805.3191853746,14013.3242885921,10.16,1.9,-0.369999999999999
30982,1170270,13806.4568904631,14024.727675244,11.47,1.31,-0.59
30983,1170270,13807.7931479232,14038.1211817304,13.46,1.99,0.68
30984,1170270,13808.8668625955,14051.4232572812,13.35,-0.110000000000001,-2.1
30985,1170270,13809.4712798107,14065.2800815866,13.87,0.52,0.630000000000001
30986,1170270,13810.7445138324,14078.2088083376,13.02,-0.85,-1.37
30987,1170270,13812.0484073857,14101.8058513093,13.06,0.0400000000000009,0.890000000000001
30988,1170270,13811.7277710463,14115.5141860989,13.72,0.66,0.619999999999999
30989,1170270,13812.503860544,14128.7214032582,13.23,-0.49,-1.15
30990,1170270,13813.2993082833,14142.2580521379,13.57,0.34,0.83
30991,1170270,13815.4206826381,14155.9235373235,13.83,0.26,-0.0800000000000001
30992,1170270,13818.1031177994,14169.252939795,13.6,-0.23,-0.49
30993,1170270,13820.7116771863,14181.9874199601,13,-0.6,-0.369999999999999
30994,1170270,13822.1760857924,14190.9178465011,9.05,-3.95,-3.35
30995,1170270,13822.4274810909,14197.3429301895,6.44,-2.61,1.34
30996,1170270,13822.5537651989,14200.5704605649,3.22,-3.22,-0.61
30997,1170270,13813.6723660532,14207.4945463717,5.69,2.47,5.69
30998,1170270,13806.4429300591,14209.4529526641,7.49,1.8,-0.67
30999,1170270,13797.8815018523,14211.7721868181,8.87,1.38,-0.420000000000001
31000,1170270,13787.360031211,14214.9323330456,10.99,2.12,0.740000000000002
31001,1170270,13775.3609999335,14218.9063547366,12.65,1.66,-0.460000000000001
31002,1170270,13762.2987633529,14223.2325049319,13.76,1.11,-0.550000000000001
31003,1170270,13749.7681294238,14227.382590875,13.19,-0.57,-1.68
31004,1170270,13725.8403471792,14238.3222877935,13.32,0.130000000000001,0.700000000000001
31005,1170270,13718.1257756281,14244.3659113575,9.81,-3.51,-3.64
31006,1170270,13713.0404560138,14248.3497693394,6.46,-3.35,0.159999999999999
31007,1170270,13710.411204077,14250.4095349214,3.34,-3.12,0.23
31008,1170270,13705.9826924358,14259.273910671,5.51,2.17,5.29
31009,1170270,13707.8867863092,14266.6831566867,7.65,2.14,-0.0299999999999994
