"V1","V2","V3","V4","V5","acceleration","jerk"
34563,1177034,13406.4768405191,13915.4156503785,13.16,0.459999999999999,0
34564,1177034,13419.6726983771,13912.0029922662,13.62,0.459999999999999,0
34565,1177034,13433.0331414028,13908.5477698193,13.81,0.190000000000001,-0.269999999999998
34566,1177034,13445.6379882628,13905.7198478995,12.93,-0.880000000000001,-1.07
34567,1177034,13459.4320909842,13903.5224254654,13.41,0.48,1.36
34568,1177034,13478.376409763,13900.7010697743,13.04,-0.370000000000001,-0.850000000000001
34569,1177034,13491.1676080866,13898.6161607965,12.96,-0.0799999999999983,0.290000000000003
34570,1177034,13504.8372143198,13896.388075199,13.85,0.889999999999999,0.969999999999997
34571,1177034,13518.5864395925,13894.8839358324,13.84,-0.00999999999999979,-0.899999999999999
34572,1177034,13531.6591336261,13893.7708003044,13.12,-0.720000000000001,-0.710000000000001
34573,1177034,13541.266011195,13896.2652262192,13.43,0.31,1.03
34574,1177034,13554.3430711397,13895.5096293417,13.1,-0.33,-0.640000000000001
34575,1177034,13567.4201065876,13895.3418988404,13.07,-0.0299999999999994,0.300000000000001
34576,1177034,13577.2499679628,13895.2896940158,9.83,-3.24,-3.21
34577,1177034,13583.7598761574,13895.2551209326,6.51,-3.32,-0.0800000000000001
34578,1177034,13586.8698322995,13895.238604452,3.12,-3.39,-0.0699999999999994
34579,1177034,13587.9698167871,13895.23276261,1.1,-2.02,1.37
34580,1177034,13590.3698743248,13895.2083202977,2.66,1.56,3.58
34581,1177034,13604.7973492381,13894.800389801,4.73,2.07,0.51
34582,1177034,13611.7815041828,13894.5145931792,6.99,2.26,0.19
34583,1177034,13620.963819482,13894.1388462616,9.19,2.2,-0.0600000000000005
34584,1177034,13632.0181062232,13892.5588219882,11.2,2.01,-0.19
34585,1177034,13642.0593249278,13890.1630145241,10.33,-0.869999999999999,-2.88
34586,1177034,13654.1795373381,13889.8148950883,7.44,-2.89,-2.02
34587,1177034,13658.2716335307,13890.0693528465,4.09,-3.35,-0.460000000000001
34588,1177034,13660.6869683565,13890.2195449866,2.42,-1.67,1.68
34589,1177034,13661.2558695345,13890.2549208213,0.57,-1.85,-0.18
34590,1177034,13661.7748671004,13890.2871935126,0.52,-0.0499999999999999,1.8
34591,1177034,13661.8048092677,13890.2890553986,0.04,-0.48,-0.43
34592,1177034,13661.82,13890.29,0.01,-0.03,0.45
34593,1177034,13661.82,13890.29,0,-0.01,0.02
34594,1177034,13677.6556656127,13899.9734746956,2.01,2.01,2.02
34595,1177034,13679.0048176391,13903.9508845072,4.19,2.18,0.170000000000001
34596,1177034,13680.8325974083,13909.3393277996,5.7,1.51,-0.670000000000001
34597,1177034,13690.4912136449,13919.8738810668,7.44,1.74,0.23
34598,1177034,13698.5075656082,13924.3676769232,9.19,1.75,0.0099999999999989
34599,1177034,13707.8323536918,13929.5949541491,10.7,1.51,-0.239999999999999
34600,1177034,13718.6019378128,13934.915750351,12.02,1.32,-0.19
34601,1177034,13729.8560005846,13941.3867297962,13.08,1.06,-0.26
34602,1177034,13740.106697988,13949.7524753265,13.25,0.17,-0.890000000000001
34603,1177034,13749.5148702581,13958.7238907408,13,-0.25,-0.42
34604,1177034,13758.8250409048,13968.6766114659,13.63,0.630000000000001,0.880000000000001
34605,1177034,13769.5955993924,13973.9668462315,12.15,-1.48,-2.11
34606,1177034,13780.0351851854,13976.0270731572,10.66,-1.49,-0.00999999999999979
34607,1177034,13787.0546770022,13976.7437761396,7.1,-3.56,-2.07
34608,1177034,13791.7535621894,13976.4203909234,4.7,-2.4,1.16
34609,1177034,13802.6019961708,13986.0894986566,6.93,2.23,4.63
34610,1177034,13803.4468365115,13994.5574585526,8.5,1.57,-0.659999999999999
34611,1177034,13804.4892364618,14005.0055876838,10.5,2,0.43
34612,1177034,13805.7043769752,14017.1851210711,12.24,1.74,-0.26
34613,1177034,13806.9820614857,14029.9915422063,12.87,0.629999999999999,-1.11
34614,1177034,13808.3193117076,14043.3949992919,13.47,0.600000000000001,-0.0299999999999976
34615,1177034,13809.0860564378,14056.4484790733,13.08,-0.390000000000001,-0.990000000000002
34616,1177034,13809.6669419085,14069.7658163473,13.32,0.24,0.630000000000001
34617,1177034,13811.5489656568,14083.4979819273,13.87,0.549999999999999,0.309999999999999
34618,1177034,13811.8298092662,14107.6417586819,13.57,-0.299999999999999,-0.849999999999998
34619,1177034,13812.0363296826,14120.7651280685,13.13,-0.44,-0.140000000000001
34620,1177034,13812.794820779,14133.6728618454,12.93,-0.200000000000001,0.239999999999998
34621,1177034,13814.0349793033,14147.0713383725,13.48,0.550000000000001,0.750000000000002
34622,1177034,13816.2309621309,14160.4702617779,13.58,0.0999999999999996,-0.450000000000001
34623,1177034,13818.828630241,14172.6564720333,12.46,-1.12,-1.22
34624,1177034,13820.9960165244,14183.5416243034,11.09,-1.37,-0.250000000000002
34625,1177034,13822.2409872225,14192.5765772822,9.14,-1.95,-0.579999999999998
34626,1177034,13822.4716609801,14198.4720662032,5.9,-3.24,-1.29
34627,1177034,13822.5592388135,14200.7103535224,2.25,-3.65,-0.41
34628,1177034,13815.2456612028,14207.0683511439,3.92,1.67,5.32
34629,1177034,13809.1262187191,14208.7260675516,6.34,2.42,0.75
34630,1177034,13801.1439175613,14210.8884200266,8.27,1.93,-0.49
34631,1177034,13791.375529811,14213.6024191411,10.14,1.87,-0.0599999999999987
34632,1177034,13780.2118741288,14217.2997684359,11.76,1.62,-0.250000000000002
34633,1177034,13767.4439175874,14221.5284544916,13.45,1.69,0.0700000000000003
34634,1177034,13754.4576242427,14225.8294526509,13.68,0.23,-1.46
34635,1177034,13735.9921560812,14231.7555800427,13.04,-0.640000000000001,-0.870000000000001
34636,1177034,13716.7529584715,14231.3225286678,12.52,-0.52,0.120000000000001
34637,1177034,13707.5583295746,14232.3331222797,9.25,-3.27,-2.75
34638,1177034,13702.0216719578,14232.9416635141,5.57,-3.68,-0.41
34639,1177034,13698.2046584482,14233.3611964297,3.84,-1.73,1.95
34640,1177034,13681.4615364892,14223.8635485811,6.07,2.23,3.96
34641,1177034,13674.7026488775,14206.0861087569,8.21,2.14,-0.0899999999999999
34642,1177034,13671.9911252854,14196.3776567789,10.08,1.87,-0.270000000000001
34643,1177034,13668.9541112621,14185.5038053074,11.29,1.21,-0.66
34644,1177034,13665.5162867078,14173.194875121,12.78,1.49,0.280000000000001
34645,1177034,13661.9063019255,14160.2695352852,13.42,0.640000000000001,-0.85
34646,1177034,13658.5994463418,14147.2999280192,13.39,-0.0299999999999994,-0.67
34647,1177034,13651.5328205596,14125.095759459,13.36,-0.0300000000000011,-1.77635683940025e-15
34648,1177034,13650.0233688121,14115.0384011865,10.17,-3.19,-3.16
34649,1177034,13649.3863631387,14107.6890456976,7.38,-2.79,0.399999999999999
34650,1177034,13641.4511687488,14101.5357276144,7.71,0.33,3.12
34651,1177034,13634.0808673297,14102.0749464856,7.38,-0.33,-0.66
34652,1177034,13625.89275168,14102.6739974914,8.21,0.830000000000001,1.16
34653,1177034,13617.9439962929,14103.2555366529,7.97,-0.240000000000001,-1.07
34654,1177034,13610.0650543158,14103.8319681932,7.9,-0.0699999999999994,0.170000000000002
34655,1177034,13602.2658990928,14104.4025624521,7.83,-0.0700000000000003,-8.88178419700125e-16
34656,1177034,13594.8571925822,14104.9611238446,7.42,-0.41,-0.34
34657,1177034,13587.5497865219,14105.7512609652,7.35,-0.0700000000000003,0.34
34658,1177034,13580.3235810767,14106.5475513141,7.28,-0.0699999999999994,8.88178419700125e-16
34659,1177034,13573.1330335031,14107.3923149451,7.24,-0.04,0.0299999999999994
34660,1177034,13565.4359694568,14108.2965854065,7.75,0.51,0.55
34661,1177034,13557.6143753537,14109.1656652219,7.87,0.12,-0.39
34662,1177034,13549.8431625903,14109.9430661389,7.81,-0.0600000000000005,-0.180000000000001
34663,1177034,13542.2212048736,14110.7055361803,7.66,-0.149999999999999,-0.089999999999999
34664,1177034,13534.6688995119,14111.4610384799,7.59,-0.0700000000000003,0.0799999999999992
34665,1177034,13527.0270411223,14112.2254993048,7.69,0.100000000000001,0.170000000000001
34666,1177034,13519.0070699478,14113.0277850142,8.06,0.37,0.27
34667,1177034,13511.1264034834,14113.8161352399,7.92,-0.140000000000001,-0.510000000000001
34668,1177034,13503.086531636,14114.6204117327,8.08,0.16,0.300000000000001
34669,1177034,13495.3750208913,14115.3918402995,7.76,-0.32,-0.48
34670,1177034,13487.7033114923,14116.1592872994,7.71,-0.0499999999999998,0.27
34671,1177034,13479.4445322431,14116.9854624097,8.29,0.579999999999999,0.629999999999999
