"V1","V2","V3","V4","V5","acceleration","jerk"
39813,117977,13406.6137801541,13918.7802502656,13.68,-0.379999999999999,0
39814,117977,13419.4905601313,13915.4518065724,13.3,-0.379999999999999,0
39815,117977,13431.9316595829,13912.2359793951,12.85,-0.450000000000001,-0.0700000000000021
39816,117977,13444.8262253467,13909.1852794386,13.26,0.41,0.860000000000001
39817,117977,13457.3465547857,13907.1396255119,13.14,-0.119999999999999,-0.529999999999999
39818,117977,13476.3797288165,13904.3735639801,13.09,-0.0500000000000007,0.0699999999999985
39819,117977,13489.7821695077,13902.1847324379,13.58,0.49,0.540000000000001
39820,117977,13502.7602324745,13900.0652085218,13.15,-0.43,-0.92
39821,117977,13515.7471736092,13898.4241676894,13.1,-0.0500000000000007,0.379999999999999
39822,117977,13529.3485845052,13897.2734628449,13.66,0.56,0.610000000000001
39823,117977,13542.4617396254,13896.1640653537,13.16,-0.5,-1.06
39824,117977,13555.3717183681,13895.4568573844,12.93,-0.23,0.27
39825,117977,13568.9300852933,13895.3338795845,13.56,0.630000000000001,0.860000000000001
39826,117977,13577.8399596425,13895.2865606642,8.91,-4.65,-5.28
39827,117977,13584.0898715037,13895.25336838,6.25,-2.66,1.99
39828,117977,13587.0498297611,13895.2376485142,2.96,-3.29,-0.63
39829,117977,13588.2798124154,13895.2311162727,1.22,-1.74,1.55
39830,117977,13591.4398024144,13895.1959153343,3.42,2.2,3.94
39831,117977,13606.5059193319,13894.7304738892,5.37,1.95,-0.25
39832,117977,13613.8797481576,13894.4287315332,7.38,2.01,0.0599999999999996
39833,117977,13622.9221805251,13894.0587087253,9.05,1.67,-0.339999999999999
39834,117977,13633.1841627029,13892.321309281,10.43,1.38,-0.290000000000002
39835,117977,13640.8079911478,13890.5153833239,7.84,-2.59,-3.97
39836,117977,13645.6015620896,13889.1655397678,4.98,-2.86,-0.27
39837,117977,13647.3149268038,13888.683065565,1.78,-3.2,-0.340000000000001
39838,117977,13648.6047631616,13888.3198546483,1.34,-0.44,2.76
39839,117977,13654.4494039046,13886.5292151981,0.7,-0.64,-0.2
39840,117977,13655.4275194738,13886.589960018,0.99,0.29,0.93
39841,117977,13657.782981457,13886.7362434618,2.35,1.36,1.07
39842,117977,13687.8129870429,13878.3847891219,4.6,2.25,0.889999999999999
39843,117977,13693.843980028,13878.7155757179,5.04,0.44,-1.81
39844,117977,13699.6691440259,13875.3450617515,6.73,1.69,1.25
39845,117977,13703.8930370883,13872.9010635114,4.88,-1.85,-3.54
39846,117977,13718.4068694018,13867.453916118,7.27,2.39,4.24
39847,117977,13727.0217493672,13865.9906432625,8.74,1.47,-0.919999999999999
39848,117977,13737.2473349465,13864.0939620664,10.39,1.65,0.18
39849,117977,13748.63873879,13862.0780920409,11.57,1.18,-0.470000000000001
39850,117977,13761.904693581,13860.1874721732,13.39,1.82,0.640000000000001
39851,117977,13774.9043422394,13858.7925044869,13.08,-0.31,-2.13
39852,117977,13788.3892957156,13857.6893670994,13.53,0.449999999999999,0.76
39853,117977,13801.4480180872,13856.650247269,13.1,-0.43,-0.879999999999999
39854,117977,13814.6662363045,13855.5984358986,13.26,0.16,0.59
39855,117977,13827.8360763375,13855.6205264857,13.18,-0.0800000000000001,-0.24
39856,117977,13841.4131801345,13855.9009769894,13.58,0.4,0.48
39857,117977,13855.0758100297,13857.9557188175,13.82,0.24,-0.16
39858,117977,13868.7729284628,13860.0743378558,13.86,0.0399999999999991,-0.200000000000001
39859,117977,13881.7628233281,13861.6015939183,13.08,-0.779999999999999,-0.819999999999999
39860,117977,13894.7095771239,13863.3784570056,13.08,0,0.779999999999999
39861,117977,13907.5109957837,13862.8400174231,13.56,0.48,0.48
39862,117977,13920.4991081602,13865.135133582,13.2,-0.360000000000001,-0.840000000000002
39863,117977,13933.4252896749,13867.1062865081,13.09,-0.109999999999999,0.250000000000002
39864,117977,13946.2906231661,13867.720773416,12.89,-0.199999999999999,-0.0899999999999999
39865,117977,13959.1020571109,13866.6513367423,12.87,-0.0200000000000014,0.179999999999998
39866,117977,13978.6330891231,13864.9437329066,13.35,0.48,0.500000000000002
39867,117977,13991.8189650789,13866.9493804753,13.41,0.0600000000000005,-0.42
39868,117977,14004.9639904196,13869.3828062375,13.36,-0.0500000000000007,-0.110000000000001
39869,117977,14018.4564526525,13871.6402080392,13.69,0.33,0.380000000000001
39870,117977,14029.8754940792,13876.9468509974,13.67,-0.0199999999999996,-0.35
39871,117977,14049.7843999703,13883.855327772,13.39,-0.279999999999999,-0.26
39872,117977,14062.1121848172,13880.4694660936,13.07,-0.32,-0.0400000000000009
39873,117977,14074.9898214073,13881.738353738,12.94,-0.130000000000001,0.19
39874,117977,14088.2837665194,13882.9541888772,13.35,0.41,0.540000000000001
39875,117977,14101.1174323783,13883.4354963268,12.86,-0.49,-0.9
39876,117977,14114.7864450739,13884.3564153933,13.69,0.83,1.32
39877,117977,14128.2160006128,13885.2612015711,13.46,-0.229999999999999,-1.06
39878,117977,14141.2117784027,13885.7951488272,13.01,-0.450000000000001,-0.220000000000002
39879,117977,14155.7509863853,13885.0529404548,11.37,-1.64,-1.19
39880,117977,14168.1963953656,13888.1293336859,12.81,1.44,3.08
39881,117977,14180.8761517316,13891.9882899662,13.05,0.24,-1.2
39882,117977,14192.7553597981,13896.5108054402,12.74,-0.31,-0.550000000000001
39883,117977,14201.1170229014,13900.8705634778,9.43,-3.31,-3
39884,117977,14206.6766864918,13903.7693633607,6.27,-3.16,0.15
39885,117977,14209.884297579,13905.5824263016,3.26,-3.01,0.15
39886,117977,14211.0454597783,13906.2512329605,1.33,-1.93,1.08
39887,117977,14211.3747445811,13906.4408945504,0.39,-0.94,0.99
39888,117977,14211.4267369184,13906.4708411172,0.06,-0.33,0.61
39889,117977,14211.452733087,13906.4858144006,0.03,-0.03,0.3
39890,117977,14211.46,13906.49,0.01,-0.02,0.01
39891,117977,14211.46,13906.49,0,-0.01,0.01
39892,117977,14228.573257216,13915.9442324858,1.98,1.98,1.99
39893,117977,14232.2273829178,13918.3042887045,4.35,2.37,0.39
39894,117977,14237.8975779723,13921.9664449059,6.75,2.4,0.0300000000000007
39895,117977,14245.2937076645,13926.9661233533,8.93,2.18,-0.220000000000001
39896,117977,14253.7105118258,13932.9893118813,10.35,1.42,-0.76
39897,117977,14263.389225001,13939.5807162288,11.71,1.36,-0.0599999999999987
39898,117977,14275.1263675295,13946.8307026356,13.8,2.09,0.729999999999999
39899,117977,14286.5616060656,13952.9853338267,12.99,-0.81,-2.9
39900,117977,14298.7481580888,13958.4703676169,13.39,0.4,1.21
39901,117977,14311.0605388003,13962.642331329,13,-0.390000000000001,-0.790000000000001
39902,117977,14323.6916492442,13966.375861502,13.18,0.18,0.57
39903,117977,14336.3130884967,13969.1373232882,12.93,-0.25,-0.43
39904,117977,14349.4727230947,13971.5200828019,13.38,0.450000000000001,0.700000000000001
39905,117977,14362.2703477888,13973.411018074,12.94,-0.440000000000001,-0.890000000000002
39906,117977,14375.6662594457,13974.2147287689,13.42,0.48,0.920000000000002
39907,117977,14389.072153153,13975.0190383541,13.44,0.0199999999999996,-0.460000000000001
39908,117977,14402.9272391289,13975.8502979998,13.88,0.440000000000001,0.420000000000002
