"V1","V2","V3","V4","V5","acceleration","jerk"
54048,1182452,13434.57,13755.85,0,2.33,0
54049,1182452,13436.8927251262,13756.0339782278,2.33,2.33,0
54050,1182452,13437.9690651002,13756.1226886232,1.08,-1.25,-3.58
54051,1182452,13440.319862232,13756.3309020834,2.36,1.28,2.53
54052,1182452,13443.3261131424,13756.4556314319,3.01,0.65,-0.63
54053,1182452,13448.3545432112,13756.5812938519,5.03,2.02,1.37
54054,1182452,13455.6222741455,13756.7629172701,7.27,2.24,0.219999999999999
54055,1182452,13464.3895369095,13756.982014571,8.78,1.51,-0.73
54056,1182452,13474.5663510277,13757.2366797624,10.18,1.4,-0.109999999999999
54057,1182452,13485.9027986369,13757.5205029541,11.34,1.16,-0.24
54058,1182452,13498.7287794858,13757.8416186109,12.83,1.49,0.33
54059,1182452,13512.354509725,13758.1827570679,13.63,0.800000000000001,-0.69
54060,1182452,13526.2401585162,13758.5304029349,13.89,0.26,-0.540000000000001
54061,1182452,13539.0791284407,13759.0521993519,12.85,-1.04,-1.3
54062,1182452,13552.2477667528,13758.5807838901,13.19,0.34,1.38
54063,1182452,13565.5986157331,13758.093777129,13.36,0.17,-0.17
54064,1182452,13577.062048682,13757.7059528858,11.47,-1.89,-2.06
54065,1182452,13585.007355699,13757.4328313676,7.95,-3.52,-1.63
54066,1182452,13590.3641809768,13757.2483782734,5.36,-2.59,0.930000000000001
54067,1182452,13594.6716281684,13757.1000587144,4.31,-1.05,1.54
54068,1182452,13599.0690220531,13756.9486419953,4.39,0.0800000000000001,1.13
54069,1182452,13602.9567180102,13756.8147758504,3.9,-0.49,-0.57
54070,1182452,13610.8443127012,13751.4252226345,5.84,1.94,2.43
54071,1182452,13612.2955961852,13743.8835930858,7.69,1.85,-0.0899999999999994
54072,1182452,13614.0908036198,13734.5547544515,9.5,1.81,-0.0400000000000009
54073,1182452,13616.273397922,13723.2128506381,11.55,2.05,0.240000000000001
54074,1182452,13618.7356666455,13710.4176119637,13.03,1.48,-0.570000000000002
54075,1182452,13621.2791921266,13697.2001205933,13.46,0.430000000000001,-1.05
54076,1182452,13623.3332873703,13686.5259652295,10.88,-2.58,-3.01
54077,1182452,13624.6277264153,13679.7993815826,6.84,-4.04,-1.46
54078,1182452,13625.4192481609,13675.6950093756,4.18,-2.66,1.38
54079,1182452,13637.8792916197,13669.3428955185,6.62,2.44,5.1
54080,1182452,13646.2546166981,13671.0623226993,8.55,1.93,-0.51
54081,1182452,13656.6282649532,13673.1919991724,10.59,2.04,0.109999999999999
54082,1182452,13669.1373762107,13675.760079301,12.78,2.19,0.15
54083,1182452,13681.92076712,13678.3844681559,13.04,0.26,-1.93
54084,1182452,13705.6404195948,13682.0170523292,12.91,-0.129999999999999,-0.389999999999999
54085,1182452,13719.1457716416,13683.5315047355,13.59,0.68,0.809999999999999
54086,1182452,13731.9654214874,13684.9690644148,12.9,-0.69,-1.37
54087,1182452,13745.4508981081,13686.4812880464,13.58,0.68,1.37
54088,1182452,13758.6382433371,13687.9600800576,13.26,-0.32,-1
54089,1182452,13781.9299185563,13689.1881188093,13.6,0.34,0.66
54090,1182452,13795.7697379185,13689.1174079634,13.84,0.24,-0.0999999999999996
54091,1182452,13809.2495619793,13689.0485364169,13.48,-0.359999999999999,-0.6
54092,1182452,13822.2893917829,13688.9819129032,13.04,-0.440000000000001,-0.0800000000000018
54093,1182452,13835.6792170183,13688.9135011815,13.39,0.350000000000001,0.790000000000003
54094,1182452,13848.6490477356,13688.8472353093,12.97,-0.42,-0.770000000000001
54095,1182452,13862.0288731016,13688.7788746794,13.38,0.41,0.83
54096,1182452,13874.9987038188,13688.7126088071,12.96,-0.42,-0.83
54097,1182452,13888.6985250082,13688.6426132443,13.71,0.75,1.17
54098,1182452,13891.9455286177,13672.1437015701,13.87,0.159999999999998,-0.590000000000002
54099,1182452,13891.6272911111,13658.6274474703,13.52,-0.35,-0.509999999999998
54100,1182452,13891.6844028453,13634.5403716725,9.28,-4.24,-3.89
54101,1182452,13892.2581661121,13627.8409117893,6.76,-2.52,1.72
54102,1182452,13892.9090897919,13624.4528742507,3.44,-3.32,-0.8
54103,1182452,13905.7199082486,13615.9012099891,5.16,1.72,5.04
54104,1182452,13911.6177823585,13618.7050532118,6.54,1.38,-0.34
54105,1182452,13919.0585919562,13623.0754895504,8.63,2.09,0.710000000000001
54106,1182452,13928.2781761812,13627.844521603,10.39,1.76,-0.330000000000001
54107,1182452,13938.7856599366,13633.2797479212,11.83,1.44,-0.32
54108,1182452,13949.7703076312,13640.2078349957,13,1.17,-0.27
54109,1182452,13962.2311913376,13648.5040556567,14.98,1.98,0.81
54110,1182452,13976.0155757181,13657.6814380313,16.56,1.58,-0.400000000000002
54111,1182452,13992.0288209886,13666.8024887891,18.44,1.88,0.300000000000004
54112,1182452,14010.7470747331,13674.4284405746,20.26,1.82,-0.0600000000000023
54113,1182452,14031.8356675306,13678.7516432131,21.54,1.28,-0.540000000000003
54114,1182452,14054.7255966327,13682.1443922021,23.14,1.6,0.320000000000004
54115,1182452,14078.9410445332,13685.7336098014,24.48,1.34,-0.260000000000002
54116,1182452,14112.4463450908,13693.0242230742,25.46,0.98,-0.359999999999999
54117,1182452,14132.7295260433,13715.9032664309,26.53,1.07,0.0899999999999999
54118,1182452,14140.1184364142,13742.2937656081,27.45,0.919999999999998,-0.150000000000002
54119,1182452,14149.0356888942,13777.5852028733,27.71,0.260000000000002,-0.659999999999997
54120,1182452,14155.8481332598,13802.2725012627,25.6,-2.11,-2.37
54121,1182452,14179.8892774436,13826.6208920138,22.31,-3.29,-1.18
54122,1182452,14192.4573538768,13851.5697006509,21.24,-1.07,2.22
54123,1182452,14209.3548437113,13883.2346410352,16.77,-4.47,-3.4
54124,1182452,14214.0721755025,13895.4129159858,13.06,-3.71,0.76
54125,1182452,14232.2105823399,13918.2934378713,13.55,0.49,4.2
54126,1182452,14243.6433924466,13925.7840236614,13.67,0.119999999999999,-0.370000000000001
54127,1182452,14254.313881648,13933.4002192403,13.11,-0.56,-0.68
54128,1182452,14265.3481105882,13940.9147579285,13.34,0.23,0.790000000000001
54129,1182452,14277.1339898928,13948.0328059782,13.77,0.43,0.199999999999999
54130,1182452,14289.1126840761,13954.2104464682,13.5,-0.27,-0.699999999999999
54131,1182452,14301.191692107,13959.2983419536,13.12,-0.380000000000001,-0.110000000000001
54132,1182452,14314.2049314128,13963.7077866771,13.74,0.620000000000001,1
54133,1182452,14326.9446982156,13967.0876004918,13.2,-0.540000000000001,-1.16
54134,1182452,14340.2206548287,13969.9922650177,13.59,0.390000000000001,0.930000000000001
54135,1182452,14353.8511064163,13972.1943672298,13.81,0.220000000000001,-0.17
54136,1182452,14366.652467921,13973.673930887,12.9,-0.91,-1.13
54137,1182452,14379.6391155108,13974.4530870823,13.01,0.109999999999999,1.02
54138,1182452,14393.1947399744,13975.266380021,13.58,0.57,0.460000000000001
