"V1","V2","V3","V4","V5","acceleration","jerk"
31056,1183365,13603.4164455527,13756.7989459207,0,1.83,0
31057,1183365,13605.2453616457,13756.7359703307,1.83,1.83,0
31058,1183365,13610.9236797667,13751.0127897686,3.98,2.15,0.32
31059,1183365,13611.9951351514,13745.4449460783,5.67,1.69,-0.46
31060,1183365,13613.3273680371,13738.5219658286,7.05,1.38,-0.31
31061,1183365,13614.9203784239,13730.2438490193,8.43,1.38,0
31062,1183365,13616.8365261489,13720.2865412559,10.14,1.71,0.330000000000001
31063,1183365,13619.1646267378,13708.1885105216,12.32,2.18,0.469999999999999
31064,1183365,13621.7780708243,13694.607685436,13.84,1.52,-0.66
31065,1183365,13624.2970303089,13681.5178518574,13.33,-0.51,-2.03
31066,1183365,13629.226883743,13659.0831770467,13.1,-0.23,0.279999999999999
31067,1183365,13632.5977406801,13645.7940302152,13.71,0.610000000000001,0.840000000000002
31068,1183365,13635.8382873199,13633.0186140782,13.18,-0.530000000000001,-1.14
31069,1183365,13639.1870160934,13619.8167045344,13.62,0.44,0.970000000000001
31070,1183365,13642.4251040483,13607.0509814293,13.17,-0.449999999999999,-0.889999999999999
31071,1183365,13645.7148243852,13594.0817046528,13.37,0.199999999999999,0.649999999999999
31072,1183365,13652.1252627149,13574.3885324488,13.52,0.15,-0.0499999999999989
31073,1183365,13658.1565238867,13562.3666195945,13.45,-0.0700000000000003,-0.220000000000001
31074,1183365,13664.1698482222,13550.3804596408,13.41,-0.0399999999999991,0.0300000000000011
31075,1183365,13670.290793575,13538.179782283,13.65,0.24,0.279999999999999
31076,1183365,13676.1202653395,13526.5600895613,13,-0.65,-0.890000000000001
31077,1183365,13681.940768686,13514.95827329,12.98,-0.0199999999999996,0.630000000000001
31078,1183365,13687.4697984442,13503.9374416547,12.33,-0.65,-0.630000000000001
31079,1183365,13691.4002992623,13496.1764097154,8.7,-3.63,-2.98
31080,1183365,13693.7426457619,13491.8384017768,4.92,-3.78,-0.149999999999999
31081,1183365,13695.3628083509,13488.8378729592,3.41,-1.51,2.27
31082,1183365,13695.9519583833,13487.746771571,1.25,-2.16,-0.65
31083,1183365,13696.1134995212,13487.4475986097,0.33,-0.92,1.24
31084,1183365,13696.1325043609,13487.4124017907,0.04,-0.29,0.63
31085,1183365,13696.1467579908,13487.3860041765,0.03,-0.01,0.28
31086,1183365,13696.1467579908,13487.3860041765,0,-0.03,-0.02
31087,1183365,13694.0767091762,13480.8377453076,2.11,2.11,2.14
31088,1183365,13690.7978820264,13478.3595619967,4.12,2.01,-0.0999999999999996
31089,1183365,13686.1628489997,13474.8563393602,5.81,1.69,-0.320000000000001
31090,1183365,13680.4315506481,13470.6394436762,7.12,1.31,-0.379999999999999
31091,1183365,13672.3656859596,13465.8513097154,9.38,2.26,0.95
31092,1183365,13663.1045598727,13460.3536335152,10.77,1.39,-0.870000000000002
31093,1183365,13652.7304139535,13454.0296643256,12.15,1.38,-0.00999999999999801
31094,1183365,13640.7889741685,13446.6837528191,14.02,1.87,0.489999999999998
31095,1183365,13627.8254425331,13438.7090899712,15.21,1.19,-0.679999999999998
31096,1183365,13613.2606336655,13429.7493833549,17.11,1.9,0.709999999999997
31097,1183365,13596.842143405,13420.0279157647,19.07,1.96,0.0600000000000023
31098,1183365,13577.7756855439,13413.4784284083,20.16,1.09,-0.870000000000001
31099,1183365,13556.8611571769,13408.941117635,21.43,1.27,0.18
31100,1183365,13539.1951018396,13405.8238671338,17.95,-3.48,-4.75
31101,1183365,13524.5355757555,13403.4530455481,14.84,-3.11,0.370000000000001
31102,1183365,13514.5651236715,13401.8405675672,10.1,-4.74,-1.63
31103,1183365,13507.5660637431,13400.7086399549,7.09,-3.01,1.73
31104,1183365,13503.18301352,13399.9997882485,4.44,-2.65,0.36
31105,1183365,13501.4159730021,13399.7140124479,1.79,-2.65,-8.88178419700125e-16
31106,1183365,13495.3496624402,13396.9719183931,3.98,2.19,4.84
31107,1183365,13489.7270311775,13395.9210056069,5.72,1.74,-0.45
31108,1183365,13482.8461887232,13394.634923526,6.99,1.27,-0.469999999999999
31109,1183365,13474.0976890313,13392.999762023,8.91,1.92,0.649999999999999
31110,1183365,13464.1597865723,13391.1422920461,10.1,1.19,-0.73
31111,1183365,13442.7842287671,13387.020137122,12.29,2.19,1
31112,1183365,13429.702023001,13384.2129512905,13.38,1.09,-1.1
31113,1183365,13416.8376976108,13381.7125518142,13.11,-0.270000000000001,-1.36
