"V1","V2","V3","V4","V5","acceleration","jerk"
62782,"1183478#1",14398.6568049993,13323.3216095659,13.47,-0.360000000000001,0
62783,"1183478#1",14385.7259442926,13321.1617620287,13.11,-0.360000000000001,0
62784,"1183478#1",14372.7457668021,13318.9936770867,13.16,0.0500000000000007,0.410000000000002
62785,"1183478#1",14359.95299309,13316.8568942829,12.97,-0.19,-0.24
62786,"1183478#1",14346.7065049671,13314.644327355,13.43,0.459999999999999,0.649999999999999
62787,"1183478#1",14334.1701785307,13312.5503790561,12.72,-0.709999999999999,-1.17
62788,"1183478#1",14321.1702743267,13310.3789991522,13.17,0.449999999999999,1.16
62789,"1183478#1",14308.2690036902,13308.2240940578,13.08,-0.0899999999999999,-0.539999999999999
62790,"1183478#1",14295.7326772538,13306.1301457589,12.71,-0.369999999999999,-0.279999999999999
62791,"1183478#1",14282.6144127687,13303.9389960835,13.31,0.6,0.969999999999999
62792,"1183478#1",14268.9931170891,13301.6638248791,13.8,0.49,-0.109999999999999
62793,"1183478#1",14256.239796804,13299.5336319992,12.93,-0.870000000000001,-1.36
62794,"1183478#1",14243.1905758163,13297.3540146904,13.23,0.300000000000001,1.17
62795,"1183478#1",14227.2603710848,13294.5725944635,13.49,0.26,-0.0400000000000009
62796,"1183478#1",14214.4984398305,13292.2587209449,12.97,-0.52,-0.779999999999999
62797,"1183478#1",14201.6577919609,13289.9305752688,13.04,0.0699999999999985,0.589999999999998
62798,"1183478#1",14188.6105129762,13287.5649651796,13.26,0.220000000000001,0.150000000000002
62799,"1183478#1",14175.1106134535,13285.1172901854,13.72,0.460000000000001,0.24
62800,"1183478#1",14161.6795909692,13282.6821033288,13.65,-0.0700000000000003,-0.530000000000001
62801,"1183478#1",14148.681509869,13280.325413338,13.21,-0.44,-0.369999999999999
62802,"1183478#1",14135.2012895002,13277.8813063831,13.7,0.489999999999998,0.929999999999998
62834,"1183478#1",13730.701089302,13278.2974275265,13.08,-0.019375,-0.0159179687499999
62835,"1183478#1",13719.6179962302,13286.4691697813,13.77,0.69,0.709374999999999
62836,"1183478#1",13703.4546720019,13297.7874108902,13.66,-0.109999999999999,-0.799999999999999
62837,"1183478#1",13692.0910488307,13304.945131786,13.43,-0.23,-0.120000000000001
62838,"1183478#1",13680.3635866451,13312.3320276621,13.86,0.43,0.66
62839,"1183478#1",13669.2030364122,13319.361836941,13.19,-0.67,-1.1
62840,"1183478#1",13658.2455591175,13326.263734603,12.95,-0.24,0.43
62841,"1183478#1",13646.96870867,13333.9477200189,13.64,0.690000000000001,0.930000000000001
62842,"1183478#1",13636.1771802574,13341.566579154,13.22,-0.42,-1.11
62843,"1183478#1",13625.0833910187,13349.3988355548,13.57,0.35,0.77
62844,"1183478#1",13614.3653855098,13356.9657872469,13.12,-0.450000000000001,-0.800000000000001
62845,"1183478#1",13592.6482892828,13374.2112829712,13.54,0.42,0.870000000000001
62846,"1183478#1",13580.8077544357,13382.2540977393,13.81,0.270000000000001,-0.149999999999999
62847,"1183478#1",13568.5094791856,13388.3701736048,13.82,0.00999999999999979,-0.260000000000002
62848,"1183478#1",13549.6174112959,13394.4443798142,13.25,-0.57,-0.58
62849,"1183478#1",13536.5898293908,13395.7211764726,13.09,-0.16,0.41
62850,"1183478#1",13523.5622474858,13396.9979731311,13.1,0.00999999999999979,0.17
62851,"1183478#1",13510.1067159841,13398.3167119258,13.52,0.42,0.41
62852,"1183478#1",13494.0029832741,13396.7202137572,12.89,-0.629999999999999,-1.05
62853,"1183478#1",13481.5683179817,13394.3960797109,12.66,-0.23,0.399999999999999
62854,"1183478#1",13471.9744576454,13392.6029138381,9.76,-2.9,-2.67
62855,"1183478#1",13465.7816994365,13391.4454399652,6.3,-3.46,-0.56
62856,"1183478#1",13462.5771928078,13390.8464931675,3.26,-3.04,0.42
62857,"1183478#1",13460.8176630945,13390.5176236068,1.79,-1.47,1.57
62858,"1183478#1",13459.8838344757,13390.3430838958,0.95,-0.84,0.63
62859,"1183478#1",13459.4611541535,13390.2640817109,0.43,-0.52,0.32
62860,"1183478#1",13459.4316648287,13390.2585699305,0.03,-0.4,0.12
62861,"1183478#1",13459.4316648287,13390.2585699305,0,-0.03,0.37
62862,"1183478#1",13459.4316648287,13390.2585699305,0,0,0.03
62863,"1183478#1",13459.4316648287,13390.2585699305,0,0,0
62864,"1183478#1",13459.4316648287,13390.2585699305,0,0,0
62865,"1183478#1",13459.4316648287,13390.2585699305,0,0,0
62866,"1183478#1",13459.4316648287,13390.2585699305,0,0,0
62867,"1183478#1",13459.4316648287,13390.2585699305,0,0,0
62868,"1183478#1",13459.4316648287,13390.2585699305,0,0,0
62869,"1183478#1",13459.4316648287,13390.2585699305,0,0,0
62870,"1183478#1",13459.4316648287,13390.2585699305,0,0,0
62871,"1183478#1",13459.4316648287,13390.2585699305,0,0,0
62872,"1183478#1",13459.4316648287,13390.2585699305,0,0,0
62873,"1183478#1",13459.4316648287,13390.2585699305,0,0,0
62874,"1183478#1",13459.4316648287,13390.2585699305,0,0,0
62875,"1183478#1",13459.4316648287,13390.2585699305,0,0,0
62876,"1183478#1",13459.4316648287,13390.2585699305,0,0,0
62877,"1183478#1",13459.4316648287,13390.2585699305,0,0,0
62878,"1183478#1",13459.4316648287,13390.2585699305,0,0,0
62879,"1183478#1",13459.4316648287,13390.2585699305,0,0,0
62880,"1183478#1",13459.4316648287,13390.2585699305,0,0,0
62881,"1183478#1",13459.4316648287,13390.2585699305,0,0,0
62882,"1183478#1",13459.4316648287,13390.2585699305,0,0,0
62883,"1183478#1",13459.4316648287,13390.2585699305,0,0,0
62884,"1183478#1",13459.4316648287,13390.2585699305,0,0,0
62885,"1183478#1",13459.4316648287,13390.2585699305,0,0,0
62886,"1183478#1",13459.4316648287,13390.2585699305,0,0,0
62887,"1183478#1",13459.4316648287,13390.2585699305,0,0,0
62888,"1183478#1",13459.4316648287,13390.2585699305,0,0,0
62889,"1183478#1",13459.4316648287,13390.2585699305,0,0,0
62890,"1183478#1",13459.4316648287,13390.2585699305,0,0,0
62891,"1183478#1",13459.4316648287,13390.2585699305,0,0,0
62892,"1183478#1",13459.4316648287,13390.2585699305,0,0,0
62893,"1183478#1",13459.4316648287,13390.2585699305,0,0,0
62894,"1183478#1",13459.4316648287,13390.2585699305,0,0,0
62895,"1183478#1",13459.4316648287,13390.2585699305,0,0,0
62896,"1183478#1",13459.4316648287,13390.2585699305,0,0,0
62897,"1183478#1",13459.4316648287,13390.2585699305,0,0,0
62898,"1183478#1",13459.4316648287,13390.2585699305,0,0,0
62899,"1183478#1",13459.4316648287,13390.2585699305,0,0,0
62900,"1183478#1",13459.4218350538,13390.2567326704,0.01,0.01,0.01
62901,"1183478#1",13459.4021755039,13390.2530581502,0.02,0.01,0
62902,"1183478#1",13459.3726861791,13390.2475463698,0.03,0.01,-1.73472347597681e-18
62903,"1183478#1",13459.2940479796,13390.2328482889,0.08,0.05,0.04
62904,"1183478#1",13459.1957502303,13390.2144756877,0.1,0.02,-0.03
62905,"1183478#1",13459.0483036062,13390.186916786,0.15,0.05,0.03
62906,"1183478#1",13458.9205165321,13390.1630324045,0.13,-0.02,-0.07
62907,"1183478#1",13458.5764744094,13390.0987283005,0.36,0.23,0.25
62908,"1183478#1",13458.2717513864,13390.0417732369,0.31,-0.05,-0.28
62909,"1183478#1",13457.5148587164,13389.900304208,0.76,0.45,0.5
62910,"1183478#1",13456.7972851462,13389.7661842195,0.73,-0.03,-0.48
62911,"1183478#1",13455.9814138266,13389.6136916299,0.83,0.1,0.13
62912,"1183478#1",13454.8018408344,13389.393220416,1.2,0.37,0.27
62913,"1183478#1",13453.6124380673,13389.1709119421,1.21,0.01,-0.36
62914,"1183478#1",13448.5375550271,13393.1285996826,3,1.79,1.78
62915,"1183478#1",13447.9177169243,13398.3418808688,5.25,2.25,0.46
62916,"1183478#1",13446.9042550731,13405.7927049298,7.51,2.26,0.00999999999999979
62917,"1183478#1",13446.2464323739,13410.3252174005,4.58,-2.93,-5.19
62918,"1183478#1",13444.5018983923,13426.3179350045,6.49,1.91,4.84
62919,"1183478#1",13443.8106247345,13435.1308653191,8.85,2.36,0.449999999999999
62920,"1183478#1",13442.9551344838,13446.0373650523,10.94,2.09,-0.27
62921,"1183478#1",13441.9541952507,13458.7981691277,12.8,1.86,-0.229999999999999
62922,"1183478#1",13440.9391803097,13471.7384220105,12.97,0.17,-1.69
62923,"1183478#1",13439.8561327803,13485.5460107952,13.86,0.889999999999999,0.719999999999999
62924,"1183478#1",13438.8145303909,13498.8252225363,13.32,-0.539999999999999,-1.43
62925,"1183478#1",13437.9226734996,13519.5688300287,13.34,0.0199999999999996,0.559999999999999
62926,"1183478#1",13437.6972603977,13532.7969095921,13.24,-0.0999999999999996,-0.119999999999999
62927,"1183478#1",13437.4745733802,13545.8650123806,13.06,-0.18,-0.0800000000000001
62928,"1183478#1",13437.2530790246,13558.8631253302,13.01,-0.0500000000000007,0.129999999999999
62929,"1183478#1",13437.0177838669,13572.6711207021,13.81,0.800000000000001,0.850000000000001
62930,"1183478#1",13436.7974821733,13585.5992438127,12.93,-0.880000000000001,-1.68
62931,"1183478#1",13436.5725802122,13598.7973277307,13.2,0.27,1.15
62932,"1183478#1",13436.3374554348,13612.5953245542,13.8,0.600000000000001,0.330000000000002
62933,"1183478#1",13436.1573634857,13623.163790237,10.57,-3.23,-3.83
62934,"1183478#1",13436.0265114356,13630.8426754257,7.68,-2.89,0.34
62935,"1183478#1",13435.9505218337,13635.3020280223,4.46,-3.22,-0.329999999999999
62936,"1183478#1",13424.3903022801,13641.1557377925,5.75,1.29,4.51
62937,"1183478#1",13417.5467235405,13637.5400732567,7.74,1.99,0.7
62938,"1183478#1",13409.1116148615,13633.0835565033,9.54,1.8,-0.190000000000001
