"V1","V2","V3","V4","V5","acceleration","jerk"
31825,118467,13414.9597319339,13366.4683542808,13.61,-0.229999999999999,0
31826,118467,13428.1066886479,13368.9547028408,13.38,-0.229999999999999,0
31827,118467,13440.8802639305,13371.370437615,13,-0.380000000000001,-0.150000000000002
31828,118467,13462.9085025885,13373.671719771,12.97,-0.0299999999999994,0.350000000000001
31829,118467,13476.9816040655,13371.2522416305,13.46,0.49,0.52
31830,118467,13489.9257517067,13372.0707413812,12.97,-0.49,-0.98
31831,118467,13503.568504078,13372.9334161377,13.68,0.709999999999999,1.2
31832,118467,13517.4008777332,13373.8080812529,13.86,0.18,-0.529999999999999
31833,118467,13530.4802269754,13373.4520026755,13.11,-0.75,-0.93
31834,118467,13543.4402964262,13372.3132753901,13.01,-0.0999999999999996,0.65
31835,118467,13555.9038231671,13369.1251734102,12.9,-0.109999999999999,-0.00999999999999979
31836,118467,13576.5480036876,13355.8497503393,12.88,-0.0199999999999996,0.0899999999999999
31837,118467,13587.7120318201,13347.8918249905,13.71,0.83,0.85
31838,118467,13598.257193331,13340.3750391942,12.95,-0.760000000000002,-1.59
31839,118467,13608.7616399327,13332.8872757369,12.9,-0.0499999999999989,0.710000000000003
31840,118467,13620.0722417387,13324.8248699678,13.89,0.99,1.04
31841,118467,13631.1141251433,13316.9540116359,13.56,-0.33,-1.32
31842,118467,13641.8710041827,13309.2863096769,13.21,-0.35,-0.0199999999999996
31843,118467,13652.5010320976,13301.9426979899,12.91,-0.300000000000001,0.0499999999999989
31844,118467,13663.4198744265,13294.4013597667,13.28,0.369999999999999,0.67
31845,118467,13674.6843018178,13286.6213356314,13.69,0.41,0.0400000000000009
31846,118467,13685.6113723624,13279.0743144103,13.28,-0.41,-0.82
31888,118467,14213.7239885521,13276.3048519695,12.86,-0.01,0.00952380952380953
31889,118467,14228.2363912577,13278.8107899798,13.5,0.640000000000001,0.650000000000001
31890,118467,14241.2805691157,13280.766684662,13.19,-0.31,-0.950000000000001
31891,118467,14254.2654103042,13282.7136821736,13.13,-0.0599999999999987,0.250000000000002
31892,118467,14267.7249448491,13284.7318570503,13.61,0.479999999999999,0.539999999999997
31893,118467,14280.9075749361,13286.7085117974,13.33,-0.279999999999999,-0.759999999999998
31894,118467,14294.644013939,13288.7682068039,13.89,0.56,0.84
31895,118467,14308.0837695941,13290.7834159571,13.59,-0.300000000000001,-0.860000000000001
31896,118467,14321.7633903428,13293.0641552666,13.87,0.279999999999999,0.58
31897,118467,14335.1266695254,13295.4805926207,13.58,-0.289999999999999,-0.569999999999999
31898,118467,14348.0471301785,13297.816956572,13.13,-0.449999999999999,-0.16
31899,118467,14361.5580155377,13300.2600850604,13.74,0.609999999999999,1.06
31900,118467,14375.019698838,13302.694316504,13.68,-0.0600000000000005,-0.67
31901,118467,14388.1271273147,13305.0644892254,13.32,-0.359999999999999,-0.299999999999999
31902,118467,14401.3624811443,13307.4577942632,13.45,0.129999999999999,0.489999999999998
