"V1","V2","V3","V4","V5","acceleration","jerk"
62415,1186851,13413.7379508592,13913.5378120922,10.57,1.63,0
62416,1186851,13425.5493570123,13910.4831951464,12.2,1.63,0
62417,1186851,13438.7258519094,13907.0755446029,13.61,1.41,-0.219999999999999
62418,1186851,13451.5474156038,13904.7406806508,13.04,-0.57,-1.98
62419,1186851,13464.8807533297,13902.7727064217,12.91,-0.129999999999999,0.440000000000001
62420,1186851,13484.1403448101,13899.7615737534,13.39,0.48,0.609999999999999
62421,1186851,13497.3855517161,13897.6026633767,13.42,0.0299999999999994,-0.450000000000001
62422,1186851,13510.7547799047,13895.5507990375,13.54,0.119999999999999,0.0899999999999999
62423,1186851,13523.9171494309,13894.4300276712,13.2,-0.34,-0.459999999999999
62424,1186851,13536.94998769,13893.3202858491,13.08,-0.119999999999999,0.220000000000001
62425,1186851,13550.4769190805,13892.4012389207,13.56,0.48,0.6
62426,1186851,13563.7990411595,13892.0604124068,13.32,-0.24,-0.720000000000001
62427,1186851,13577.4488504557,13891.9882585641,13.66,0.34,0.58
62428,1186851,13591.389802616,13891.8960488068,13.68,0.0199999999999996,-0.32
62429,1186851,13614.5188678605,13891.1012957449,13.55,-0.129999999999999,-0.149999999999999
62430,1186851,13627.5254258678,13890.1372276471,13.07,-0.48,-0.350000000000001
62431,1186851,13640.7749683273,13887.1020011728,13.6,0.529999999999999,1.01
62432,1186851,13655.2052009752,13881.4149173667,10.75,-2.85,-3.38
62433,1186851,13660.4682367736,13876.5677641202,7.24,-3.51,-0.66
62434,1186851,13662.6377640971,13872.941670991,4.27,-2.97,0.539999999999999
62435,1186851,13664.6487475373,13863.4212232664,6.36,2.09,5.06
62436,1186851,13665.269709983,13855.4453593232,8,1.64,-0.450000000000001
62437,1186851,13666.0637657105,13845.2462233058,10.24,2.24,0.600000000000001
62438,1186851,13666.9952093791,13833.2824273909,12,1.76,-0.48
62439,1186851,13668.0159163993,13820.1721010342,13.15,1.15,-0.609999999999999
62440,1186851,13669.1313201925,13805.8454554262,14.37,1.22,0.0699999999999985
62441,1186851,13669.8606942295,13789.0624748151,13.71,-0.659999999999998,-1.88
62442,1186851,13670.0984005398,13778.9452669142,10.12,-3.59,-2.93
62443,1186851,13670.2912433073,13770.737532046,8.22,-1.9,1.69
62444,1186851,13670.5233123137,13760.8602579293,9.87,1.65,3.55
62445,1186851,13675.1821041941,13730.5490307157,12.08,2.21,0.560000000000002
62446,1186851,13677.1637228621,13717.2255894389,13.47,1.39,-0.82
62447,1186851,13678.6745783721,13707.0673309451,10.28,-3.19,-4.58
62448,1186851,13680.9543243883,13701.192905274,6.36,-3.92,-0.729999999999998
62449,1186851,13682.5829679417,13697.8483694054,3.72,-2.64,1.28
62450,1186851,13683.4542046813,13696.0592225295,1.99,-1.73,0.91
62451,1186851,13683.6862426069,13695.5827160751,0.53,-1.46,0.27
62452,1186851,13683.7387794957,13695.4748278213,0.12,-0.41,1.05
62453,1186851,13683.7431575698,13695.4658371335,0.01,-0.11,0.3
62454,1186851,13683.7431575698,13695.4658371335,0,-0.01,0.1
62455,1186851,13683.7431575698,13695.4658371335,0,0,0.01
62456,1186851,13683.7431575698,13695.4658371335,0,0,0
62457,1186851,13683.7431575698,13695.4658371335,0,0,0
62458,1186851,13683.7431575698,13695.4658371335,0,0,0
62459,1186851,13683.7431575698,13695.4658371335,0,0,0
62460,1186851,13683.7431575698,13695.4658371335,0,0,0
62461,1186851,13683.7431575698,13695.4658371335,0,0,0
62462,1186851,13683.7431575698,13695.4658371335,0,0,0
62463,1186851,13683.7431575698,13695.4658371335,0,0,0
62464,1186851,13683.7431575698,13695.4658371335,0,0,0
62465,1186851,13683.7431575698,13695.4658371335,0,0,0
62466,1186851,13683.7431575698,13695.4658371335,0,0,0
62467,1186851,13683.7431575698,13695.4658371335,0,0,0
62468,1186851,13683.7431575698,13695.4658371335,0,0,0
62469,1186851,13683.7431575698,13695.4658371335,0,0,0
62470,1186851,13683.7431575698,13695.4658371335,0,0,0
62471,1186851,13683.7431575698,13695.4658371335,0,0,0
62472,1186851,13683.7431575698,13695.4658371335,0,0,0
62473,1186851,13683.7431575698,13695.4658371335,0,0,0
62474,1186851,13683.7431575698,13695.4658371335,0,0,0
62475,1186851,13683.7431575698,13695.4658371335,0,0,0
62476,1186851,13683.7431575698,13695.4658371335,0,0,0
62477,1186851,13683.7431575698,13695.4658371335,0,0,0
62478,1186851,13683.7431575698,13695.4658371335,0,0,0
62479,1186851,13683.7431575698,13695.4658371335,0,0,0
62480,1186851,13689.1813670372,13661.474387104,2.53,2.53,2.53
62481,1186851,13688.9536990862,13657.6211070332,3.85,1.32,-1.21
62482,1186851,13688.5838861191,13651.3620225659,6.27,2.42,1.1
62483,1186851,13688.1320890972,13643.7153579694,7.67,1.4,-1.02
62484,1186851,13689.5160451827,13634.4488966315,9.37,1.7,0.299999999999999
62485,1186851,13691.193925703,13623.2741609765,11.3,1.93,0.230000000000002
62486,1186851,13693.1895641271,13609.9831479497,13.44,2.14,0.209999999999997
62487,1186851,13695.2405499184,13597.2191174104,12.93,-0.51,-2.65
62488,1186851,13701.2269290086,13583.7878491182,13.5,0.57,1.08
62489,1186851,13704.4793785705,13571.3159080321,12.9,-0.6,-1.17
62490,1186851,13708.2239743749,13558.4185089818,13.43,0.529999999999999,1.13
62491,1186851,13711.8068527135,13546.0781085503,12.85,-0.58,-1.11
62492,1186851,13716.259424164,13533.2377770894,13.65,0.800000000000001,1.38
62493,1186851,13721.3218764504,13524.0616135748,10.49,-3.16,-3.96
62494,1186851,13724.6356572409,13518.0550790604,6.86,-3.63,-0.47
62495,1186851,13726.9350153404,13513.8872796015,4.75,-2.11,1.52
62496,1186851,13727.703078235,13512.4950944881,1.59,-3.16,-1.05
62497,1186851,13728.0991861429,13511.7771122283,0.82,-0.77,2.39
62498,1186851,13728.23,13511.54,0.42,-0.4,0.37
62499,1186851,13728.23,13511.54,0.35,-0.07,0.33
62500,1186851,13728.23,13511.54,0.01,-0.34,-0.27
62501,1186851,13728.23,13511.54,0,-0.01,0.33
62502,1186851,13728.23,13511.54,0,0,0.01
62503,1186851,13728.23,13511.54,0,0,0
62504,1186851,13728.23,13511.54,0,0,0
62505,1186851,13728.23,13511.54,0,0,0
62506,1186851,13728.23,13511.54,0,0,0
62507,1186851,13728.23,13511.54,0,0,0
62508,1186851,13728.23,13511.54,0,0,0
62509,1186851,13728.23,13511.54,0,0,0
62510,1186851,13728.23,13511.54,0,0,0
62511,1186851,13728.23,13511.54,0,0,0
62512,1186851,13728.23,13511.54,0,0,0
62513,1186851,13728.23,13511.54,0,0,0
62514,1186851,13728.23,13511.54,0,0,0
62515,1186851,13728.23,13511.54,0,0,0
62516,1186851,13728.23,13511.54,0,0,0
62517,1186851,13728.23,13511.54,0,0,0
62518,1186851,13728.23,13511.54,0,0,0
62519,1186851,13728.23,13511.54,0,0,0
62520,1186851,13728.23,13511.54,0,0,0
62521,1186851,13728.23,13511.54,0,0,0
62522,1186851,13728.23,13511.54,0,0,0
62523,1186851,13728.23,13511.54,0,0,0
62524,1186851,13728.23,13511.54,0,0,0
62525,1186851,13728.23,13511.54,0,0,0
62526,1186851,13728.23,13511.54,0,0,0
62527,1186851,13728.23,13511.54,0,0,0
62528,1186851,13728.23,13511.54,0,0,0
62529,1186851,13728.23,13511.54,0,0,0
62530,1186851,13728.23,13511.54,0,0,0
62531,1186851,13728.23,13511.54,0,0,0
62532,1186851,13728.23,13511.54,0,0,0
62533,1186851,13728.23,13511.54,0,0,0
62534,1186851,13728.23,13511.54,0,0,0
62535,1186851,13751.7364635281,13516.0385247748,1.92,1.92,1.92
62536,1186851,13754.503109747,13517.8556017406,3.31,1.39,-0.53
62537,1186851,13758.7157674337,13520.6223896281,5.04,1.73,0.34
62538,1186851,13765.9218130699,13525.9843489207,7.31,2.27,0.54
62539,1186851,13772.2957869741,13531.9350511203,8.72,1.41,-0.859999999999999
62540,1186851,13781.9211765031,13536.4106686885,10.09,1.37,-0.0400000000000018
62541,1186851,13790.3856968943,13544.3130920224,11.58,1.49,0.120000000000001
62542,1186851,13800.9737905158,13552.5336075345,13.41,1.83,0.34
62543,1186851,13814.7859059497,13558.9243160519,14.54,1.13,-0.700000000000001
62544,1186851,13827.8479351297,13568.874180056,16.41,1.87,0.740000000000002
62545,1186851,13842.2083153473,13579.4177008674,17.82,1.41,-0.460000000000001
62546,1186851,13858.1730173668,13589.3003903675,18.85,1.03,-0.379999999999999
62547,1186851,13876.24,13597.3,20.03,1.18,0.149999999999999
62548,1186851,13919.2628794679,13623.1811617443,21.56,1.53,0.349999999999998
62549,1186851,13939.522871392,13633.6610867076,22.8,1.24,-0.289999999999996
62550,1186851,13959.4843031458,13646.6752294589,23.84,1.04,-0.200000000000003
62551,1186851,13980.302386078,13660.5355152794,25.02,1.18,0.140000000000001
62552,1186851,14004.0971999937,13672.0878996843,26.51,1.49,0.310000000000002
62553,1186851,14030.6980954274,13678.5830320922,27.44,0.93,-0.560000000000002
62554,1186851,14057.7426356889,13682.5915782183,27.33,-0.110000000000003,-1.04
62555,1186851,14084.6981485684,13686.5869286915,27.25,-0.0799999999999983,0.0300000000000047
62556,1186851,14119.2677001188,13696.1977786141,27.17,-0.0799999999999983,0
62557,1186851,14135.6300284997,13724.1585426529,27.75,0.579999999999998,0.659999999999997
62558,1186851,14142.1387880501,13750.7662079518,27.4,-0.350000000000001,-0.93
62559,1186851,14151.2462087176,13785.5958022336,27.31,-0.0899999999999999,0.260000000000002
62560,1186851,14167.5215078544,13819.0519901523,25.1,-2.21,-2.12
62561,1186851,14186.004926268,13830.363583486,21.67,-3.43,-1.22
62562,1186851,14196.7155850138,13852.3021393237,17.63,-4.04,-0.610000000000003
62563,1186851,14211.1791213354,13846.3600851547,13.48,-4.15,-0.109999999999996
62564,1186851,14236.2399752518,13835.447784297,12.96,-0.52,3.63
62565,1186851,14249.5799235866,13835.4849114524,13.33,0.369999999999999,0.889999999999999
62566,1186851,14262.7498725798,13835.5215654731,13.17,-0.16,-0.529999999999999
62567,1186851,14276.5998189393,13835.5601120324,13.85,0.68,0.84
62568,1186851,14290.0697667706,13835.5976009966,13.47,-0.379999999999999,-1.06
62569,1186851,14303.3797152216,13835.6346446576,13.31,-0.16,0.219999999999999
62570,1186851,14322.4404830096,13856.779518773,12.94,-0.370000000000001,-0.210000000000001
62571,1186851,14323.0867968971,13870.3979920532,13.78,0.84,1.21
62572,1186851,14322.800653405,13883.5848878935,13.19,-0.59,-1.43
62573,1186851,14322.5181978881,13896.6018237419,13.03,-0.16,0.43
62574,1186851,14322.220339651,13910.3285924975,13.73,0.700000000000001,0.860000000000001
62575,1186851,14325.245156007,13922.9852159515,13.84,0.109999999999999,-0.590000000000002
62576,1186851,14324.9628082674,13936.0121564884,13.03,-0.81,-0.92
62577,1186851,14324.6668090255,13949.6689491005,13.66,0.630000000000001,1.44
62578,1186851,14324.3770938084,13963.035809805,13.37,-0.290000000000001,-0.920000000000002
62579,1186851,14324.0802278044,13976.732593025,13.7,0.33,0.620000000000001
62580,1186851,14323.7885623727,13990.1894325973,13.46,-0.239999999999998,-0.569999999999999
62581,1186851,14323.5072980857,14003.1663848744,12.98,-0.48,-0.240000000000002
62582,1186851,14315.0697819464,14017.7943873149,12.75,-0.23,0.25
62583,1186851,14308.0109666766,14021.888189476,8.33,-4.42,-4.19
62584,1186851,14304.4397752143,14025.6499953772,5.26,-3.07,1.35
62585,1186851,14302.3408383505,14028.7454862982,3.75,-1.51,1.56
62586,1186851,14291.4850979809,14034.9841135957,6.05,2.3,3.81
62587,1186851,14283.7246199307,14034.5995613455,7.77,1.72,-0.58
62588,1186851,14264.9801530557,14034.1449500774,9.25,1.48,-0.239999999999999
62589,1186851,14253.4862929859,14033.9958869999,11.49,2.24,0.76
62590,1186851,14245.3180986532,14031.5724639446,8.59,-2.9,-5.14
62591,1186851,14242.3801917777,14027.5640734993,5.12,-3.47,-0.569999999999999
62592,1186851,14241.3229167811,14025.2269910228,2.57,-2.55,0.919999999999999
62593,1186851,14239.1779195771,14015.1124546966,4.79,2.22,4.77
62594,1186851,14238.904285732,14008.8684476083,6.25,1.46,-0.76
62595,1186851,14238.5689200914,14001.2157925209,7.66,1.41,-0.0499999999999998
62596,1186851,14238.1354840808,13991.325285293,9.9,2.24,0.83
62597,1186851,14237.6093167738,13982.1614571181,9.18,-0.720000000000001,-2.96
62598,1186851,14237.1511784415,13976.0385730535,6.14,-3.04,-2.32
62599,1186851,14236.5020967457,13972.1087859395,3.99,-2.15,0.890000000000001
62600,1186851,14230.7750480988,13963.4914522702,6.08,2.09,4.24
62601,1186851,14223.0170757066,13960.9617360091,8.16,2.08,-0.00999999999999979
62602,1186851,14213.9470932775,13958.0042000861,9.54,1.38,-0.700000000000001
62603,1186851,14205.1718377408,13955.1427685799,9.22,-0.319999999999999,-1.7
62604,1186851,14196.2867296205,13954.7911401552,4.93,-4.29,-3.97
62605,1186851,14193.6269981461,13955.0250813539,2.67,-2.26,2.03
62606,1186851,14191.1728465809,13955.9501144602,2.63,-0.04,2.22
62607,1186851,14188.74389451,13962.0897483263,2.63,0,0.04
62608,1186851,14188.7157350159,13964.1095520403,2.01,-0.62,-0.62
62609,1186851,14188.6942668867,13965.6494023964,1.54,-0.47,0.15
62610,1186851,14188.676934284,13967.5791061508,1.93,0.39,0.86
62611,1186851,14188.7395957135,13969.287957679,1.71,-0.22,-0.61
62612,1186851,14188.8172812285,13971.4065338425,2.13,0.42,0.64
62613,1186851,14188.9077921823,13973.8748749387,2.46,0.33,-0.0899999999999999
62614,1186851,14188.9829126096,13975.9234981158,2.05,-0.41,-0.74
62615,1186851,14189.051803538,13977.8022354683,1.88,-0.17,0.24
62616,1186851,14189.1086019098,13979.3511944558,1.56,-0.32,-0.15
62617,1186851,14189.1954484525,13981.7196027141,2.37,0.81,1.13
