"V1","V2","V3","V4","V5","acceleration","jerk"
22166,1188487,14396.8264198595,13995.5553367162,13.54,-0.0799999999999983,0
22167,1188487,14383.4036407597,13994.555036143,13.46,-0.0799999999999983,0
22168,1188487,14370.0662890003,13993.6215090158,13.37,-0.0900000000000016,-0.0100000000000033
22169,1188487,14357.1927382199,13992.6616219797,12.9,-0.469999999999999,-0.379999999999997
22170,1188487,14333.3263480163,13989.9874370288,13.42,0.52,0.989999999999998
22171,1188487,14319.9117801074,13988.384481066,13.51,0.0899999999999999,-0.43
22172,1188487,14307.1816784703,13986.5674234798,12.85,-0.66,-0.75
22173,1188487,14293.7556280009,13983.8116829918,13.71,0.860000000000001,1.52
22174,1188487,14280.5788367603,13981.0915298231,13.48,-0.23,-1.09
22175,1188487,14267.9927080953,13976.0186346706,13.58,0.0999999999999996,0.33
22176,1188487,14255.8049373797,13971.8593073958,12.88,-0.699999999999999,-0.799999999999999
22177,1188487,14242.7471474005,13967.4881495562,13.77,0.889999999999999,1.59
22178,1188487,14225.0801639531,13961.6344669266,13.29,-0.48,-1.37
22179,1188487,14212.8157223036,13957.6352831313,12.9,-0.389999999999999,0.0900000000000016
22180,1188487,14197.4909974315,13952.2546952778,13.69,0.789999999999999,1.18
22181,1188487,14184.5398687592,13949.082831802,13.38,-0.309999999999999,-1.1
22182,1188487,14170.8934264097,13947.5703797532,13.73,0.35,0.659999999999998
22183,1188487,14157.8542414859,13946.1164002134,13.12,-0.610000000000001,-0.960000000000001
22184,1188487,14144.0597381928,13944.5781938235,13.88,0.760000000000002,1.37
22185,1188487,14131.043524356,13942.4361363141,13.21,-0.67,-1.43
22186,1188487,14117.906366493,13939.4223389164,13.48,0.27,0.94
22187,1188487,14105.2759742771,13936.1074709752,13.06,-0.42,-0.69
22188,1188487,14093.3724859612,13930.1710837769,13.35,0.289999999999999,0.709999999999999
22189,1188487,14082.9137973699,13922.6927073525,12.86,-0.49,-0.779999999999999
22190,1188487,14071.3846508584,13915.2617086711,13.77,0.91,1.4
22191,1188487,14059.0257935848,13909.1670505758,13.78,0.00999999999999979,-0.9
22192,1188487,14050.2609039776,13904.7469253061,9.82,-3.96,-3.97
22193,1188487,14044.387232847,13902.1801983145,6.41,-3.41,0.549999999999999
22194,1188487,14041.3633459935,13900.858794403,3.3,-3.11,0.3
22195,1188487,14039.7621134395,13900.0981640124,1.79,-1.51,1.6
22196,1188487,14039.2015165275,13899.140128991,1.11,-0.68,0.83
22197,1188487,14039.1156593427,13898.9934029066,0.16,-0.95,-0.27
22198,1188487,14039.0702055391,13898.9157243914,0.1,-0.06,0.89
22199,1188487,14039.0601046938,13898.8984624991,0.02,-0.08,-0.02
22200,1188487,14039.0601046938,13898.8984624991,0,-0.02,0.06
22201,1188487,14039.0601046938,13898.8984624991,0,0,0.02
22202,1188487,14039.0601046938,13898.8984624991,0,0,0
22203,1188487,14039.0601046938,13898.8984624991,0,0,0
22204,1188487,14039.0601046938,13898.8984624991,0,0,0
22205,1188487,14039.0601046938,13898.8984624991,0,0,0
22206,1188487,14039.0601046938,13898.8984624991,0,0,0
22207,1188487,14039.0601046938,13898.8984624991,0,0,0
22208,1188487,14039.0601046938,13898.8984624991,0,0,0
22209,1188487,14039.0601046938,13898.8984624991,0,0,0
22210,1188487,14039.0601046938,13898.8984624991,0,0,0
22211,1188487,14039.0601046938,13898.8984624991,0,0,0
22212,1188487,14039.0601046938,13898.8984624991,0,0,0
22213,1188487,14039.0601046938,13898.8984624991,0,0,0
22214,1188487,14039.0601046938,13898.8984624991,0,0,0
22215,1188487,14039.0601046938,13898.8984624991,0,0,0
22216,1188487,14039.0601046938,13898.8984624991,0,0,0
22217,1188487,14039.0601046938,13898.8984624991,0,0,0
22218,1188487,14039.0601046938,13898.8984624991,0,0,0
22219,1188487,14039.0601046938,13898.8984624991,0,0,0
22220,1188487,14039.0601046938,13898.8984624991,0,0,0
22221,1188487,14039.0601046938,13898.8984624991,0,0,0
22222,1188487,14039.0601046938,13898.8984624991,0,0,0
22223,1188487,14039.0601046938,13898.8984624991,0,0,0
22224,1188487,14039.0601046938,13898.8984624991,0,0,0
22225,1188487,14039.0601046938,13898.8984624991,0,0,0
22226,1188487,14039.0601046938,13898.8984624991,0,0,0
22227,1188487,14039.0601046938,13898.8984624991,0,0,0
22228,1188487,14039.0601046938,13898.8984624991,0,0,0
22229,1188487,14039.0601046938,13898.8984624991,0,0,0
22230,1188487,14039.0601046938,13898.8984624991,0,0,0
22231,1188487,14039.0601046938,13898.8984624991,0,0,0
22232,1188487,14039.0601046938,13898.8984624991,0,0,0
22233,1188487,14039.0601046938,13898.8984624991,0,0,0
22234,1188487,14039.0601046938,13898.8984624991,0,0,0
22235,1188487,14039.0601046938,13898.8984624991,0,0,0
22236,1188487,14039.0601046938,13898.8984624991,0,0,0
22237,1188487,14039.0601046938,13898.8984624991,0,0,0
22238,1188487,14039.0601046938,13898.8984624991,0,0,0
22239,1188487,14039.0601046938,13898.8984624991,0,0,0
22240,1188487,14025.1701971926,13889.9808290338,2.42,2.42,2.42
22241,1188487,14021.3905064822,13890.0291832859,3.79,1.37,-1.05
22242,1188487,14016.2609262323,13890.0948069139,5.13,1.34,-0.0300000000000002
22243,1188487,14008.9241869807,13888.8584027635,7.51,2.38,1.04
22244,1188487,14000.1357976635,13886.4214757624,9.13,1.62,-0.759999999999999
22245,1188487,13989.1888565841,13883.3860052872,11.35,2.22,0.599999999999998
22246,1188487,13976.7982900289,13881.3533705165,12.58,1.23,-0.989999999999998
22247,1188487,13963.9307712783,13881.6937561196,12.97,0.390000000000001,-0.84
22248,1188487,13941.1415943202,13882.4206576935,13.32,0.35,-0.0400000000000009
22249,1188487,13927.265228009,13882.1030762132,13.88,0.56,0.210000000000001
22250,1188487,13913.863369186,13880.0005831283,13.58,-0.300000000000001,-0.860000000000001
22251,1188487,13900.5414303468,13877.6948629446,13.53,-0.0500000000000007,0.25
22252,1188487,13881.0230273814,13876.7423435032,13.72,0.190000000000001,0.240000000000002
22253,1188487,13867.7239195141,13874.7726007972,13.44,-0.280000000000001,-0.470000000000002
22254,1188487,13854.0476705961,13873.3503787559,13.75,0.31,0.590000000000002
22255,1188487,13840.8299864397,13871.9658558915,13.29,-0.460000000000001,-0.770000000000001
22256,1188487,13827.3333153994,13871.2198290156,13.53,0.24,0.700000000000001
22257,1188487,13814.1152405442,13870.9942251121,13.23,-0.299999999999999,-0.539999999999999
22258,1188487,13800.9571430511,13871.6546248013,13.18,-0.0500000000000007,0.249999999999998
22259,1188487,13787.9330786275,13872.5687456325,13.06,-0.119999999999999,-0.0699999999999985
22260,1188487,13775.0414038774,13874.4623195389,13.03,-0.0300000000000011,0.0899999999999981
22261,1188487,13761.7909564974,13876.7024654203,13.44,0.41,0.440000000000001
22262,1188487,13739.8281955146,13881.3623894935,13.89,0.450000000000001,0.0400000000000009
22263,1188487,13728.8453266824,13887.2733608639,12.02,-1.87,-2.32
22264,1188487,13716.1039276597,13891.9995597282,13.61,1.59,3.46
22265,1188487,13700.3082801612,13895.7771776758,13.56,-0.0499999999999989,-1.64
22266,1188487,13693.3392149147,13902.4845672178,9.7,-3.86,-3.81
22267,1188487,13689.05391388,13907.7127404209,6.75,-2.95,0.910000000000002
22268,1188487,13686.6830520649,13910.6052504474,3.74,-3.01,-0.0600000000000005
22269,1188487,13685.9413653473,13911.5101265787,1.17,-2.57,0.44
22270,1188487,13685.7131540496,13911.7885500038,0.37,-0.8,1.77
22271,1188487,13679.1063625769,13922.9842445732,1.84,1.47,2.27
22272,1188487,13677.8077958461,13926.1805274839,3.45,1.61,0.14
22273,1188487,13675.7865485,13931.155611319,5.37,1.92,0.31
22274,1188487,13673.0614403461,13937.8631731375,7.25,1.88,-0.04
22275,1188487,13669.4593291538,13946.7293839944,9.56,2.31,0.430000000000001
22276,1188487,13665.2286363845,13957.1427810718,11.25,1.69,-0.620000000000001
22277,1188487,13660.7118825383,13968.2602868484,12,0.75,-0.94
22278,1188487,13657.2001064229,13976.9041475897,9.32,-2.68,-3.43
22279,1188487,13655.160039269,13981.9255543655,5.43,-3.89,-1.21
22280,1188487,13654.2529245382,13984.1583201089,2.4,-3.03,0.860000000000001
22281,1188487,13653.2560073633,13992.3022368927,4.62,2.22,5.25
22282,1188487,13654.2111152463,13998.2156004814,5.99,1.37,-0.85
22283,1188487,13655.4484503335,14005.8763185863,7.77,1.78,0.409999999999999
22284,1188487,13656.9090159776,14014.919125009,9.16,1.39,-0.389999999999999
22285,1188487,13658.642241802,14025.6500535914,10.87,1.71,0.319999999999999
22286,1188487,13660.4637625205,14041.4326034886,12.39,1.52,-0.189999999999998
22287,1188487,13657.9288936675,14055.7619311874,14.17,1.78,0.259999999999998
22288,1188487,13658.7674601257,14071.2692748121,15.52,1.35,-0.43
22289,1188487,13659.6670426881,14087.9049699047,16.67,1.15,-0.199999999999998
22290,1188487,13660.3992359381,14101.445187519,13.55,-3.12,-4.27
22291,1188487,13660.9132831166,14110.9512990005,9.53,-4.02,-0.9
22292,1188487,13661.1393353016,14117.4570347889,6.51,-3.02,1
22293,1188487,13661.2279524287,14120.4757343442,3.02,-3.49,-0.47
22294,1188487,13661.2848786626,14122.4148989591,1.93,-1.09,2.4
22295,1188487,13661.2942685569,14122.7347611636,0.33,-1.6,-0.51
22296,1188487,13661.3,14122.93,0.26,-0.07,1.53
22297,1188487,13661.3,14122.93,0.02,-0.24,-0.17
22298,1188487,13661.3,14122.93,0,-0.02,0.22
22299,1188487,13661.3,14122.93,0,0,0.02
22300,1188487,13661.3,14122.93,0,0,0
22301,1188487,13661.3,14122.93,0,0,0
22302,1188487,13661.3,14122.93,0,0,0
22303,1188487,13661.3,14122.93,0,0,0
22304,1188487,13661.3,14122.93,0,0,0
22305,1188487,13661.3,14122.93,0,0,0
22306,1188487,13661.3,14122.93,0,0,0
22307,1188487,13661.3,14122.93,0,0,0
22308,1188487,13661.3,14122.93,0,0,0
22309,1188487,13661.3,14122.93,0,0,0
22310,1188487,13661.3,14122.93,0,0,0
22311,1188487,13661.3,14122.93,0,0,0
22312,1188487,13661.3,14122.93,0,0,0
22313,1188487,13661.3,14122.93,0,0,0
22314,1188487,13661.3,14122.93,0,0,0
22315,1188487,13661.3,14122.93,0,0,0
22316,1188487,13661.3,14122.93,0,0,0
22317,1188487,13661.3,14122.93,0,0,0
22318,1188487,13661.3,14122.93,0,0,0
22319,1188487,13661.3,14122.93,0,0,0
22320,1188487,13661.3,14122.93,0,0,0
22321,1188487,13661.3,14122.93,0,0,0
22322,1188487,13661.3,14122.93,0,0,0
22323,1188487,13661.3,14122.93,0,0,0
22324,1188487,13661.3,14122.93,0,0,0
22325,1188487,13651.3413561787,14123.8200473478,1.94,1.94,1.94
22326,1188487,13650.6927520355,14119.4984489553,4.37,2.43,0.49
22327,1188487,13649.7798362769,14113.0646646284,6.51,2.14,-0.29
22328,1188487,13649.2513120616,14105.8439816861,7.24,0.73,-1.41
22329,1188487,13639.9651404519,14101.6444469809,7.35,0.109999999999999,-0.620000000000001
22330,1188487,13631.7969714907,14102.2420386663,8.19,0.84,0.73
22331,1188487,13624.2471498747,14102.7943914207,7.57,-0.619999999999999,-1.46
22332,1188487,13616.9566352097,14103.3277730105,7.31,-0.260000000000001,0.359999999999999
22333,1188487,13609.4267602822,14103.8786664446,7.55,0.24,0.500000000000001
22334,1188487,13602.2260057157,14104.4054810928,7.22,-0.33,-0.57
22335,1188487,13594.1612491479,14105.0363749989,8.09,0.87,1.2
22336,1188487,13586.4859872723,14105.8662877297,7.73,-0.359999999999999,-1.23
22337,1188487,13578.8238950496,14106.723738204,7.7,-0.0300000000000002,0.329999999999999
22338,1188487,13570.828880137,14107.6630126832,8.05,0.350000000000001,0.380000000000001
22339,1188487,13562.6451630091,14108.6244563738,8.24,0.19,-0.160000000000001
22340,1188487,13555.3556489808,14109.3916191376,7.33,-0.91,-1.1
22341,1188487,13547.3655288155,14110.1909186719,8.03,0.699999999999999,1.61
22342,1188487,13539.9027764819,14110.9374624462,7.5,-0.529999999999999,-1.23
22343,1188487,13532.3703717932,14111.6909739624,7.57,0.0700000000000003,0.6
22344,1188487,13524.3105992729,14112.4972412386,8.1,0.529999999999999,0.459999999999999
22345,1188487,13516.2906280983,14113.2995269481,8.06,-0.0399999999999991,-0.569999999999999
22346,1188487,13508.6487697087,14114.0639877729,7.68,-0.380000000000001,-0.340000000000002
22347,1188487,13500.9571596368,14114.8334255563,7.74,0.0600000000000005,0.440000000000001
22348,1188487,13493.3949039387,14115.5899232476,7.59,-0.15,-0.210000000000001
22349,1188487,13485.6336415118,14116.3663287728,7.8,0.21,0.36
22350,1188487,13477.9121804306,14117.1387527313,7.76,-0.04,-0.25
