"V1","V2","V3","V4","V5","acceleration","jerk"
80129,1189691,13474.47,14120.73,0,2.11,0
80130,1189691,13474.857879988,14122.8040417341,2.11,2.11,0
80131,1189691,13475.6060655571,14126.8046814772,4.07,1.96,-0.149999999999999
80132,1189691,13476.7090418262,14132.7024304843,6,1.93,-0.0300000000000007
80133,1189691,13478.117174863,14140.2318900499,7.66,1.66,-0.27
80134,1189691,13479.8929666562,14149.7272659512,9.65,1.99,0.33
80135,1189691,13484.0529678915,14170.0848836399,11.36,1.71,-0.280000000000001
80136,1189691,13486.6871789675,14182.6619831469,12.84,1.48,-0.229999999999999
80137,1189691,13489.409538741,14195.659950575,13.29,0.449999999999999,-1.03
80138,1189691,13492.1418037782,14208.8397164252,13.46,0.170000000000002,-0.279999999999998
80139,1189691,13494.7630759393,14221.5012262979,12.93,-0.530000000000001,-0.700000000000003
80140,1189691,13497.1328545364,14232.5805633394,11.32,-1.61,-1.08
80141,1189691,13498.862811682,14240.6062314284,8.21,-3.11,-1.5
80142,1189691,13500.0175212019,14245.9631938069,5.48,-2.73,0.379999999999999
80143,1189691,13500.4452694364,14247.9476160018,2.04,-3.44,-0.71
80144,1189691,13500.807696512,14249.6289983542,1.72,-0.32,3.12
80145,1189691,13500.8624820002,14249.8831608028,0.25,-1.47,-1.15
80146,1189691,13500.8898747442,14250.0102420271,0.14,-0.11,1.36
80147,1189691,13500.9109460858,14250.1079968151,0.1,-0.04,0.07
80148,1189691,13500.9172674883,14250.1373232514,0.03,-0.07,-0.03
80149,1189691,13500.9193746225,14250.1470987302,0.01,-0.02,0.05
80150,1189691,13500.9193746225,14250.1470987302,0,-0.01,0.01
80151,1189691,13500.9193746225,14250.1470987302,0,0,0.01
80152,1189691,13500.9193746225,14250.1470987302,0,0,0
80153,1189691,13500.9193746225,14250.1470987302,0,0,0
80154,1189691,13500.9193746225,14250.1470987302,0,0,0
80155,1189691,13500.9193746225,14250.1470987302,0,0,0
80156,1189691,13500.9193746225,14250.1470987302,0,0,0
80157,1189691,13500.9193746225,14250.1470987302,0,0,0
80158,1189691,13500.9193746225,14250.1470987302,0,0,0
80159,1189691,13500.9193746225,14250.1470987302,0,0,0
80160,1189691,13500.9193746225,14250.1470987302,0,0,0
80161,1189691,13500.9193746225,14250.1470987302,0,0,0
80162,1189691,13500.9193746225,14250.1470987302,0,0,0
80163,1189691,13500.9193746225,14250.1470987302,0,0,0
80164,1189691,13500.9193746225,14250.1470987302,0,0,0
80165,1189691,13500.9193746225,14250.1470987302,0,0,0
80166,1189691,13500.9193746225,14250.1470987302,0,0,0
80167,1189691,13500.9193746225,14250.1470987302,0,0,0
80168,1189691,13500.9193746225,14250.1470987302,0,0,0
80169,1189691,13500.9193746225,14250.1470987302,0,0,0
80170,1189691,13500.9193746225,14250.1470987302,0,0,0
80171,1189691,13500.9193746225,14250.1470987302,0,0,0
80172,1189691,13500.9193746225,14250.1470987302,0,0,0
80173,1189691,13500.9193746225,14250.1470987302,0,0,0
80174,1189691,13500.9193746225,14250.1470987302,0,0,0
80175,1189691,13500.9193746225,14250.1470987302,0,0,0
80176,1189691,13500.9193746225,14250.1470987302,0,0,0
80177,1189691,13500.9193746225,14250.1470987302,0,0,0
80178,1189691,13500.9193746225,14250.1470987302,0,0,0
80179,1189691,13500.9193746225,14250.1470987302,0,0,0
80180,1189691,13500.9193746225,14250.1470987302,0,0,0
80181,1189691,13500.9193746225,14250.1470987302,0,0,0
80182,1189691,13500.9193746225,14250.1470987302,0,0,0
80183,1189691,13500.9193746225,14250.1470987302,0,0,0
80184,1189691,13500.9193746225,14250.1470987302,0,0,0
80185,1189691,13500.9193746225,14250.1470987302,0,0,0
80186,1189691,13500.9193746225,14250.1470987302,0,0,0
80187,1189691,13500.9193746225,14250.1470987302,0,0,0
80188,1189691,13500.9193746225,14250.1470987302,0,0,0
80189,1189691,13500.9193746225,14250.1470987302,0,0,0
80190,1189691,13504.1406912238,14261.9245179289,2.38,2.38,2.38
80191,1189691,13505.3477643404,14265.8428051174,4.1,1.72,-0.66
80192,1189691,13507.1760384999,14271.7775766882,6.21,2.11,0.390000000000001
