"V1","V2","V3","V4","V5","acceleration","jerk"
76767,1189194,13878.61,13615.79,0,2.5,0
76768,1189194,13876.2373111065,13615.0023786351,2.5,2.5,0
76769,1189194,13871.8905450535,13613.5594562945,4.58,2.08,-0.42
76770,1189194,13865.9872950864,13611.5998543385,6.21,1.63,-0.45
76771,1189194,13858.3098081464,13608.8669166755,8.15,1.94,0.31
76772,1189194,13849.0999783503,13605.5174338607,9.81,1.66,-0.28
76773,1189194,13838.4951475166,13600.3617904878,11.82,2.01,0.35
76774,1189194,13820.1600578077,13588.9131331773,13.76,1.94,-0.0700000000000003
76775,1189194,13807.5692902829,13579.3607885346,15.82,2.06,0.120000000000001
76776,1189194,13794.074794641,13567.8915824866,17.71,1.89,-0.17
76777,1189194,13779.6692089855,13555.6723572346,18.89,1.18,-0.710000000000001
76778,1189194,13768.1362168776,13545.987642833,15.06,-3.83,-5.01
76779,1189194,13759.3907474305,13538.6437226162,11.42,-3.64,0.19
76780,1189194,13755.123272651,13530.7556076133,8.06,-3.36,0.280000000000001
76781,1189194,13748.2189589525,13524.4019873269,9.43,1.37,4.73
76782,1189194,13714.4110509372,13488.5805361068,11.02,1.59,0.220000000000001
76783,1189194,13696.9079230215,13474.6994767023,13.18,2.16,0.57
76784,1189194,13683.0441517208,13468.3789076131,14.88,1.7,-0.459999999999999
76785,1189194,13668.60745632,13459.7869447461,16.79,1.91,0.209999999999997
76786,1189194,13652.6909677029,13450.1250756752,18.62,1.83,-0.0799999999999965
76787,1189194,13635.2563627079,13439.3986853845,20.47,1.85,0.019999999999996
76788,1189194,13616.646391084,13427.9491676585,21.85,1.38,-0.469999999999995
76789,1189194,13595.3396848047,13416.0242547721,23.41,1.56,0.179999999999996
76790,1189194,13571.9053793893,13408.3989615806,24.67,1.26,-0.299999999999997
76791,1189194,13551.4067262586,13404.5874369739,20.85,-3.82,-5.08
76792,1189194,13534.8637519831,13401.7829638259,16.78,-4.07,-0.25
76793,1189194,13521.7840251092,13399.6655963792,13.25,-3.53,0.539999999999999
76794,1189194,13512.7318669633,13398.2002183048,9.17,-4.08,-0.549999999999999
76795,1189194,13506.2462967322,13397.1503236539,6.57,-2.6,1.48
76796,1189194,13502.9985758707,13396.6245773218,3.3,-3.27,-0.670000000000001
76797,1189194,13501.7054104213,13396.4152375969,1.31,-1.99,1.28
76798,1189194,13496.4018320872,13393.8064323584,2.72,1.41,3.4
76799,1189194,13492.3421350392,13393.0476439306,4.13,1.41,-4.44089209850063e-16
76800,1189194,13486.1198875055,13391.8846582774,6.33,2.2,0.79
76801,1189194,13477.6466215117,13390.3009400577,8.62,2.29,0.089999999999999
76802,1189194,13467.7873572522,13388.4581681618,10.02,1.4,-0.889999999999999
76803,1189194,13455.7557127321,13386.2093617802,12.25,2.23,0.83
76804,1189194,13433.6381308593,13381.6795026328,13.18,0.93,-1.3
76805,1189194,13420.4727924515,13378.9373225031,13.46,0.280000000000001,-0.649999999999999
76806,1189194,13407.4076604666,13376.9197184247,13.22,-0.24,-0.520000000000001
