"V1","V2","V3","V4","V5","acceleration","jerk"
23151,1189546,14401.8034276021,13320.5041434376,13.21,0.0499999999999989,0
23152,1189546,14388.7245796529,13318.3198045627,13.26,0.0499999999999989,0
23153,1189546,14375.6753218573,13316.1404076309,13.23,-0.0299999999999994,-0.0799999999999983
23154,1189546,14362.7246979076,13313.977483843,13.13,-0.0999999999999996,-0.0700000000000003
23155,1189546,14349.6458499583,13311.7931449681,13.26,0.129999999999999,0.229999999999999
23156,1189546,14336.5571386245,13309.6071587788,13.26,0,-0.129999999999999
23157,1189546,14323.5374709827,13307.4327037902,13.2,-0.0600000000000005,-0.0600000000000005
23158,1189546,14309.8569565743,13305.1478787378,13.88,0.680000000000001,0.740000000000002
23159,1189546,14296.6498846255,13302.9421247759,13.38,-0.5,-1.18
23160,1189546,14283.7584409833,13300.7890848743,13.07,-0.31,0.19
23161,1189546,14270.3146478047,13298.5437953671,13.63,0.56,0.870000000000001
23162,1189546,14256.8511278569,13296.2952112311,13.65,0.0199999999999996,-0.540000000000001
23163,1189546,14243.4763783703,13294.0614529247,13.56,-0.0899999999999999,-0.109999999999999
23164,1189546,14227.1420501614,13291.20343588,13.29,-0.270000000000001,-0.180000000000001
23165,1189546,14214.3114625436,13288.8758574425,13.05,-0.239999999999998,0.0300000000000029
23166,1189546,14200.9298680957,13286.4483216489,13.6,0.549999999999999,0.789999999999997
23167,1189546,14187.9910469934,13284.1011087307,13.15,-0.449999999999999,-0.999999999999998
23168,1189546,14175.1407805602,13281.7699603877,13.06,-0.0899999999999999,0.359999999999999
23169,1189546,14162.015010712,13279.3888333665,13.34,0.279999999999999,0.369999999999999
23170,1189546,14149.2336201326,13277.070179693,12.98,-0.359999999999999,-0.639999999999999
23195,1189546,13831.4410274012,13279.6028055057,21.48,0.34,0.028
23196,1189546,13824.8431502148,13301.0432489264,22.44,0.960000000000001,0.620000000000001
23197,1189546,13817.7101690827,13319.3958149642,19.69,-2.75,-3.71
23198,1189546,13811.8994521016,13334.3463055302,16.04,-3.65,-0.900000000000002
23199,1189546,13807.0269992714,13346.8827206246,13.45,-2.59,1.06
23200,1189546,13801.6003036406,13362.2826665025,13.19,-0.26,2.33
23201,1189546,13797.3498213485,13374.6316340822,13.07,-0.119999999999999,0.140000000000001
23202,1189546,13792.9138279609,13387.5195688533,13.62,0.549999999999999,0.669999999999998
23203,1189546,13788.4029792191,13400.624981614,13.86,0.24,-0.309999999999999
23204,1189546,13783.9442037671,13413.5791053385,13.7,-0.16,-0.4
23205,1189546,13779.5191063356,13425.7382370187,12.94,-0.76,-0.6
23206,1189546,13774.7218900478,13438.6775846023,13.81,0.870000000000001,1.63
23207,1189546,13770.2271069608,13450.8011907077,12.92,-0.890000000000001,-1.76
23208,1189546,13765.4577006225,13463.6655275807,13.72,0.800000000000001,1.69
23209,1189546,13756.9892000107,13498.8518503908,13.08,-0.640000000000001,-1.44
23210,1189546,13763.1943364821,13511.8761626281,14.56,1.48,2.12
23211,1189546,13773.8367554733,13528.8631037426,16.19,1.63,0.15
23212,1189546,13786.6651089158,13540.8395743394,17.54,1.35,-0.280000000000003
23213,1189546,13801.3316459728,13552.8064435143,18.95,1.41,0.0600000000000023
23214,1189546,13817.8804727752,13565.4235918238,20.81,1.86,0.449999999999999
23215,1189546,13835.4972005232,13578.7989505345,22.12,1.31,-0.549999999999997
23216,1189546,13850.9915117494,13589.4815868956,18.82,-3.3,-4.61
23217,1189546,13864.6878086026,13595.793156951,15.1,-3.72,-0.42
23218,1189546,13881.3408351647,13602.8939933577,13.11,-1.99,1.73
23219,1189546,13894.9723510798,13635.7625092993,13.59,0.48,2.47
23220,1189546,13895.0554456497,13663.9974632097,13.55,-0.0399999999999991,-0.52
23221,1189546,13895.3671943275,13677.2337924879,13.24,-0.31,-0.270000000000001
23222,1189546,13884.4900617462,13691.9641684802,12.93,-0.31,0
23223,1189546,13870.630242677,13692.0349877478,13.85,0.92,1.23
23224,1189546,13856.970420997,13692.1047850923,13.66,-0.19,-1.11
23225,1189546,13843.6105954007,13692.1730495522,13.36,-0.300000000000001,-0.110000000000001
23226,1189546,13830.4507671935,13692.240292089,13.17,-0.19,0.110000000000001
23227,1189546,13816.7209464273,13692.3104471066,13.72,0.550000000000001,0.74
23228,1189546,13803.0111253999,13692.3804999319,13.71,-0.00999999999999979,-0.56
23229,1189546,13789.2413051558,13692.4508593341,13.77,0.0599999999999987,0.0699999999999985
23230,1189546,13776.3014740768,13692.5169777556,12.94,-0.83,-0.889999999999999
23231,1189546,13762.4232994359,13707.164919157,13.07,0.130000000000001,0.960000000000001
23232,1189546,13756.6155538642,13719.5840250577,13.71,0.640000000000001,0.51
23233,1189546,13752.5869057358,13732.2229937617,13.34,-0.370000000000001,-1.01
23234,1189546,13749.801574612,13744.572792567,12.66,-0.68,-0.309999999999999
23235,1189546,13747.9899920273,13753.510596295,9.13,-3.53,-2.85
23236,1189546,13747.4841795651,13758.8064960063,5.32,-3.81,-0.280000000000001
23237,1189546,13747.2217655809,13761.5539928491,2.76,-2.56,1.25
23238,1189546,13741.0973960971,13769.9254671891,4.67,1.91,4.47
23239,1189546,13734.7029430408,13769.08079559,6.45,1.78,-0.13
23240,1189546,13726.6925274291,13768.0226643465,8.08,1.63,-0.15
23241,1189546,13719.4619216689,13767.1834453545,7.28,-0.8,-2.43
23242,1189546,13714.4971825759,13766.6819817577,4.99,-2.29,-1.49
23243,1189546,13708.537505789,13766.0800244541,5.99,1,3.29
23244,1189546,13703.6722604654,13765.5886102279,4.89,-1.1,-2.1
23245,1189546,13697.3991863413,13771.9498786528,6.65,1.76,2.86
23246,1189546,13697.4690339958,13780.3495882493,8.39,1.74,-0.0200000000000005
23247,1189546,13697.5509386858,13790.1992477166,9.85,1.46,-0.280000000000001
23248,1189546,13697.648725402,13801.9588411517,11.76,1.91,0.450000000000001
23249,1189546,13697.7593175216,13815.2583813461,13.3,1.54,-0.369999999999999
23250,1189546,13697.8788900538,13829.6378842029,14.38,1.08,-0.460000000000001
23251,1189546,13697.9707729802,13840.687502184,11.05,-3.33,-4.41
23252,1189546,13698.0283141432,13847.6072629468,6.92,-4.13,-0.800000000000001
23253,1189546,13691.2895812944,13866.3191240983,7.51,0.59,4.72
23254,1189546,13687.9953722351,13870.8104203576,5.57,-1.94,-2.53
23255,1189546,13685.5465960996,13874.1484825084,4.14,-1.43,0.509999999999999
23256,1189546,13657.3819300303,13902.445882522,5.83,1.69,3.12
23257,1189546,13655.1531632179,13904.1075077795,2.77,-3.06,-4.75
