"V1","V2","V3","V4","V5","acceleration","jerk"
58601,1190584,13610.2001849501,13405.8666544125,0,1.94,0
58602,1190584,13612.0100479505,13406.5652214599,1.94,1.94,0
58603,1190584,13615.6577615235,13407.9731581379,3.91,1.97,0.0300000000000002
58604,1190584,13621.1745292518,13410.991905531,6.3,2.39,0.419999999999999
58605,1190584,13628.4572873604,13415.2376486146,8.44,2.14,-0.25
58606,1190584,13637.4937820004,13420.505794837,10.45,2.01,-0.13
58607,1190584,13648.2580958833,13426.7812347921,12.47,2.02,0.0100000000000016
58608,1190584,13660.6638380469,13434.0136037934,14.36,1.89,-0.130000000000003
58609,1190584,13674.624617529,13442.1525371542,16.16,1.8,-0.0899999999999981
58610,1190584,13685.4926005665,13448.4884147333,12.58,-3.58,-5.38
58611,1190584,13694.0216999833,13454.1896489326,10.29,-2.29,1.29
58612,1190584,13699.7199058923,13458.8637637598,7.38,-2.91,-0.619999999999998
58613,1190584,13703.5084010015,13461.9713842012,4.89,-2.49,0.419999999999999
58614,1190584,13706.0752997285,13464.0769556024,3.33,-1.56,0.930000000000001
58615,1190584,13706.9257782224,13464.774584681,1.09,-2.24,-0.680000000000001
58616,1190584,13707.2582379973,13465.04729423,0.44,-0.65,1.59
58617,1190584,13707.4128704507,13465.1741358806,0.2,-0.24,0.41
58618,1190584,13707.4206020734,13465.1804779632,0.02,-0.18,0.06
58619,1190584,13707.4283336961,13465.1868200457,0.01,-0.01,0.17
58620,1190584,13707.4283336961,13465.1868200457,0,-0.01,0
58621,1190584,13707.4283336961,13465.1868200457,0,0,0.01
58622,1190584,13707.4283336961,13465.1868200457,0,0,0
58623,1190584,13707.4283336961,13465.1868200457,0,0,0
58624,1190584,13707.4283336961,13465.1868200457,0,0,0
58625,1190584,13707.4283336961,13465.1868200457,0,0,0
58626,1190584,13707.4283336961,13465.1868200457,0,0,0
58627,1190584,13707.4283336961,13465.1868200457,0,0,0
58628,1190584,13707.4283336961,13465.1868200457,0,0,0
58629,1190584,13707.4283336961,13465.1868200457,0,0,0
58630,1190584,13707.4283336961,13465.1868200457,0,0,0
58631,1190584,13707.4283336961,13465.1868200457,0,0,0
58632,1190584,13707.4283336961,13465.1868200457,0,0,0
58633,1190584,13707.8458413203,13465.5292925025,0.54,0.54,0.54
58634,1190584,13709.6241145348,13466.9879714852,2.3,1.76,1.22
58635,1190584,13711.6034099388,13468.6115446138,2.56,0.26,-1.5
58636,1190584,13714.9125444423,13471.3259559382,4.28,1.72,1.46
58637,1190584,13721.4256083841,13480.4616933549,5.89,1.61,-0.110000000000001
58638,1190584,13723.2901837859,13484.0907095537,4.07,-1.82,-3.43
58639,1190584,13724.1036505053,13485.6739568168,1.78,-2.29,-0.470000000000001
58640,1190584,13727.5820265852,13513.9126743586,3.54,1.76,4.05
58641,1190584,13726.3350649836,13519.5872833111,5.82,2.28,0.52
58642,1190584,13724.7511447391,13526.7953063867,7.37,1.55,-0.73
58643,1190584,13722.7572939166,13535.8688205294,9.3,1.93,0.380000000000001
58644,1190584,13723.3551577419,13547.0258442359,10.61,1.31,-0.620000000000002
58645,1190584,13720.2411322116,13558.8424107845,12.23,1.62,0.310000000000002
58646,1190584,13716.6658639473,13572.4092216418,14.03,1.8,0.179999999999998
58647,1190584,13713.3168121204,13587.1269773806,15.12,1.09,-0.709999999999999
58648,1190584,13711.2408951937,13604.0098287071,17.01,1.89,0.800000000000002
58649,1190584,13708.9831372193,13622.371542378,18.51,1.5,-0.390000000000002
58650,1190584,13706.4996034475,13642.5694274159,20.35,1.84,0.34
58651,1190584,13699.9870073586,13663.6797213896,22.14,1.79,-0.0500000000000007
58652,1190584,13701.6015195624,13713.6254272615,23.68,1.54,-0.25
58653,1190584,13699.5252864126,13738.3955571918,24.87,1.19,-0.349999999999998
58654,1190584,13697.4125738084,13773.5598229921,22.89,-1.98,-3.17
58655,1190584,13697.5782956838,13793.4891339752,19.93,-2.96,-0.98
58656,1190584,13697.7162448013,13810.0785604283,16.59,-3.34,-0.379999999999999
58657,1190584,13697.8363162454,13824.5180612108,14.44,-2.15,1.19
58658,1190584,13697.9337703538,13836.2376560287,11.72,-2.72,-0.569999999999999
58659,1190584,13698.0272331676,13847.4772674411,11.24,-0.48,2.24
58660,1190584,13690.8099150406,13866.9593742719,8.44,-2.8,-2.32
58661,1190584,13686.9958016408,13872.1855053103,6.47,-1.97,0.830000000000001
58662,1190584,13685.129252522,13874.7104650155,3.14,-3.33,-1.36
58663,1190584,13657.9270960132,13902.0394418116,4.44,1.3,4.63
58664,1190584,13655.2413518328,13904.0417600175,3.35,-1.09,-2.39
58665,1190584,13642.7530546235,13909.6782531091,4.97,1.62,2.71
58666,1190584,13635.4967867293,13910.9680113219,7.36,2.39,0.770000000000001
58667,1190584,13625.9661662116,13912.662022109,9.68,2.32,-0.0700000000000012
58668,1190584,13608.8847361197,13914.7246352656,11.2,1.52,-0.8
58669,1190584,13595.6255942717,13914.8754910038,13.26,2.06,0.540000000000001
58670,1190584,13582.3652134743,13915.2513464053,13.27,0.00999999999999979,-2.05
58671,1190584,13569.0247594525,13916.139708095,13.37,0.0999999999999996,0.0899999999999999
58672,1190584,13556.2031562976,13916.9935186944,12.85,-0.52,-0.619999999999999
58673,1190584,13542.383763014,13917.9137736984,13.84,0.99,1.51
58674,1190584,13529.5521819579,13918.7682487418,12.86,-0.98,-1.97
58675,1190584,13516.5809102837,13919.6320260019,13,0.140000000000001,1.12
58676,1190584,13502.9823786695,13920.8948551859,13.67,0.67,0.529999999999999
58677,1190584,13490.041038437,13923.0526580008,13.12,-0.550000000000001,-1.22
58678,1190584,13477.3037388837,13925.0287882081,13.02,-0.0999999999999996,0.450000000000001
58679,1190584,13457.1874581222,13927.7900396593,13.54,0.52,0.619999999999999
58680,1190584,13444.3071629713,13929.5501523903,13,-0.539999999999999,-1.06
58681,1190584,13431.1201008071,13931.9169226693,13.41,0.41,0.949999999999999
58682,1190584,13419.8137593046,13934.8872327251,11.69,-1.72,-2.13
58683,1190584,13410.0452349953,13937.4535399589,10.1,-1.59,0.130000000000001
