"V1","V2","V3","V4","V5","acceleration","jerk"
45905,1191715,13407.1172332058,13918.650115625,13.36,0.5,0
45906,1191715,13420.5361933926,13915.1815269342,13.86,0.5,0
45907,1191715,13433.7808813691,13911.7579848497,13.68,-0.18,-0.68
45908,1191715,13446.6615395951,13908.8832502856,13.22,-0.459999999999999,-0.279999999999999
45909,1191715,13459.0901667395,13906.9000063253,13.03,-0.190000000000001,0.269999999999998
45910,1191715,13478.3733171962,13904.0479793177,13.35,0.32,0.510000000000002
45911,1191715,13491.5487651511,13901.8962192964,13.35,0,-0.32
45912,1191715,13502.6911477286,13900.0764911586,11.29,-2.06,-2.06
45913,1191715,13512.2994899682,13898.7158481848,9.71,-1.58,0.480000000000002
45914,1191715,13519.9521519228,13898.0684186459,7.68,-2.03,-0.450000000000003
45915,1191715,13529.4581929446,13897.2641897655,9.54,1.86,3.89
45916,1191715,13538.7749102983,13896.4759780222,9.34,-0.199999999999999,-2.06
45917,1191715,13547.0426718778,13895.8841565335,8.29,-1.05,-0.850000000000001
45918,1191715,13555.0022043152,13895.4758143011,7.98,-0.309999999999999,0.740000000000002
45919,1191715,13561.2601934573,13895.3746131556,6.25,-1.73,-1.42
45920,1191715,13565.44013451,13895.352414156,4.18,-2.07,-0.34
45921,1191715,13569.5400766909,13895.3306400176,4.1,-0.0800000000000001,1.99
45922,1191715,13573.0900266281,13895.3117868002,3.55,-0.55,-0.47
45923,1191715,13575.4999926417,13895.2989878554,2.42,-1.13,-0.58
45924,1191715,13579.889930733,13895.275673595,4.39,1.97,3.1
45925,1191715,13584.6098641705,13895.250606782,4.72,0.33,-1.64
45926,1191715,13587.2998262356,13895.2363208229,2.69,-2.03,-2.36
45927,1191715,13601.7898662076,13894.9234581603,5.05,2.36,4.39
45928,1191715,13605.5267388103,13894.7705426574,3.73,-1.32,-3.68
45929,1191715,13610.9621898688,13894.5481201077,5.44,1.71,3.03
45930,1191715,13614.2794136766,13894.4123769339,3.32,-2.12,-3.83
45931,1191715,13619.3251908541,13894.2059001185,5.06,1.74,3.86
45932,1191715,13621.6132759504,13894.1122700378,2.29,-2.77,-4.51
45933,1191715,13624.7606419126,13893.9834775688,3.15,0.86,3.63
45934,1191715,13626.1780250306,13893.7483814292,1.44,-1.71,-2.57
45935,1191715,13626.9619285463,13893.588709021,0.79,-0.65,1.06
45936,1191715,13627.4616670377,13893.4869178608,0.51,-0.28,0.37
45937,1191715,13627.5204598013,13893.4749424302,0.06,-0.45,-0.17
45938,1191715,13627.5204598013,13893.4749424302,0,-0.06,0.39
45939,1191715,13627.961405529,13893.3851267006,0.46,0.46,0.52
45940,1191715,13628.9902788934,13893.1755566648,1.04,0.58,0.12
45941,1191715,13630.6364762766,13892.8402446077,1.68,0.64,0.0599999999999998
45942,1191715,13633.9288710429,13892.1696204933,3.36,1.68,1.04
45943,1191715,13637.3780465124,13891.4670618972,3.52,0.16,-1.52
45944,1191715,13639.2293854562,13890.9599101175,1.93,-1.59,-1.75
45945,1191715,13641.8860633275,13890.2118040503,2.76,0.83,2.42
45946,1191715,13644.6101207101,13889.4447242784,2.83,0.0700000000000003,-0.76
45947,1191715,13654.3895192779,13886.5254961275,4.79,1.96,1.89
45948,1191715,13658.6213662307,13886.7883104503,4.24,-0.55,-2.51
45949,1191715,13690.2109130686,13876.9981201724,6.52,2.28,2.83
45950,1191715,13697.0584202392,13873.0383543273,7.92,1.4,-0.879999999999999
45951,1191715,13701.4733742936,13870.4852815321,5.1,-2.82,-4.22
45952,1191715,13716.7991407007,13864.352267512,6.98,1.88,4.7
45953,1191715,13725.5600485007,13862.9153681211,8.88,1.9,0.0199999999999996
45954,1191715,13735.9523318247,13860.9852522402,10.57,1.69,-0.210000000000001
45955,1191715,13748.1107191537,13858.8278283782,12.35,1.78,0.0899999999999999
45956,1191715,13761.2182703525,13856.9597540833,13.24,0.890000000000001,-0.889999999999999
45957,1191715,13774.2658103904,13855.542039505,13.14,-0.0999999999999996,-0.99
45958,1191715,13787.2018215761,13854.4743248413,12.98,-0.16,-0.0600000000000005
45959,1191715,13800.1407914849,13853.4431188592,12.98,0,0.16
45960,1191715,13813.98705459,13852.3417115667,13.89,0.91,0.91
45961,1191715,13826.9858395781,13852.3115555471,13.01,-0.880000000000001,-1.79
45962,1191715,13839.9532504989,13852.5706964528,12.97,-0.0399999999999991,0.840000000000002
45963,1191715,13852.943349522,13854.3046984387,13.13,0.16,0.199999999999999
45964,1191715,13865.7726242376,13856.2770346862,12.98,-0.15,-0.31
45965,1191715,13879.4105233831,13858.0117956217,13.75,0.77,0.92
45966,1191715,13892.5222955312,13859.5292222408,13.2,-0.550000000000001,-1.32
45967,1191715,13905.1870148977,13862.3266824046,12.98,-0.219999999999999,0.330000000000002
45968,1191715,13918.5386556981,13864.7934815015,13.58,0.6,0.819999999999999
45969,1191715,13932.176713055,13867.0466507445,13.83,0.25,-0.35
45970,1191715,13945.2817732573,13867.6725877191,13.12,-0.710000000000001,-0.960000000000001
45971,1191715,13959.0523063179,13866.6563225824,13.83,0.710000000000001,1.42
45972,1191715,13978.9520055011,13864.9174204781,13.72,-0.109999999999999,-0.82
45973,1191715,13990.8677615754,13866.7593491755,12.12,-1.6,-1.49
45974,1191715,13999.2040504021,13868.4191200883,8.5,-3.62,-2.02
45975,1191715,14004.9146758647,13869.3745554999,5.79,-2.71,0.909999999999999
45976,1191715,14008.9091548152,13870.0428652438,4.05,-1.74,0.97
45977,1191715,14010.7140675262,13870.3448422392,1.83,-2.22,-0.48
45978,1191715,14012.1047379756,13870.577513039,1.41,-0.42,1.8
45979,1191715,14012.5781577031,13870.6567201197,0.48,-0.93,-0.51
45980,1191715,14012.7162384569,13870.679822185,0.14,-0.34,0.59
45981,1191715,14012.7359642789,13870.68312248,0.02,-0.12,0.22
45982,1191715,14012.7556901009,13870.686422775,0.01,-0.01,0.11
45983,1191715,14012.7556901009,13870.686422775,0,-0.01,0
45984,1191715,14012.7556901009,13870.686422775,0,0,0.01
45985,1191715,14012.7556901009,13870.686422775,0,0,0
45986,1191715,14012.7556901009,13870.686422775,0,0,0
45987,1191715,14012.7556901009,13870.686422775,0,0,0
45988,1191715,14012.7556901009,13870.686422775,0,0,0
45989,1191715,14012.7556901009,13870.686422775,0,0,0
45990,1191715,14012.7556901009,13870.686422775,0,0,0
45991,1191715,14012.7556901009,13870.686422775,0,0,0
45992,1191715,14012.7556901009,13870.686422775,0,0,0
45993,1191715,14012.7556901009,13870.686422775,0,0,0
45994,1191715,14012.7556901009,13870.686422775,0,0,0
45995,1191715,14012.7556901009,13870.686422775,0,0,0
45996,1191715,14012.7556901009,13870.686422775,0,0,0
45997,1191715,14012.7556901009,13870.686422775,0,0,0
45998,1191715,14012.7556901009,13870.686422775,0,0,0
45999,1191715,14012.7556901009,13870.686422775,0,0,0
46000,1191715,14012.7556901009,13870.686422775,0,0,0
46001,1191715,14012.7556901009,13870.686422775,0,0,0
46002,1191715,14012.7556901009,13870.686422775,0,0,0
46003,1191715,14013.9195135976,13870.8811401819,1.19,1.19,1.19
46004,1191715,14015.7342892196,13871.1847673248,1.84,0.65,-0.54
46005,1191715,14019.5117841283,13871.8167738234,3.83,1.99,1.34
46006,1191715,14024.7785785964,13872.6979525968,5.34,1.51,-0.48
46007,1191715,14030.0303119785,13877.203816789,7.57,2.23,0.720000000000001
46008,1191715,14044.9334947326,13882.2669236182,9.2,1.63,-0.600000000000001
46009,1191715,14056.3864765456,13881.1628410229,11.02,1.82,0.190000000000001
46010,1191715,14069.2177740949,13881.1696096624,13.08,2.06,0.24
46011,1191715,14082.8218925018,13882.510080613,13.67,0.59,-1.47
46012,1191715,14096.6407489934,13883.3148554712,13.85,0.18,-0.41
46013,1191715,14109.8077316906,13884.0209857479,13.19,-0.66,-0.84
46014,1191715,14123.3071289002,13884.9304773516,13.54,0.35,1.01
46015,1191715,14136.2029855511,13885.6851753315,12.92,-0.619999999999999,-0.969999999999999
46016,1191715,14152.1868375392,13885.6611310463,13.25,0.33,0.949999999999999
46017,1191715,14165.7691229101,13884.8476041624,12.04,-1.21,-1.54
46018,1191715,14176.1494855855,13880.8309446583,11.21,-0.829999999999998,0.380000000000003
46019,1191715,14182.4118056038,13876.4357561237,7.66,-3.55,-2.72
46020,1191715,14186.7933515035,13873.2115266763,5.44,-2.22,1.33
46021,1191715,14194.7654170231,13865.8556668316,2.53,-2.91,-0.690000000000001
46022,1191715,14195.449804406,13865.1265482472,1,-1.53,1.38
46023,1191715,14195.6688083686,13864.8932303002,0.32,-0.68,0.85
46024,1191715,14195.7,13864.86,0.14,-0.18,0.5
46025,1191715,14203.3586582201,13874.6787245512,2.05,1.91,2.09
46026,1191715,14204.4992024115,13878.5752305434,4.06,2.01,0.1
46027,1191715,14206.2351124735,13884.2848738898,5.97,1.91,-0.0999999999999996
46028,1191715,14209.0616962965,13891.5868820993,7.82,1.85,-0.0599999999999996
46029,1191715,14212.4550408606,13900.3530222231,9.4,1.58,-0.27
46030,1191715,14231.1027966036,13921.5101223815,10.07,0.67,-0.91
46031,1191715,14239.9929634667,13927.2460907518,10.58,0.51,-0.16
46032,1191715,14249.5027424594,13934.0438010559,11.69,1.11,0.6
46033,1191715,14259.6852311892,13941.0488358167,12.36,0.67,-0.44
46034,1191715,14270.9909528823,13948.1947432093,13.38,1.02,0.350000000000001
46035,1191715,14282.3605998802,13954.618594592,13.07,-0.31,-1.33
46036,1191715,14294.5689473557,13960.4972638222,13.55,0.48,0.790000000000001
46037,1191715,14307.2784591447,13964.8332098038,13.43,-0.120000000000001,-0.600000000000001
46038,1191715,14319.8019710858,13968.8783401517,13.17,-0.26,-0.139999999999999
46039,1191715,14332.9483957101,13971.766786031,13.47,0.300000000000001,0.56
46040,1191715,14346.4899163089,13974.3910219033,13.79,0.319999999999999,0.0199999999999978
46041,1191715,14359.6933269213,13976.430518949,13.36,-0.43,-0.749999999999998
46042,1191715,14373.2066654767,13977.3574880099,13.55,0.190000000000001,0.620000000000001
46043,1191715,14386.1433821363,13978.1339943322,12.96,-0.59,-0.780000000000001
46044,1191715,14399.1000628648,13978.9116989668,12.98,0.0199999999999996,0.609999999999999
