"V1","V2","V3","V4","V5","acceleration","jerk"
33995,1191200,14200.18,13949.7,0,2.39,0
33996,1191200,14197.9236207209,13948.9120580295,2.39,2.39,0
33997,1191200,14194.1173779277,13947.6951089248,4,1.61,-0.78
33998,1191200,14188.8658599256,13946.4375085611,5.4,1.4,-0.21
33999,1191200,14181.2728177216,13945.4155194368,7.68,2.28,0.879999999999999
34000,1191200,14171.4149022012,13944.3074122253,9.92,2.24,-0.0399999999999991
34001,1191200,14159.5881753743,13942.9888785663,11.9,1.98,-0.26
34002,1191200,14146.4893123445,13941.5286774417,13.18,1.28,-0.700000000000001
34003,1191200,14133.6427877823,13939.6467295566,13,-0.18,-1.46
34004,1191200,14120.5108504297,13936.6957229022,13.46,0.460000000000001,0.640000000000001
34005,1191200,14107.7179649013,13933.3624842586,13.22,-0.24,-0.700000000000001
34006,1191200,14095.470988412,13927.6090897894,13.6,0.379999999999999,0.619999999999999
34007,1191200,14084.2065097715,13919.5386010317,13.86,0.26,-0.119999999999999
34008,1191200,14073.3437357236,13912.5452984613,12.97,-0.889999999999999,-1.15
34009,1191200,14061.034642646,13906.4852136758,13.73,0.76,1.65
34010,1191200,14049.2051723043,13900.6893754612,13.18,-0.550000000000001,-1.31
34011,1191200,14024.9602015389,13886.6822474808,13.06,-0.119999999999999,0.430000000000001
34012,1191200,14012.0040121964,13886.2835475136,13.03,-0.0300000000000011,0.0899999999999981
34013,1191200,13998.9171372542,13882.6572402671,13.59,0.56,0.590000000000002
34014,1191200,13986.0426271438,13882.5385419415,13.38,-0.209999999999999,-0.77
34015,1191200,13972.6323870372,13880.8192803894,13.53,0.149999999999999,0.359999999999998
34016,1191200,13958.9596622418,13882.3167929949,13.78,0.25,0.100000000000001
34017,1191200,13936.1928901963,13882.3073991684,13.26,-0.52,-0.77
34018,1191200,13923.2340524967,13881.6224321629,13,-0.26,0.26
34019,1191200,13909.6263620108,13879.2672549634,13.81,0.81,1.07
34020,1191200,13890.6717283794,13877.3689762113,13.26,-0.550000000000001,-1.36
34021,1191200,13877.3744714464,13876.1274942623,13.37,0.109999999999999,0.66
34022,1191200,13864.0537116226,13874.3909281185,13.44,0.0700000000000003,-0.0399999999999991
34023,1191200,13850.2880745122,13872.9581612947,13.84,0.4,0.33
34024,1191200,13836.6926944963,13871.5317874921,13.67,-0.17,-0.57
34025,1191200,13823.4138862442,13871.1529328506,13.29,-0.380000000000001,-0.210000000000001
34026,1191200,13810.1593123682,13871.0814931757,13.26,-0.0299999999999994,0.350000000000001
34027,1191200,13797.1744725835,13871.8902179532,13.01,-0.25,-0.220000000000001
34028,1191200,13783.4709563617,13873.2241576293,13.78,0.77,1.02
34029,1191200,13770.6783340165,13875.1038970502,12.93,-0.85,-1.62
34030,1191200,13748.8225495728,13879.2900731386,13.69,0.76,1.61
34031,1191200,13736.3682317019,13885.5400691781,13.54,-0.15,-0.91
34032,1191200,13723.2686609083,13889.1516310991,13.62,0.0800000000000001,0.23
34033,1191200,13706.5565184389,13891.4330300696,13.66,0.0400000000000009,-0.0399999999999991
34034,1191200,13697.4609895418,13898.3375650771,11.45,-2.21,-2.25
34035,1191200,13691.3677228706,13904.8898362506,8.96,-2.49,-0.279999999999998
34036,1191200,13688.299548757,13908.6330845202,4.84,-4.12,-1.63
34037,1191200,13678.7676060385,13923.8180575064,6.82,1.98,6.1
34038,1191200,13675.3198172692,13932.3044202492,9.16,2.34,0.359999999999999
34039,1191200,13671.3638936922,13942.0415023919,10.51,1.35,-0.99
34040,1191200,13666.6288300768,13953.696354281,12.59,2.08,0.73
34041,1191200,13661.4119793845,13966.537073453,13.85,1.26,-0.82
34042,1191200,13657.9754824998,13974.9956424314,9.14,-4.71,-5.97
34043,1191200,13655.5364354229,13980.9990955508,6.48,-2.66,2.05
34044,1191200,13654.2868001921,13984.0749388156,3.31,-3.17,-0.51
34045,1191200,13653.276735915,13992.4305736651,4.84,1.53,4.7
34046,1191200,13654.3227305248,13998.9066446403,6.56,1.72,0.19
34047,1191200,13655.5935501955,14006.7746759929,7.97,1.41,-0.31
34048,1191200,13657.2263222693,14016.8836648323,10.25,2.28,0.87
34049,1191200,13659.158861091,14028.8486008414,12.12,1.87,-0.410000000000001
34050,1191200,13660.7229459718,14046.2256008742,13.94,1.82,-0.0499999999999989
34051,1191200,13658.2750115681,14062.1625797794,15.78,1.84,0.0199999999999996
34052,1191200,13659.2015924067,14079.297545433,17.16,1.38,-0.459999999999999
34053,1191200,13660.0342192441,14094.6950495343,15.42,-1.74,-3.12
34054,1191200,13660.660039286,14106.2681411383,11.59,-3.83,-2.09
34055,1191200,13661.0398611092,14114.0684945597,7.82,-3.77,0.0600000000000005
34056,1191200,13661.1792423522,14118.8164491582,4.75,-3.07,0.699999999999999
34057,1191200,13661.2358751519,14120.7456180792,1.93,-2.82,0.25
34058,1191200,13661.2790099787,14122.2149850813,1.46,-0.47,2.35
34059,1191200,13661.3,14122.93,0.72,-0.74,-0.27
34060,1191200,13661.3,14122.93,0.06,-0.66,0.0800000000000001
34061,1191200,13661.3,14122.93,0.02,-0.04,0.62
34062,1191200,13661.3,14122.93,0,-0.02,0.02
34063,1191200,13661.3,14122.93,0,0,0.02
34064,1191200,13661.3,14122.93,0,0,0
34065,1191200,13661.3,14122.93,0,0,0
34066,1191200,13661.3,14122.93,0,0,0
34067,1191200,13661.3,14122.93,0,0,0
34068,1191200,13661.3,14122.93,0,0,0
34069,1191200,13661.3,14122.93,0,0,0
34070,1191200,13661.3,14122.93,0,0,0
34071,1191200,13661.3,14122.93,0,0,0
34072,1191200,13661.3,14122.93,0,0,0
34073,1191200,13661.3,14122.93,0,0,0
34074,1191200,13661.3,14122.93,0,0,0
34075,1191200,13661.3,14122.93,0,0,0
34076,1191200,13661.3,14122.93,0,0,0
34077,1191200,13661.3,14122.93,0,0,0
34078,1191200,13661.3,14122.93,0,0,0
34079,1191200,13661.3,14122.93,0,0,0
34080,1191200,13661.3,14122.93,0,0,0
34081,1191200,13661.3,14122.93,0,0,0
34082,1191200,13661.3,14122.93,0,0,0
34083,1191200,13661.3,14122.93,0,0,0
34084,1191200,13661.3,14122.93,0,0,0
34085,1191200,13661.3,14122.93,0,0,0
34086,1191200,13661.3,14122.93,0,0,0
34087,1191200,13661.3,14122.93,0,0,0
34088,1191200,13661.3,14122.93,0,0,0
34089,1191200,13661.3,14122.93,0,0,0
34090,1191200,13661.3,14122.93,0,0,0
34091,1191200,13661.3,14122.93,0,0,0
34092,1191200,13661.3,14122.93,0,0,0
34093,1191200,13661.3,14122.93,0,0,0
34094,1191200,13661.3,14122.93,0,0,0
34095,1191200,13661.3,14122.93,0,0,0
34096,1191200,13661.3,14122.93,0,0,0
34097,1191200,13661.3,14122.93,0,0,0
34098,1191200,13661.3,14122.93,0,0,0
34099,1191200,13661.3,14122.93,0,0,0
34100,1191200,13661.3,14122.93,0,0,0
34101,1191200,13661.3,14122.93,0,0,0
34102,1191200,13661.3,14122.93,0,0,0
34103,1191200,13661.3,14122.93,0,0,0
34104,1191200,13661.3,14122.93,0,0,0
34105,1191200,13651.3087033385,14123.602484042,2.16,2.16,2.16
34106,1191200,13650.7402470757,14119.8149046729,3.82,1.66,-0.5
34107,1191200,13649.9075996516,14114.267040375,5.61,1.79,0.130000000000001
34108,1191200,13649.3286926787,14106.9011534981,7.39,1.78,-0.0100000000000011
34109,1191200,13640.1346873045,14101.6320427578,8.24,0.850000000000001,-0.929999999999999
34110,1191200,13632.9638527709,14102.1566684255,7.19,-1.05,-1.9
34111,1191200,13625.1148308266,14102.7309109853,7.87,0.68,1.73
34112,1191200,13616.8369550784,14103.3365289326,8.31,0.44,-0.239999999999999
34113,1191200,13608.8881996913,14103.9180680942,7.96,-0.350000000000001,-0.790000000000001
34114,1191200,13601.617631715,14104.4499903636,7.29,-0.67,-0.319999999999999
34115,1191200,13593.5050739098,14105.1073260873,8.14,0.850000000000001,1.52
34116,1191200,13585.4818403171,14105.9748643952,8.07,-0.0700000000000003,-0.920000000000001
34117,1191200,13577.7612036264,14106.8485858677,7.76,-0.31,-0.24
34118,1191200,13569.5774864985,14107.8100295582,8.24,0.48,0.790000000000001
34119,1191200,13562.3571438383,14108.658293591,7.28,-0.96,-1.44
34120,1191200,13554.1616086074,14109.5110661415,8.23,0.95,1.91
34121,1191200,13546.5794522364,14110.2695546161,7.62,-0.61,-1.56
34122,1191200,13538.2908219779,14111.0987159015,8.33,0.71,1.32
34123,1191200,13530.0917447473,14111.9189186615,8.24,-0.0899999999999999,-0.8
34124,1191200,13521.9822205448,14112.7301628962,8.15,-0.0899999999999999,0
34125,1191200,13514.0816534076,14113.5205039053,7.94,-0.21,-0.12
34126,1191200,13506.0218808872,14114.3267711815,8.1,0.159999999999999,0.369999999999999
34127,1191200,13498.5790292265,14115.0713241724,7.48,-0.619999999999999,-0.779999999999998
34128,1191200,13490.5889090613,14115.8706237067,8.04,0.559999999999999,1.18
34129,1191200,13483.3749151388,14116.5922826885,7.25,-0.789999999999999,-1.35
