"V1","V2","V3","V4","V5","acceleration","jerk"
43107,1192321,13449.0643216105,13756.5990314897,0,0.09,0
43108,1192321,13449.1442966414,13756.6010300968,0.09,0.09,0
43109,1192321,13450.7837847752,13756.6420015419,1.64,1.55,1.46
43110,1192321,13453.2030294603,13756.702459406,2.42,0.78,-0.77
43111,1192321,13457.9515469209,13756.8211267012,4.75,2.33,1.55
43112,1192321,13464.9693558836,13756.9965044723,7.02,2.27,-0.0600000000000005
43113,1192321,13473.7765985047,13757.2169072473,8.82,1.8,-0.469999999999999
43114,1192321,13484.1133593759,13757.4757019388,10.34,1.52,-0.280000000000001
43115,1192321,13495.8196910781,13757.7687856755,11.7,1.36,-0.16
43116,1192321,13509.4554181848,13758.1101744175,13.65,1.95,0.590000000000002
43117,1192321,13523.1411296283,13758.4528145845,13.69,0.0399999999999991,-1.91
43118,1192321,13536.2619735611,13758.9255566096,13.13,-0.559999999999999,-0.599999999999998
43119,1192321,13549.7798712439,13758.6827238583,13.53,0.399999999999999,0.959999999999997
43120,1192321,13563.1795663474,13758.1616009435,13.41,-0.119999999999999,-0.519999999999998
43121,1192321,13574.4835466017,13757.7938563659,11.31,-2.1,-1.98
43122,1192321,13584.037930229,13757.4662118716,9.56,-1.75,0.35
43123,1192321,13589.8644771262,13757.2655847188,5.83,-3.73,-1.98
43124,1192321,13593.8321256995,13757.1289655426,3.97,-1.86,1.87
43125,1192321,13595.9508700257,13757.0560102143,2.12,-1.85,0.00999999999999979
43126,1192321,13597.5898986555,13756.9995730736,1.65,-0.47,1.38
43127,1192321,13598.3594425853,13756.9730751477,0.77,-0.88,-0.41
43128,1192321,13598.6692589726,13756.9624071516,0.3,-0.47,0.41
43129,1192321,13598.7392175117,13756.9599982492,0.07,-0.23,0.24
43130,1192321,13600.0184593691,13756.9159497491,1.28,1.21,1.44
43131,1192321,13602.746842393,13756.8220025575,2.74,1.46,0.25
43132,1192321,13610.5570795116,13752.917836816,4.54,1.8,0.34
43133,1192321,13611.7135710379,13746.9081007694,6.12,1.58,-0.22
43134,1192321,13613.2120968229,13739.1209754672,7.92,1.8,0.22
43135,1192321,13615.1282445479,13729.1636677038,10.15,2.23,0.430000000000001
43136,1192321,13617.3146182341,13717.8021242301,11.57,1.42,-0.81
43137,1192321,13619.8940478639,13704.398056087,13.65,2.08,0.66
43138,1192321,13622.3015155184,13691.8875924868,12.74,-0.91,-2.99
43139,1192321,13623.8812980609,13683.6782144885,8.36,-4.38,-3.47
43140,1192321,13625.0018854385,13677.8550552146,5.93,-2.43,1.95
43141,1192321,13625.6117338858,13674.713709602,3.21,-2.72,-0.29
43142,1192321,13634.039376496,13668.554573349,1.7,-1.51,1.21
43143,1192321,13634.7740541345,13668.7054002947,0.75,-0.95,0.56
43144,1192321,13635.1462908046,13668.7818192805,0.38,-0.37,0.58
43145,1192321,13635.2736349286,13668.8079626178,0.13,-0.25,0.12
43146,1192321,13635.3030220342,13668.8139956956,0.03,-0.1,0.15
43147,1192321,13635.3030220342,13668.8139956956,0,-0.03,0.07
43148,1192321,13635.3030220342,13668.8139956956,0,0,0.03
43149,1192321,13635.3030220342,13668.8139956956,0,0,0
43150,1192321,13635.3030220342,13668.8139956956,0,0,0
43151,1192321,13635.3030220342,13668.8139956956,0,0,0
43152,1192321,13635.3030220342,13668.8139956956,0,0,0
43153,1192321,13635.3030220342,13668.8139956956,0,0,0
43154,1192321,13635.3030220342,13668.8139956956,0,0,0
43155,1192321,13635.3030220342,13668.8139956956,0,0,0
43156,1192321,13635.3030220342,13668.8139956956,0,0,0
43157,1192321,13635.3030220342,13668.8139956956,0,0,0
43158,1192321,13635.3030220342,13668.8139956956,0,0,0
43159,1192321,13635.3030220342,13668.8139956956,0,0,0
43160,1192321,13635.3030220342,13668.8139956956,0,0,0
43161,1192321,13635.3030220342,13668.8139956956,0,0,0
43162,1192321,13635.3030220342,13668.8139956956,0,0,0
43163,1192321,13635.3030220342,13668.8139956956,0,0,0
43164,1192321,13635.3030220342,13668.8139956956,0,0,0
43165,1192321,13635.3030220342,13668.8139956956,0,0,0
43166,1192321,13635.3030220342,13668.8139956956,0,0,0
43167,1192321,13635.3030220342,13668.8139956956,0,0,0
43168,1192321,13635.3030220342,13668.8139956956,0,0,0
43169,1192321,13635.3030220342,13668.8139956956,0,0,0
43170,1192321,13635.3030220342,13668.8139956956,0,0,0
43171,1192321,13635.3030220342,13668.8139956956,0,0,0
43172,1192321,13635.3030220342,13668.8139956956,0,0,0
43173,1192321,13635.3030220342,13668.8139956956,0,0,0
43174,1192321,13635.3030220342,13668.8139956956,0,0,0
43175,1192321,13635.3030220342,13668.8139956956,0,0,0
43176,1192321,13635.3030220342,13668.8139956956,0,0,0
43177,1192321,13635.3030220342,13668.8139956956,0,0,0
43178,1192321,13635.3030220342,13668.8139956956,0,0,0
43179,1192321,13635.3030220342,13668.8139956956,0,0,0
43180,1192321,13635.3030220342,13668.8139956956,0,0,0
43181,1192321,13635.3030220342,13668.8139956956,0,0,0
43182,1192321,13635.3715919471,13668.8280728772,0.07,0.07,0.07
43183,1192321,13635.7242372135,13668.9004698111,0.36,0.29,0.22
43184,1192321,13636.6940116963,13669.0995613794,0.99,0.63,0.34
43185,1192321,13637.6539904772,13669.2966419218,0.98,-0.01,-0.64
43186,1192321,13639.6719050575,13669.7109132659,2.06,1.08,1.09
43187,1192321,13641.8563465692,13670.1593720511,2.22,0.16,-0.92
43188,1192321,13644.9224012471,13670.7888231711,3.13,0.91,0.75
43189,1192321,13647.5770364474,13671.3338112015,2.71,-0.42,-1.33
43190,1192321,13651.4953171858,13672.1382215785,4,1.29,1.71
43191,1192321,13657.0396844308,13673.276462262,5.66,1.66,0.37
43192,1192321,13663.7497401954,13674.6540150326,6.86,1.2,-0.46
43193,1192321,13670.4500002581,13676.0295567773,6.84,-0.0200000000000005,-1.22
43194,1192321,13673.8197216932,13676.7213497015,3.44,-3.4,-3.38
43195,1192321,13679.0310350754,13677.7912155029,5.32,1.88,5.28
43196,1192321,13682.8905416027,13678.5835597242,3.94,-1.38,-3.26
43197,1192321,13696.6183388462,13693.6372329971,5.4,1.46,2.84
43198,1192321,13698.3600330771,13700.6233979827,7.2,1.8,0.339999999999999
43199,1192321,13700.534731846,13709.3464012078,8.99,1.79,-0.00999999999999979
43200,1192321,13701.1574227249,13719.636425254,10.45,1.46,-0.330000000000001
43201,1192321,13700.1016914299,13731.7705849461,12.18,1.73,0.270000000000001
43202,1192321,13698.9012087998,13745.5684594728,13.85,1.67,-0.0600000000000005
43203,1192321,13703.0467199413,13762.2338544139,12.92,-0.93,-2.6
43204,1192321,13716.4405909731,13763.561008176,13.47,0.550000000000001,1.48
43205,1192321,13730.0678381219,13765.1394334991,13.72,0.25,-0.300000000000001
43206,1192321,13742.856461626,13766.8309147642,12.89,-0.83,-1.08
43207,1192321,13762.6144686696,13769.1782165017,13.69,0.799999999999999,1.63
43208,1192321,13775.439464091,13770.6572676979,12.9,-0.789999999999999,-1.59
43209,1192321,13788.9845298685,13770.1264609276,13.56,0.66,1.45
43210,1192321,13802.8014431374,13769.5249563807,13.83,0.27,-0.390000000000001
43211,1192321,13815.871524878,13768.8686151717,13.08,-0.75,-1.02
43212,1192321,13829.1896506209,13767.1387519702,13.43,0.35,1.1
43213,1192321,13842.0218581498,13765.4720036584,12.94,-0.49,-0.84
43214,1192321,13855.384734735,13763.8712675965,13.46,0.520000000000001,1.01
43215,1192321,13868.3553916887,13762.6291089153,13.04,-0.420000000000002,-0.940000000000003
43216,1192321,13881.3758209254,13761.3821837004,13.08,0.0400000000000009,0.460000000000003
43217,1192321,13904.3286716546,13760.6587897919,13.51,0.43,0.389999999999999
43218,1192321,13917.8721901622,13760.7486941204,13.58,0.0700000000000003,-0.359999999999999
43219,1192321,13931.3984123202,13761.1748015128,13.55,-0.0299999999999994,-0.0999999999999996
43220,1192321,13944.4674401654,13759.4680762323,13.18,-0.370000000000001,-0.340000000000002
43221,1192321,13957.1637556388,13757.3802661316,12.89,-0.289999999999999,0.0800000000000018
43222,1192321,13975.1143051745,13749.0035273579,13.81,0.92,1.21
43223,1192321,13987.7474602259,13744.6262801123,13.36,-0.450000000000001,-1.37
43224,1192321,14000.1632909943,13740.3243333054,13.14,-0.219999999999999,0.230000000000002
43225,1192321,14012.7759290955,13738.2943135377,12.87,-0.270000000000001,-0.0500000000000025
43226,1192321,14026.6151374695,13737.8191617852,13.87,1,1.27
43227,1192321,14039.9549038221,13740.1738229597,13.77,-0.0999999999999996,-1.1
43228,1192321,14052.0896743021,13745.4431650179,13.23,-0.539999999999999,-0.44
43229,1192321,14063.9019689698,13750.7509135692,12.95,-0.280000000000001,0.259999999999998
43230,1192321,14076.0152719186,13756.193917489,13.28,0.33,0.610000000000001
43231,1192321,14086.8698129646,13761.0713080496,11.91,-1.37,-1.7
43232,1192321,14094.4862346229,13764.4936787371,8.34,-3.57,-2.2
43233,1192321,14100.8937395381,13765.554652751,6.61,-1.73,1.84
43234,1192321,14104.7621322451,13765.6661779223,3.87,-2.74,-1.01
43235,1192321,14108.7704668073,13765.7817375959,4.01,0.14,2.88
43236,1192321,14111.7292374566,13765.8670385021,2.96,-1.05,-1.19
43237,1192321,14114.4581077134,13765.9455678505,2.72,-0.24,0.81
43238,1192321,14116.4273301221,13766.0009131766,1.98,-0.74,-0.5
43239,1192321,14118.4065485836,13766.0565394434,1.98,0,0.74
43240,1192321,14119.6660512409,13766.0919379769,1.26,-0.72,-0.72
43241,1192321,14120.7156367887,13766.1214367547,1.05,-0.21,0.51
43242,1192321,14123.1846618392,13766.1908291179,2.47,1.42,1.63
43243,1192321,14126.2113953088,13766.0981115976,3.03,0.56,-0.860000000000001
43244,1192321,14131.4901529683,13765.2279291035,5.36,2.33,1.77
43245,1192321,14147.2906816689,13771.2615528369,6.93,1.57,-0.760000000000001
43246,1192321,14149.4613004125,13779.1275565408,8.16,1.23,-0.339999999999999
43247,1192321,14152.1665936261,13788.9311420394,10.17,2.01,0.779999999999999
43248,1192321,14155.4198616695,13800.7205078848,12.23,2.06,0.0500000000000007
43249,1192321,14170.2253581715,13820.7067086972,12.59,0.359999999999999,-1.7
43250,1192321,14179.9745724063,13826.673091337,11.43,-1.16,-1.52
43251,1192321,14187.5571601957,13843.8240865769,11.98,0.550000000000001,1.71
43252,1192321,14193.8077846605,13853.8497964162,11.82,-0.16,-0.710000000000001
43253,1192321,14208.8747375975,13881.7727828612,12.57,0.75,0.91
43254,1192321,14213.5520409099,13894.0701352868,13.16,0.59,-0.16
43255,1192321,14231.1605462186,13917.6152607969,13.74,0.58,-0.00999999999999979
43256,1192321,14241.9465172557,13924.5814957046,12.84,-0.9,-1.48
43257,1192321,14252.6428946445,13932.2302520308,13.15,0.31,1.21
43258,1192321,14263.7942266625,13939.8565307574,13.51,0.359999999999999,0.0499999999999989
43259,1192321,14275.109208364,13946.820428248,13.28,-0.23,-0.59
43260,1192321,14284.8833580301,13955.8333749495,13.15,-0.129999999999999,0.100000000000001
43261,1192321,14297.3925534868,13961.4772495355,13.75,0.6,0.729999999999999
43262,1192321,14310.4411914146,13965.906859928,13.78,0.0299999999999994,-0.57
43263,1192321,14323.6599485944,13969.7259895739,13.78,0,-0.0299999999999994
43264,1192321,14336.4938282054,13972.5457651202,13.13,-0.649999999999999,-0.649999999999999
43265,1192321,14349.8797140933,13974.9146352916,13.6,0.469999999999999,1.12
43266,1192321,14363.4043076374,13976.769116707,13.67,0.0700000000000003,-0.399999999999999
43267,1192321,14376.470790745,13977.5534120588,13.09,-0.58,-0.65
43268,1192321,14390.285926437,13978.3826441191,13.84,0.75,1.33
43269,1192321,14403.2426071656,13979.1603487537,12.97,-0.869999999999999,-1.62
