"V1","V2","V3","V4","V5","acceleration","jerk"
55195,119398,13414.8614736625,13366.4497717056,13.02,0.24,0
55196,119398,13427.8905204508,13368.9138211753,13.26,0.24,0
55197,119398,13441.1652129176,13371.424327083,13.51,0.25,0.00999999999999979
55198,119398,13462.9592388229,13375.6696259914,13.03,-0.48,-0.73
55199,119398,13477.4897962954,13378.5330155108,14.81,1.78,2.26
55200,119398,13493.2173341943,13381.6322818171,16.03,1.22,-0.56
55201,119398,13510.1320412048,13384.965491494,17.24,1.21,-0.0100000000000033
55202,119398,13528.822596225,13388.6486495186,19.05,1.81,0.600000000000005
55203,119398,13548.9161692862,13392.6082860721,20.49,1.44,-0.370000000000005
55204,119398,13573.154612895,13397.4420441996,21.83,1.34,-0.0999999999999979
