"V1","V2","V3","V4","V5","acceleration","jerk"
49157,"1194853#1",14403.1941648275,13320.7364147659,13.01,0.66,0
49158,"1194853#1",14389.7109181106,13318.4845360012,13.67,0.66,0
49159,"1194853#1",14377.0068787753,13316.3627950729,12.88,-0.789999999999999,-1.45
49160,"1194853#1",14363.3658179051,13314.0845592781,13.83,0.949999999999999,1.74
49161,"1194853#1",14352.4075976399,13312.254392996,11.12,-2.71,-3.66
49162,"1194853#1",14338.7073226383,13313.3082202972,12.68,1.56,4.27
49163,"1194853#1",14327.7491332827,13311.4778689518,11.1,-1.58,-3.14
49164,"1194853#1",14315.8835151056,13309.4959493581,12.03,0.93,2.51
49165,"1194853#1",14303.1006047503,13307.3608140353,12.96,0.930000000000001,1.77635683940025e-15
49166,"1194853#1",14290.4952348165,13305.2553333697,12.78,-0.180000000000001,-1.11
49167,"1194853#1",14278.4323495043,13303.2404641569,12.24,-0.539999999999999,-0.359999999999998
49168,"1194853#1",14266.3398741218,13301.2206525012,12.25,0.00999999999999979,0.549999999999999
49169,"1194853#1",14253.6260072638,13299.097049545,12.89,0.640000000000001,0.630000000000001
49170,"1194853#1",14240.576786276,13296.9174322363,13.23,0.34,-0.300000000000001
49171,"1194853#1",14224.6638689337,13294.7119883403,13.39,0.16,-0.18
49172,"1194853#1",14209.6027799002,13292.8156768882,15.18,1.79,1.63
49173,"1194853#1",14193.361012609,13290.7707086094,16.36,1.18,-0.609999999999999
49174,"1194853#1",14175.3928754287,13288.5083765673,18.11,1.75,0.57
49175,"1194853#1",14156.2242166587,13286.0948892645,19.33,1.22,-0.530000000000001
49176,"1194853#1",14135.6530499132,13284.5475552271,20.67,1.34,0.120000000000005
49177,"1194853#1",14114.9616009047,13292.0107182763,22.09,1.42,0.0799999999999947
49178,"1194853#1",14099.4846099069,13306.9457495999,21.74,-0.350000000000001,-1.77
49179,"1194853#1",14093.4834308397,13327.7219466533,22.03,0.290000000000003,0.640000000000004
49180,"1194853#1",14097.0863014295,13347.6390078514,20.65,-1.38,-1.67000000000001
49181,"1194853#1",14107.8742367117,13360.834520554,17.24,-3.41,-2.03
49182,"1194853#1",14124.8571139234,13371.4538385728,13.46,-3.78,-0.369999999999997
49183,"1194853#1",14145.9429156054,13377.7890202876,13.33,-0.130000000000001,3.65
49184,"1194853#1",14158.5483823657,13381.7059333268,13.2,-0.130000000000001,0
49185,"1194853#1",14171.6695273115,13385.7830837177,13.75,0.550000000000001,0.680000000000001
49186,"1194853#1",14184.954656316,13389.2717133666,13.74,-0.00999999999999979,-0.56
49187,"1194853#1",14197.5072107379,13392.3730481573,12.92,-0.82,-0.81
49188,"1194853#1",14210.5451694298,13395.5943108208,13.44,0.52,1.34
49189,"1194853#1",14233.0172916041,13401.2375328454,13.67,0.23,-0.289999999999999
49190,"1194853#1",14245.929218323,13404.5093134625,13.32,-0.35,-0.58
49191,"1194853#1",14259.1710297212,13406.9500202395,13.49,0.17,0.52
49192,"1194853#1",14272.6339521322,13408.6513785662,13.58,0.0899999999999999,-0.0800000000000001
49193,"1194853#1",14285.9083737872,13410.3289153687,13.38,-0.199999999999999,-0.289999999999999
49194,"1194853#1",14304.3970472266,13414.6882462904,13.84,0.459999999999999,0.659999999999998
49195,"1194853#1",14313.8991763774,13416.7816744842,9.73,-4.11,-4.57
49196,"1194853#1",14319.602407029,13418.0381617043,5.83,-3.9,0.209999999999999
49197,"1194853#1",14323.6063874522,13418.9202845815,4.1,-1.73,2.17
49198,"1194853#1",14324.7587525496,13419.1741638485,1.18,-2.92,-1.19
49199,"1194853#1",14325.6279092757,13419.3656490585,0.89,-0.29,2.63
49200,"1194853#1",14325.9111176471,13419.4280431156,0.29,-0.6,-0.31
49201,"1194853#1",14325.92,13419.43,0.01,-0.28,0.32
49202,"1194853#1",14328.0330397693,13414.2107446075,2.14,2.13,2.41
49203,"1194853#1",14327.3164781338,13410.7335902031,3.62,1.48,-0.65
49204,"1194853#1",14327.7962338432,13404.9333975805,5.82,2.2,0.72
49205,"1194853#1",14328.9353187453,13388.4933641116,7.67,1.85,-0.350000000000001
49206,"1194853#1",14329.3085903845,13378.7705266511,9.74,2.07,0.220000000000001
49207,"1194853#1",14329.7662605445,13366.8493086753,11.92,2.18,0.109999999999999
49208,"1194853#1",14330.2795570021,13353.4791580873,13.39,1.47,-0.709999999999999
49209,"1194853#1",14331.1337407768,13338.3141192709,15.19,1.8,0.329999999999998
49210,"1194853#1",14331.9645279868,13322.0979372589,16.24,1.05,-0.75
49211,"1194853#1",14331.6795371112,13304.3869609906,17.62,1.38,0.330000000000004
49212,"1194853#1",14330.4043755904,13285.2193303834,19.21,1.59,0.209999999999997
