"V1","V2","V3","V4","V5","acceleration","jerk"
28837,1195959,14398.6613317127,13995.6920791422,11.52,0.0899999999999999,0
28838,1195959,14387.073464466,13994.8285209951,11.61,0.0899999999999999,0
28839,1195959,14374.8447951115,13993.9531403547,12.26,0.65,0.56
28840,1195959,14362.594261699,13993.1029456069,12.28,0.0199999999999996,-0.630000000000001
28841,1195959,14351.1518275466,13992.0681827547,11.49,-0.789999999999999,-0.809999999999999
28842,1195959,14327.8167968346,13995.2954607736,13.55,2.06,2.85
28843,1195959,14314.6082176983,13994.5451894913,13.24,-0.31,-2.37
28844,1195959,14301.5473904923,13992.2031409927,13.27,0.0299999999999994,0.34
28845,1195959,14289.7585661333,13988.6591714339,12.32,-0.949999999999999,-0.979999999999999
28846,1195959,14277.0396731629,13984.9868344741,13.26,0.94,1.89
28847,1195959,14263.4510486611,13985.180184282,13.59,0.33,-0.609999999999999
28848,1195959,14250.9284136289,13988.5946483522,13.13,-0.459999999999999,-0.789999999999999
28849,1195959,14244.1181939684,13999.0805354706,12.95,-0.180000000000001,0.279999999999998
28850,1195959,14245.254869543,14012.0657538001,13.07,0.120000000000001,0.300000000000002
28851,1195959,14250.6626643062,14023.7928021908,13.17,0.0999999999999996,-0.0200000000000014
28852,1195959,14262.5752241516,14028.9083733519,13.42,0.25,0.15
28853,1195959,14290.0897320318,14027.2924724785,13.22,-0.199999999999999,-0.449999999999999
28854,1195959,14302.0561803951,14021.6844832132,13.31,0.0899999999999999,0.289999999999999
28855,1195959,14311.7507047317,14008.8800971192,13.28,-0.0300000000000011,-0.120000000000001
28856,1195959,14311.9889303699,13995.752258434,13.13,-0.149999999999999,-0.119999999999997
28857,1195959,14312.2331434005,13982.2944740697,13.46,0.33,0.479999999999999
28858,1195959,14312.468828933,13969.3066123393,12.99,-0.470000000000001,-0.800000000000001
28859,1195959,14312.7095946771,13956.0387966993,13.27,0.279999999999999,0.75
28860,1195959,14312.9545334522,13942.5410189194,13.5,0.23,-0.0499999999999989
28861,1195959,14313.1874974427,13929.7031324975,12.83,-0.67,-0.9
28862,1195959,14313.4222757945,13916.7652625366,12.94,0.109999999999999,0.779999999999999
28863,1195959,14313.5260029604,13903.5761514535,13.19,0.25,0.140000000000001
28864,1195959,14313.5357106499,13890.9561551872,12.62,-0.57,-0.82
28865,1195959,14313.5425414171,13882.0761578145,8.89,-3.73,-3.16
28866,1195959,14313.5481260308,13874.8161599624,7.26,-1.63,2.1
28867,1195959,14313.5522029527,13869.5161615304,5.3,-1.96,-0.329999999999999
28868,1195959,14313.5574952588,13862.6361635659,6.88,1.58,3.54
28869,1195959,14313.9033010859,13857.324994099,4.29,-2.59,-4.17
28870,1195959,14308.6704249153,13850.1752140647,6.24,1.95,4.54
28871,1195959,14301.2685041001,13851.3418033871,7.63,1.39,-0.56
28872,1195959,14291.4288866725,13851.255034274,9.84,2.21,0.82
28873,1195959,14279.8593365062,13851.1530100221,11.57,1.73,-0.48
28874,1195959,14266.5198551562,13851.0353779114,13.33,1.76,0.0299999999999994
28875,1195959,14253.2403714735,13850.9182748807,13.28,-0.0500000000000007,-1.81
28876,1195959,14239.8208932338,13850.7999373301,13.42,0.140000000000001,0.190000000000001
28877,1195959,14226.6557001695,13852.450714491,13.35,-0.0700000000000003,-0.210000000000001
28878,1195959,14217.5339487133,13856.6556943217,10.13,-3.22,-3.15
28879,1195959,14211.7868973166,13860.3462611638,6.83,-3.3,-0.0800000000000018
28880,1195959,14209.9577197101,13863.227737443,3.49,-3.34,-0.0399999999999991
28881,1195959,14209.4333463302,13864.2736497522,1.17,-2.32,1.02
28882,1195959,14209.37,13864.4,0.57,-0.6,1.72
28883,1195959,14209.37,13864.4,0.38,-0.19,0.41
28884,1195959,14209.37,13864.4,0.05,-0.33,-0.14
28885,1195959,14209.37,13864.4,0,-0.05,0.28
28886,1195959,14209.37,13864.4,0,0,0.05
28887,1195959,14206.9074447088,13875.0444949148,1.63,1.63,1.63
28888,1195959,14207.7830443968,13878.039110948,3.12,1.49,-0.14
28889,1195959,14209.0880247009,13882.5022406129,4.65,1.53,0.04
28890,1195959,14211.4064857155,13888.5311649035,6.47,1.82,0.289999999999999
28891,1195959,14214.4442162181,13896.3733771802,8.41,1.94,0.120000000000001
28892,1195959,14230.6565288805,13917.2897358012,10.67,2.26,0.319999999999999
28893,1195959,14240.5856704426,13923.7025782162,11.82,1.15,-1.11
28894,1195959,14251.9193574307,13931.7119915747,13.87,2.05,0.899999999999999
28895,1195959,14262.5957523581,13939.0403449074,12.95,-0.92,-2.97
28896,1195959,14274.1225563478,13946.2296509643,13.59,0.640000000000001,1.56
28897,1195959,14285.4708624639,13952.4615224146,12.96,-0.629999999999999,-1.27
28898,1195959,14297.554804266,13958.0660080571,13.32,0.359999999999999,0.989999999999998
28899,1195959,14310.3502091439,13962.4016411149,13.52,0.199999999999999,-0.16
28900,1195959,14322.783140072,13966.1770875499,13,-0.52,-0.719999999999999
28901,1195959,14336.3423952442,13969.1437353512,13.88,0.880000000000001,1.4
28902,1195959,14349.8977128979,13971.585532532,13.78,-0.100000000000001,-0.980000000000002
28903,1195959,14363.0190015699,13973.4559348416,13.26,-0.52,-0.419999999999998
28904,1195959,14376.1753440168,13974.2452721709,13.18,-0.0800000000000001,0.44
28905,1195959,14389.0022788001,13975.0148461224,12.85,-0.33,-0.25
28906,1195959,14401.8990879362,13975.7886123056,12.92,0.0700000000000003,0.4
