"V1","V2","V3","V4","V5","acceleration","jerk"
59874,1196873,13448.56,13416.32,0,1.36,0
59875,1196873,13449.9118919578,13416.468283966,1.36,1.36,0
59876,1196873,13453.3413237623,13416.8444454973,3.45,2.09,0.73
59877,1196873,13459.2160895493,13417.4888265554,5.91,2.46,0.37
59878,1196873,13466.5819126427,13418.2967561054,7.41,1.5,-0.96
59879,1196873,13475.6773622114,13419.2944019059,9.15,1.74,0.24
59880,1196873,13485.945776861,13420.4207058534,10.33,1.18,-0.56
59881,1196873,13497.456739266,13421.6833002108,11.57,1.24,0.0600000000000005
59882,1196873,13510.5879839439,13423.1236172628,13.21,1.64,0.4
59883,1196873,13523.7689305319,13424.5693859311,13.26,0.0499999999999989,-1.59
59884,1196873,13533.9117764842,13439.9508330476,13.04,-0.220000000000001,-0.27
59885,1196873,13532.7536454426,13453.3910277073,13.49,0.450000000000001,0.670000000000002
59886,1196873,13531.5912218472,13466.881037766,13.54,0.0499999999999989,-0.400000000000002
59887,1196873,13530.4056184607,13480.6400509795,13.81,0.270000000000001,0.220000000000002
59888,1196873,13529.2431948653,13494.1300610383,13.54,-0.270000000000001,-0.540000000000003
59889,1196873,13528.1211212765,13507.1518063461,13.07,-0.469999999999999,-0.199999999999998
59890,1196873,13526.9801604505,13520.3927394096,13.29,0.219999999999999,0.689999999999998
59891,1196873,13533.9924812803,13534.7632542567,13.42,0.130000000000001,-0.0899999999999981
59892,1196873,13547.2376038684,13538.9130889072,13.88,0.460000000000001,0.33
59893,1196873,13559.7574891966,13542.835699182,13.12,-0.760000000000002,-1.22
59894,1196873,13572.1555953996,13547.6672512707,13.34,0.220000000000001,0.980000000000002
59895,1196873,13584.7986082623,13553.2855968223,13.84,0.5,0.279999999999999
59896,1196873,13597.112199299,13558.3909249979,13.33,-0.51,-1.01
59897,1196873,13609.1763777641,13563.3928444258,13.06,-0.27,0.24
59898,1196873,13621.5084438061,13568.5058325086,13.34,0.279999999999999,0.549999999999999
59899,1196873,13632.0761468413,13572.8872994501,11.45,-1.89,-2.17
59900,1196873,13639.4569114612,13575.9474323925,7.99,-3.46,-1.57
59901,1196873,13642.9579249668,13577.3989848146,3.79,-4.2,-0.740000000000001
59902,1196873,13651.0549780411,13586.4544387867,5.68,1.89,6.09
59903,1196873,13649.3216052179,13593.2880263258,7.05,1.37,-0.52
59904,1196873,13648.3332139059,13597.184625178,4.03,-3.02,-4.39
59905,1196873,13647.6177366129,13600.0052974814,2.9,-1.13,1.89
59906,1196873,13647.4333352487,13600.7322748791,0.76,-2.14,-1.01
59907,1196873,13647.3915376062,13600.8970564226,0.17,-0.59,1.55
59908,1196873,13647.3644920727,13601.0036797743,0.1,-0.07,0.52
59909,1196873,13647.359574703,13601.0230658383,0.02,-0.08,-0.01
59910,1196873,13647.359574703,13601.0230658383,0,-0.02,0.06
59911,1196873,13647.3472812787,13601.0715309981,0.05,0.05,0.07
59912,1196873,13647.3325291696,13601.1296891899,0.06,0.01,-0.04
59913,1196873,13647.2661446785,13601.3914010531,0.27,0.21,0.2
59914,1196873,13647.2218883511,13601.5658756286,0.18,-0.09,-0.3
59915,1196873,13647.1505864903,13601.8469735558,0.28,0.1,0.19
59916,1196873,13646.9932306595,13602.4673276019,0.64,0.36,0.26
59917,1196873,13646.7989945559,13603.2330771275,0.79,0.15,-0.21
59918,1196873,13646.6367213555,13603.8728172376,0.66,-0.13,-0.28
59919,1196873,13646.3957702396,13604.8227343707,0.98,0.32,0.45
59920,1196873,13646.0023806627,13606.373619486,1.6,0.62,0.3
59921,1196873,13645.1664278118,13609.6692503559,3.4,1.8,1.18
59922,1196873,13643.9715069719,13614.3800638936,4.86,1.46,-0.339999999999999
59923,1196873,13642.8183837746,13618.9260958877,4.69,-0.17,-1.63
59924,1196873,13641.7144342744,13623.2782672424,4.49,-0.2,-0.0300000000000002
59925,1196873,13640.2908557429,13628.8905327533,5.79,1.3,1.5
59926,1196873,13639.3590141826,13632.5641918701,3.79,-2,-3.3
59927,1196873,13637.9969027726,13637.9341315818,5.54,1.75,3.75
59928,1196873,13636.4528486832,13644.0213556592,6.28,0.74,-1.01
59929,1196873,13634.5104876472,13651.6788509159,7.89,1.61,0.869999999999999
59930,1196873,13632.4206055199,13659.9179280908,8.51,0.62,-0.989999999999999
59931,1196873,13628.1031380494,13679.2057472877,10.07,1.56,0.94
59932,1196873,13625.8087673229,13691.1269663096,12.14,2.07,0.51
59933,1196873,13623.3764319646,13703.7650296385,12.87,0.729999999999999,-1.34
59934,1196873,13620.7910125628,13717.1984955545,13.68,0.81,0.0800000000000018
59935,1196873,13618.3019794106,13730.1311524342,13.17,-0.51,-1.32
59936,1196873,13616.3307861093,13740.3731882166,10.44,-2.73,-2.22
59937,1196873,13614.9605894234,13747.4925323607,7.24,-3.2,-0.469999999999999
59938,1196873,13614.2197382498,13751.3418880911,3.92,-3.32,-0.120000000000001
59939,1196873,13613.7774954574,13753.6397177872,2.34,-1.58,1.74
59940,1196873,13613.6603200167,13754.2485444588,0.62,-1.72,-0.14
59941,1196873,13613.6281912668,13754.4154808043,0.17,-0.45,1.27
59942,1196873,13613.6130718551,13754.4940390845,0.08,-0.09,0.36
59943,1196873,13613.61,13754.51,0.02,-0.06,0.03
59944,1196873,13613.61,13754.51,0,-0.02,0.04
59945,1196873,13604.9608582182,13760.0498808215,1.45,1.45,1.47
59946,1196873,13601.7127818108,13760.1616826627,3.25,1.8,0.35
59947,1196873,13596.2859956902,13760.3484777389,5.43,2.18,0.38
59948,1196873,13589.1102453501,13760.5954738065,7.18,1.75,-0.43
59949,1196873,13579.9756550844,13760.9098949845,9.14,1.96,0.210000000000001
59950,1196873,13569.1619446885,13761.2787658744,10.82,1.68,-0.280000000000001
59951,1196873,13556.6592291903,13761.70019375,12.51,1.69,0.00999999999999979
59952,1196873,13543.5000764083,13762.2346075037,13.17,0.66,-1.03
59953,1196873,13529.7926299076,13761.9388804315,13.72,0.550000000000001,-0.109999999999999
59954,1196873,13516.2974305173,13761.5842737563,13.5,-0.220000000000001,-0.770000000000001
59955,1196873,13503.2915113246,13761.2584425821,13,-0.5,-0.279999999999999
59956,1196873,13489.8857175988,13760.9225935393,13.41,0.41,0.91
59957,1196873,13476.8398109528,13760.5957605783,13.05,-0.359999999999999,-0.77
59958,1196873,13466.1731626309,13760.3283411466,10.67,-2.38,-2.02
59959,1196873,13457.5259248122,13760.1097591105,8.65,-2.02,0.360000000000001
59960,1196873,13450.2782399353,13759.9265545139,7.25,-1.4,0.619999999999999
59961,1196873,13444.0602261512,13759.7693776047,6.22,-1.03,0.37
59962,1196873,13435.5999746743,13759.2433092456,8.48,2.26,3.29
59963,1196873,13415.2548848004,13756.2809619785,10.61,2.13,-0.130000000000002
