"V1","V2","V3","V4","V5","acceleration","jerk"
61546,1196030,13775.69,13689.22,0,2.58,0
61547,1196030,13778.2699663262,13689.2068183539,2.58,2.58,0
61548,1196030,13782.9999045908,13689.1826520026,4.73,2.15,-0.43
61549,1196030,13790.109811792,13689.1463258383,7.11,2.38,0.23
61550,1196030,13798.9096969356,13689.1013651848,8.8,1.69,-0.69
61551,1196030,13809.9895523209,13689.0447556347,11.07,2.27,0.579999999999999
61552,1196030,13822.8693842128,13688.9789495874,12.89,1.82,-0.449999999999999
61553,1196030,13836.4992063158,13688.9093116661,13.62,0.729999999999999,-1.09
61554,1196030,13849.8490320734,13688.8411043111,13.36,-0.26,-0.989999999999998
61555,1196030,13863.158858353,13688.7731013227,13.3,-0.0599999999999987,0.200000000000001
61556,1196030,13874.2587134772,13688.7163895894,11.1,-2.2,-2.14
61557,1196030,13881.2886217226,13688.6804721582,7.03,-4.07,-1.87
61558,1196030,13885.9085614229,13688.6568678151,4.62,-2.41,1.66
61559,1196030,13896.4361791107,13698.1835010726,6.94,2.32,4.73
61560,1196030,13897.2065227363,13706.2467864265,8.1,1.16,-1.16
61561,1196030,13897.9207549126,13713.7227460571,7.51,-0.59,-1.75
61562,1196030,13898.6425954209,13721.2783430739,7.59,0.0800000000000001,0.67
61563,1196030,13899.3939182162,13729.1425349623,7.89,0.3,0.22
61564,1196030,13900.1623597588,13737.1859109697,8.09,0.2,-0.0999999999999996
61565,1196030,13900.9041721389,13744.9505561253,7.79,-0.3,-0.5
61566,1196030,13901.4709928807,13750.8835413981,5.96,-1.83,-1.53
61567,1196030,13901.8105147008,13754.4373597577,3.57,-2.39,-0.56
61568,1196030,13906.7099185434,13760.3593515604,5.65,2.08,4.47
61569,1196030,13914.2562015027,13760.5783238929,7.56,1.91,-0.170000000000001
61570,1196030,13923.5858518009,13761.0178979052,9.34,1.78,-0.129999999999999
61571,1196030,13934.1550054469,13760.8148093823,10.61,1.27,-0.510000000000001
61572,1196030,13946.5100955038,13759.2013194737,12.47,1.86,0.590000000000002
61573,1196030,13959.1630813587,13756.589572344,12.98,0.51,-1.35
61574,1196030,13977.0702237203,13748.3258234088,13.72,0.74,0.23
61575,1196030,13989.4577078431,13744.0336983984,13.11,-0.610000000000001,-1.35
61576,1196030,14001.8640897298,13739.7350255237,13.13,0.0200000000000014,0.630000000000003
61577,1196030,14015.3867932414,13738.0757079293,13.68,0.549999999999999,0.529999999999998
61578,1196030,14028.9539378085,13737.8940815733,13.6,-0.0800000000000001,-0.629999999999999
61579,1196030,14041.65654406,13740.8997158587,13.27,-0.33,-0.25
61580,1196030,14053.8957239887,13746.2546972289,13.37,0.0999999999999996,0.43
61581,1196030,14064.1117626202,13750.8451824624,11.2,-2.17,-2.27
61582,1196030,14070.4876653019,13753.7101370858,6.99,-4.21,-2.04
61583,1196030,14074.2001007689,13755.3782866305,4.07,-2.92,1.29
61584,1196030,14076.5716811655,13756.4439349883,2.6,-1.47,1.45
61585,1196030,14077.219305043,13756.7349389629,0.71,-1.89,-0.42
61586,1196030,14077.3105196737,13756.7759254382,0.1,-0.61,1.28
61587,1196030,14077.3196411367,13756.7800240857,0.01,-0.09,0.52
61588,1196030,14077.3196411367,13756.7800240857,0,-0.01,0.08
61589,1196030,14077.3196411367,13756.7800240857,0,0,0.01
61590,1196030,14077.3196411367,13756.7800240857,0,0,0
61591,1196030,14077.3196411367,13756.7800240857,0,0,0
61592,1196030,14077.3196411367,13756.7800240857,0,0,0
61593,1196030,14077.3196411367,13756.7800240857,0,0,0
61594,1196030,14077.3196411367,13756.7800240857,0,0,0
61595,1196030,14077.3196411367,13756.7800240857,0,0,0
61596,1196030,14077.3196411367,13756.7800240857,0,0,0
61597,1196030,14077.3196411367,13756.7800240857,0,0,0
61598,1196030,14077.3196411367,13756.7800240857,0,0,0
61599,1196030,14077.3196411367,13756.7800240857,0,0,0
61600,1196030,14077.356126989,13756.7964186759,0.04,0.04,0.04
61601,1196030,14077.5476777133,13756.882490274,0.2,0.16,0.12
61602,1196030,14078.1040869602,13757.1325077733,0.62,0.42,0.26
61603,1196030,14079.0618405819,13757.5628657639,1.05,0.43,0.0100000000000001
61604,1196030,14079.6912215333,13757.8456724435,0.69,-0.36,-0.79
61605,1196030,14080.5942463766,13758.251438549,0.98,0.29,0.65
61606,1196030,14081.7161863335,13758.7555721952,1.24,0.26,-0.03
61607,1196030,14082.5371180092,13759.1244504729,0.9,-0.34,-0.6
61608,1196030,14083.494871631,13759.5548084635,1.05,0.15,0.49
61609,1196030,14083.9783091733,13759.7720367826,0.53,-0.52,-0.67
61610,1196030,14084.5347184202,13760.0220542819,0.61,0.08,0.6
61611,1196030,14085.4012574113,13760.4114257973,0.95,0.34,0.26
61612,1196030,14086.7694768709,13761.0262229267,1.49,0.54,0.2
61613,1196030,14087.7637163448,13761.4729755075,1.09,-0.4,-0.94
61614,1196030,14088.5846480206,13761.8418537852,0.9,-0.19,0.21
61615,1196030,14089.5424016423,13762.2722117758,1.05,0.15,0.34
61616,1196030,14089.8890172387,13762.427960382,0.38,-0.67,-0.82
61617,1196030,14090.3906977072,13762.6533859961,0.55,0.17,0.84
61618,1196030,14090.8102850082,13762.8419237825,0.46,-0.09,-0.26
61619,1196030,14090.9471069541,13762.9034034954,0.15,-0.31,-0.22
61620,1196030,14091.0018357325,13762.9279953806,0.07,-0.08,0.23
61621,1196030,14091.0109571956,13762.9320940282,0.01,-0.06,0.02
61622,1196030,14091.0109571956,13762.9320940282,0,-0.01,0.05
61623,1196030,14091.0109571956,13762.9320940282,0,0,0.01
61624,1196030,14091.0109571956,13762.9320940282,0,0,0
61625,1196030,14091.0109571956,13762.9320940282,0,0,0
61626,1196030,14091.0109571956,13762.9320940282,0,0,0
61627,1196030,14091.0109571956,13762.9320940282,0,0,0
61628,1196030,14091.0109571956,13762.9320940282,0,0,0
61629,1196030,14091.0109571956,13762.9320940282,0,0,0
61630,1196030,14091.0109571956,13762.9320940282,0,0,0
61631,1196030,14091.0109571956,13762.9320940282,0,0,0
61632,1196030,14091.1660220677,13763.0017710362,0.17,0.17,0.17
61633,1196030,14091.5582449794,13763.17801288,0.43,0.26,0.09
61634,1196030,14092.506877138,13763.6042722231,1.05,0.62,0.36
61635,1196030,14093.8568536715,13764.2108720575,1.48,0.43,-0.19
61636,1196030,14094.6504209581,13764.5674543926,0.87,-0.61,-1.04
61637,1196030,14096.0277618807,13765.1863501696,1.5,0.63,1.24
61638,1196030,14096.7454631209,13765.435058575,0.78,-0.72,-1.35
61639,1196030,14097.3152263879,13765.451484763,0.57,-0.21,0.51
61640,1196030,14097.6450893319,13765.4609946613,0.33,-0.24,-0.0299999999999999
61641,1196030,14097.8050228805,13765.4656055211,0.15,-0.18,0.0599999999999999
61642,1196030,14097.8949855016,13765.4681991298,0.1,-0.05,0.13
61643,1196030,14098.1648733649,13765.4759799557,0.27,0.17,0.22
61644,1196030,14098.9945286483,13765.4998987909,0.82,0.55,0.38
61645,1196030,14100.6438433684,13765.5474482825,1.66,0.84,0.29
61646,1196030,14101.8833283701,13765.5831824459,1.24,-0.42,-1.26
61647,1196030,14102.6230210325,13765.6045076725,0.74,-0.5,-0.0800000000000001
61648,1196030,14103.5026555498,13765.6298674014,0.88,0.14,0.64
61649,1196030,14104.4222734543,13765.6563798452,0.92,0.04,-0.1
61650,1196030,14104.8420990195,13765.6684833522,0.41,-0.51,-0.55
61651,1196030,14105.1519702699,13765.677416893,0.31,-0.1,0.41
61652,1196030,14105.3718788992,13765.6837568252,0.22,-0.09,0.00999999999999998
61653,1196030,14105.4818332139,13765.6869267914,0.11,-0.11,-0.02
61654,1196030,14105.4818332139,13765.6869267914,0,-0.11,0
61655,1196030,14105.4818332139,13765.6869267914,0,0,0.11
61656,1196030,14105.4818332139,13765.6869267914,0,0,0
61657,1196030,14105.4818332139,13765.6869267914,0,0,0
61658,1196030,14105.4818332139,13765.6869267914,0,0,0
61659,1196030,14105.4818332139,13765.6869267914,0,0,0
61660,1196030,14105.4818332139,13765.6869267914,0,0,0
61661,1196030,14105.4818332139,13765.6869267914,0,0,0
61662,1196030,14105.4818332139,13765.6869267914,0,0,0
61663,1196030,14105.4818332139,13765.6869267914,0,0,0
61664,1196030,14105.8216920047,13765.6967248684,0.34,0.34,0.34
61665,1196030,14106.5913722074,13765.7189146312,0.77,0.43,0.09
61666,1196030,14108.0407699917,13765.7607005481,1.45,0.68,0.25
61667,1196030,14109.8900016476,13765.8140136145,1.86,0.41,-0.27
61668,1196030,14113.5684732657,13765.9200633898,3.68,1.82,1.41
61669,1196030,14116.3973419636,13766.0000703544,2.83,-0.85,-2.67
61670,1196030,14117.6568446209,13766.0354688878,1.26,-1.57,-0.72
61671,1196030,14119.356173603,13766.0832288139,1.7,0.44,2.01
61672,1196030,14120.1158736186,13766.1045803102,0.76,-0.94,-1.38
61673,1196030,14120.3157946753,13766.1101991251,0.21,-0.55,0.39
61674,1196030,14120.4357473093,13766.113570414,0.11,-0.1,0.45
61675,1196030,14120.4757315206,13766.1146941769,0.04,-0.07,0.03
61676,1196030,14120.4857275735,13766.1149751177,0.02,-0.02,0.05
61677,1196030,14120.4857275735,13766.1149751177,0,-0.02,0
61678,1196030,14120.4857275735,13766.1149751177,0,0,0.02
61679,1196030,14120.4857275735,13766.1149751177,0,0,0
61680,1196030,14120.4857275735,13766.1149751177,0,0,0
61681,1196030,14120.4857275735,13766.1149751177,0,0,0
61682,1196030,14120.4857275735,13766.1149751177,0,0,0
61683,1196030,14121.0455065323,13766.1307077992,0.56,0.56,0.56
61684,1196030,14122.5149262992,13766.1720060882,1.46,0.9,0.34
61685,1196030,14124.5741131834,13766.2298798809,2.07,0.61,-0.29
61686,1196030,14125.9647243901,13766.1387743309,1.39,-0.68,-1.29
61687,1196030,14127.0698101058,13765.9566052854,1.12,-0.27,0.41
61688,1196030,14129.1911800063,13765.6069057785,2.15,1.03,1.3
61689,1196030,14132.4176356224,13765.0750372261,3.27,1.12,0.0900000000000003
61690,1196030,14134.0949978694,13764.7985306392,1.69,-1.58,-2.7
61691,1196030,14135.1803499115,13764.6196146124,1.11,-0.58,1
61692,1196030,14135.3480861362,13764.5919639537,0.17,-0.94,-0.36
61693,1196030,14135.3480861362,13764.5919639537,0,-0.17,0.77
61694,1196030,14135.3480861362,13764.5919639537,0,0,0.17
61695,1196030,14135.3480861362,13764.5919639537,0,0,0
61696,1196030,14147.1257572055,13770.6638907907,2.4,2.4,2.4
61697,1196030,14148.3573705368,13775.1270767159,4.63,2.23,-0.17
61698,1196030,14150.0624766822,13781.306131096,6.4,1.77,-0.46
61699,1196030,14152.3767393132,13789.6926791627,8.71,2.31,0.54
61700,1196030,14154.8878472715,13798.7925658005,9.43,0.719999999999999,-1.59
61701,1196030,14164.9797179664,13817.4964503215,8.44,-0.99,-1.71
61702,1196030,14170.7456574438,13821.0251245686,6.75,-1.69,-0.699999999999999
61703,1196030,14177.0318961937,13824.8722146872,7.37,0.62,2.31
61704,1196030,14184.7510903166,13829.5962534352,9.05,1.68,1.06
61705,1196030,14187.6978022121,13844.0307743201,6.64,-2.41,-4.09
61706,1196030,14190.6737660494,13848.5582534139,5.42,-1.22,1.19
61707,1196030,14192.7987835466,13852.1461776935,4.17,-1.25,-0.0300000000000002
61708,1196030,14194.3428610087,13854.7532305873,3.02,-1.15,0.1
61709,1196030,14202.687129651,13863.8028261371,2.21,-0.81,0.34
61710,1196030,14206.8653485699,13874.9005229901,2.15,-0.0600000000000001,0.75
61711,1196030,14207.9766866354,13878.7013818015,3.96,1.81,1.87
61712,1196030,14209.110475975,13882.5790256394,4.05,0.0899999999999999,-1.72
61713,1196030,14210.2939756146,13885.6591061862,3.3,-0.75,-0.84
61714,1196030,14211.1283581903,13887.8131502242,2.3,-1,-0.25
61715,1196030,14211.7026734696,13889.2958039126,1.6,-0.7,0.3
61716,1196030,14212.4503669465,13891.2260511674,2.07,0.47,1.17
61717,1196030,14213.3461543004,13893.5386179268,2.48,0.41,-0.0599999999999996
61718,1196030,14213.8771250303,13894.9093732237,1.47,-1.01,-1.42
61719,1196030,14214.4369921265,13896.3547274483,1.55,0.0800000000000001,1.09
61720,1196030,14215.256926519,13898.4714720224,2.27,0.72,0.64
61721,1196030,14216.0935230257,13900.4590033707,2.16,-0.11,-0.83
61722,1196030,14227.1116069353,13915.0002099983,2.03,-0.13,-0.0200000000000005
61723,1196030,14228.5396560601,13915.9225308194,1.7,-0.33,-0.2
61724,1196030,14230.0517080747,13916.8991058064,1.8,0.1,0.43
61725,1196030,14231.7653670245,13918.0058907918,2.04,0.24,0.14
61726,1196030,14233.4118236625,13919.0692724443,1.97,-0.0700000000000001,-0.31
61727,1196030,14234.5542629624,13919.8071291012,1.35,-0.62,-0.55
61728,1196030,14236.4107268247,13921.0061461686,2.21,0.86,1.48
61729,1196030,14238.5023987781,13922.3570749007,2.48,0.27,-0.59
61730,1196030,14240.9804840242,13923.9575727962,2.96,0.48,0.21
61731,1196030,14242.3507810198,13924.8581426219,1.63,-1.33,-1.81
61732,1196030,14244.4400963449,13926.3546924782,2.57,0.94,2.27
61733,1196030,14245.8140040878,13927.3388050296,1.69,-0.88,-1.82
61734,1196030,14248.6837640479,13929.3943774004,3.53,1.84,2.72
61735,1196030,14251.1226535325,13931.1413227579,3,-0.53,-2.37
61736,1196030,14252.610376118,13932.206959426,1.83,-1.17,-0.64
61737,1196030,14254.4791884486,13933.5127965989,2.29,0.46,1.63
61738,1196030,14257.2232813386,13935.3815807521,3.31,1.02,0.56
61739,1196030,14259.2400243059,13936.7550245273,2.45,-0.86,-1.88
61740,1196030,14261.9097291356,13938.5731488691,3.23,0.78,1.64
61741,1196030,14263.9760641432,13939.9803658519,2.49,-0.74,-1.52
61742,1196030,14266.4009318736,13941.6061765696,2.92,0.43,1.17
61743,1196030,14269.0177046121,13943.17302067,3.05,0.13,-0.3
61744,1196030,14271.7374323436,13944.8015110957,3.18,0.13,4.44089209850063e-16
61745,1196030,14274.6201721473,13946.527608203,3.35,0.17,0.0399999999999996
61746,1196030,14277.0481940653,13947.9814340405,2.83,-0.52,-0.69
61747,1196030,14280.0596276103,13949.7845890544,3.51,0.68,1.2
61748,1196030,14282.8206259442,13951.1887905539,3.1,-0.41,-1.09
61749,1196030,14285.4979056937,13952.4745094744,2.98,-0.12,0.29
61750,1196030,14288.2292719028,13953.7862025146,3.03,0.0499999999999998,0.17
61751,1196030,14291.3122000993,13955.2667273322,3.41,0.38,0.330000000000001
61752,1196030,14293.710033141,13956.4182466348,2.67,-0.74,-1.12
61753,1196030,14297.1191354101,13957.9183847257,3.73,1.06,1.8
61754,1196030,14300.7370811268,13959.1443002165,3.82,0.0899999999999999,-0.97
61755,1196030,14303.7583499322,13960.1680359274,3.18,-0.64,-0.73
61756,1196030,14306.6186106821,13961.1372151898,3.02,-0.16,0.48
61757,1196030,14308.0771542433,13961.6314324295,1.54,-1.48,-1.32
61758,1196030,14310.3975644543,13962.4176871291,2.45,0.91,2.39
61759,1196030,14313.6556098118,13963.5216529114,3.43,0.98,0.0699999999999998
61760,1196030,14314.9720874417,13963.9677321084,1.39,-2.04,-3.02
61761,1196030,14317.6713401362,13964.8823549222,2.85,1.46,3.5
61762,1196030,14319.8817720705,13965.5422933158,2.31,-0.54,-2
61763,1196030,14321.6987904149,13965.93984122,1.86,-0.45,0.0900000000000001
61764,1196030,14323.5841911701,13966.3523506045,1.92,0.0599999999999998,0.51
61765,1196030,14326.4464835083,13966.9785954213,2.93,1.01,0.95
61766,1196030,14329.7581459747,13967.703158537,3.38,0.45,-0.56
61767,1196030,14333.4507961585,13968.5110784714,3.78,0.4,-0.0499999999999998
61768,1196030,14336.35216416,13969.1458727055,2.98,-0.8,-1.2
61769,1196030,14339.8982806063,13969.921732325,3.62,0.64,1.44
61770,1196030,14343.7996033959,13970.6464050105,3.98,0.36,-0.28
61771,1196030,14348.3855398772,13971.35265326,4.64,0.66,0.3
61772,1196030,14352.7639231987,13972.0269376879,4.43,-0.21,-0.87
61773,1196030,14357.1324230365,13972.6997000291,4.42,-0.00999999999999979,0.2
61774,1196030,14361.7612632176,13973.380474672,4.68,0.26,0.27
61775,1196030,14366.6225217697,13973.6721342163,4.87,0.19,-0.0699999999999994
61776,1196030,14371.463816221,13973.9625959801,4.85,-0.0200000000000005,-0.210000000000001
61777,1196030,14375.2669774291,13974.1907731595,3.82,-1.03,-1.01
61778,1196030,14380.7571051573,13974.5201627886,5.49,1.67,2.7
61779,1196030,14384.9695304324,13974.7728944676,4.22,-1.27,-2.94
61780,1196030,14389.0621711026,13975.0184394638,4.1,-0.12,1.15
61781,1196030,14393.7237886463,13975.2981212034,4.67,0.57,0.69
61782,1196030,14397.5968242074,13975.5304906145,3.88,-0.79,-1.36
61783,1196030,14402.1386571462,13975.8029856712,4.55,0.67,1.46
