"V1","V2","V3","V4","V5","acceleration","jerk"
37223,1197706,13892.57,13877.45,0,2.11,0
37224,1197706,13890.4619194108,13877.3600209505,2.11,2.11,0
37225,1197706,13886.5654671369,13877.1937089632,3.9,1.79,-0.32
37226,1197706,13881.1709418112,13876.7672698237,5.42,1.52,-0.27
37227,1197706,13873.7357764734,13875.5143067761,7.53,2.11,0.59
37228,1197706,13864.0636579855,13874.3919624618,9.74,2.21,0.0999999999999996
37229,1197706,13852.8938925056,13873.2303949328,11.23,1.49,-0.72
37230,1197706,13839.616646014,13871.8385569859,13.35,2.12,0.629999999999999
37231,1197706,13826.293466848,13871.2020810534,13.35,0,-2.12
37232,1197706,13812.6254575234,13870.9687977433,13.67,0.32,0.32
37233,1197706,13798.901126913,13871.7826780712,13.75,0.0800000000000001,-0.24
37234,1197706,13785.360679982,13872.9465884688,13.6,-0.15,-0.23
37235,1197706,13771.8555870934,13874.9302633592,13.65,0.0500000000000007,0.200000000000001
37236,1197706,13759.3892585584,13883.0484725858,13.68,0.0299999999999994,-0.0200000000000014
37237,1197706,13766.0675187432,13894.3880687384,13.16,-0.52,-0.549999999999999
37238,1197706,13773.0705575388,13906.2791346128,13.8,0.640000000000001,1.16
37239,1197706,13779.501291944,13918.4930385003,13.81,0.00999999999999979,-0.630000000000001
37240,1197706,13785.3344913619,13930.1332354296,13.02,-0.790000000000001,-0.800000000000001
37241,1197706,13791.1990520669,13941.8360140627,13.09,0.0700000000000003,0.860000000000001
37242,1197706,13795.3574116438,13954.0657620007,12.97,-0.119999999999999,-0.19
37243,1197706,13798.7707394461,13966.4748753177,12.87,-0.100000000000001,0.0199999999999978
37244,1197706,13803.0199489128,13990.2787009083,13.87,1,1.1
37245,1197706,13804.3155031367,14003.2642328286,13.05,-0.819999999999999,-1.82
37246,1197706,13805.6557316442,14016.6975417117,13.5,0.449999999999999,1.27
37247,1197706,13807.0029094847,14030.2005047889,13.57,0.0700000000000003,-0.379999999999999
37248,1197706,13808.3441307541,14043.6437642712,13.51,-0.0600000000000005,-0.130000000000001
37249,1197706,13809.0995654022,14056.7581845913,13.14,-0.369999999999999,-0.309999999999999
37250,1197706,13809.6734785042,14069.915673856,13.17,0.0299999999999994,0.399999999999999
37251,1197706,13811.4241628504,14082.677418548,12.89,-0.279999999999999,-0.309999999999999
37252,1197706,13811.8571340311,14106.9122702603,13.66,0.77,1.05
37253,1197706,13811.9817746385,14119.8367295834,12.94,-0.720000000000001,-1.49
37254,1197706,13812.7813286714,14133.443257919,13.62,0.68,1.4
37255,1197706,13813.9963157057,14146.8243462143,13.45,-0.17,-0.85
37256,1197706,13816.0516688263,14159.6291589834,12.97,-0.479999999999999,-0.309999999999999
37257,1197706,13818.8870048053,14172.9303194548,13.6,0.629999999999999,1.11
37258,1197706,13821.2785562465,14185.0859919104,12.39,-1.21,-1.84
37259,1197706,13822.2761747448,14193.4758891515,8.47,-3.92,-2.71
37260,1197706,13822.4912096036,14198.9716839084,5.5,-2.97,0.949999999999999
37261,1197706,13813.9715816952,14207.4134908376,6.98,1.48,4.45
37262,1197706,13805.7865860703,14209.6307519003,8.47,1.49,0.00999999999999979
37263,1197706,13795.873861416,14212.3160433052,10.28,1.81,0.319999999999999
37264,1197706,13784.502666959,14215.8786784008,11.92,1.64,-0.169999999999998
37265,1197706,13771.6777529907,14220.1262284835,13.5,1.58,-0.0600000000000005
37266,1197706,13759.4413991009,14224.1788502871,12.89,-0.609999999999999,-2.19
37267,1197706,13746.8348219359,14228.3540882663,13.28,0.389999999999999,0.999999999999998
37268,1197706,13723.3842795017,14240.2463801935,13.36,0.0800000000000001,-0.309999999999999
37269,1197706,13715.9216123277,14246.0926609472,9.48,-3.88,-3.96
37270,1197706,13711.5998778568,14249.4783235356,5.48,-4,-0.120000000000001
37271,1197706,13709.7342110633,14250.939893724,2.37,-3.11,0.89
37272,1197706,13705.8109506355,14258.6056257362,3.96,1.59,4.7
37273,1197706,13707.3466707922,14264.5814489934,6.17,2.21,0.62
37274,1197706,13709.3154789671,14272.2425125207,7.92,1.75,-0.46
37292,1197706,13829.5017858136,14262.1531464927,13.36,0.302222222222222,-0.0804320987654321
37293,1197706,13828.0546003855,14249.2138244728,13.02,-0.34,-0.642222222222222
37294,1197706,13826.6007459002,14236.2148742407,13.07,0.0500000000000007,0.390000000000001
37295,1197706,13824.4215236521,14223.2544722089,13.15,0.0800000000000001,0.0299999999999994
