"V1","V2","V3","V4","V5","acceleration","jerk"
27604,1198559,13446.7077498891,13284.9270364695,13.84,-0.0999999999999996,0
27605,1198559,13447.4107687636,13298.6390262764,13.74,-0.0999999999999996,0
27606,1198559,13448.1045710761,13312.1712521964,13.55,-0.19,-0.0899999999999999
27607,1198559,13448.8121982317,13325.9731239466,13.82,0.27,0.459999999999999
27608,1198559,13449.4819350765,13339.0359663845,13.08,-0.74,-1.01
27609,1198559,13449.858697239,13349.9256960204,10.9,-2.18,-1.44
27610,1198559,13449.8054023181,13357.7455144103,7.83,-3.07,-0.890000000000001
27611,1198559,13449.7779370328,13361.7754208184,4.03,-3.8,-0.73
27612,1198559,13454.6709371719,13370.6702426809,5.86,1.83,5.63
27613,1198559,13462.4316681044,13372.1996724421,7.91,2.05,0.22
27614,1198559,13471.9093749068,13374.0674716196,9.66,1.75,-0.3
27615,1198559,13482.9765108003,13376.2485041995,11.28,1.62,-0.130000000000001
27616,1198559,13495.8096790172,13378.7775738932,13.08,1.8,0.180000000000001
27617,1198559,13509.8496359885,13381.544468948,14.31,1.23,-0.57
27618,1198559,13525.8126059342,13384.690337749,16.27,1.96,0.729999999999999
27619,1198559,13539.8918080683,13387.4649669619,14.35,-1.92,-3.88
27620,1198559,13549.9385697304,13389.4449114316,10.24,-4.11,-2.19
27621,1198559,13557.2479812913,13390.8853983749,7.45,-2.79,1.32
27622,1198559,13561.28,13391.68,4.5,-2.95,-0.16
27623,1198559,13561.28,13391.68,1.25,-3.25,-0.3
27624,1198559,13568.9006377817,13393.2268299102,3.25,2,5.25
27625,1198559,13574.3817096628,13394.3249879289,5.59,2.34,0.34
27626,1198559,13581.3070489202,13396.0959184774,7.16,1.57,-0.77
27627,1198559,13590.2880951321,13399.0035651102,9.45,2.29,0.719999999999999
27628,1198559,13609.1179988261,13405.4489545285,11.46,2.01,-0.279999999999998
27629,1198559,13621.0449428086,13410.916358501,13.16,1.7,-0.310000000000002
27630,1198559,13633.7962488208,13418.3501862488,14.76,1.6,-0.0999999999999996
27631,1198559,13647.5928854748,13426.393426705,15.97,1.21,-0.389999999999999
27632,1198559,13662.7804166194,13435.247538616,17.58,1.61,0.399999999999997
27633,1198559,13678.9614438286,13444.6808444234,18.72,1.14,-0.469999999999997
27634,1198559,13694.1608691914,13454.3038064182,18.03,-0.689999999999998,-1.83
27635,1198559,13705.2170896119,13463.3729844411,14.3,-3.73,-3.04
27636,1198559,13713.8533121363,13470.4570906311,11.17,-3.13,0.6
27637,1198559,13721.4713087616,13480.5506398304,7.36,-3.81,-0.679999999999999
27638,1198559,13723.1119523137,13483.7438182994,3.59,-3.77,0.0399999999999991
27639,1198559,13727.7129468222,13513.3168892534,5.1,1.51,5.28
27640,1198559,13726.1869748794,13520.2612041677,7.11,2.01,0.500000000000001
27641,1198559,13724.3433603944,13528.6510304848,8.59,1.48,-0.530000000000001
27642,1198559,13722.1456173994,13538.6524066765,10.24,1.65,0.170000000000001
27643,1198559,13718.9906697251,13550.6441458163,12.4,2.16,0.51
27644,1198559,13715.4520789726,13564.0551590325,13.87,1.47,-0.690000000000001
27645,1198559,13711.5435562381,13578.868188771,15.31,1.44,-0.0299999999999976
27646,1198559,13708.9803000405,13595.4848885609,16.85,1.54,0.0999999999999996
27647,1198559,13706.7625776682,13613.4585862183,18.11,1.26,-0.280000000000003
27648,1198559,13704.6844579191,13630.3008639238,16.96,-1.15,-2.41
27649,1198559,13703.0300443769,13643.7091828278,13.51,-3.45,-2.3
27650,1198559,13700.2046935475,13652.6588683634,9.4,-4.11,-0.659999999999998
27651,1198559,13698.1058698044,13658.9268057351,6.61,-2.79,1.32
27652,1198559,13697.2009306716,13661.6293203356,2.85,-3.76,-0.97
27653,1198559,13696.778625743,13662.8904938158,1.32,-1.53,2.23
27654,1198559,13696.4611032403,13663.8387445528,1.01,-0.31,1.22
27655,1198559,13696.311867664,13664.2844223992,0.47,-0.54,-0.23
27656,1198559,13696.31,13664.29,0.09,-0.38,0.16
27657,1198559,13696.31,13664.29,0,-0.09,0.29
27658,1198559,13696.31,13664.29,0,0,0.09
27659,1198559,13696.31,13664.29,0,0,0
27660,1198559,13696.31,13664.29,0,0,0
27661,1198559,13696.31,13664.29,0,0,0
27662,1198559,13696.31,13664.29,0,0,0
27663,1198559,13696.31,13664.29,0,0,0
27664,1198559,13696.31,13664.29,0,0,0
27665,1198559,13696.31,13664.29,0,0,0
27666,1198559,13696.31,13664.29,0,0,0
27667,1198559,13696.31,13664.29,0,0,0
27668,1198559,13696.31,13664.29,0,0,0
27669,1198559,13696.31,13664.29,0,0,0
27670,1198559,13696.31,13664.29,0,0,0
27671,1198559,13696.31,13664.29,0,0,0
27672,1198559,13696.31,13664.29,0,0,0
27673,1198559,13696.31,13664.29,0,0,0
27674,1198559,13696.31,13664.29,0,0,0
27675,1198559,13696.31,13664.29,0,0,0
27676,1198559,13696.31,13664.29,0,0,0
27677,1198559,13696.31,13664.29,0,0,0
27678,1198559,13696.31,13664.29,0,0,0
27679,1198559,13696.31,13664.29,0,0,0
27680,1198559,13696.31,13664.29,0,0,0
27681,1198559,13696.31,13664.29,0,0,0
27682,1198559,13696.31,13664.29,0,0,0
27683,1198559,13696.31,13664.29,0,0,0
27684,1198559,13696.31,13664.29,0,0,0
27685,1198559,13696.31,13664.29,0,0,0
27686,1198559,13696.31,13664.29,0,0,0
27687,1198559,13696.31,13664.29,0,0,0
27688,1198559,13696.31,13664.29,0,0,0
27689,1198559,13696.31,13664.29,0,0,0
27690,1198559,13696.31,13664.29,0,0,0
27691,1198559,13696.31,13664.29,0,0,0
27692,1198559,13696.31,13664.29,0,0,0
27693,1198559,13696.31,13664.29,0,0,0
27694,1198559,13696.31,13664.29,0,0,0
27695,1198559,13696.31,13664.29,0,0,0
27696,1198559,13696.31,13664.29,0,0,0
27697,1198559,13696.31,13664.29,0,0,0
27698,1198559,13696.31,13664.29,0,0,0
27699,1198559,13696.31,13664.29,0,0,0
27700,1198559,13696.31,13664.29,0,0,0
27701,1198559,13696.31,13664.29,0,0,0
27702,1198559,13696.31,13664.29,0,0,0
27703,1198559,13696.31,13664.29,0,0,0
27704,1198559,13696.31,13664.29,0,0,0
27705,1198559,13696.31,13664.29,0,0,0
27706,1198559,13696.31,13664.29,0,0,0
27707,1198559,13696.31,13664.29,0,0,0
27708,1198559,13696.31,13664.29,0,0,0
27709,1198559,13696.31,13664.29,0,0,0
27710,1198559,13696.31,13664.29,0,0,0
27711,1198559,13696.31,13664.29,0,0,0
27712,1198559,13696.31,13664.29,0,0,0
27713,1198559,13696.31,13664.29,0,0,0
27714,1198559,13696.31,13664.29,0,0,0
27715,1198559,13696.31,13664.29,0,0,0
27716,1198559,13696.31,13664.29,0,0,0
27717,1198559,13696.31,13664.29,0,0,0
27718,1198559,13696.31,13664.29,0,0,0
27719,1198559,13696.31,13664.29,0,0,0
27720,1198559,13690.6769928069,13698.9497831373,1.69,1.69,1.69
27721,1198559,13690.7380479654,13702.7492926145,3.8,2.11,0.42
27722,1198559,13690.8228825014,13708.0286110461,5.28,1.48,-0.629999999999999
27723,1198559,13690.7933605889,13714.8028924204,6.77,1.49,0.0099999999999989
27724,1198559,13690.0314612652,13723.6401097099,8.88,2.11,0.620000000000002
27725,1198559,13689.1372817884,13734.0116352998,10.4,1.52,-0.590000000000002
27726,1198559,13688.101373576,13746.0270626403,12.06,1.66,0.140000000000001
27727,1198559,13686.9538002992,13759.3376852995,13.36,1.3,-0.360000000000001
27728,1198559,13685.7100232747,13773.7641685409,14.48,1.12,-0.179999999999998
27729,1198559,13685.3802965142,13789.3462284479,15.6,1.12,-1.77635683940025e-15
27730,1198559,13685.5050445027,13806.1657658356,16.82,1.22,0.100000000000001
27731,1198559,13688.9354340618,13824.8755894697,18.76,1.94,0.720000000000001
27732,1198559,13689.084172673,13844.7150319222,19.84,1.08,-0.860000000000003
27733,1198559,13688.8949579164,13866.2816821655,21.64,1.8,0.720000000000002
27734,1198559,13679.655583844,13887.2131982776,22.89,1.25,-0.550000000000001
27735,1198559,13671.9513379561,13910.4438573392,24.48,1.59,0.34
27736,1198559,13664.407557745,13934.87452388,25.59,1.11,-0.48
27737,1198559,13659.094542136,13961.3058209563,26.96,1.37,0.260000000000002
27738,1198559,13653.99,13986.7,27.49,0.529999999999998,-0.840000000000003
27739,1198559,13657.1912431817,14016.6664795252,27.25,-0.239999999999998,-0.769999999999996
27740,1198559,13663.9287113501,14044.4878767239,24.72,-2.53,-2.29
27741,1198559,13665.0842375707,14065.8566567347,21.41,-3.31,-0.779999999999998
27742,1198559,13666.0637350306,14083.9701926879,18.14,-3.27,0.0399999999999991
27743,1198559,13663.6322802132,14100.0269965277,15.9,-2.24,1.03
27744,1198559,13664.4475327893,14117.5969318662,17.59,1.69,3.93
27745,1198559,13671.0788939642,14147.1356788753,19.28,1.69,1.77635683940025e-15
27746,1198559,13677.1755593373,14167.3225940948,21.09,1.81,0.119999999999997
27747,1198559,13683.0727605513,14187.4358886495,20.95,-0.140000000000001,-1.95
27748,1198559,13688.1455915574,14204.7375442229,18.03,-2.92,-2.78
27749,1198559,13695.4433780843,14243.7259643297,16.22,-1.81,1.11
27750,1198559,13702.7482917177,14259.9582020963,12.8,-3.42,-1.61
27751,1198559,13705.4762479977,14270.5629536037,10.95,-1.85,1.57
