"V1","V2","V3","V4","V5","acceleration","jerk"
38916,1199433,14337.66,13993.95,0,1.59,0
38917,1199433,14336.0944357265,13994.2276841831,1.59,1.59,0
38918,1199433,14332.1369385954,13994.7981386834,4,2.41,0.82
38919,1199433,14326.4381297334,13995.2348223036,5.73,1.73,-0.68
38920,1199433,14319.3449874011,13994.9228417695,7.11,1.38,-0.350000000000001
38921,1199433,14310.3945745612,13993.7944488479,9.04,1.93,0.549999999999999
38922,1199433,14299.9097877584,13991.710843028,10.7,1.66,-0.269999999999999
38923,1199433,14287.6708620633,13988.0315635023,12.78,2.08,0.42
38924,1199433,14274.4099393557,13985.0242524281,13.71,0.930000000000001,-1.15
38925,1199433,14261.4812480527,13985.2082121791,12.93,-0.780000000000001,-1.71
38926,1199433,14249.5814962577,13989.8437759169,13.01,0.0800000000000001,0.860000000000001
38927,1199433,14244.0489622748,14001.2094100495,13.23,0.220000000000001,0.140000000000001
38928,1199433,14245.6577659617,14014.8265099422,13.74,0.51,0.289999999999999
38929,1199433,14252.9344823369,14025.9748523358,13.53,-0.210000000000001,-0.720000000000001
38930,1199433,14266.1322313768,14029.054029889,13.83,0.300000000000001,0.510000000000002
38931,1199433,14293.5353845517,14026.125766682,13.3,-0.529999999999999,-0.83
38932,1199433,14305.2241664598,14019.1463388109,13.74,0.44,0.969999999999999
38933,1199433,14311.8278150868,14004.630796707,13.46,-0.279999999999999,-0.719999999999999
38934,1199433,14312.0776526374,13990.8630633715,13.77,0.309999999999999,0.589999999999998
38935,1199433,14312.3147896589,13977.7952148098,13.07,-0.699999999999999,-1.01
38936,1199433,14312.5517452443,13964.7373646019,13.06,-0.00999999999999979,0.69
38937,1199433,14312.7888822658,13951.6695160402,13.07,0.00999999999999979,0.0199999999999996
38938,1199433,14313.0285593931,13938.4616905236,13.2,0.129999999999999,0.119999999999999
38939,1199433,14313.2756754017,13924.8439324968,13.62,0.42,0.290000000000001
38940,1199433,14313.5200337314,13911.3361491577,13.51,-0.109999999999999,-0.529999999999999
38941,1199433,14313.5307106513,13897.4561532642,13.89,0.380000000000001,0.49
38942,1199433,14313.5407952637,13884.3461571429,13.11,-0.780000000000001,-1.16
38943,1199433,14313.5495875688,13872.9161605245,11.43,-1.68,-0.899999999999999
38944,1199433,14313.5557567978,13864.8961628973,8.02,-3.41,-1.73
38945,1199433,14313.5598337196,13859.5961644653,5.29,-2.73,0.680000000000001
38946,1199433,14314.3985430981,13855.1404265561,3.49,-1.8,0.93
38947,1199433,14321.8995680188,13834.3904730429,1.98,-1.51,0.29
38948,1199433,14333.9502753216,13834.2260959624,4.25,2.27,3.78
38949,1199433,14339.5502719463,13832.7948595026,5.77,1.52,-0.75
38950,1199433,14346.692486869,13830.4582546078,7.52,1.75,0.23
38951,1199433,14349.8346434955,13829.3556432825,3.32,-4.2,-5.95
38952,1199433,14351.1839780228,13828.8821495302,1.43,-1.89,2.31
38953,1199433,14351.7123887468,13828.6967254034,0.56,-0.87,1.02
38954,1199433,14352.0803890724,13828.5675907437,0.39,-0.17,0.7
38955,1199433,14354.1849950446,13827.2975081962,2.06,1.67,1.84
38956,1199433,14357.4075399185,13825.1365814192,3.88,1.82,0.15
38957,1199433,14361.171101296,13821.185120801,5.47,1.59,-0.23
38958,1199433,14364.9464442299,13815.7740190436,6.61,1.14,-0.449999999999999
38959,1199433,14366.977967835,13812.6816232343,3.69,-2.92,-4.06
38960,1199433,14372.052749376,13795.0809239183,5.99,2.3,5.22
38961,1199433,14371.8616557273,13787.0932094006,7.99,2,-0.3
38962,1199433,14371.6306213535,13777.4359725743,9.66,1.67,-0.33
38963,1199433,14371.3613204167,13766.1791934166,11.25,1.59,-0.0800000000000001
38964,1199433,14371.8434307186,13753.3510047837,12.84,1.59,0
38965,1199433,14372.4721705396,13739.2450100922,14.12,1.28,-0.31
38966,1199433,14373.1904122757,13723.1310090742,16.13,2.01,0.73
38967,1199433,14372.2565225897,13695.3436924222,17.99,1.86,-0.15
38968,1199433,14369.7370740931,13675.7752157499,19.73,1.74,-0.119999999999997
38969,1199433,14367.0503434103,13654.9074636372,21.05,1.32,-0.420000000000002
38970,1199433,14364.2218698066,13632.9387987467,22.15,1.1,-0.220000000000002
38971,1199433,14361.2503763186,13609.8593029452,23.27,1.12,0.0200000000000031
38972,1199433,14356.936720877,13586.0384630062,24.23,0.960000000000001,-0.16
38973,1199433,14349.5023397693,13555.1071027397,25.43,1.2,0.239999999999998
38974,1199433,14342.0990515621,13529.17310529,26.97,1.54,0.34
38975,1199433,14333.5660108225,13492.8036650224,27.28,0.310000000000002,-1.23
38976,1199433,14328.9546073867,13455.676243594,27.63,0.349999999999998,0.0399999999999956
38977,1199433,14327.2928889175,13412.1071579759,27.67,0.0400000000000027,-0.309999999999995
38978,1199433,14329.400661498,13376.3722933617,27.01,-0.66,-0.700000000000003
38979,1199433,14330.4675890939,13348.8631069918,27.54,0.529999999999998,1.19
38980,1199433,14331.9731867532,13321.7480443814,27.16,-0.379999999999999,-0.909999999999997
38981,1199433,14330.986528976,13293.9699873551,27.7,0.539999999999999,0.919999999999998
