"V1","V2","V3","V4","V5","acceleration","jerk"
42257,1199091,13686.4380138016,14261.8897702737,13.68,-0.83,0
42258,1199091,13680.0772463142,14250.7349612755,12.85,-0.83,0
42259,1199091,13669.6104656465,14243.5188446157,12.91,0.0600000000000005,0.890000000000001
42260,1199091,13649.6478067389,14238.6986135936,13.44,0.529999999999999,0.469999999999999
42261,1199091,13627.4506191829,14239.2901196834,12.88,-0.559999999999999,-1.09
42262,1199091,13614.6303298348,14241.0453407452,12.94,0.0599999999999987,0.619999999999997
42263,1199091,13600.9878229065,14242.9148071693,13.77,0.83,0.770000000000001
42264,1199091,13587.4642049274,14244.7679819471,13.65,-0.119999999999999,-0.949999999999999
42265,1199091,13574.1783648469,14246.588573432,13.41,-0.24,-0.120000000000001
42266,1199091,13561.1104878401,14248.3792968985,13.19,-0.220000000000001,0.0199999999999996
42267,1199091,13547.7453884601,14250.2107494811,13.49,0.300000000000001,0.520000000000001
42268,1199091,13534.38028908,14252.0422020636,13.49,0,-0.300000000000001
42269,1199091,13522.3031533171,14253.6971618101,12.19,-1.3,-1.3
42270,1199091,13514.7636124511,14254.7303237192,7.61,-4.58,-3.28
42271,1199091,13510.3845361531,14255.3303993615,4.42,-3.19,1.39
42272,1199091,13508.2544424787,14255.6222913595,2.15,-2.27,0.92
