"V1","V2","V3","V4","V5","acceleration","jerk"
56753,1199589,14202.26,13862.8,0,2.14,0
56754,1199589,14206.5566435517,13873.8447288758,2.14,2.14,0
56755,1199589,14207.8223341263,13878.1734847444,4.51,2.37,0.23
56756,1199589,14209.7630048847,13884.2883508893,6.41,1.9,-0.469999999999999
56757,1199589,14212.78989925,13892.1025885682,8.39,1.98,0.0800000000000001
56758,1199589,14216.68,13901.5,10.66,2.27,0.289999999999999
56759,1199589,14237.6035678584,13921.7765553251,12.86,2.2,-0.0700000000000003
56760,1199589,14248.7488011009,13929.4409626099,13.53,0.67,-1.53
56761,1199589,14260.099619669,13937.3404267922,13.83,0.300000000000001,-0.369999999999999
56762,1199589,14271.6859548471,13944.770687933,13.77,-0.0600000000000005,-0.360000000000001
56763,1199589,14283.4065625897,13951.4701768496,13.51,-0.26,-0.199999999999999
56764,1199589,14295.0441658108,13957.0589415851,12.91,-0.6,-0.34
56765,1199589,14307.9445593741,13961.5865035896,13.68,0.77,1.37
56766,1199589,14320.7512055794,13965.7325178506,13.46,-0.219999999999999,-0.989999999999998
56767,1199589,14333.5680231484,13968.5367267233,13.13,-0.33,-0.110000000000001
56768,1199589,14346.3495422153,13971.0391033906,13.03,-0.100000000000001,0.229999999999999
56769,1199589,14359.1980711498,13973.0178161587,12.99,-0.0399999999999991,0.0600000000000023
56770,1199589,14370.8848572969,13973.9278603465,11.73,-1.26,-1.22
56771,1199589,14380.557464149,13974.5081849839,9.7,-2.03,-0.770000000000001
56772,1199589,14387.4750250866,13974.9232159165,6.93,-2.77,-0.739999999999998
56773,1199589,14391.9869118741,13975.1939143026,4.51,-2.42,0.35
56774,1199589,14394.0931245117,13975.3202801421,2.12,-2.39,0.0300000000000002
56775,1199589,14395.9198397376,13975.4298770551,1.83,-0.29,2.1
56776,1199589,14397.3273088461,13975.5143205781,1.4,-0.43,-0.14
56777,1199589,14398.2057292827,13975.5670229188,0.88,-0.52,-0.0899999999999997
56778,1199589,14398.7148138538,13975.5975663208,0.51,-0.37,0.15
56779,1199589,14399.2039343242,13975.6269119423,0.5,-0.01,0.36
56780,1199589,14399.922641954,13975.6700320391,0.72,0.22,0.23
56781,1199589,14400.6812777856,13975.715547697,0.76,0.04,-0.18
56782,1199589,14400.9507931468,13975.7317177333,0.26,-0.5,-0.54
56783,1199589,14401.6195905246,13975.771843379,0.67,0.41,0.91
56784,1199589,14402.1985494486,13975.8065790127,0.59,-0.0800000000000001,-0.49
56785,1199589,14403.2566467926,13975.8700613775,1.06,0.47,0.55
56786,1199589,14404.2648338845,13975.9305492912,1.01,-0.05,-0.52
56992,1199589,14402.7898833823,13995.9997496008,13.4,0.0601456310679612,0.000534687529456122
56993,1199589,14389.6762470403,13995.0224871538,13.16,-0.24,-0.300145631067961
56994,1199589,14376.8200439842,13994.0902238727,12.89,-0.27,-0.0299999999999994
56995,1199589,14363.5918621397,13993.1721797069,13.26,0.369999999999999,0.639999999999999
56996,1199589,14350.3060459349,13991.9836045935,13.34,0.0800000000000001,-0.289999999999999
56997,1199589,14326.8821921518,13989.2174011888,12.99,-0.35,-0.43
56998,1199589,14313.9867591205,13987.5799832773,13,0.00999999999999979,0.359999999999999
56999,1199589,14300.7786461029,13985.3020289998,13.4,0.4,0.390000000000001
57000,1199589,14288.1111081971,13982.7690919002,12.93,-0.470000000000001,-0.870000000000001
57001,1199589,14275.4590556085,13979.0279792526,13.26,0.33,0.800000000000001
57002,1199589,14263.324783025,13974.3766118015,12.99,-0.27,-0.6
57003,1199589,14250.5988903945,13970.1165581918,13.42,0.43,0.699999999999999
57004,1199589,14233.1899071522,13964.2788884594,13.04,-0.380000000000001,-0.81
57005,1199589,14220.7258118016,13960.2146016721,13.11,0.0700000000000003,0.450000000000001
57006,1199589,14207.8243797719,13956.0077083309,13.57,0.460000000000001,0.390000000000001
57007,1199589,14192.7223380385,13950.7363216245,13.45,-0.120000000000001,-0.580000000000002
57008,1199589,14179.5206019082,13948.5265402619,13.42,-0.0299999999999994,0.0900000000000016
57009,1199589,14165.7850870391,13947.0007580658,13.82,0.4,0.43
57010,1199589,14152.3583046551,13945.5035557367,13.5,-0.32,-0.720000000000001
57011,1199589,14139.3787504039,13944.0562232114,13.06,-0.44,-0.119999999999999
57012,1199589,14126.14182167,13941.3527569817,13.52,0.459999999999999,0.899999999999999
57013,1199589,14112.6904022505,13938.0637304291,13.85,0.33,-0.129999999999999
57014,1199589,14100.1391978024,13933.8773302959,13.27,-0.58,-0.91
57015,1199589,14089.0042426096,13927.1873696449,13.04,-0.23,0.35
57016,1199589,14078.4870674551,13919.3950623957,13.1,0.0600000000000005,0.290000000000001
57017,1199589,14067.3656349362,13913.2823373021,12.72,-0.379999999999999,-0.44
57018,1199589,14058.3696081776,13908.8249676744,10.05,-2.67,-2.29
57019,1199589,14052.508276365,13905.7693352714,6.6,-3.45,-0.780000000000001
57020,1199589,14048.492388333,13903.9741042306,4.41,-2.19,1.26
57021,1199589,14046.311524481,13903.0210917127,2.38,-2.03,0.159999999999999
57022,1199589,14045.5876242949,13902.7047556248,0.78,-1.6,0.43
57023,1199589,14045.3768685445,13902.6126577764,0.23,-0.55,1.05
57024,1199589,14045.349378664,13902.6006450136,0.04,-0.19,0.36
57025,1199589,14045.331052077,13902.592636505,0.02,-0.02,0.17
57026,1199589,14045.331052077,13902.592636505,0,-0.02,0
57027,1199589,14045.331052077,13902.592636505,0,0,0.02
57028,1199589,14045.331052077,13902.592636505,0,0,0
57029,1199589,14045.331052077,13902.592636505,0,0,0
57030,1199589,14045.331052077,13902.592636505,0,0,0
57031,1199589,14045.331052077,13902.592636505,0,0,0
57032,1199589,14045.331052077,13902.592636505,0,0,0
57033,1199589,14045.331052077,13902.592636505,0,0,0
57034,1199589,14045.331052077,13902.592636505,0,0,0
57035,1199589,14045.331052077,13902.592636505,0,0,0
57036,1199589,14045.331052077,13902.592636505,0,0,0
57037,1199589,14045.331052077,13902.592636505,0,0,0
57038,1199589,14045.331052077,13902.592636505,0,0,0
57039,1199589,14045.331052077,13902.592636505,0,0,0
57040,1199589,14045.331052077,13902.592636505,0,0,0
57041,1199589,14043.9565580527,13901.9919983634,1.49,1.49,1.49
57042,1199589,14041.3266928195,13900.8427773859,2.87,1.38,-0.11
57043,1199589,14026.3301022783,13889.9659901628,4.4,1.53,0.15
57044,1199589,14019.7606398531,13890.0500344582,6.57,2.17,0.64
57045,1199589,14011.3140121459,13889.5210758954,8.53,1.96,-0.210000000000001
57046,1199589,14001.6005292163,13886.8276302625,10.08,1.55,-0.409999999999998
57047,1199589,13991.2414080365,13883.9551560013,10.75,0.67,-0.880000000000001
57048,1199589,13979.2482377407,13881.667466377,12.23,1.48,0.81
57049,1199589,13966.0045473034,13881.433846525,13.35,1.12,-0.360000000000001
57050,1199589,13944.3907637227,13879.1932200852,12.25,-1.1,-2.22
57051,1199589,13930.8243129406,13878.8828764398,13.58,1.33,2.43
57052,1199589,13917.433336525,13877.2946355482,13.52,-0.0600000000000005,-1.39
57053,1199589,13904.0258483595,13874.9555414733,13.61,0.0899999999999999,0.15
57054,1199589,13885.3170698285,13873.8366063099,12.99,-0.619999999999999,-0.709999999999999
57055,1199589,13872.4789511547,13871.9598899991,12.99,0,0.619999999999999
57056,1199589,13859.3012265176,13870.5778359518,13.25,0.26,0.26
57057,1199589,13846.4016504818,13869.2280858416,12.97,-0.279999999999999,-0.539999999999999
57058,1199589,13835.5405853244,13868.0950970302,10.92,-2.05,-1.77
57059,1199589,13825.9133640857,13867.9036853619,9.63,-1.29,0.760000000000002
57060,1199589,13817.554676029,13867.7555841474,8.37,-1.26,0.0299999999999976
57061,1199589,13808.1731818939,13867.9072445337,9.39,1.02,2.28
57062,1199589,13798.1823753923,13868.526829433,10.01,0.619999999999999,-0.400000000000002
57063,1199589,13786.5751458711,13869.4448745605,11.65,1.64,1.02
57064,1199589,13773.2263459565,13871.391574548,13.49,1.84,0.199999999999999
57065,1199589,13760.7799487321,13873.5297322227,12.63,-0.859999999999999,-2.7
57066,1199589,13738.3861874886,13874.9191220181,12.69,0.0599999999999987,0.919999999999998
57067,1199589,13727.6465986676,13877.3892701831,11.02,-1.67,-1.73
57068,1199589,13719.9853038929,13879.8914589081,8.08,-2.94,-1.27
57069,1199589,13714.0793627014,13882.1969867529,6.34,-1.74,1.2
57070,1199589,13710.930769448,13883.4261167396,3.38,-2.96,-1.22
57071,1199589,13707.1735869416,13888.2663515727,1.18,-2.2,0.76
57072,1199589,13705.9792165208,13888.6351052818,1.25,0.0700000000000001,2.27
57073,1199589,13705.7785622901,13888.697055905,0.22,-1.03,-1.1
57074,1199589,13705.6734576931,13888.7295062314,0.11,-0.11,0.92
57075,1199589,13705.6256828763,13888.7442563797,0.05,-0.06,0.05
57076,1199589,13705.6256828763,13888.7442563797,0,-0.05,0.01
57077,1199589,13705.6256828763,13888.7442563797,0,0,0.05
57078,1199589,13705.6256828763,13888.7442563797,0,0,0
57079,1199589,13705.6256828763,13888.7442563797,0,0,0
57080,1199589,13705.6256828763,13888.7442563797,0,0,0
57081,1199589,13705.6256828763,13888.7442563797,0,0,0
57082,1199589,13705.6256828763,13888.7442563797,0,0,0
57083,1199589,13705.6256828763,13888.7442563797,0,0,0
57084,1199589,13705.6256828763,13888.7442563797,0,0,0
57085,1199589,13705.6256828763,13888.7442563797,0,0,0
57086,1199589,13705.6256828763,13888.7442563797,0,0,0
57087,1199589,13705.6256828763,13888.7442563797,0,0,0
57088,1199589,13705.6256828763,13888.7442563797,0,0,0
57089,1199589,13705.6256828763,13888.7442563797,0,0,0
57090,1199589,13705.6256828763,13888.7442563797,0,0,0
57091,1199589,13705.6256828763,13888.7442563797,0,0,0
57092,1199589,13705.6256828763,13888.7442563797,0,0,0
57093,1199589,13705.6256828763,13888.7442563797,0,0,0
57094,1199589,13705.6256828763,13888.7442563797,0,0,0
57095,1199589,13705.6256828763,13888.7442563797,0,0,0
57096,1199589,13705.6256828763,13888.7442563797,0,0,0
57097,1199589,13705.6256828763,13888.7442563797,0,0,0
57098,1199589,13705.6256828763,13888.7442563797,0,0,0
57099,1199589,13705.6256828763,13888.7442563797,0,0,0
57100,1199589,13705.6256828763,13888.7442563797,0,0,0
57101,1199589,13705.6256828763,13888.7442563797,0,0,0
57102,1199589,13705.6256828763,13888.7442563797,0,0,0
57103,1199589,13705.6256828763,13888.7442563797,0,0,0
57104,1199589,13705.6256828763,13888.7442563797,0,0,0
57105,1199589,13705.6256828763,13888.7442563797,0,0,0
57106,1199589,13705.6256828763,13888.7442563797,0,0,0
57107,1199589,13705.6256828763,13888.7442563797,0,0,0
57108,1199589,13704.8230659535,13888.9920588723,0.84,0.84,0.84
57109,1199589,13702.9618106612,13889.1867152886,1.9,1.06,0.22
57110,1199589,13702.0529621638,13889.140950577,0.91,-0.99,-2.05
57111,1199589,13700.395062707,13889.0574676966,1.66,0.75,1.74
57112,1199589,13698.6173150968,13888.9679499091,1.78,0.12,-0.63
57113,1199589,13697.3688968312,13888.9050862943,1.24,-0.54,-0.66
57114,1199589,13696.9793903323,13888.8854728465,0.39,-0.85,-0.31
57115,1199589,13696.9094789094,13888.8819524841,0.08,-0.31,0.54
57116,1199589,13696.8495548327,13888.8789350306,0.06,-0.02,0.29
57117,1199589,13696.8395674865,13888.8784321217,0.01,-0.05,-0.03
57118,1199589,13696.8395674865,13888.8784321217,0,-0.01,0.04
57119,1199589,13696.8395674865,13888.8784321217,0,0,0.01
57120,1199589,13696.8395674865,13888.8784321217,0,0,0
57121,1199589,13696.8395674865,13888.8784321217,0,0,0
57122,1199589,13696.8395674865,13888.8784321217,0,0,0
57123,1199589,13696.8395674865,13888.8784321217,0,0,0
57124,1199589,13696.8395674865,13888.8784321217,0,0,0
57125,1199589,13696.8395674865,13888.8784321217,0,0,0
57126,1199589,13696.8395674865,13888.8784321217,0,0,0
57127,1199589,13696.8395674865,13888.8784321217,0,0,0
57128,1199589,13696.8395674865,13888.8784321217,0,0,0
57129,1199589,13696.8395674865,13888.8784321217,0,0,0
57130,1199589,13696.8395674865,13888.8784321217,0,0,0
57131,1199589,13696.8395674865,13888.8784321217,0,0,0
57132,1199589,13696.8395674865,13888.8784321217,0,0,0
57133,1199589,13696.8395674865,13888.8784321217,0,0,0
57134,1199589,13696.8395674865,13888.8784321217,0,0,0
57135,1199589,13696.8395674865,13888.8784321217,0,0,0
57136,1199589,13696.8395674865,13888.8784321217,0,0,0
57137,1199589,13696.8395674865,13888.8784321217,0,0,0
57138,1199589,13696.8395674865,13888.8784321217,0,0,0
57139,1199589,13696.8395674865,13888.8784321217,0,0,0
57140,1199589,13696.8395674865,13888.8784321217,0,0,0
57141,1199589,13696.8395674865,13888.8784321217,0,0,0
57142,1199589,13696.8395674865,13888.8784321217,0,0,0
57143,1199589,13696.8395674865,13888.8784321217,0,0,0
57144,1199589,13696.8395674865,13888.8784321217,0,0,0
57145,1199589,13696.8395674865,13888.8784321217,0,0,0
57146,1199589,13696.8395674865,13888.8784321217,0,0,0
57147,1199589,13696.8395674865,13888.8784321217,0,0,0
57148,1199589,13696.8395674865,13888.8784321217,0,0,0
57149,1199589,13696.8395674865,13888.8784321217,0,0,0
57150,1199589,13695.7010100283,13888.821100505,1.14,1.14,1.14
57151,1199589,13692.7247808831,13888.6712336473,2.98,1.84,0.7
57152,1199589,13690.2079696596,13888.5445005999,2.52,-0.46,-2.3
57153,1199589,13689.92,13888.53,0.69,-1.83,-1.37
57154,1199589,13689.92,13888.53,0.15,-0.54,1.29
57155,1199589,13689.92,13888.53,0.03,-0.12,0.42
57156,1199589,13689.92,13888.53,0,-0.03,0.09
57157,1199589,13689.92,13888.53,0,0,0.03
57158,1199589,13689.92,13888.53,0,0,0
57159,1199589,13689.92,13888.53,0,0,0
57160,1199589,13689.92,13888.53,0,0,0
57161,1199589,13689.92,13888.53,0,0,0
57162,1199589,13689.92,13888.53,0,0,0
57163,1199589,13689.92,13888.53,0,0,0
57164,1199589,13689.92,13888.53,0,0,0
57165,1199589,13689.92,13888.53,0,0,0
57166,1199589,13689.92,13888.53,0,0,0
57167,1199589,13689.92,13888.53,0,0,0
57168,1199589,13689.92,13888.53,0,0,0
57169,1199589,13689.92,13888.53,0,0,0
57170,1199589,13689.92,13888.53,0,0,0
57171,1199589,13689.92,13888.53,0,0,0
57172,1199589,13689.92,13888.53,0,0,0
57173,1199589,13689.92,13888.53,0,0,0
57174,1199589,13689.92,13888.53,0,0,0
57175,1199589,13689.92,13888.53,0,0,0
57176,1199589,13689.92,13888.53,0,0,0
57177,1199589,13689.92,13888.53,0,0,0
57178,1199589,13689.92,13888.53,0,0,0
57179,1199589,13689.92,13888.53,0,0,0
57180,1199589,13689.92,13888.53,0,0,0
57181,1199589,13689.92,13888.53,0,0,0
57182,1199589,13689.92,13888.53,0,0,0
57183,1199589,13689.92,13888.53,0,0,0
57184,1199589,13689.92,13888.53,0,0,0
57185,1199589,13689.92,13888.53,0,0,0
57186,1199589,13689.92,13888.53,0,0,0
57187,1199589,13689.92,13888.53,0,0,0
57188,1199589,13667.329103731,13881.6212141727,1.74,1.74,1.74
57189,1199589,13665.8736038552,13878.100188738,3.81,2.07,0.33
57190,1199589,13663.9652727058,13872.6121093778,5.88,2.07,-4.44089209850063e-16
57191,1199589,13664.7706114173,13861.8559599675,8.22,2.34,0.270000000000001
57192,1199589,13665.5025709002,13852.4544103444,9.43,1.21,-1.13
57193,1199589,13666.4021902435,13840.8993774567,11.59,2.16,0.950000000000001
57194,1199589,13667.4454071523,13827.4999260321,13.44,1.85,-0.31
57195,1199589,13668.6166975656,13812.4554526691,15.09,1.65,-0.199999999999999
57196,1199589,13670.6332187281,13796.3611433255,13.1,-1.99,-3.64
57197,1199589,13668.0624134618,13782.9961494878,13.61,0.51,2.5
57198,1199589,13663.3649139149,13770.3146288169,13.56,-0.0499999999999989,-0.559999999999999
57199,1199589,13650.8108814313,13755.8312434228,13.58,0.0199999999999996,0.0699999999999985
57200,1199589,13637.348849807,13756.2944977211,13.47,-0.109999999999999,-0.129999999999999
57201,1199589,13627.7478908592,13756.8581890236,9.63,-3.84,-3.73
57202,1199589,13621.9764769546,13757.3217421943,5.79,-3.84,-8.88178419700125e-16
57203,1199589,13618.627262668,13757.5907471432,3.36,-2.43,1.41
57204,1199589,13603.611657249,13760.0963215863,4.92,1.56,3.99
57205,1199589,13596.5358477215,13760.3398775973,7.09,2.17,0.61
57206,1199589,13587.920949681,13760.6364104807,8.62,1.53,-0.640000000000001
57207,1199589,13577.1673017042,13761.0060773142,10.76,2.14,0.610000000000001
57208,1199589,13564.384380585,13761.4307196465,12.79,2.03,-0.110000000000001
57209,1199589,13551.1038085777,13761.9258080606,13.29,0.5,-1.53
57210,1199589,13537.8250138905,13762.2887483364,13.29,0,-0.5
57211,1199589,13524.8747392546,13761.7991570364,12.96,-0.329999999999998,-0.329999999999998
57212,1199589,13511.3289894421,13761.4598017397,13.55,0.59,0.919999999999998
57213,1199589,13498.2830827962,13761.1329687786,13.06,-0.49,-1.08
57214,1199589,13484.4674176738,13760.7868514206,13.82,0.76,1.25
57215,1199589,13470.6217619614,13760.4399827225,13.85,0.0299999999999994,-0.73
57216,1199589,13457.2860014508,13760.1036944066,13.34,-0.51,-0.539999999999999
57217,1199589,13444.4201111933,13759.7784746606,12.86,-0.48,0.0299999999999994
57218,1199589,13420.8821573879,13757.2494160175,13.74,0.880000000000001,1.36
57219,1199589,13408.1197791027,13755.053009747,12.95,-0.790000000000001,-1.67
