"V1","V2","V3","V4","V5","acceleration","jerk"
45626,1200906,14214.256754328,13275.800518581,6.94,-2.6,0
45627,1200906,14218.4698413467,13276.8423908252,4.34,-2.6,0
45628,1200906,14220.9841029546,13277.4641532935,2.59,-1.75,0.850000000000001
45629,1200906,14221.7218785616,13277.6466009675,0.76,-1.83,-0.0799999999999998
45630,1200906,14222.1101815126,13277.7426260592,0.4,-0.36,1.47
45631,1200906,14222.1393042339,13277.749827941,0.03,-0.37,-0.01
45632,1200906,14222.1393042339,13277.749827941,0,-0.03,0.34
45633,1200906,14222.1393042339,13277.749827941,0,0,0.03
45634,1200906,14222.1393042339,13277.749827941,0,0,0
45635,1200906,14222.1393042339,13277.749827941,0,0,0
45636,1200906,14222.1393042339,13277.749827941,0,0,0
45637,1200906,14222.1393042339,13277.749827941,0,0,0
45638,1200906,14222.1393042339,13277.749827941,0,0,0
45639,1200906,14222.1393042339,13277.749827941,0,0,0
45640,1200906,14222.1393042339,13277.749827941,0,0,0
45641,1200906,14222.1393042339,13277.749827941,0,0,0
45642,1200906,14222.1393042339,13277.749827941,0,0,0
45643,1200906,14222.1393042339,13277.749827941,0,0,0
45644,1200906,14222.1393042339,13277.749827941,0,0,0
45645,1200906,14222.1393042339,13277.749827941,0,0,0
45646,1200906,14222.1393042339,13277.749827941,0,0,0
45647,1200906,14227.3463412143,13278.67733242,2.15,2.15,2.15
45648,1200906,14231.0647725066,13279.2348884477,3.75,1.6,-0.55
45649,1200906,14236.5534144408,13280.0578767332,5.55,1.8,0.2
45650,1200906,14244.1682870342,13281.1996803005,7.7,2.15,0.350000000000001
45651,1200906,14253.1775713623,13282.5505673782,9.11,1.41,-0.740000000000001
45652,1200906,14264.3427546843,13284.224718323,11.29,2.18,0.77
45653,1200906,14277.0111336351,13286.1242642577,12.81,1.52,-0.659999999999998
45654,1200906,14290.3322159511,13288.1216790697,13.47,0.66,-0.860000000000001
45655,1200906,14303.9697605047,13290.1665454584,13.79,0.319999999999999,-0.340000000000002
45656,1200906,14317.2663221642,13292.2509653764,13.46,-0.329999999999998,-0.649999999999997
45657,1200906,14329.9309321113,13294.5410646951,12.86,-0.600000000000001,-0.270000000000003
45658,1200906,14343.3434133528,13296.9663990939,13.63,0.770000000000001,1.37
45659,1200906,14356.9428624179,13299.4255422629,13.82,0.19,-0.580000000000002
45660,1200906,14370.0502908945,13301.7957149843,13.32,-0.5,-0.69
45661,1200906,14383.6398995479,13304.2530787442,13.81,0.49,0.99
45662,1200906,14397.2491890248,13306.7140013221,13.83,0.0199999999999996,-0.470000000000001
