"V1","V2","V3","V4","V5","acceleration","jerk"
60443,1200402,14104.11,13683.16,0,1.82,0
60444,1200402,14104.1314813512,13681.340126776,1.82,1.82,0
60445,1200402,14104.1773947887,13677.4503977422,3.89,2.07,0.25
60446,1200402,14104.2395962838,13672.1807648352,5.27,1.38,-0.690000000000001
60447,1200402,14104.3172596305,13665.6012231791,6.58,1.31,-0.069999999999999
60448,1200402,14104.4154600932,13657.2818027264,8.31,1.73,0.42
60449,1200402,14104.1679276555,13646.6955589021,10.59,2.28,0.549999999999999
60450,1200402,14103.8189874419,13634.2404458665,12.47,1.88,-0.399999999999999
60451,1200402,14103.2097234871,13620.9381373162,13.31,0.84,-1.04
60452,1200402,14102.1405634345,13607.1595562288,13.83,0.52,-0.32
60453,1200402,14101.1069904749,13593.839596509,13.36,-0.470000000000001,-0.99
60454,1200402,14100.188688751,13582.005171219,11.86,-1.5,-1.03
60455,1200402,14099.4970613364,13573.0919646401,8.94,-2.92,-1.42
60456,1200402,14099.0328818635,13567.1099468018,5.99,-2.95,-0.0299999999999994
60457,1200402,14108.4272465283,13561.1373265355,7.51,1.52,4.47
60458,1200402,14116.9595694249,13564.4143779524,9.14,1.63,0.110000000000001
60459,1200402,14126.8454884045,13568.2113117057,10.59,1.45,-0.180000000000001
60460,1200402,14138.1192470512,13572.3493210761,12.01,1.42,-0.0299999999999994
60461,1200402,14150.5701019317,13576.7928121297,13.21,1.2,-0.219999999999999
60462,1200402,14163.1042578116,13580.7630298897,13.16,-0.0500000000000007,-1.25
60463,1200402,14175.48365093,13584.5647566052,12.94,-0.220000000000001,-0.17
60464,1200402,14188.2167409947,13588.475104084,13.33,0.390000000000001,0.610000000000001
60465,1200402,14201.7486291357,13591.3675346889,13.84,0.51,0.119999999999999
60466,1200402,14213.6061392485,13582.5527147881,13.48,-0.359999999999999,-0.869999999999999
60467,1200402,14216.7767972773,13569.8834398418,13.06,-0.42,-0.0600000000000005
60468,1200402,14220.139248556,13556.447799872,13.85,0.789999999999999,1.21
60469,1200402,14223.4264391924,13543.3128854177,13.55,-0.299999999999999,-1.09
60470,1200402,14226.6966354901,13530.2458767251,13.47,-0.0800000000000001,0.219999999999999
60471,1200402,14229.9644040252,13517.1885688555,13.46,-0.00999999999999979,0.0700000000000003
60472,1200402,14240.254295721,13513.8924292949,13.12,-0.340000000000002,-0.330000000000002
60473,1200402,14253.9662046609,13514.3635484137,13.72,0.600000000000001,0.940000000000003
60474,1200402,14267.4282610327,13514.8260830006,13.46,-0.26,-0.860000000000001
60475,1200402,14280.5005473981,13515.2752257174,13.08,-0.380000000000001,-0.120000000000001
60476,1200402,14293.5945475042,13516.2095941806,13.13,0.0500000000000007,0.430000000000001
60477,1200402,14306.7696877223,13517.2977486892,13.22,0.0899999999999999,0.0399999999999991
60478,1200402,14318.8485605999,13518.2953608408,12.12,-1.1,-1.19
60479,1200402,14326.9236668274,13519.2494200069,8.13,-3.99,-2.89
60480,1200402,14331.932754582,13520.1533778964,5.09,-3.04,0.949999999999998
60481,1200402,14338.1731134273,13514.5556070287,7.49,2.4,5.44
60482,1200402,14335.7552870355,13505.2444032644,9.62,2.13,-0.270000000000001
60483,1200402,14333.7287538227,13493.9723885637,11.47,1.85,-0.279999999999998
60484,1200402,14331.9440975322,13481.1560473571,12.94,1.47,-0.380000000000003
60485,1200402,14329.1944259343,13458.5161356807,13.02,0.0800000000000001,-1.39
60486,1200402,14331.5838454606,13447.5540312478,10.72,-2.3,-2.38
60487,1200402,14331.315464627,13434.9544894844,12.71,1.99,4.29
60488,1200402,14331.2189761159,13403.6040967153,14.5,1.79,-0.200000000000001
60489,1200402,14332.4546648433,13382.907571315,13.18,-1.32,-3.11
60490,1200402,14333.0096502935,13368.4482182469,14.47,1.29,2.61
60491,1200402,14333.5140081836,13355.3078939313,13.15,-1.32,-2.61
60492,1200402,14334.3273066374,13340.0906974435,15.24,2.09,3.41
60493,1200402,14335.1591628233,13326.1963101466,13.93,-1.31,-3.4
60494,1200402,14335.3571968343,13309.9940803424,15.75,1.82,3.13
60495,1200402,14334.4258841775,13295.9950247765,14.03,-1.72,-3.54
60496,1200402,14330.0678285362,13280.160512727,16.09,2.06,3.78
