"V1","V2","V3","V4","V5","acceleration","jerk"
50201,1202459,14400.6985198477,13323.6626381244,13.16,0.289999999999999,0
50202,1202459,14387.4323050113,13321.4467762346,13.45,0.289999999999999,0
50203,1202459,14373.8997795425,13319.1864323589,13.73,0.280000000000001,-0.00999999999999801
50204,1202459,14360.3869807872,13316.9293834451,13.69,-0.0400000000000009,-0.320000000000002
50205,1202459,14347.0418590968,13314.7003417076,13.53,-0.16,-0.119999999999999
50206,1202459,14334.1800418874,13312.5520265371,13.04,-0.49,-0.33
50207,1202459,14321.239317824,13310.3905315189,13.12,0.0800000000000001,0.57
50208,1202459,14308.1407800524,13308.2026768053,13.29,0.17,0.0899999999999999
50209,1202459,14294.9731987836,13306.0032897251,13.34,0.0500000000000007,-0.119999999999999
50210,1202459,14282.1212449309,13303.8566220355,13.03,-0.31,-0.360000000000001
50211,1202459,14268.5591293919,13301.5913357169,13.75,0.720000000000001,1.03
50212,1202459,14255.4310015501,13299.3985385605,13.31,-0.44,-1.16
50213,1202459,14242.1450600002,13297.1793817088,13.47,0.16,0.6
50214,1202459,14226.5489854794,13294.9493395761,13.09,-0.380000000000001,-0.540000000000001
50215,1202459,14212.1129614058,13293.1317287969,14.54,1.45,1.83
50216,1202459,14195.8414291165,13291.083012867,16.4,1.86,0.41
50217,1202459,14177.9725085965,13288.8331729952,18.01,1.61,-0.249999999999996
50218,1202459,14158.5458865098,13286.3872060497,19.58,1.57,-0.0400000000000063
50219,1202459,14137.7678967155,13284.5013684257,20.87,1.29,-0.279999999999994
50220,1202459,14116.9937566518,13291.0218082604,21.98,1.11,-0.180000000000003
50221,1202459,14100.9153837429,13305.1449480477,21.69,-0.289999999999999,-1.4
50222,1202459,14093.6441681069,13325.2070781615,21.81,0.119999999999997,0.409999999999997
50223,1202459,14096.448546745,13346.2752846672,21.66,-0.149999999999999,-0.269999999999996
50224,1202459,14107.082091287,13360.146977498,17.7,-3.96,-3.81
50225,1202459,14114.65,13365.22,13.35,-4.35,-0.389999999999999
50226,1202459,14144.7778648897,13377.4270025673,13.26,-0.0899999999999999,4.26
50227,1202459,14157.0681949809,13381.2459927806,12.87,-0.390000000000001,-0.300000000000001
50228,1202459,14169.8837528538,13385.2281877038,13.42,0.550000000000001,0.940000000000001
50229,1202459,14182.7120885886,13388.7176465942,13.31,-0.109999999999999,-0.66
50230,1202459,14195.7500472805,13391.9389092577,13.42,0.109999999999999,0.219999999999999
50231,1202459,14208.3899744711,13395.0618310656,13.02,-0.4,-0.51
50232,1202459,14230.9428529271,13400.7118864099,13.76,0.74,1.14
50233,1202459,14244.3782361346,13404.1163067817,13.87,0.109999999999999,-0.630000000000001
50234,1202459,14256.958626112,13406.6704307724,12.85,-1.02,-1.13
50235,1202459,14270.3421797836,13408.3617589836,13.5,0.65,1.67
50236,1202459,14283.6761279932,13410.0468183728,13.44,-0.0600000000000005,-0.710000000000001
50237,1202459,14302.1355604113,13407.3410785149,13.76,0.32,0.380000000000001
50238,1202459,14312.1452222804,13405.141722912,10.25,-3.51,-3.83
50239,1202459,14318.2567588923,13402.7855352622,6.56,-3.69,-0.180000000000001
50240,1202459,14321.9236808595,13401.3718226723,3.92,-2.64,1.05
50241,1202459,14328.8566746692,13390.5418550462,5.76,1.84,4.48
50242,1202459,14329.1348061578,13383.2971919847,7.24,1.48,-0.359999999999999
50243,1202459,14329.4658785367,13374.6735447818,8.64,1.4,-0.0800000000000001
50244,1202459,14329.8725259546,13364.0813477539,10.6,1.96,0.559999999999999
50245,1202459,14330.342472263,13351.8403653396,12.24,1.64,-0.319999999999999
50246,1202459,14331.1255478043,13338.4438608417,13.42,1.18,-0.460000000000001
50247,1202459,14331.9227185149,13323.7874200105,14.68,1.26,0.0800000000000001
50248,1202459,14331.8507977423,13306.9612705673,16.73,2.05,0.790000000000001
50249,1202459,14330.6639217406,13289.1207065247,17.88,1.15,-0.900000000000002
