"V1","V2","V3","V4","V5","acceleration","jerk"
63890,"1203441#1",14348.9980547223,14270.1650127877,18.91,0.52,0
63891,"1203441#1",14350.3693514571,14250.7734387086,19.43,0.52,0
63892,"1203441#1",14351.7166646069,14231.7210176741,19.1,-0.329999999999998,-0.849999999999998
63893,"1203441#1",14353.6067309115,14212.9779623352,18.84,-0.260000000000002,0.0699999999999967
63894,"1203441#1",14355.5893918706,14194.5543374062,18.53,-0.309999999999999,-0.0499999999999972
63895,"1203441#1",14357.6041520356,14175.8324346857,18.83,0.299999999999997,0.609999999999996
63896,"1203441#1",14359.6183843605,14156.7485308912,19.19,0.360000000000003,0.0600000000000058
63897,"1203441#1",14361.4896924263,14138.1725489219,18.67,-0.52,-0.880000000000003
63898,"1203441#1",14363.3519797247,14119.6861137323,18.58,-0.0900000000000034,0.429999999999996
63899,"1203441#1",14365.2874354691,14100.4733546629,19.31,0.73,0.820000000000004
63900,"1203441#1",14367.2118658313,14081.3700416575,19.2,-0.109999999999999,-0.84
63901,"1203441#1",14369.1423100384,14062.207030799,19.25,0.0500000000000007,0.16
63902,"1203441#1",14370.4329116336,14043.5641935285,18.69,-0.559999999999999,-0.609999999999999
63903,"1203441#1",14371.5602137966,14024.9282580855,18.68,-0.0100000000000016,0.549999999999997
63904,"1203441#1",14372.7863034531,14002.3000427071,19.4,0.719999999999999,0.73
63905,"1203441#1",14372.310373034,13981.7055412508,20.6,1.2,0.480000000000004
63906,"1203441#1",14371.8104150597,13960.0713173908,21.64,1.04,-0.160000000000004
63907,"1203441#1",14371.2744157528,13936.8775099254,23.2,1.56,0.52
63908,"1203441#1",14370.8007956756,13916.382981777,20.5,-2.7,-4.26
63909,"1203441#1",14370.4004134346,13899.0576074936,17.33,-3.17,-0.470000000000002
63910,"1203441#1",14370.0892103888,13885.5912029005,13.47,-3.86,-0.689999999999996
63911,"1203441#1",14364.6369818934,13862.8191332709,13.64,0.17,4.03
63912,"1203441#1",14354.4188163685,13855.0913210111,13.61,-0.0300000000000011,-0.200000000000001
63913,"1203441#1",14343.9870007113,13849.450937151,12.24,-1.37,-1.34
63914,"1203441#1",14337.2801138655,13849.3890537392,8.63,-3.61,-2.24
63915,"1203441#1",14332.5716036058,13849.5075068275,4.71,-3.92,-0.310000000000001
63916,"1203441#1",14330.2923247539,13849.564847176,2.28,-2.43,1.49
63917,"1203441#1",14307.9435573897,13846.9173648958,4.32,2.04,4.47
63918,"1203441#1",14302.0812978944,13848.0444581097,6.08,1.76,-0.280000000000001
63919,"1203441#1",14294.1216026731,13847.9748019219,7.96,1.88,0.12
63920,"1203441#1",14284.4919713941,13847.890531936,9.63,1.67,-0.209999999999999
63921,"1203441#1",14273.2624013772,13847.7922607062,11.23,1.6,-0.0700000000000012
63922,"1203441#1",14260.8228776897,13847.6834010358,12.44,1.21,-0.390000000000001
63923,"1203441#1",14247.5733850161,13847.5674532358,13.25,0.81,-0.399999999999999
63924,"1203441#1",14234.4649231636,13847.743865332,13.12,-0.130000000000001,-0.940000000000001
63925,"1203441#1",14222.1636369104,13850.426132404,12.67,-0.449999999999999,-0.319999999999999
63926,"1203441#1",14214.7288942712,13854.5354850919,8.55,-4.12,-3.67
63927,"1203441#1",14209.8583198124,13857.6662364374,5.79,-2.76,1.36
63928,"1203441#1",14207.7096535244,13860.3506929512,3.56,-2.23,0.530000000000001
63929,"1203441#1",14207.1461643941,13861.4776712119,1.26,-2.3,-0.0699999999999998
63930,"1203441#1",14206.9628068199,13861.8443863602,0.42,-0.84,1.46
63931,"1203441#1",14206.8778362368,13862.0143275265,0.19,-0.23,0.61
63932,"1203441#1",14206.8375870132,13862.0948259736,0.09,-0.1,0.13
63933,"1203441#1",14206.8196984694,13862.1306030613,0.04,-0.05,0.05
63934,"1203441#1",14206.8107541974,13862.1484916051,0.03,-0.01,0.04
63935,"1203441#1",14206.8107541974,13862.1484916051,0,-0.03,-0.02
63936,"1203441#1",14206.8107541974,13862.1484916051,0,0,0.03
63937,"1203441#1",14206.8107541974,13862.1484916051,0,0,0
63938,"1203441#1",14206.8107541974,13862.1484916051,0,0,0
63939,"1203441#1",14206.8107541974,13862.1484916051,0,0,0
63940,"1203441#1",14206.8107541974,13862.1484916051,0,0,0
63941,"1203441#1",14206.8107541974,13862.1484916051,0,0,0
63942,"1203441#1",14206.8107541974,13862.1484916051,0,0,0
63943,"1203441#1",14206.8107541974,13862.1484916051,0,0,0
63944,"1203441#1",14206.8107541974,13862.1484916051,0,0,0
63945,"1203441#1",14206.8107541974,13862.1484916051,0,0,0
63946,"1203441#1",14206.8107541974,13862.1484916051,0,0,0
63947,"1203441#1",14206.8107541974,13862.1484916051,0,0,0
63948,"1203441#1",14206.8107541974,13862.1484916051,0,0,0
63949,"1203441#1",14206.8107541974,13862.1484916051,0,0,0
63950,"1203441#1",14206.8107541974,13862.1484916051,0,0,0
63951,"1203441#1",14206.8107541974,13862.1484916051,0,0,0
63952,"1203441#1",14203.4822639945,13875.1010059888,0.73,0.73,0.73
63953,"1203441#1",14204.240753974,13877.6922784467,2.7,1.97,1.24
63954,"1203441#1",14205.4150088312,13881.7039521037,4.18,1.48,-0.490000000000001
63955,"1203441#1",14207.3144848401,13887.0732525037,5.7,1.52,0.0400000000000009
63956,"1203441#1",14209.4299102811,13892.5381015596,5.86,0.16,-1.36
63957,"1203441#1",14210.5598218221,13895.4570397072,3.13,-2.73,-2.89
63958,"1203441#1",14211.5128462529,13897.9190194866,2.64,-0.49,2.24
63959,"1203441#1",14212.3070332785,13899.9706693028,2.2,-0.44,0.0499999999999998
63960,"1203441#1",14213.0256152689,13901.6612373832,1.85,-0.35,0.0899999999999999
63961,"1203441#1",14213.5131076147,13902.5458001073,1,-0.85,-0.5
63962,"1203441#1",14225.8762523797,13918.1379368179,1.41,0.41,1.26
63963,"1203441#1",14226.9350057112,13918.8210483629,1.26,-0.15,-0.56
63964,"1203441#1",14228.1282039102,13919.5909042312,1.42,0.16,0.31
63965,"1203441#1",14229.6323058653,13920.5613563467,1.78,0.36,0.2
63966,"1203441#1",14230.8675180854,13921.358319816,1.47,-0.31,-0.67
63967,"1203441#1",14232.5900929502,13922.4697314567,2.05,0.58,0.89
63968,"1203441#1",14234.0101668632,13923.3859683703,1.69,-0.36,-0.94
63969,"1203441#1",14235.2705874959,13924.1991964001,1.49,-0.2,0.16
63970,"1203441#1",14236.4805913034,13924.9798953088,1.44,-0.05,0.15
63971,"1203441#1",14237.4048997674,13925.5762625306,1.1,-0.34,-0.29
63972,"1203441#1",14238.4048334694,13926.2214234343,1.2,0.0999999999999999,0.44
63973,"1203441#1",14240.6544430043,13927.695596841,2.69,1.49,1.39
63974,"1203441#1",14242.0194699175,13928.6749341304,1.68,-1.01,-2.5
63975,"1203441#1",14243.2707445879,13929.5726599789,1.54,-0.14,0.87
63976,"1203441#1",14244.1726373698,13930.2197221165,1.12,-0.42,-0.28
63977,"1203441#1",14245.8057945695,13931.3914292306,2,0.88,1.3
63978,"1203441#1",14247.6583310946,13932.7205298376,2.28,0.28,-0.6
63979,"1203441#1",14249.323988935,13933.9155545061,2.05,-0.23,-0.51
63980,"1203441#1",14251.8300092423,13935.7060380323,3.08,1.03,1.26
63981,"1203441#1",14253.5829640347,13936.8983255379,2.12,-0.96,-1.99
63982,"1203441#1",14254.8397995462,13937.7531731834,1.52,-0.6,0.36
63983,"1203441#1",14256.3281573887,13938.7654927636,1.8,0.28,0.88
63984,"1203441#1",14257.7172913751,13939.7103243718,1.68,-0.12,-0.4
63985,"1203441#1",14259.0485447787,13940.6157879963,1.62,-0.0599999999999998,0.0600000000000003
63986,"1203441#1",14260.1896191247,13941.3918996745,1.38,-0.24,-0.18
63987,"1203441#1",14262.2733201043,13942.8091470868,2.52,1.14,1.38
63988,"1203441#1",14263.2324840473,13943.4615308163,1.16,-1.36,-2.5
63989,"1203441#1",14265.5109193314,13944.9082051704,2.71,1.55,2.91
63990,"1203441#1",14267.0631667066,13945.8391337855,1.8,-0.91,-2.46
63991,"1203441#1",14269.8846550293,13947.5312636991,3.29,1.49,2.4
63992,"1203441#1",14272.0457950212,13948.8273632074,2.52,-0.77,-2.26
63993,"1203441#1",14274.0782957278,13950.0463139355,2.37,-0.15,0.62
63994,"1203441#1",14275.8963976258,13951.1366833631,2.13,-0.24,-0.0900000000000003
63995,"1203441#1",14277.8345628566,13952.299058319,2.25,0.12,0.36
63996,"1203441#1",14279.8558614314,13953.412491237,2.32,0.0699999999999998,-0.0500000000000003
63997,"1203441#1",14281.8740679513,13954.3843155231,2.23,-0.0899999999999999,-0.16
63998,"1203441#1",14283.9733631261,13955.3951863206,2.34,0.11,0.2
63999,"1203441#1",14286.0906780019,13956.4147341206,2.35,0.0100000000000002,-0.0999999999999996
64000,"1203441#1",14287.9196776606,13957.2954498799,2.03,-0.32,-0.330000000000001
64001,"1203441#1",14290.4154062589,13958.4972147336,2.77,0.74,1.06
64002,"1203441#1",14292.3615339745,13959.4343310094,2.16,-0.61,-1.35
64003,"1203441#1",14295.6786177357,13960.8954211748,3.62,1.46,2.07
64004,"1203441#1",14297.884954918,13961.6444046447,2.34,-1.28,-2.74
64005,"1203441#1",14300.0060687757,13962.3644574226,2.24,-0.0999999999999996,1.18
64006,"1203441#1",14302.3260370574,13963.1520151484,2.45,0.21,0.31
64007,"1203441#1",14306.2557792491,13964.4860415002,4.15,1.7,1.49
64008,"1203441#1",14309.6173659431,13965.6271965723,3.54,-0.61,-2.31
64009,"1203441#1",14312.9789526371,13966.7683516444,3.56,0.02,0.63
64010,"1203441#1",14315.0621894616,13967.4755463369,2.2,-1.36,-1.38
64011,"1203441#1",14317.9219054661,13968.4463317785,3.01,0.81,2.17
64012,"1203441#1",14320.7982083159,13969.097226838,2.95,-0.0599999999999996,-0.869999999999999
64013,"1203441#1",14323.9236584494,13969.7839301674,3.2,0.25,0.31
64014,"1203441#1",14326.1700757329,13970.2774981854,2.3,-0.9,-1.15
64015,"1203441#1",14328.9927478848,13970.8976771297,2.9,0.6,1.5
64016,"1203441#1",14332.3428397467,13971.6337372609,3.43,0.53,-0.0699999999999998
64017,"1203441#1",14335.0287734553,13972.2238729346,2.75,-0.68,-1.21
64018,"1203441#1",14338.5253707922,13972.9921222843,3.58,0.83,1.51
64019,"1203441#1",14341.6671136301,13973.6460559166,3.21,-0.37,-1.2
64020,"1203441#1",14344.9482006984,13974.1528770387,3.32,0.11,0.48
64021,"1203441#1",14348.3379984829,13974.6764904269,3.43,0.11,4.44089209850063e-16
64022,"1203441#1",14351.5993199665,13975.1802584098,3.29,-0.14,-0.25
64023,"1203441#1",14353.5363472719,13975.4794660602,1.97,-1.32,-1.18
64024,"1203441#1",14356.5011849843,13975.9374369537,3,1.03,2.35
64025,"1203441#1",14357.865010332,13976.1481035647,1.38,-1.62,-2.65
64026,"1203441#1",14359.6735613365,13976.4274658097,1.83,0.45,2.07
64027,"1203441#1",14360.8397308367,13976.6076010278,1.18,-0.65,-1.1
64028,"1203441#1",14361.9070024684,13976.67924329,1.07,-0.11,0.54
64029,"1203441#1",14364.3226548076,13976.8242390693,2.42,1.35,1.46
64030,"1203441#1",14365.7600677698,13976.9105175496,1.44,-0.98,-2.33
64031,"1203441#1",14368.3154685915,13977.0639015145,2.56,1.12,2.1
64032,"1203441#1",14371.6594501354,13977.2646188124,3.34,0.78,-0.34
64033,"1203441#1",14374.5841862321,13977.4401715534,2.93,-0.41,-1.19
64034,"1203441#1",14377.6287067423,13977.6229141679,3.05,0.12,0.529999999999999
64035,"1203441#1",14380.3538021497,13977.7864837867,2.72,-0.33,-0.449999999999999
64036,"1203441#1",14382.3302449727,13977.9051166971,1.98,-0.74,-0.410000000000001
64037,"1203441#1",14384.3066877957,13978.0237496074,1.98,0,0.74
64038,"1203441#1",14385.3647834485,13978.0872601554,1.06,-0.92,-0.92
64039,"1203441#1",14387.5408669606,13978.217876188,2.18,1.12,2.04
64040,"1203441#1",14389.6969864039,13978.3472939084,2.16,-0.02,-1.14
64041,"1203441#1",14391.52369871,13978.4569394771,1.83,-0.33,-0.31
64042,"1203441#1",14393.5101235675,13978.5761715436,1.98,0.15,0.48
64043,"1203441#1",14394.5682192202,13978.6396820915,1.06,-0.92,-1.07
64044,"1203441#1",14396.2551830439,13978.7409394746,1.69,0.63,1.55
64045,"1203441#1",14398.1517695912,13978.8547791361,1.9,0.21,-0.42
64046,"1203441#1",14400.2280327588,13978.9794036076,2.08,0.18,-0.0299999999999998
64047,"1203441#1",14402.2144576162,13979.098635674,1.99,-0.0900000000000001,-0.27
64048,"1203441#1",14404.7598764034,13979.2514204828,2.55,0.56,0.65
