"V1","V2","V3","V4","V5","acceleration","jerk"
67377,1204000,14044.21,14212,0,1.43,0
67378,1204000,14044.20470374,14210.5700098079,1.43,1.43,0
67379,1204000,14044.3738989294,14206.9765170828,3.6,2.17,0.74
67380,1204000,14044.511412987,14201.8739227899,5.11,1.51,-0.66
67381,1204000,14044.374743184,14194.5151918283,7.36,2.25,0.74
67382,1204000,14044.1987065356,14185.0368264049,9.48,2.12,-0.13
67383,1204000,14043.881828033,14174.1731527579,10.87,1.39,-0.730000000000001
67384,1204000,14043.1625499346,14161.954305062,12.24,1.37,-0.0199999999999978
67385,1204000,14039.6652126385,14146.6282710947,13.21,0.970000000000001,-0.4
67386,1204000,14033.3808573678,14131.0445121954,13.26,0.0499999999999989,-0.920000000000002
67387,1204000,14031.5365509098,14117.4591291059,13.71,0.450000000000001,0.400000000000002
67388,1204000,14028.9633905451,14104.7858023976,13.07,-0.640000000000001,-1.09
67389,1204000,14024.0117793459,14092.4292310485,13.55,0.48,1.12
67390,1204000,14023.4205693434,14079.3539416669,13.1,-0.450000000000001,-0.930000000000001
67391,1204000,14023.3364496762,14065.4741965727,13.88,0.780000000000001,1.23
67392,1204000,14023.2565117503,14052.2844388066,13.18,-0.700000000000001,-1.48
67393,1204000,14023.398388284,14039.0277576886,13.27,0.0899999999999999,0.790000000000001
67394,1204000,14023.1534729906,14025.3929550401,13.65,0.380000000000001,0.290000000000001
67395,1204000,14023.2003990593,14015.3493273057,10.05,-3.6,-3.98
67396,1204000,14023.247836188,14008.9295025636,6.42,-3.63,-0.0300000000000011
67397,1204000,14023.3130866269,14005.7963584283,3.14,-3.28,0.350000000000001
67398,1204000,14028.0493652094,13992.0454191519,4.73,1.59,4.87
67399,1204000,14029.6508306894,13986.0186989985,6.29,1.56,-0.0300000000000007
67400,1204000,14029.2183102254,13973.603695402,7.65,1.36,-0.199999999999999
67401,1204000,14027.2819405789,13964.1499674288,9.65,2,0.64
67402,1204000,14026.4426287903,13952.7735715655,11.44,1.79,-0.210000000000001
67403,1204000,14026.070058929,13939.9890030375,12.79,1.35,-0.44
67404,1204000,14026.6288413899,13930.5355030422,9.48,-3.31,-4.66
67405,1204000,14026.9309497532,13925.4244238473,5.11,-4.37,-1.06
67406,1204000,14027.1103265939,13922.3897205753,3.04,-2.07,2.3
67407,1204000,14027.2076857344,13920.7425954441,1.65,-1.39,0.68
67408,1204000,14027.2554802216,13919.9340067433,0.81,-0.84,0.55
67409,1204000,14027.539914849,13917.9979290319,1.95,1.14,1.98
67410,1204000,14028.1706210037,13914.5857288991,3.47,1.52,0.38
67411,1204000,14029.0594259305,13909.7771817378,4.9,1.43,-0.0900000000000001
67412,1204000,14030.2808511061,13903.1691169273,6.71,1.81,0.379999999999999
67413,1204000,14043.3767744583,13886.4685126673,8.69,1.98,0.17
67414,1204000,14053.2474808107,13882.4429995193,10.66,1.97,-0.0099999999999989
67415,1204000,14063.6547147024,13880.6214580448,10.88,0.220000000000001,-1.75
67416,1204000,14075.5272189157,13881.7913057726,11.93,1.05,0.829999999999998
67417,1204000,14087.1174145026,13882.8618689294,11.64,-0.289999999999999,-1.34
67418,1204000,14100.3990609082,13883.3870976605,13.3,1.66,1.95
67419,1204000,14113.8485712101,13884.2932282457,13.48,0.18,-1.48
67420,1204000,14127.0386695923,13885.1818815348,13.21,-0.27,-0.449999999999999
67421,1204000,14140.5219446567,13885.7800027769,13.51,0.299999999999999,0.569999999999999
67422,1204000,14157.5080995096,13885.4872830249,13.87,0.359999999999999,0.0600000000000005
67423,1204000,14170.989197596,13888.8683426832,13.68,-0.19,-0.549999999999999
67424,1204000,14183.8407347792,13893.0530656956,13.52,-0.16,0.0299999999999994
67425,1204000,14195.1938087412,13897.7822088976,12.33,-1.19,-1.03
67426,1204000,14202.5978264414,13901.6426521229,8.35,-3.98,-2.79
67427,1204000,14207.9259195414,13904.4544389516,5.59,-2.76,1.22
67428,1204000,14229.404885824,13916.4813487286,7.06,1.47,4.23
67429,1204000,14236.4359276916,13921.0224224184,8.37,1.31,-0.16
67430,1204000,14245.1473742954,13926.8613066319,10.49,2.12,0.810000000000001
67431,1204000,14254.9833741904,13933.8561575427,12.07,1.58,-0.540000000000001
67432,1204000,14266.4009318736,13941.6061765696,13.8,1.73,0.15
67433,1204000,14277.7688790162,13948.4129583173,13.25,-0.550000000000001,-2.28
67434,1204000,14289.6805919018,13954.483174724,13.37,0.119999999999999,0.67
67435,1204000,14301.8167822046,13959.5101493421,13.17,-0.199999999999999,-0.319999999999999
67436,1204000,14314.3848815924,13963.7687615313,13.27,0.0999999999999996,0.299999999999999
67437,1204000,14326.8958536365,13967.0769137202,12.95,-0.32,-0.42
67438,1204000,14340.0741210913,13969.9602047028,13.49,0.540000000000001,0.860000000000001
67439,1204000,14352.8726415205,13972.0436806421,12.97,-0.52,-1.06
67440,1204000,14366.0635269465,13973.6385963632,13.3,0.33,0.85
67441,1204000,14379.85872062,13974.4662626675,13.82,0.52,0.19
67442,1204000,14393.1548117727,13975.26398446,13.32,-0.5,-1.02
