"V1","V2","V3","V4","V5","acceleration","jerk"
57533,"1206210#1",13693.95,13697.22,0,1.56,0
57534,"1206210#1",13693.9750647493,13698.7797986275,1.56,1.56,0
57535,"1206210#1",13694.0391726657,13702.7692835786,3.99,2.43,0.87
57536,"1206210#1",13694.137824948,13708.9084909971,6.14,2.15,-0.280000000000001
57537,"1206210#1",13693.8745594736,13717.3035249869,8.41,2.27,0.120000000000001
57538,"1206210#1",13693.0064012077,13727.4062919953,10.14,1.73,-0.54
57539,"1206210#1",13692.0140980222,13738.9537347593,11.58,1.44,-0.290000000000001
57540,"1206210#1",13690.8514166366,13752.4838704569,13.58,2,0.56
57541,"1206210#1",13689.5671588469,13767.4287920669,15.01,1.43,-0.57
57542,"1206210#1",13688.6295603048,13784.0767360392,16.68,1.67,0.24
57543,"1206210#1",13688.7633800735,13801.926234415,17.85,1.17,-0.499999999999998
57544,"1206210#1",13688.9105443345,13821.555682769,19.63,1.78,0.609999999999996
57545,"1206210#1",13689.0682042636,13842.5850917798,21.03,1.4,-0.379999999999995
57546,"1206210#1",13689.2386089327,13865.314453017,22.74,1.71,0.309999999999995
57547,"1206210#1",13679.4819417613,13887.6065790437,24.34,1.6,-0.109999999999996
57548,"1206210#1",13671.4978490821,13911.831642568,25.51,1.17,-0.43
57549,"1206210#1",13663.9464132152,13937.1686349764,26.47,0.959999999999997,-0.210000000000004
57550,"1206210#1",13658.6708409654,13963.4136580748,26.77,0.300000000000001,-0.659999999999997
57551,"1206210#1",13652.981752679,13990.6042426736,26.19,-0.579999999999998,-0.879999999999999
57552,"1206210#1",13656.9983082004,14015.4719603362,25.19,-1,-0.420000000000002
57553,"1206210#1",13663.6673680367,14039.6549376934,21.1,-4.09,-3.09
57554,"1206210#1",13664.6274267377,14057.4089988426,17.78,-3.32,0.77
57555,"1206210#1",13662.0912186087,14071.5286329058,13.96,-3.82,-0.5
57556,"1206210#1",13662.8169322725,14084.9490255855,13.44,-0.520000000000001,3.3
57557,"1206210#1",13663.3574377617,14094.9444222167,10.02,-3.42,-2.9
57558,"1206210#1",13663.7067954554,14101.4049832761,6.46,-3.56,-0.14
57559,"1206210#1",13663.8801243885,14104.6103002777,3.22,-3.24,0.32
57560,"1206210#1",13663.9789380794,14106.437630531,1.83,-1.39,1.85
57561,"1206210#1",13664.0248351489,14107.2863904847,0.85,-0.98,0.41
57562,"1206210#1",13664.0475137009,14107.705777756,0.42,-0.43,0.55
57563,"1206210#1",13664.0545332527,14107.8355881018,0.12,-0.3,0.13
57564,"1206210#1",13664.0545332527,14107.8355881018,0,-0.12,0.18
57565,"1206210#1",13664.0545332527,14107.8355881018,0,0,0.12
57566,"1206210#1",13664.0545332527,14107.8355881018,0,0,0
57567,"1206210#1",13664.0545332527,14107.8355881018,0,0,0
57568,"1206210#1",13664.0545332527,14107.8355881018,0,0,0
57569,"1206210#1",13664.0545332527,14107.8355881018,0,0,0
57570,"1206210#1",13664.0545332527,14107.8355881018,0,0,0
57571,"1206210#1",13664.0545332527,14107.8355881018,0,0,0
57572,"1206210#1",13664.0836913909,14108.3748003077,0.54,0.54,0.54
57573,"1206210#1",13664.1679260126,14109.932524458,1.56,1.02,0.48
57574,"1206210#1",13664.3292934898,14113.5386539718,3.61,2.05,1.03
57575,"1206210#1",13664.4705399437,14118.3865967767,4.85,1.24,-0.81
57576,"1206210#1",13666.3145677079,14136.0252962367,6.4,1.55,0.310000000000001
57577,"1206210#1",13669.6696979949,14143.3867635332,8.08,1.68,0.129999999999999
57578,"1206210#1",13673.0086914948,14153.1108625894,10.29,2.21,0.529999999999999
57579,"1206210#1",13676.35962978,14164.5397432261,11.91,1.62,-0.589999999999998
57580,"1206210#1",13680.1438547957,14177.4464136345,13.46,1.55,-0.0700000000000003
57581,"1206210#1",13684.4682814492,14192.1955232387,15.37,1.91,0.359999999999998
57582,"1206210#1",13689.1106392751,14208.028985078,16.5,1.13,-0.779999999999998
57583,"1206210#1",13698.7090907764,14247.3761751664,17.69,1.19,0.0600000000000005
57584,"1206210#1",13704.9032526147,14268.3354715519,16.55,-1.14,-2.33
