"V1","V2","V3","V4","V5","acceleration","jerk"
25829,1207155,14349.456564433,14263.6812045822,18.43,0.120000000000001,0
25830,1207155,14350.7650806074,14245.1774134728,18.55,0.120000000000001,0
25831,1207155,14352.1376572489,14226.6291425982,18.6,0.0500000000000007,-0.0700000000000003
25832,1207155,14354.1738168847,14207.7083880166,19.03,0.43,0.379999999999999
25833,1207155,14356.2046266528,14188.8373464002,18.97,-0.0600000000000023,-0.490000000000002
25834,1207155,14358.1680280882,14170.5926881463,18.35,-0.619999999999997,-0.559999999999995
25835,1207155,14360.1466004026,14151.5050694569,19.19,0.84,1.46
25836,1207155,14362.0690261499,14132.4216557359,19.17,-0.0199999999999996,-0.859999999999999
25837,1207155,14363.9513595979,14113.7362277025,18.79,-0.380000000000003,-0.360000000000003
25838,1207155,14365.8567461179,14094.8219578988,19,0.210000000000001,0.590000000000003
25839,1207155,14367.7861880175,14075.6688966825,19.26,0.260000000000002,0.0500000000000007
25840,1207155,14369.6207951852,14056.9896531807,18.77,-0.490000000000002,-0.750000000000004
25841,1207155,14370.7650038616,14038.0742286149,18.96,0.190000000000001,0.680000000000003
25842,1207155,14371.8639272342,14019.9074356282,18.2,-0.760000000000002,-0.950000000000003
25843,1207155,14372.6839553095,13997.8712251609,18.81,0.609999999999999,1.37
25844,1207155,14372.2248903859,13978.0065288533,19.87,1.06,0.450000000000003
25845,1207155,14371.7582013342,13957.8119206291,20.2,0.329999999999998,-0.730000000000004
25846,1207155,14371.356201854,13940.41656503,17.4,-2.8,-3.13
25847,1207155,14371.0061850652,13925.2706088618,15.14,-2.26,0.540000000000003
25848,1207155,14374.0079810423,13912.2940560517,12.9,-2.24,0.0199999999999978
25849,1207155,14373.678730458,13898.0478602769,14.26,1.36,3.6
25850,1207155,14373.3134355993,13882.2420809647,15.81,1.55,0.190000000000001
25851,1207155,14377.0954637573,13853.8710443901,17.06,1.25,-0.300000000000002
25852,1207155,14376.0783632959,13818.2164405919,18.91,1.85,0.600000000000003
25853,1207155,14375.1171291275,13785.4135781423,20.08,1.17,-0.680000000000003
25854,1207155,14374.6736553777,13763.8203052908,21.6,1.52,0.350000000000005
25855,1207155,14375.6988591198,13740.8131355977,23.02,1.42,-0.100000000000005
25856,1207155,14376.7917271992,13716.2874727247,24.56,1.54,0.120000000000001
25857,1207155,14373.6259958956,13680.1453975309,26.11,1.55,0.0100000000000016
25858,1207155,14370.1679927549,13653.2669263266,27.1,0.990000000000002,-0.559999999999999
25859,1207155,14366.9805049891,13628.4911251944,24.98,-2.12,-3.11
25860,1207155,14363.623307106,13602.3961961396,26.31,1.33,3.45
25861,1207155,14354.7934561393,13576.1889545787,27.21,0.900000000000002,-0.429999999999996
25862,1207155,14346.5514555191,13544.7700440602,26.09,-1.12,-2.02
25863,1207155,14337.2406668667,13510.9646958057,24.95,-1.14,-0.0199999999999996
25864,1207155,14332.9053845759,13488.0594397999,23.34,-1.61,-0.469999999999999
25865,1207155,14329.0278151538,13456.5431580204,21.98,-1.36,0.25
25866,1207155,14327.9652723072,13434.725778318,21.96,-0.0199999999999996,1.34
25867,1207155,14328.9663927461,13387.6839603764,22.27,0.309999999999999,0.329999999999998
25868,1207155,14329.8207359533,13365.4303539792,22.27,0,-0.309999999999999
25869,1207155,14330.823668281,13343.2243387209,22.23,-0.0399999999999991,-0.0399999999999991
25870,1207155,14332.0137592585,13320.1085463265,23.15,0.919999999999998,0.959999999999997
25871,1207155,14332.1187636436,13315.5097507136,4.6,-18.55,-19.47
25872,1207155,14332.1516864823,13313.9801049746,1.53,-3.07,15.48
25873,1207155,14332.1684706746,13313.2002855783,0.78,-0.75,2.32
25874,1207155,14332.1833182294,13312.5104453431,0.69,-0.0900000000000001,0.66
25875,1207155,14332.1899888699,13312.2005171215,0.3,-0.39,-0.3
25876,1207155,14332.19,13312.2,0.02,-0.28,0.11
25877,1207155,14332.19,13312.2,0,-0.02,0.26
25878,1207155,14332.19,13312.2,0,0,0.02
25879,1207155,14332.19,13312.2,0,0,0
25880,1207155,14332.0466190065,13309.9047640754,2.17,2.17,2.17
25881,1207155,14331.8063230822,13306.2927483129,3.61,1.44,-0.73
25882,1207155,14331.4777416388,13301.3536659856,4.96,1.35,-0.0899999999999999
25883,1207155,14331.0542366673,13294.9877376528,6.38,1.42,0.0699999999999998
25884,1207155,14330.4913335077,13286.5264410599,8.48,2.1,0.680000000000001
25885,1207155,14329.8505240928,13276.6372372033,9.91,1.43,-0.670000000000001
25935,1207155,14214.9751147874,13275.9781650005,4.93,-0.0996,-0.030592
25936,1207155,14218.5572095107,13276.8639964708,3.69,-1.24,-1.1404
25937,1207155,14227.2573362099,13278.663986664,5.74,2.05,3.29
25938,1207155,14234.2096159933,13279.7064384924,7.03,1.29,-0.76
25939,1207155,14242.5958652909,13280.9639052782,8.48,1.45,0.16
25940,1207155,14252.7226568956,13282.4823557365,10.24,1.76,0.31
25941,1207155,14264.7581113712,13284.2869985176,12.17,1.93,0.17
25942,1207155,14278.1187514669,13286.2903447766,13.52,1.35,-0.58
25943,1207155,14291.2024871046,13288.2521709059,13.23,-0.289999999999999,-1.64
25944,1207155,14304.8400316582,13290.2970372947,13.79,0.559999999999999,0.849999999999998
25945,1207155,14318.2897249882,13292.4360239072,13.63,-0.159999999999998,-0.719999999999997
25946,1207155,14331.0232178176,13294.7385790885,12.94,-0.690000000000001,-0.530000000000003
25947,1207155,14343.8059127059,13297.0500313146,12.99,0.0500000000000007,0.740000000000002
25948,1207155,14357.2675960063,13299.4842627582,13.68,0.69,0.639999999999999
25949,1207155,14370.3750244829,13301.8544354796,13.32,-0.359999999999999,-1.05
25950,1207155,14383.4332509007,13304.2157111563,13.27,-0.0500000000000007,0.309999999999999
25951,1207155,14396.1372224948,13306.5129281107,12.91,-0.359999999999999,-0.309999999999999
