"V1","V2","V3","V4","V5","acceleration","jerk"
58714,1207714,13826.0847442737,13277.2362147184,13.47,-0.42,0
58715,1207714,13822.2099947924,13289.6977080662,13.05,-0.42,0
58716,1207714,13818.3550840127,13302.8124261997,13.67,0.619999999999999,1.04
58717,1207714,13815.2964170864,13313.389035138,11.01,-2.66,-3.28
58718,1207714,13811.9516078408,13324.9550997717,12.04,1.03,3.69
58719,1207714,13809.173527072,13334.5614657465,10,-2.04,-3.07
58720,1207714,13807.3094348762,13341.0073373156,6.71,-3.29,-1.25
58721,1207714,13806.1259724687,13345.0996492209,4.26,-2.45,0.84
58722,1207714,13805.5203508611,13347.1938370034,2.18,-2.08,0.370000000000001
58723,1207714,13805.4,13347.61,0.47,-1.71,0.369999999999999
58724,1207714,13805.4,13347.61,0.06,-0.41,1.3
58725,1207714,13805.4,13347.61,0,-0.06,0.35
58726,1207714,13805.4,13347.61,0,0,0.06
58727,1207714,13805.4,13347.61,0,0,0
58728,1207714,13805.4,13347.61,0,0,0
58729,1207714,13805.4,13347.61,0,0,0
58730,1207714,13805.4,13347.61,0,0,0
58731,1207714,13804.9948312292,13352.4205124553,1.46,1.46,1.46
58732,1207714,13803.8427096891,13355.7677823812,3.54,2.08,0.62
58733,1207714,13802.0559449277,13360.9588874358,5.5,1.96,-0.12
58734,1207714,13799.4880808171,13368.4193280333,7.89,2.39,0.43
58735,1207714,13796.3929746457,13377.4115701223,9.51,1.62,-0.77
58736,1207714,13792.715298543,13388.0963583038,11.3,1.79,0.170000000000001
58737,1207714,13789.4542087599,13397.5708341958,10.02,-1.28,-3.07
58738,1207714,13785.8611517534,13408.0097776935,11.04,1.02,2.3
58739,1207714,13781.9559531601,13419.1654234998,11.82,0.780000000000001,-0.239999999999998
58740,1207714,13778.0764652056,13429.6294176326,11.17,-0.65,-1.43
58741,1207714,13773.998831361,13440.6278630786,11.73,0.56,1.21
58742,1207714,13769.8481963989,13451.8232116401,11.94,0.209999999999999,-0.350000000000001
58743,1207714,13765.7079901679,13462.990431185,11.92,-0.0199999999999996,-0.229999999999999
58744,1207714,13756.9062314916,13498.5324506024,13.46,1.54,1.56
58745,1207714,13763.4310968778,13512.2705539503,15.36,1.9,0.359999999999998
58746,1207714,13776.6416839142,13526.9584432352,16.47,1.11,-0.789999999999999
58747,1207714,13789.9255344214,13539.3702003914,18.18,1.71,0.600000000000001
58748,1207714,13802.8693896819,13549.8470345183,16.67,-1.51,-3.22
58749,1207714,13815.0802391285,13559.14852127,15.35,-1.32,0.189999999999996
58750,1207714,13827.2672237228,13568.4318292202,15.32,-0.0299999999999994,1.29
58751,1207714,13840.6688486483,13578.3561254897,16.68,1.36,1.39
58752,1207714,13856.2071064509,13588.4299340097,18.56,1.88,0.52
58753,1207714,13874.7049566036,13596.6203210414,20.23,1.67,-0.209999999999997
58754,1207714,13918.8211084801,13619.1345435705,21.48,1.25,-0.420000000000002
58755,1207714,13938.7418585889,13629.5463829114,22.48,1,-0.25
58756,1207714,13958.5499314325,13642.0947630632,23.47,0.989999999999998,-0.0100000000000016
58757,1207714,13979.3347187504,13655.9328812934,24.98,1.51,0.520000000000003
58758,1207714,14000.9982269442,13667.527206661,24.6,-0.379999999999999,-1.89
58759,1207714,14021.1886253678,13673.4328771186,21.07,-3.53,-3.15
58760,1207714,14039.6695643972,13676.5908454198,18.76,-2.31,1.22
58761,1207714,14054.4682628692,13678.7817638422,14.97,-3.79,-1.48
58762,1207714,14069.5142657943,13681.0092952062,15.21,0.24,4.03
58763,1207714,14084.3228564445,13683.2016781463,14.97,-0.24,-0.48
58764,1207714,14100.72,13685.94,16.63,1.66,1.9
58765,1207714,14125.4845733636,13695.7749012502,17.85,1.22,-0.439999999999996
58766,1207714,14137.5041923725,13719.5438262398,19.21,1.36,0.139999999999997
58767,1207714,14142.1077911909,13736.4694896365,17.55,-1.66,-3.02
58768,1207714,14145.4222935811,13750.3286589444,14.25,-3.3,-1.64
58769,1207714,14157.3858025036,13762.7659548018,13.45,-0.800000000000001,2.5
58770,1207714,14170.5987791782,13763.347850499,13.24,-0.209999999999999,0.590000000000002
58771,1207714,14184.05850935,13764.0868117324,13.48,0.24,0.449999999999999
58772,1207714,14197.3884350022,13764.818646485,13.34,-0.140000000000001,-0.380000000000001
58773,1207714,14210.4687365786,13765.536776467,13.1,-0.24,-0.0999999999999996
58774,1207714,14223.5290682289,13766.2538100674,13.08,-0.0199999999999996,0.220000000000001
58775,1207714,14236.8390239551,13766.9845484384,13.33,0.25,0.27
58776,1207714,14250.5184233136,13767.73556987,13.7,0.369999999999999,0.119999999999999
58777,1207714,14262.4404691779,13768.3901097162,11.94,-1.76,-2.13
58778,1207714,14270.8777629428,13768.8533309641,8.45,-3.49,-1.73
58779,1207714,14276.589161799,13769.1668961165,5.72,-2.73,0.760000000000001
58780,1207714,14286.1789852151,13769.1214528422,3.15,-2.57,0.16
58781,1207714,14297.6163167441,13768.3309778145,5.37,2.22,4.79
58782,1207714,14304.8594343717,13768.0151502772,7.24,1.87,-0.35
58783,1207714,14313.3513653833,13767.6448697162,8.5,1.26,-0.61
58784,1207714,14323.1920148497,13767.2157798896,9.85,1.35,0.0899999999999999
58785,1207714,14343.4459790308,13764.1348861205,11.36,1.51,0.16
58786,1207714,14351.1660878942,13756.597793764,13.08,1.72,0.210000000000001
58787,1207714,14351.7074441293,13743.6669226227,12.96,-0.119999999999999,-1.84
58788,1207714,14351.9804287303,13732.0401268729,11.63,-1.33,-1.21
58789,1207714,14352.1787709383,13723.5924549824,8.45,-3.18,-1.85
58790,1207714,14352.3118597335,13717.9240171577,5.67,-2.78,0.400000000000002
58791,1207714,14352.3740617277,13715.2747472749,2.65,-3.02,-0.240000000000001
58792,1207714,14352.3879104736,13714.6849098293,0.59,-2.06,0.96
58793,1207714,14352.3977689029,13714.265025546,0.42,-0.17,1.89
58794,1207714,14352.3996466989,13714.1850475873,0.08,-0.34,-0.17
58795,1207714,14352.3998814234,13714.1750503425,0.01,-0.07,0.27
58796,1207714,14352.3998814234,13714.1750503425,0,-0.01,0.06
58797,1207714,14352.3998814234,13714.1750503425,0,0,0.01
58798,1207714,14346.7873887552,13711.3393535226,2.44,2.44,2.44
58799,1207714,14342.4498100203,13708.3682582303,4.1,1.66,-0.78
58800,1207714,14335.7071616588,13701.6216012613,5.99,1.89,0.230000000000001
58801,1207714,14333.9568910905,13694.2053385275,7.62,1.63,-0.260000000000001
58802,1207714,14331.8712668436,13685.3681120677,9.08,1.46,-0.17
58803,1207714,14329.546985409,13674.9461329282,10.67,1.59,0.13
58804,1207714,14327.3177889276,13663.3076973354,11.85,1.18,-0.41
58805,1207714,14324.8741381011,13650.5496147742,12.99,1.14,-0.0399999999999991
58806,1207714,14323.1432116119,13637.3209386386,13.35,0.359999999999999,-0.780000000000001
58807,1207714,14321.6445518091,13623.5522597334,13.84,0.49,0.130000000000001
58808,1207714,14320.6095744731,13611.0908700765,12.52,-1.32,-1.81
58809,1207714,14320.7471220936,13602.0919212128,9,-3.52,-2.2
58810,1207714,14320.8298034965,13596.6825530624,5.4,-3.6,-0.0800000000000001
58811,1207714,14320.8764168568,13593.6329092808,3.06,-2.34,1.26
58812,1207714,14326.6470318251,13585.68952125,5.26,2.2,4.54
58813,1207714,14332.5850070261,13582.996780915,6.52,1.26,-0.94
58814,1207714,14339.8308043195,13578.532913405,8.53,2.01,0.75
58815,1207714,14344.6886687735,13575.2915012212,5.84,-2.69,-4.7
58816,1207714,14348.230499634,13572.8535048424,4.3,-1.54,1.15
58817,1207714,14349.1000082798,13572.2472419334,1.07,-3.23,-1.69
58818,1207714,14349.8464732493,13571.7267709454,0.9,-0.17,3.06
58819,1207714,14350.0515460431,13571.5837844103,0.25,-0.65,-0.48
58820,1207714,14350.0925606019,13571.5551871033,0.06,-0.19,0.46
58821,1207714,14350.0925606019,13571.5551871033,0,-0.06,0.13
58822,1207714,14350.0925606019,13571.5551871033,0,0,0.06
58823,1207714,14350.0925606019,13571.5551871033,0,0,0
58824,1207714,14350.0925606019,13571.5551871033,0,0,0
58825,1207714,14350.0925606019,13571.5551871033,0,0,0
58826,1207714,14350.0925606019,13571.5551871033,0,0,0
58827,1207714,14350.0925606019,13571.5551871033,0,0,0
58828,1207714,14350.0925606019,13571.5551871033,0,0,0
58829,1207714,14352.2465162837,13565.2730823212,1.57,1.57,1.57
58830,1207714,14351.2817763723,13561.6700035123,3.73,2.16,0.59
58831,1207714,14349.8125257416,13556.1936958846,5.68,1.95,-0.21
58832,1207714,14347.6659290126,13548.6740866871,7.81,2.13,0.18
58833,1207714,14345.0142507004,13539.3851576784,9.66,1.85,-0.279999999999999
58834,1207714,14345.0419486631,13527.468288456,11.5,1.84,-0.0100000000000007
58835,1207714,14339.2132824195,13505.4193058327,12.73,1.23,-0.609999999999999
58836,1207714,14336.6274151657,13490.9403964365,14.72,1.99,0.76
58837,1207714,14334.416855062,13475.0029711731,16.1,1.38,-0.609999999999999
58838,1207714,14332.0628077799,13453.2338723633,12.66,-3.44,-4.82
58839,1207714,14331.2855443671,13444.0165863426,9.25,-3.41,0.0300000000000011
58840,1207714,14330.7275952794,13437.4000696748,6.64,-2.61,0.8
58841,1207714,14331.5826088475,13433.8977331429,3.61,-3.03,-0.419999999999999
58842,1207714,14337.6802874151,13435.9132364023,5.61,2,5.03
58843,1207714,14338.9829638438,13442.7718087526,7.03,1.42,-0.580000000000001
58844,1207714,14340.1464155038,13451.7428191752,9.05,2.02,0.600000000000001
58845,1207714,14340.6665650985,13462.9807880486,11.25,2.2,0.179999999999999
58846,1207714,14341.8138024811,13475.340900138,12.42,1.17,-1.03
58847,1207714,14343.9392794753,13489.7286479967,14.54,2.12,0.949999999999999
58848,1207714,14347.1617116148,13505.564816052,16.18,1.64,-0.479999999999999
58849,1207714,14351.5402107958,13522.4951248464,17.49,1.31,-0.330000000000002
58850,1207714,14357.0276878122,13541.1341295407,19.43,1.94,0.630000000000003
58851,1207714,14363.0009322228,13561.4231130345,21.14,1.71,-0.23
58852,1207714,14368.0992301578,13583.0673535636,22.25,1.11,-0.600000000000001
58853,1207714,14373.272192965,13606.0726402063,23.58,1.33,0.219999999999999
58854,1207714,14378.1704333427,13630.6276688564,25.07,1.49,0.160000000000004
58855,1207714,14381.0351150161,13657.1634880243,26.69,1.62,0.129999999999999
58856,1207714,14383.9620490451,13684.2759566908,27.27,0.579999999999998,-1.04
58857,1207714,14386.5849657585,13717.4093548704,27.51,0.240000000000002,-0.339999999999996
58858,1207714,14386.9621116034,13745.1667928108,27.77,0.259999999999998,0.019999999999996
58859,1207714,14387.3334154918,13772.4942704372,27.32,-0.449999999999999,-0.709999999999997
58860,1207714,14387.7013228938,13799.5717711369,27.08,-0.240000000000002,0.209999999999997
58861,1207714,14387.9162617666,13826.8090013803,27.2,0.120000000000001,0.360000000000003
58862,1207714,14387.3190834933,13860.128999028,27.78,0.580000000000002,0.460000000000001
58863,1207714,14387.0125766286,13887.8273031916,27.7,-0.0800000000000018,-0.660000000000004
58864,1207714,14386.7162497754,13914.6056636791,26.78,-0.919999999999998,-0.839999999999996
58865,1207714,14386.4593151401,13937.8242421152,23.22,-3.56,-2.64
58866,1207714,14386.24741599,13956.9730697229,19.14,-4.08,-0.519999999999996
58867,1207714,14386.0307756403,13976.2793786278,19.31,0.169999999999998,4.25
58868,1207714,14385.8172192621,13995.0481637156,18.78,-0.529999999999998,-0.699999999999996
58869,1207714,14385.6035491086,14013.8269481562,18.78,0,0.529999999999998
58870,1207714,14385.3896514042,14032.6257313022,18.8,0.0199999999999996,0.0199999999999996
58871,1207714,14385.1704062573,14051.8944840269,19.27,0.469999999999999,0.449999999999999
58872,1207714,14384.1636076009,14070.3641475191,18.51,-0.759999999999998,-1.23
58873,1207714,14382.515415107,14089.2925246683,19,0.489999999999998,1.25
58874,1207714,14380.8542105671,14108.370336374,19.15,0.149999999999999,-0.34
58875,1207714,14379.1695843443,14127.7171302813,19.42,0.270000000000003,0.120000000000005
58876,1207714,14377.49016294,14147.0041503659,19.36,-0.0600000000000023,-0.330000000000005
58877,1207714,14375.8341632185,14166.022188249,19.09,-0.27,-0.209999999999997
58878,1207714,14374.1137939561,14184.8537684587,18.91,-0.18,0.0899999999999999
58879,1207714,14372.4041396764,14203.5658282663,18.79,-0.120000000000001,0.0599999999999987
58880,1207714,14370.6953952712,14222.2679295535,18.78,-0.00999999999999801,0.110000000000003
58881,1207714,14369.0096271588,14241.4338919328,19.24,0.459999999999997,0.469999999999995
58882,1207714,14367.3830982456,14260.2135858519,18.85,-0.389999999999997,-0.849999999999994
