"V1","V2","V3","V4","V5","acceleration","jerk"
57263,1209491,13409.7844003965,13362.1325627959,13.89,-0.890000000000001,0
57264,1209491,13422.5578589434,13364.5489147467,13,-0.890000000000001,0
57265,1209491,13435.3411432277,13366.9671254297,13.01,0.00999999999999979,0.9
57266,1209491,13458.418678381,13370.0784486187,13.24,0.23,0.220000000000001
57267,1209491,13471.7620287252,13370.9221912298,13.36,0.119999999999999,-0.110000000000001
57268,1209491,13484.716156434,13371.741322052,12.98,-0.379999999999999,-0.499999999999998
57269,1209491,13497.9397459672,13372.5774918051,13.26,0.279999999999999,0.659999999999998
57270,1209491,13511.0934750275,13373.4092440575,13.17,-0.0899999999999999,-0.369999999999999
57271,1209491,13524.4733692668,13373.9797909561,13.41,0.24,0.33
57272,1209491,13537.4334387176,13372.8410636707,13.01,-0.4,-0.640000000000001
57273,1209491,13550.1440059489,13370.8057999639,12.93,-0.0800000000000001,0.32
57274,1209491,13572.1019355911,13359.0189897561,13.42,0.49,0.57
57275,1209491,13582.6226681565,13351.5196173632,12.92,-0.5,-0.99
57276,1209491,13593.8029822527,13343.5500830788,13.73,0.81,1.31
57277,1209491,13604.68200602,13335.7953141029,13.36,-0.370000000000001,-1.18
57278,1209491,13615.699460479,13327.9418691744,13.53,0.17,0.540000000000001
57279,1209491,13626.5866272281,13320.1812957307,13.38,-0.149999999999999,-0.319999999999999
57280,1209491,13637.3679352131,13312.4961803683,13.23,-0.15,-1.77635683940025e-15
57281,1209491,13648.592629606,13304.6421219959,13.7,0.469999999999999,0.619999999999999
57282,1209491,13659.7007208977,13296.9700748209,13.51,-0.19,-0.659999999999998
57283,1209491,13670.7758993263,13289.3207596374,13.45,-0.0600000000000005,0.129999999999999
57284,1209491,13681.4067541032,13281.978326341,12.92,-0.529999999999999,-0.469999999999999
57326,1209491,14212.1840217756,13276.0556485842,13.46,0.0128571428571429,0.0129251700680272
57327,1209491,14226.4958489506,13278.5498063073,13.31,-0.15,-0.162857142857143
57328,1209491,14239.7674840419,13280.5398068103,13.42,0.109999999999999,0.26
57329,1209491,14253.3852497057,13282.5817074755,13.77,0.35,0.24
57330,1209491,14266.6173270174,13284.5657765314,13.38,-0.389999999999999,-0.739999999999998
57331,1209491,14279.4933843116,13286.4964625635,13.02,-0.360000000000001,0.0299999999999976
57332,1209491,14293.170486645,13288.5472603993,13.83,0.81,1.17
57333,1209491,14306.214664503,13290.5031550815,13.19,-0.640000000000001,-1.45
57334,1209491,14319.7264251065,13292.6958176139,13.69,0.5,1.14
57335,1209491,14332.459917936,13294.9983727952,12.95,-0.74,-1.24
57336,1209491,14346.020005354,13297.4503983283,13.77,0.82,1.56
57337,1209491,14358.9896680659,13299.7956593245,13.18,-0.59,-1.41
57338,1209491,14372.0282136602,13302.1533761832,13.25,0.0700000000000003,0.66
57339,1209491,14385.5194181958,13304.5929458537,13.72,0.470000000000001,0.4
57340,1209491,14398.8531761432,13307.0040449809,13.55,-0.17,-0.640000000000001
