"V1","V2","V3","V4","V5","acceleration","jerk"
22063,121072,13503.738778758,14271.7986862052,9.04,-3.11,0
22064,121072,13501.9859712007,14266.1336561376,5.93,-3.11,0
22065,121072,13501.0637520474,14263.153066962,3.12,-2.81,0.3
22066,121072,13508.0645771544,14252.3169325399,5.39,2.27,5.08
22067,121072,13515.5943176538,14251.2859097412,7.6,2.21,-0.0599999999999996
22068,121072,13525.0956612577,14249.9849217623,9.59,1.99,-0.22
22069,121072,13536.0930454081,14248.4790858326,11.11,1.52,-0.470000000000001
22070,121072,13549.2502761755,14246.6775091528,13.27,2.16,0.640000000000001
22071,121072,13562.2787087502,14244.8935683892,13.15,-0.119999999999999,-2.28
22072,121072,13575.1188978123,14243.1354031956,12.96,-0.19,-0.0700000000000003
22073,121072,13588.2959436863,14241.3311132979,13.3,0.34,0.529999999999999
22074,121072,13601.6711406261,14239.4996912212,13.5,0.199999999999999,-0.140000000000001
22075,121072,13615.3931019309,14237.6207878314,13.85,0.35,0.15
22076,121072,13624.5972189361,14236.3604981209,9.28,-4.57,-4.92
22077,121072,13631.1924549115,14236.0395849642,6.62,-2.66,1.91
22078,121072,13634.8422727896,14236.0760466812,3.65,-2.97,-0.310000000000001
