"V1","V2","V3","V4","V5","acceleration","jerk"
43786,1211497,13486.3222707519,13276.7204152428,13.34,0.44,0
43787,1211497,13495.7812677202,13286.7411824965,13.78,0.44,0
43788,1211497,13504.8558642311,13296.3547197312,13.22,-0.559999999999999,-0.999999999999998
43789,1211497,13513.9030035666,13305.9391691074,13.18,-0.0400000000000009,0.519999999999998
43790,1211497,13522.9364143142,13315.5090745544,13.17,-0.00999999999999979,0.0300000000000011
43791,1211497,13531.9904179435,13325.1007958952,13.19,0.0199999999999996,0.0299999999999994
43792,1211497,13541.037557279,13334.6852452715,13.18,-0.00999999999999979,-0.0299999999999994
43793,1211497,13549.7895319775,13343.9570001688,12.75,-0.43,-0.42
43794,1211497,13556.3792541035,13350.9380862091,9.6,-3.15,-2.72
43795,1211497,13560.2369872647,13355.0249303286,5.62,-3.98,-0.829999999999999
43796,1211497,13561.5905322395,13357.9501426086,3.24,-2.38,1.6
43797,1211497,13568.6167393542,13361.5033019729,4.83,1.59,3.97
43798,1211497,13574.3086836756,13357.4459789833,6.99,2.16,0.57
43799,1211497,13581.3686489497,13352.4135054038,8.67,1.68,-0.48
43800,1211497,13589.5523457208,13346.5800152685,10.04,1.37,-0.31
43801,1211497,13598.9004888981,13339.9164862383,11.48,1.44,0.0700000000000021
43802,1211497,13609.4130784817,13332.4229183132,12.91,1.43,-0.0100000000000016
43803,1211497,13620.5526776686,13324.4824063678,13.68,0.77,-0.66
43804,1211497,13631.8307075471,13316.4432184698,13.85,0.17,-0.6
43805,1211497,13643.1373225495,13308.4099496086,13.87,0.0199999999999996,-0.15
43806,1211497,13653.9409698576,13300.9481733561,13.12,-0.75,-0.77
43807,1211497,13664.5306835556,13293.6341550492,12.88,-0.239999999999998,0.510000000000002
43808,1211497,13675.5235798265,13286.0416698448,13.36,0.479999999999999,0.719999999999997
43809,1211497,13686.7962354335,13278.2559627116,13.7,0.34,-0.139999999999999
43851,1211497,14217.3271159458,13276.887923993,13.46,-0.00571428571428568,-0.0082312925170068
43852,1211497,14232.093274779,13279.3891060724,13.76,0.299999999999999,0.305714285714285
43853,1211497,14245.4736937645,13281.3954180549,13.53,-0.23,-0.529999999999999
43854,1211497,14258.2211882748,13283.3068268838,12.89,-0.639999999999999,-0.409999999999998
43855,1211497,14271.4433761415,13285.289413078,13.37,0.479999999999999,1.12
43856,1211497,14284.2502073213,13287.2097190776,12.95,-0.42,-0.899999999999999
43857,1211497,14297.1559329504,13289.1448536949,13.05,0.100000000000001,0.520000000000001
43858,1211497,14310.0517691345,13291.0785054505,13.04,-0.0100000000000016,-0.110000000000003
43859,1211497,14323.5937069318,13293.3951253313,13.73,0.690000000000001,0.700000000000003
43860,1211497,14336.3173593495,13295.6959011036,12.94,-0.790000000000001,-1.48
43861,1211497,14349.7987234734,13298.1336913651,13.7,0.76,1.55
43862,1211497,14363.1324814207,13300.5447904924,13.54,-0.16,-0.92
43863,1211497,14376.043101662,13302.8793750348,13.13,-0.409999999999998,-0.249999999999998
43864,1211497,14388.7667540797,13305.1801508072,12.93,-0.200000000000001,0.209999999999997
43865,1211497,14401.7560976151,13307.5289706212,13.2,0.27,0.470000000000001
