"V1","V2","V3","V4","V5","acceleration","jerk"
19362,1211254,14349.6223333284,14261.3370585387,18.56,0.59,0
19363,1211254,14350.9724680765,14242.244737146,19.15,0.59,0
19364,1211254,14352.4811187534,14223.4375702279,18.87,-0.279999999999998,-0.869999999999997
19365,1211254,14354.4744794478,14204.9145193684,18.63,-0.240000000000002,0.0399999999999956
19366,1211254,14356.5320385543,14185.7949129257,19.23,0.600000000000001,0.840000000000003
19367,1211254,14358.6045772902,14166.5361101803,19.37,0.140000000000001,-0.460000000000001
19368,1211254,14360.510438018,14147.8933493418,18.74,-0.630000000000003,-0.770000000000003
19369,1211254,14362.3987853109,14129.1482234553,18.85,0.110000000000003,0.740000000000006
19370,1211254,14364.3051741384,14110.2240040094,19.02,0.169999999999998,0.0599999999999952
19371,1211254,14366.2296045006,14091.120691004,19.2,0.18,0.0100000000000016
19372,1211254,14368.1640579376,14071.9178815767,19.3,0.100000000000001,-0.0799999999999983
19373,1211254,14369.8653358258,14052.9470426535,19.05,-0.25,-0.350000000000001
19374,1211254,14371.030677644,14033.6822566841,19.3,0.25,0.5
19375,1211254,14372.1863585974,14014.5771787849,19.14,-0.16,-0.41
19376,1211254,14372.5638175338,13992.6726131428,18.67,-0.469999999999999,-0.309999999999999
19377,1211254,14372.1093732939,13973.0078634512,19.68,1.01,1.48
19378,1211254,14371.6265118493,13952.1134420708,20.9,1.22,0.210000000000001
19379,1211254,14371.1115366531,13929.8293917085,22.29,1.39,0.170000000000002
19380,1211254,14370.5688373548,13906.3456616498,23.48,1.19,-0.199999999999999
19381,1211254,14369.996565681,13881.5822732481,24.77,1.29,0.0999999999999979
19382,1211254,14373.0589509341,13827.2423546829,26.31,1.54,0.25
19383,1211254,14371.8592640671,13786.9932380049,27.51,1.2,-0.339999999999996
19384,1211254,14371.4137324698,13762.9914331671,24.01,-3.5,-4.7
19385,1211254,14372.2904950106,13743.3209632325,19.69,-4.32,-0.82
19386,1211254,14373.0020574992,13727.3568134329,15.98,-3.71,0.609999999999999
19387,1211254,14373.6178841086,13713.5405310969,13.83,-2.15,1.56
19388,1211254,14357.6066663875,13710.5699889658,13.53,-0.300000000000001,1.85
19389,1211254,14331.1900004075,13712.0385248621,13.59,0.0600000000000005,0.360000000000001
19390,1211254,14318.2300023855,13712.0313646422,12.95,-0.640000000000001,-0.700000000000001
19391,1211254,14304.6780837777,13710.8939228477,13.61,0.66,1.3
19392,1211254,14278.5254625775,13708.6186776211,13.64,0.0300000000000011,-0.629999999999999
19393,1211254,14265.3888339833,13707.4333130452,13.19,-0.450000000000001,-0.480000000000002
19394,1211254,14251.9135811494,13706.2173932035,13.53,0.34,0.790000000000001
19395,1211254,14239.0359005032,13705.0553944191,12.93,-0.6,-0.94
19396,1211254,14225.5611209503,13700.5307288208,13.83,0.9,1.5
19397,1211254,14212.051882547,13699.3641172126,13.56,-0.27,-1.17
19398,1211254,14198.5122170739,13698.457277163,13.58,0.0199999999999996,0.289999999999999
19399,1211254,14185.1222162891,13697.5604611375,13.41,-0.17,-0.19
19400,1211254,14171.2832214392,13696.6335730396,13.87,0.459999999999999,0.629999999999999
19401,1211254,14158.4115603128,13696.7203842146,12.89,-0.979999999999999,-1.44
19402,1211254,14148.021986826,13697.1859620941,10.41,-2.48,-1.5
19403,1211254,14140.409626252,13697.5270874251,7.62,-2.79,-0.31
19404,1211254,14136.4635863219,13697.7039174851,3.95,-3.67,-0.88
19405,1211254,14122.5301503124,13701.6884933721,6.03,2.08,5.75
19406,1211254,14115.8512921583,13698.1039077953,7.58,1.55,-0.53
19407,1211254,14107.4373295747,13694.4616076408,9.17,1.59,0.04
19408,1211254,14088.6201500954,13690.4997114308,11.24,2.07,0.48
19409,1211254,14075.6023996902,13688.5700030623,13.16,1.92,-0.15
19410,1211254,14060.4395031486,13689.6638616528,14.7,1.54,-0.380000000000001
19411,1211254,14043.979395825,13687.2236840172,16.65,1.95,0.41
19412,1211254,14026.2234507252,13684.5914010509,17.94,1.29,-0.659999999999997
19413,1211254,14007.7216999033,13680.3291715846,19,1.06,-0.230000000000004
19414,1211254,13990.0044155666,13673.1497899195,19.16,0.16,-0.899999999999999
19415,1211254,13976.350641014,13665.8095438675,15.51,-3.65,-3.81
19416,1211254,13966.3829522708,13659.1818684742,11.97,-3.54,0.110000000000001
19417,1211254,13959.8210986955,13654.8187872629,7.88,-4.09,-0.550000000000002
19418,1211254,13956.1071561897,13652.3493275925,4.46,-3.42,0.670000000000001
19419,1211254,13953.8005147679,13650.8156048825,2.77,-1.69,1.73
19420,1211254,13953.1759728667,13650.4003370007,0.76,-2.01,-0.32
19421,1211254,13953.0677189372,13650.3283572345,0.12,-0.64,1.37
19422,1211254,13953.0344100358,13650.3062096141,0.05,-0.07,0.57
19423,1211254,13953.0260828105,13650.3006727091,0.01,-0.04,0.03
19424,1211254,13953.0260828105,13650.3006727091,0,-0.01,0.03
19425,1211254,13953.0260828105,13650.3006727091,0,0,0.01
19426,1211254,13953.0260828105,13650.3006727091,0,0,0
19427,1211254,13953.0260828105,13650.3006727091,0,0,0
19428,1211254,13953.0260828105,13650.3006727091,0,0,0
19429,1211254,13953.0260828105,13650.3006727091,0,0,0
19430,1211254,13953.0260828105,13650.3006727091,0,0,0
19431,1211254,13953.0260828105,13650.3006727091,0,0,0
19432,1211254,13953.0260828105,13650.3006727091,0,0,0
19433,1211254,13953.0260828105,13650.3006727091,0,0,0
19434,1211254,13953.0260828105,13650.3006727091,0,0,0
19435,1211254,13953.0260828105,13650.3006727091,0,0,0
19436,1211254,13953.0260828105,13650.3006727091,0,0,0
19437,1211254,13953.0260828105,13650.3006727091,0,0,0
19438,1211254,13953.0260828105,13650.3006727091,0,0,0
19439,1211254,13953.0260828105,13650.3006727091,0,0,0
19440,1211254,13953.0260828105,13650.3006727091,0,0,0
19441,1211254,13953.0260828105,13650.3006727091,0,0,0
19442,1211254,13953.0260828105,13650.3006727091,0,0,0
19443,1211254,13953.0260828105,13650.3006727091,0,0,0
19444,1211254,13953.0260828105,13650.3006727091,0,0,0
19445,1211254,13953.0260828105,13650.3006727091,0,0,0
19446,1211254,13953.0260828105,13650.3006727091,0,0,0
19447,1211254,13953.0260828105,13650.3006727091,0,0,0
19448,1211254,13953.0260828105,13650.3006727091,0,0,0
19449,1211254,13953.0260828105,13650.3006727091,0,0,0
19450,1211254,13953.0260828105,13650.3006727091,0,0,0
19451,1211254,13953.0260828105,13650.3006727091,0,0,0
19452,1211254,13953.0260828105,13650.3006727091,0,0,0
19453,1211254,13953.0260828105,13650.3006727091,0,0,0
19454,1211254,13953.0260828105,13650.3006727091,0,0,0
19455,1211254,13953.0260828105,13650.3006727091,0,0,0
19456,1211254,13953.0260828105,13650.3006727091,0,0,0
19457,1211254,13953.0260828105,13650.3006727091,0,0,0
19458,1211254,13953.0260828105,13650.3006727091,0,0,0
19459,1211254,13953.0260828105,13650.3006727091,0,0,0
19460,1211254,13953.0260828105,13650.3006727091,0,0,0
19461,1211254,13953.0260828105,13650.3006727091,0,0,0
19462,1211254,13953.0260828105,13650.3006727091,0,0,0
19463,1211254,13953.0260828105,13650.3006727091,0,0,0
19464,1211254,13953.0260828105,13650.3006727091,0,0,0
19465,1211254,13953.0260828105,13650.3006727091,0,0,0
19466,1211254,13953.0260828105,13650.3006727091,0,0,0
19467,1211254,13953.0260828105,13650.3006727091,0,0,0
19468,1211254,13953.0260828105,13650.3006727091,0,0,0
19469,1211254,13953.0260828105,13650.3006727091,0,0,0
19470,1211254,13953.0260828105,13650.3006727091,0,0,0
19471,1211254,13953.0260828105,13650.3006727091,0,0,0
19472,1211254,13953.0260828105,13650.3006727091,0,0,0
19473,1211254,13953.0260828105,13650.3006727091,0,0,0
19474,1211254,13953.0260828105,13650.3006727091,0,0,0
19475,1211254,13953.0260828105,13650.3006727091,0,0,0
19476,1211254,13953.0260828105,13650.3006727091,0,0,0
19477,1211254,13953.0260828105,13650.3006727091,0,0,0
19478,1211254,13953.0260828105,13650.3006727091,0,0,0
19479,1211254,13953.0260828105,13650.3006727091,0,0,0
19480,1211254,13953.0260828105,13650.3006727091,0,0,0
19481,1211254,13953.0260828105,13650.3006727091,0,0,0
19482,1211254,13953.0260828105,13650.3006727091,0,0,0
19483,1211254,13953.0260828105,13650.3006727091,0,0,0
19484,1211254,13953.0260828105,13650.3006727091,0,0,0
19485,1211254,13953.0260828105,13650.3006727091,0,0,0
19486,1211254,13953.0260828105,13650.3006727091,0,0,0
19487,1211254,13953.0260828105,13650.3006727091,0,0,0
19488,1211254,13953.0260828105,13650.3006727091,0,0,0
19489,1211254,13953.0260828105,13650.3006727091,0,0,0
19490,1211254,13953.0260828105,13650.3006727091,0,0,0
19491,1211254,13952.9178288809,13650.2286929429,0.12,0.12,0.12
19492,1211254,13952.7346299232,13650.1068810309,0.22,0.1,-0.02
19493,1211254,13952.2183419516,13649.7635929153,0.62,0.4,0.3
19494,1211254,13951.8436168108,13649.5144321862,0.45,-0.17,-0.57
19495,1211254,13950.869331445,13648.8666142906,1.16,0.71,0.88
19496,1211254,13950.011627234,13648.2963130663,1.04,-0.12,-0.83
19497,1211254,13948.5293811218,13647.3107439602,1.78,0.74,0.86
19498,1211254,13946.8639360519,13646.2033629421,2,0.22,-0.52
19499,1211254,13944.8320930667,13644.8523581,2.44,0.44,0.22
19500,1211254,13943.2082841236,13643.7726616074,1.95,-0.49,-0.93
19501,1211254,13940.1022290683,13641.7073960086,3.72,1.77,2.26
19502,1211254,13937.1517484049,13639.8312619086,3.5,-0.22,-1.99
19503,1211254,13933.9519560545,13638.1816168212,3.61,0.11,0.33
19504,1211254,13929.481135076,13635.8766960464,5.02,1.41,1.3
19505,1211254,13924.1659244495,13633.1364522624,5.98,0.960000000000001,-0.449999999999999
19506,1211254,13917.8463345574,13629.8784032148,7.11,1.13,0.169999999999999
19507,1211254,13914.0214361675,13627.7892761637,4.36,-2.75,-3.88
19508,1211254,13908.6833231563,13624.6357781883,6.2,1.84,4.59
19509,1211254,13904.8819459915,13622.708717237,4.27,-1.93,-3.77
19510,1211254,13896.2130647258,13624.7451653988,6.43,2.16,4.09
19511,1211254,13895.0021108758,13633.2626864346,8.62,2.19,0.0299999999999994
19512,1211254,13894.9181726292,13658.1690795471,10.22,1.6,-0.589999999999998
19513,1211254,13895.1988406231,13670.0857747885,11.92,1.7,0.0999999999999979
19514,1211254,13895.5256587234,13683.9619266301,13.87,1.95,0.25
19515,1211254,13876.8901609579,13692.0030015562,13.79,-0.0800000000000001,-2.03
19516,1211254,13863.1903398,13692.0730032853,13.7,-0.0899999999999999,-0.00999999999999979
19517,1211254,13849.9805122456,13692.1405013029,13.22,-0.479999999999999,-0.389999999999999
19518,1211254,13836.7506849523,13692.2081015129,13.23,0.00999999999999979,0.489999999999998
19519,1211254,13823.0608636638,13692.2780521458,13.69,0.459999999999999,0.449999999999999
19520,1211254,13809.9910342818,13692.3448348173,13.07,-0.619999999999999,-1.08
19521,1211254,13796.9512045082,13692.4114642004,13.04,-0.0300000000000011,0.589999999999998
19522,1211254,13783.6113786508,13692.479626468,13.33,0.290000000000001,0.320000000000002
19523,1211254,13765.4055407797,13700.7877852735,13.35,0.0199999999999996,-0.270000000000001
19524,1211254,13759.6105036229,13713.1797158879,13.69,0.34,0.32
19525,1211254,13754.6033881848,13723.8867787433,11.82,-1.87,-2.21
19526,1211254,13752.4945013857,13732.6327027268,9,-2.82,-0.950000000000001
19527,1211254,13750.7542194593,13740.3488882363,7.92,-1.08,1.74
19528,1211254,13749.2867503759,13746.8554568011,6.67,-1.25,-0.17
19529,1211254,13747.9700257459,13753.7196449678,7,0.33,1.58
19530,1211254,13747.4005113383,13759.6825094924,5.99,-1.01,-1.34
19531,1211254,13747.1181310727,13762.639055008,2.97,-3.02,-2.01
