"V1","V2","V3","V4","V5","acceleration","jerk"
45590,1214967,13488.1275800426,13278.6329419392,13.3,0.229999999999999,0
45591,1214967,13497.4149696639,13288.4719100773,13.53,0.229999999999999,0
45592,1214967,13506.7847308118,13298.3981417909,13.65,0.120000000000001,-0.109999999999998
45593,1214967,13515.7494986206,13307.8953275917,13.06,-0.59,-0.710000000000001
45594,1214967,13524.8172308377,13317.5015928618,13.21,0.15,0.74
45595,1214967,13533.7751343527,13326.9915066978,13.06,-0.15,-0.300000000000001
45596,1214967,13542.7742236309,13336.5250523217,13.1,0.0399999999999991,0.19
45597,1214967,13551.4506910968,13345.7168156081,12.64,-0.459999999999999,-0.499999999999998
45598,1214967,13557.3814410101,13351.9997930444,8.65,-3.99,-3.53
45599,1214967,13560.9496647744,13356.4405436909,5.76,-2.89,1.1
45600,1214967,13569.1216042296,13361.1434249696,7.08,1.32,4.21
45601,1214967,13576.1327116126,13356.1457781969,8.61,1.53,0.209999999999999
45602,1214967,13584.5199829302,13350.1671763666,10.29,1.68,0.15
45603,1214967,13594.3485620374,13343.1611837364,12.07,1.78,0.100000000000001
45604,1214967,13605.1135840587,13335.4876773097,13.22,1.15,-0.630000000000001
45605,1214967,13616.1880393907,13327.5936011066,13.6,0.379999999999999,-0.770000000000001
45606,1214967,13627.417211378,13319.5892400154,13.79,0.19,-0.19
45607,1214967,13638.1822333993,13311.9157335887,13.22,-0.569999999999999,-0.759999999999998
45608,1214967,13648.9793557473,13304.3750210943,13.17,-0.0500000000000007,0.519999999999998
45609,1214967,13659.83237235,13296.8791468544,13.19,0.0199999999999996,0.0700000000000003
45610,1214967,13670.4303142638,13289.5594455496,12.88,-0.309999999999999,-0.329999999999998
45611,1214967,13681.4561233978,13281.9442283536,13.4,0.52,0.829999999999998
45653,1214967,14207.8503973213,13275.3543646984,13.55,0.00357142857142858,-0.0122959183673469
45654,1214967,14220.9105001758,13277.4678011013,13.22,-0.33,-0.333571428571429
45655,1214967,14235.2974549352,13279.8695532877,13.38,0.16,0.49
45656,1214967,14248.7866578149,13281.8921767498,13.63,0.25,0.0899999999999999
45657,1214967,14262.0484034613,13283.8806943911,13.41,-0.220000000000001,-0.470000000000001
45658,1214967,14275.0134657599,13285.824726179,13.11,-0.300000000000001,-0.0800000000000001
45659,1214967,14288.1466486223,13287.7939666172,13.28,0.17,0.470000000000001
45660,1214967,14301.2007159253,13289.7513441612,13.21,-0.0699999999999985,-0.239999999999998
45661,1214967,14314.5110068688,13291.7527308704,13.45,0.239999999999998,0.309999999999997
45662,1214967,14327.6282757572,13294.1246830008,13.33,-0.119999999999999,-0.359999999999998
45663,1214967,14340.8833104104,13296.5215468564,13.47,0.140000000000001,0.26
45664,1214967,14354.4138765932,13298.9682341627,13.75,0.279999999999999,0.139999999999999
45665,1214967,14367.5016242463,13301.3348480662,13.31,-0.44,-0.719999999999999
45666,1214967,14380.3532020169,13303.6587561549,13.06,-0.25,0.19
45667,1214967,14393.0473331993,13305.9541937004,12.9,-0.16,0.0899999999999999
