"V1","V2","V3","V4","V5","acceleration","jerk"
29462,1215333,13878.61,13615.79,0,1.79,0
29463,1215333,13876.9111547522,13615.2260631027,1.79,1.79,0
29464,1215333,13873.4470289677,13614.0761359099,3.65,1.86,0.0699999999999998
29465,1215333,13868.1511873573,13612.3181650234,5.58,1.93,0.0700000000000003
29466,1215333,13860.9411880882,13609.8239117654,7.63,2.05,0.12
29467,1215333,13852.2858276369,13606.6760814875,9.21,1.58,-0.469999999999999
29468,1215333,13844.8618837533,13603.829811493,7.96,-1.25,-2.83
29469,1215333,13838.8727608383,13600.5674800095,6.82,-1.14,0.110000000000001
29470,1215333,13824.5437581779,13591.9974112231,8.83,2.01,3.15
29471,1215333,13815.5637152553,13585.6792446293,10.98,2.15,0.140000000000001
29472,1215333,13807.7906615327,13575.2396062084,12.41,1.43,-0.720000000000001
29473,1215333,13799.3750174261,13563.7538206778,13.55,1.14,-0.289999999999999
29474,1215333,13787.5871361834,13553.7200648601,15.48,1.93,0.789999999999999
29475,1215333,13774.4923453501,13542.707460808,17.11,1.63,-0.300000000000001
29476,1215333,13763.7107316194,13533.6518986852,14.08,-3.03,-4.66
29477,1215333,13755.5862343407,13526.8280695571,10.61,-3.47,-0.440000000000001
29478,1215333,13750.6390776434,13522.0967463361,6.89,-3.72,-0.249999999999999
29479,1215333,13748.7449253474,13519.3701024137,3.33,-3.56,0.16
29480,1215333,13741.3981932755,13482.5144020992,5.78,2.45,6.01
29481,1215333,13744.1528259137,13475.7001157075,7.34,1.56,-0.890000000000001
29482,1215333,13747.5745668643,13467.235566761,9.13,1.79,0.230000000000001
29483,1215333,13751.3639893085,13457.0798343888,10.84,1.71,-0.0800000000000018
29484,1215333,13755.8471127265,13444.9839010052,12.89,2.05,0.340000000000002
29485,1215333,13760.517901776,13432.3816262242,13.45,0.559999999999999,-1.49
29486,1215333,13765.0844321413,13420.0606522196,13.14,-0.309999999999999,-0.869999999999997
29487,1215333,13769.6212103867,13407.8887144036,12.99,-0.15,0.159999999999998
29488,1215333,13774.3581772073,13395.3859928863,13.37,0.379999999999999,0.529999999999999
29489,1215333,13779.0278273715,13383.0609465438,13.17,-0.199999999999999,-0.579999999999998
29490,1215333,13783.807309975,13370.4460091265,13.5,0.33,0.529999999999999
29491,1215333,13788.7037109818,13357.5224779844,13.82,0.32,-0.00999999999999979
29492,1215333,13795.7374038281,13338.809406183,13.73,-0.0899999999999999,-0.41
29493,1215333,13799.5516645886,13327.5133276589,11.94,-1.79,-1.7
29494,1215333,13802.0418161279,13319.0208812911,8.84,-3.1,-1.31
29495,1215333,13803.4092891767,13314.3572327772,4.86,-3.98,-0.88
29496,1215333,13807.5246105961,13300.040030124,6.26,1.4,5.38
29497,1215333,13809.6807601463,13292.1078539334,8.22,1.96,0.560000000000001
29498,1215333,13812.470843968,13282.2688751965,10.23,2.01,0.0499999999999989
