"V1","V2","V3","V4","V5","acceleration","jerk"
59514,1215438,14349.0354408987,14269.6363330417,18.59,0.109999999999999,0
59515,1215438,14350.3545380664,14250.9829155891,18.7,0.109999999999999,0
59516,1215438,14351.7223078034,14231.6412169577,19.39,0.690000000000001,0.580000000000002
59517,1215438,14353.6163606733,14212.8884789977,18.85,-0.539999999999999,-1.23
59518,1215438,14355.6065114471,14194.3952559174,18.6,-0.25,0.289999999999999
59519,1215438,14357.5923823268,14175.9418032093,18.55,-0.0500000000000007,0.199999999999999
59520,1215438,14359.596333596,14156.9674230194,19.08,0.529999999999998,0.579999999999998
59521,1215438,14361.4806716589,14138.2620957016,18.8,-0.279999999999998,-0.809999999999995
59522,1215438,14363.4211389408,14118.9995884212,19.36,0.559999999999999,0.839999999999996
59523,1215438,14365.3385531506,14099.9659229112,19.14,-0.219999999999999,-0.779999999999998
59524,1215438,14367.2699996652,14080.7929624105,19.27,0.129999999999999,0.349999999999998
59525,1215438,14369.1523331132,14062.1075343771,18.78,-0.489999999999998,-0.619999999999997
59526,1215438,14370.4600828159,14043.115014581,19.04,0.259999999999998,0.749999999999996
59527,1215438,14371.5994610599,14024.2794440503,18.87,-0.169999999999998,-0.429999999999996
59528,1215438,14372.7805275985,14002.050109437,19.01,0.140000000000001,0.309999999999999
59529,1215438,14372.3101419998,13981.69554392,20.36,1.35,1.21
59530,1215438,14371.8023288633,13959.7214108126,21.98,1.62,0.270000000000003
59531,1215438,14371.2730295477,13936.8175259405,22.91,0.93,-0.690000000000001
59532,1215438,14370.7610577959,13914.6634408787,22.16,-0.75,-1.68
59533,1215438,14370.2899790947,13894.2788833693,20.39,-1.77,-1.02
59534,1215438,14373.6793838486,13863.630356219,19.23,-1.16,0.609999999999999
59535,1215438,14373.128780715,13829.4612561683,17.55,-1.68,-0.52
59536,1215438,14372.5990809358,13812.6295890452,16.84,-0.710000000000001,0.969999999999999
59537,1215438,14371.7729251344,13783.3842706195,16.49,-0.350000000000001,0.359999999999999
59538,1215438,14371.4024569718,13767.898701423,15.49,-0.999999999999998,-0.649999999999997
59539,1215438,14375.1815830675,13752.4216163547,15.41,-0.0800000000000001,0.919999999999998
59540,1215438,14375.9160972553,13735.9379732833,16.51,1.1,1.18
59541,1215438,14376.736082185,13717.5362335635,18.41,1.9,0.799999999999997
59542,1215438,14374.5957679941,13687.6832713741,19.77,1.36,-0.539999999999999
59543,1215438,14371.9097544844,13666.8053444793,21.04,1.27,-0.0899999999999999
59544,1215438,14369.0438227302,13644.5289436215,22.47,1.43,0.16
59545,1215438,14366.0247690657,13621.0623521568,23.66,1.19,-0.239999999999998
59546,1215438,14359.2649697735,13596.7380778159,25,1.34,0.149999999999999
59547,1215438,14352.1223674479,13564.8094153431,26.32,1.32,-0.0199999999999996
59548,1215438,14344.676614642,13538.2024058481,27.63,1.31,-0.0100000000000016
59549,1215438,14334.8404338062,13501.7212450834,27.67,0.0400000000000027,-1.27
59550,1215438,14331.0007398021,13474.3814125925,27.61,-0.0600000000000023,-0.100000000000005
59551,1215438,14327.4071466531,13437.3514662344,27.42,-0.189999999999998,-0.129999999999995
59552,1215438,14328.8846796328,13389.8123924207,22.84,-4.58,-4.39
59553,1215438,14329.6266193557,13370.4866291642,19.34,-3.5,1.08
59554,1215438,14330.2162581116,13355.1279434737,15.36,-3.98,-0.48
59555,1215438,14330.8608517714,13342.6355115917,12.51,-2.85,1.13
59556,1215438,14331.4576783028,13333.1843371625,9.47,-3.04,-0.19
59557,1215438,14335.1374958084,13327.0460339491,6.28,-3.19,-0.150000000000001
59558,1215438,14335.3103221156,13320.2682370306,6.78,0.5,3.69
59559,1215438,14335.4197460206,13315.5395121185,4.72,-2.06,-2.56
59560,1215438,14335.2410316775,13308.2479401257,6.85,2.13,4.19
59561,1215438,14334.6568868892,13299.4673493217,8.79,1.94,-0.19
59562,1215438,14333.9698529621,13289.140177183,10.35,1.56,-0.379999999999999
59563,1215438,14333.1840407317,13277.1659736777,12.01,1.66,0.0999999999999996
