"V1","V2","V3","V4","V5","acceleration","jerk"
36188,1219218,14215.1207283941,13276.0141744099,7.48,-2.95,0
36189,1219218,14219.5182593145,13277.1016585726,4.53,-2.95,0
36190,1219218,14228.3352857069,13278.8256185976,5.84,1.31,4.26
36191,1219218,14236.3457360974,13280.0267366359,8.1,2.26,0.95
36192,1219218,14246.3044071383,13281.5199784441,10.07,1.97,-0.289999999999999
36193,1219218,14257.6278215792,13283.2178551773,11.45,1.38,-0.590000000000002
36194,1219218,14270.5928838778,13285.1618869653,13.11,1.66,0.280000000000001
36195,1219218,14283.3601572779,13287.0762615178,12.91,-0.199999999999999,-1.86
36196,1219218,14296.671350149,13289.0721934679,13.46,0.550000000000001,0.75
36197,1219218,14310.0319902446,13291.0755397269,13.52,0.0599999999999987,-0.490000000000002
36198,1219218,14322.7671123432,13293.2456549795,12.92,-0.6,-0.659999999999998
36199,1219218,14336.2681572907,13295.6870040589,13.72,0.800000000000001,1.4
36200,1219218,14349.2673412379,13298.0376032818,13.21,-0.51,-1.31
36201,1219218,14362.3846101263,13300.4095554122,13.33,0.119999999999999,0.629999999999999
36202,1219218,14375.6199639559,13302.80286045,13.45,0.119999999999999,0
36203,1219218,14388.9045198444,13305.2050625325,13.5,0.0500000000000007,-0.0699999999999985
36204,1219218,14402.484288086,13307.6606468835,13.8,0.300000000000001,0.25
