"V1","V2","V3","V4","V5","acceleration","jerk"
33657,1219686,14340.8856868152,13281.1976166619,23.73,1.08,0
33658,1219686,14341.1457859595,13306.0020823148,24.81,1.08,0
33659,1219686,14341.2784556016,13331.6372168066,25.87,1.06,-0.019999999999996
33660,1219686,14340.2180978029,13354.5085420422,22.9,-2.97,-4.03
33661,1219686,14339.7512894795,13374.032499985,19.53,-3.37,-0.399999999999995
33662,1219686,14339.2858053644,13389.2653895513,15.24,-4.29,-0.920000000000003
33663,1219686,14338.9192824391,13401.2597907846,12,-3.24,1.05
33664,1219686,14338.6782936157,13409.1461095955,7.88,-4.12,-0.88
33665,1219686,14337.6047211652,13413.8956447107,5.09,-2.79,1.33
33666,1219686,14321.5282911718,13421.8388772569,7.44,2.35,5.14
33667,1219686,14312.2800729747,13419.8013885626,9.47,2.03,-0.32
33668,1219686,14301.4204968025,13417.4088991982,11.11,1.64,-0.390000000000001
33669,1219686,14284.0359059688,13413.4229748,12.98,1.87,0.230000000000002
33670,1219686,14270.6133640584,13411.7211320741,13.53,0.549999999999999,-1.32
33671,1219686,14257.4289160178,13410.0494772457,13.29,-0.24,-0.789999999999999
33672,1219686,14244.5908397164,13407.5671834997,13.1,-0.19,0.0500000000000007
33673,1219686,14231.3481955907,13404.2163662024,13.66,0.56,0.75
33674,1219686,14209.4027870513,13398.7074278988,13.16,-0.5,-1.06
33675,1219686,14196.442317597,13395.506063889,13.34,0.18,0.68
33676,1219686,14183.8993014659,13392.4078149747,12.93,-0.41,-0.59
33677,1219686,14170.9799227446,13389.0217717174,13.36,0.43,0.84
33678,1219686,14158.3654618133,13385.1001042899,13.21,-0.149999999999999,-0.579999999999998
33679,1219686,14149.5324744087,13382.3540464772,9.25,-3.96,-3.81
33680,1219686,14143.5928872026,13380.5075081427,6.22,-3.03,0.930000000000001
33681,1219686,14139.9928480117,13379.3883040396,3.77,-2.45,0.580000000000001
33682,1219686,14132.8986954067,13383.480634953,4.92,1.15,3.6
33683,1219686,14127.1001780835,13393.0131562551,6.38,1.46,0.31
33684,1219686,14123.4765665915,13400.5581108445,8.37,1.99,0.529999999999999
33685,1219686,14118.9264881232,13410.0321219238,10.51,2.14,0.150000000000001
33686,1219686,14114.8912125458,13420.6546352928,6.84,-3.67,-5.81
33687,1219686,14113.9242584183,13425.3358103285,4.79,-2.05,1.62
33688,1219686,14107.8808282963,13441.007665555,6.76,1.97,4.02
33689,1219686,14106.6845776365,13449.6452221747,8.72,1.96,-0.0099999999999989
33690,1219686,14105.1796613822,13460.5115061332,10.97,2.25,0.289999999999999
33691,1219686,14103.614738538,13472.588015119,12.18,1.21,-1.04
33692,1219686,14102.5026735742,13486.1826063786,13.64,1.46,0.250000000000002
33693,1219686,14101.4476793931,13499.0795279988,12.94,-0.700000000000001,-2.16
33694,1219686,14100.6221600538,13512.1419100404,13.1,0.16,0.860000000000001
33695,1219686,14099.9445902867,13525.614882957,13.49,0.390000000000001,0.23
33696,1219686,14099.2851024407,13538.7283102657,13.13,-0.359999999999999,-0.75
33697,1219686,14098.6177705898,13551.9715071961,13.26,0.129999999999999,0.489999999999998
33698,1219686,14083.7023377705,13555.0430789055,13.73,0.470000000000001,0.340000000000002
33699,1219686,14070.118276926,13552.6687598506,13.79,0.0599999999999987,-0.410000000000002
33700,1219686,14056.9971971256,13550.3753639252,13.32,-0.469999999999999,-0.529999999999998
33701,1219686,14043.7389979063,13548.2374973742,13.43,0.109999999999999,0.579999999999998
33702,1219686,14030.4772685547,13546.1825193679,13.42,-0.00999999999999979,-0.119999999999999
33703,1219686,14010.9186502409,13543.2827521731,13.61,0.19,0.199999999999999
33704,1219686,13998.1044151207,13541.5564039224,12.94,-0.67,-0.859999999999999
33705,1219686,13979.1064650922,13538.9133784904,12.96,0.0200000000000014,0.690000000000001
33706,1219686,13965.6424327111,13536.9254318007,13.61,0.649999999999999,0.629999999999997
33707,1219686,13952.2179713289,13534.943327717,13.57,-0.0399999999999991,-0.689999999999998
33708,1219686,13938.5956549522,13532.9320106032,13.76,0.19,0.229999999999999
33709,1219686,13925.1217298214,13530.942603262,13.63,-0.129999999999999,-0.319999999999999
33710,1219686,13922.4760260984,13543.2367569996,13.04,-0.590000000000002,-0.460000000000003
33711,1219686,13920.1852835755,13556.3887529962,13.36,0.32,0.910000000000002
33712,1219686,13917.8276204845,13569.9249646061,13.74,0.380000000000001,0.0600000000000005
33713,1219686,13915.6175258256,13582.6139315302,12.88,-0.859999999999999,-1.24
33714,1219686,13913.3902720468,13595.4014152781,12.98,0.0999999999999996,0.959999999999999
33715,1219686,13911.0137339237,13609.0459953944,13.85,0.869999999999999,0.77
33716,1219686,13907.8852254672,13621.8757429974,13.3,-0.549999999999999,-1.42
33717,1219686,13903.9751369595,13629.9375546958,8.95,-4.35,-3.8
33718,1219686,13901.3829577479,13635.2821039692,5.94,-3.01,1.34
33719,1219686,13899.6548382735,13638.845136818,3.96,-1.98,1.03
33720,1219686,13894.9287683169,13658.6189547869,6.2,2.24,4.22
33721,1219686,13895.1263190273,13667.0066287027,8.39,2.19,-0.0499999999999998
33722,1219686,13895.3730808206,13677.4837231767,10.48,2.09,-0.100000000000001
33723,1219686,13885.140053261,13691.9608472303,12.02,1.54,-0.550000000000001
33724,1219686,13871.5802302755,13692.0301336133,13.56,1.54,1.77635683940025e-15
33725,1219686,13858.3404031127,13692.0977849193,13.25,-0.31,-1.85
33726,1219686,13844.970577647,13692.1661004754,13.36,0.109999999999999,0.42
33727,1219686,13831.8307491788,13692.23324082,13.15,-0.209999999999999,-0.319999999999999
33728,1219686,13818.7809195357,13692.2999212992,13.04,-0.110000000000001,0.0999999999999979
33729,1219686,13805.9210874123,13692.3656309515,12.86,-0.18,-0.0699999999999985
33730,1219686,13792.5012625993,13692.4342019883,13.43,0.57,0.75
33731,1219686,13779.1314371335,13692.5025175444,13.37,-0.0600000000000005,-0.630000000000001
33732,1219686,13763.3510137176,13705.1811232472,13.72,0.350000000000001,0.410000000000002
33733,1219686,13757.6364631879,13717.4009437141,13.49,-0.23,-0.580000000000002
33734,1219686,13753.1963344256,13729.5208655871,12.98,-0.51,-0.279999999999999
33735,1219686,13750.3163988482,13742.2901283328,13.09,0.109999999999999,0.619999999999999
33736,1219686,13748.1107404911,13752.2463495593,10.2,-2.89,-3
33737,1219686,13747.5668970166,13757.940437219,5.72,-4.48,-1.59
33738,1219686,13747.2132086032,13761.6435851374,3.72,-2,2.48
33739,1219686,13747.0772477346,13763.0671070523,1.43,-2.29,-0.29
33740,1219686,13747.0230535422,13763.6345248786,0.57,-0.86,1.43
33741,1219686,13741.7417983431,13770.0105891332,1.93,1.36,2.22
33742,1219686,13737.8357293443,13769.4946191952,3.94,2.01,0.65
33743,1219686,13732.4723198816,13768.7861427066,5.4,1.46,-0.549999999999999
33744,1219686,13725.0170815895,13767.8013472918,7.52,2.12,0.659999999999999
33745,1219686,13715.4224746313,13766.775440905,9.66,2.14,0.0200000000000014
33746,1219686,13707.7813531416,13766.0036492369,7.68,-1.98,-4.12
33747,1219686,13703.7717542348,13765.5986595986,4.03,-3.65,-1.67
33748,1219686,13697.3927836397,13771.1799052731,5.98,1.95,5.6
33749,1219686,13697.4622986862,13779.5396162525,8.35,2.37,0.419999999999999
33750,1219686,13697.5428729448,13789.2292812513,9.69,1.34,-1.03
33751,1219686,13697.6411585728,13801.048872612,11.82,2.13,0.790000000000001
33752,1219686,13697.7491729813,13814.0384235237,12.99,1.17,-0.960000000000001
33753,1219686,13697.8735683278,13828.9979063289,14.95,1.96,0.789999999999999
33754,1219686,13697.9903968451,13843.0474205944,14.05,-0.899999999999999,-2.86
33755,1219686,13692.1589763796,13865.1586706585,10.62,-3.43,-2.53
33756,1219686,13688.212925835,13870.5111371621,6.65,-3.97,-0.539999999999997
33757,1219686,13685.6002545596,13874.0762276147,4.42,-2.23,1.74
33758,1219686,13657.7988216643,13902.1350749199,5.39,0.97,3.2
33759,1219686,13655.1531632179,13904.1075077795,3.3,-2.09,-3.06
33760,1219686,13642.3099989176,13909.7570036105,5.31,2.01,4.1
33761,1219686,13635.0340396587,13911.0502618457,7.39,2.08,0.0700000000000003
33762,1219686,13625.6215673292,13912.723272499,9.56,2.17,0.0900000000000007
33763,1219686,13608.3247723614,13914.731006247,11.41,1.85,-0.320000000000001
33764,1219686,13595.3856098038,13914.8782214244,12.93,1.52,-0.33
33765,1219686,13582.4151029807,13915.248024185,12.98,0.0500000000000007,-1.47
33766,1219686,13568.8252014267,13916.152996976,13.62,0.639999999999999,0.589999999999998
33767,1219686,13555.9137971603,13917.0127875718,12.94,-0.68,-1.32
33768,1219686,13542.6930779539,13917.893175933,13.26,0.32,1
33769,1219686,13529.6918725759,13918.7589465252,13.03,-0.23,-0.550000000000001
33770,1219686,13516.660733494,13919.6267104495,13.06,0.0300000000000011,0.260000000000002
33771,1219686,13503.1303360654,13920.8701851842,13.6,0.539999999999999,0.509999999999998
33772,1219686,13493.8090201206,13922.4243952909,9.45,-4.15,-4.69
33773,1219686,13487.8315413242,13923.4210633594,6.06,-3.39,0.760000000000001
33774,1219686,13484.9611678427,13923.8996613923,2.92,-3.14,0.25
33775,1219686,13480.4337891707,13924.5947545683,4.7,1.78,4.92
33776,1219686,13466.8972190821,13926.4631854467,6.89,2.19,0.409999999999999
33777,1219686,13458.1287104602,13927.6614160367,8.85,1.96,-0.23
33778,1219686,13447.5767763558,13929.1033545432,10.65,1.8,-0.159999999999999
33779,1219686,13435.2306184621,13930.8370409125,12.47,1.82,0.0199999999999996
33780,1219686,13422.3574443475,13934.218976485,13.31,0.84,-0.98
33781,1219686,13410.7319332388,13937.273136183,12.02,-1.29,-2.13
