"V1","V2","V3","V4","V5","acceleration","jerk"
72782,1221828,14394.4056982376,13322.6115452726,13.89,-0.220000000000001,0
72783,1221828,14380.9224895526,13320.3594388017,13.67,-0.220000000000001,0
72784,1221828,14368.2184860513,13318.2374833265,12.89,-0.779999999999999,-0.559999999999999
72785,1221828,14355.3468054851,13316.087520675,13.05,0.16,0.94
72786,1221828,14342.0214105082,13313.8617738995,13.51,0.459999999999999,0.299999999999999
72787,1221828,14328.8045124556,13311.6541494144,13.4,-0.109999999999999,-0.569999999999999
72788,1221828,14315.9131051759,13309.500891801,13.07,-0.33,-0.220000000000001
72789,1221828,14302.6074369125,13307.2784399874,13.5,0.43,0.76
72790,1221828,14289.6765762058,13305.1185924501,13.1,-0.4,-0.83
72791,1221828,14276.3018644451,13302.8846082697,13.56,0.460000000000001,0.860000000000001
72792,1221828,14263.0455129655,13300.6703938609,13.44,-0.120000000000001,-0.580000000000002
72793,1221828,14249.4340806426,13298.3968701375,13.81,0.370000000000001,0.490000000000002
72794,1221828,14233.9512833847,13295.7857278426,13.01,-0.800000000000001,-1.17
72795,1221828,14221.1795125535,13293.4700703043,12.98,-0.0299999999999994,0.770000000000001
72796,1221828,14208.0830356842,13291.0955401167,13.31,0.33,0.359999999999999
72797,1221828,14195.3899814682,13288.7941547358,12.9,-0.41,-0.74
72798,1221828,14182.6083710601,13286.4767131778,12.98,0.0800000000000001,0.49
72799,1221828,14169.5807712292,13284.1146711279,13.24,0.26,0.18
72800,1221828,14156.7598025134,13281.7900934913,13.03,-0.210000000000001,-0.470000000000001
72801,1221828,14143.2697425676,13279.3442025167,13.7,0.67,0.880000000000001
72802,1221828,14129.7694860527,13276.7144010806,13.77,0.0700000000000003,-0.6
72833,1221828,13737.6807777545,13279.5259417202,16.02,0.0725806451612903,8.32466181061304e-05
72834,1221828,13732.8389307304,13294.9383684983,17.16,1.14,1.06741935483871
72835,1221828,13735.6893069026,13312.769314682,18.61,1.45,0.309999999999999
72836,1221828,13751.6707682392,13324.3722769725,20.39,1.78,0.330000000000002
72837,1221828,13770.6350476527,13321.1859453209,19.69,-0.699999999999999,-2.48
72838,1221828,13784.565681069,13314.1758350637,15.62,-4.07,-3.37
72839,1221828,13795.9026690125,13307.9583110896,12.93,-2.69,1.38
72840,1221828,13809.8696199609,13291.4130647781,13.64,0.710000000000001,3.4
72841,1221828,13813.752609896,13278.5431972574,13.45,-0.190000000000001,-0.900000000000002
