"V1","V2","V3","V4","V5","acceleration","jerk"
43693,1222707,14373.2,13831.48,0,1.36,0
43694,1222707,14373.1519492112,13830.1208491174,1.36,1.36,0
43695,1222707,14373.0510872201,13826.9924783896,3.13,1.77,0.41
43696,1222707,14372.9054512356,13822.3647694359,4.63,1.5,-0.27
43697,1222707,14372.6874690818,13815.4381985829,6.93,2.3,0.8
43698,1222707,14372.013765315,13793.4513901682,9.23,2.3,8.88178419700125e-16
43699,1222707,14371.7585751733,13782.7844422452,10.67,1.44,-0.860000000000001
43700,1222707,14371.4629659745,13770.4279777346,12.36,1.69,0.25
43701,1222707,14371.6893627454,13756.807572888,13.63,1.27,-0.419999999999998
43702,1222707,14372.3661931477,13741.6226494241,15.2,1.57,0.299999999999997
43703,1222707,14376.4226894648,13724.5692546073,16.99,1.79,0.220000000000001
43704,1222707,14375.6880376208,13696.1732977029,18.25,1.26,-0.529999999999998
43705,1222707,14373.114313512,13676.1681772531,20.17,1.92,0.66
43706,1222707,14370.340254904,13654.6058907593,21.74,1.57,-0.350000000000005
43707,1222707,14367.3569296852,13631.4170104362,23.38,1.64,0.0700000000000038
43708,1222707,14364.1987902855,13606.8693291703,24.75,1.37,-0.27
43709,1222707,14359.2113386688,13580.9952407395,26.37,1.62,0.25
43710,1222707,14350.8018594288,13547.6629270507,27.55,1.18,-0.440000000000001
43711,1222707,14341.4151004782,13513.9187409455,24.94,-2.61,-3.79
43712,1222707,14336.9365363735,13493.1690606281,21.26,-3.68,-1.07
43713,1222707,14334.5226432087,13475.7656695853,17.57,-3.69,-0.0100000000000016
43714,1222707,14332.0518840778,13453.1043321273,13.57,-4,-0.309999999999999
43715,1222707,14331.2645372478,13443.7674705042,9.38,-4.19,-0.19
43716,1222707,14330.7418801205,13437.5694684449,6.21,-3.17,1.02
43717,1222707,14331.4257535254,13434.5182139306,3.14,-3.07,0.100000000000001
43718,1222707,14336.9643803013,13434.515961553,4.67,1.53,4.6
43719,1222707,14338.656714778,13440.4445654162,6.25,1.58,0.0500000000000003
43720,1222707,14339.8270465334,13448.792931938,8.43,2.18,0.6
43721,1222707,14340.4557311295,13458.4256646652,9.66,1.23,-0.949999999999999
43722,1222707,14341.1977223661,13470.0566929797,11.66,2,0.77
43723,1222707,14342.8567539635,13483.5731107727,13.61,1.95,-0.0500000000000007
43724,1222707,14345.434030702,13498.2282137956,14.88,1.27,-0.679999999999998
43725,1222707,14349.216622755,13513.8229901967,16.05,1.17,-0.100000000000001
43726,1222707,14354.0565988666,13531.0423987438,17.89,1.84,0.67
43727,1222707,14359.5581970283,13549.7293679381,19.48,1.59,-0.25
43728,1222707,14365.0885951693,13569.9586321551,20.98,1.5,-0.0899999999999999
43729,1222707,14370.1406421351,13591.9559438421,22.57,1.59,0.0899999999999999
43730,1222707,14375.2808405564,13615.2350489973,23.84,1.27,-0.32
43731,1222707,14379.1900839945,13640.072789954,25.17,1.33,0.0600000000000023
43732,1222707,14382.0064664266,13666.1612086489,26.25,1.08,-0.250000000000004
43733,1222707,14384.9173007084,13693.1245438243,27.12,0.870000000000001,-0.209999999999997
43734,1222707,14386.7068316889,13726.3785270003,27.58,0.459999999999997,-0.410000000000004
43735,1222707,14387.0820755015,13753.9959778617,27.62,0.0400000000000027,-0.419999999999995
43736,1222707,14387.4547379844,13781.4234462588,27.43,-0.190000000000001,-0.230000000000004
43737,1222707,14387.8295742186,13809.010899889,27.6,0.170000000000002,0.360000000000003
43738,1222707,14387.7078968096,13836.4367467576,27.37,-0.23,-0.400000000000002
43739,1222707,14387.2197177299,13869.1084492587,27.14,-0.23,0
43740,1222707,14386.9173050003,13896.4367760743,27.32,0.18,0.41
43741,1222707,14386.6291664171,13922.4751818657,26.05,-1.27,-1.45
43742,1222707,14386.3855100576,13944.4938337676,22.02,-4.03,-2.76
43743,1222707,14386.1731682983,13963.6826589265,19.19,-2.83,1.2
43744,1222707,14385.9557976685,13982.8689520816,19.19,0,2.83
43745,1222707,14385.743379044,14001.5377436421,18.66,-0.530000000000001,-0.530000000000001
43746,1222707,14385.5291400136,14020.3665248463,18.83,0.169999999999998,0.699999999999999
43747,1222707,14385.3143321062,14039.2453028143,18.88,0.0500000000000007,-0.119999999999997
43748,1222707,14385.0949731839,14058.5240548917,19.28,0.400000000000002,0.350000000000001
43749,1222707,14383.5572462571,14077.3277978493,18.88,-0.400000000000002,-0.800000000000004
43750,1222707,14381.9168609908,14096.1665142646,18.9,0.0199999999999996,0.420000000000002
43751,1222707,14380.2452468141,14115.3638736155,19.27,0.370000000000001,0.350000000000001
43752,1222707,14378.6135362451,14134.1029669932,18.81,-0.460000000000001,-0.830000000000002
43753,1222707,14376.9931027826,14152.712550422,18.68,-0.129999999999999,0.330000000000002
43754,1222707,14375.2848025022,14172.0371527203,19.4,0.719999999999999,0.849999999999998
43755,1222707,14373.5933457135,14190.5500421202,18.59,-0.809999999999999,-1.53
43756,1222707,14371.8327384589,14209.8197790695,19.35,0.760000000000002,1.57
43757,1222707,14370.1469030779,14228.303050243,18.56,-0.790000000000003,-1.55
43758,1222707,14368.5497120868,14246.7440122824,18.51,-0.0499999999999972,0.740000000000006
43759,1222707,14366.8791762906,14266.031804021,19.36,0.849999999999998,0.899999999999995
