"V1","V2","V3","V4","V5","acceleration","jerk"
58311,122290,14229.3,14121.82,0,1.67,0
58312,122290,14229.3080726253,14120.1500195113,1.67,1.67,0
58313,122290,14229.3251363183,14116.6200607537,3.53,1.86,0.19
58314,122290,14229.3496442287,14111.5501199885,5.07,1.54,-0.319999999999999
58315,122290,14229.3818380518,14104.8901977999,6.66,1.59,0.0499999999999994
58316,122290,14229.423264638,14096.3202979267,8.57,1.91,0.32
58317,122290,14229.4738273091,14085.860420135,10.46,1.89,-0.0199999999999996
58318,122290,14229.5358134651,14074.1607688935,11.7,1.24,-0.650000000000002
58319,122290,14230.495893126,14061.0759438261,13.12,1.42,0.180000000000001
58320,122290,14231.5123189256,14047.2231831412,13.88,0.760000000000002,-0.659999999999998
58321,122290,14232.4584949939,14034.3278486807,12.93,-0.950000000000001,-1.71
58322,122290,14235.1722017328,14021.8418663096,13,0.0700000000000003,1.02
58323,122290,14238.7637473891,14005.6615255678,13.77,0.77,0.699999999999999
58324,122290,14238.1801411243,13992.3443072498,13.33,-0.44,-1.21
58325,122290,14237.5839475502,13981.822404906,10.54,-2.79,-2.35
58326,122290,14237.131778447,13975.7792978325,6.05,-4.49,-1.7
58327,122290,14236.5041122772,13972.1185807153,3.73,-2.32,2.17
58328,122290,14231.763809286,13963.8138670878,5.05,1.32,3.64
58329,122290,14225.603066504,13961.8049747628,6.48,1.43,0.110000000000001
58330,122290,14217.8546014309,13959.2783586441,8.15,1.67,0.239999999999999
58331,122290,14208.5184140668,13956.2340187317,9.82,1.67,0
58332,122290,14195.037042692,13951.3955642423,11.77,1.95,0.279999999999999
58333,122290,14182.0948397585,13948.8118462201,13.23,1.46,-0.489999999999998
58334,122290,14169.2834048771,13947.3908507525,12.89,-0.34,-1.8
58335,122290,14155.9758833285,13945.9069470378,13.39,0.5,0.84
58336,122290,14143.1454051215,13944.4762377804,12.91,-0.48,-0.98
58337,122290,14129.7253373787,13942.1447892825,13.65,0.74,1.22
58338,122290,14116.9773635852,13939.1803604103,13.09,-0.56,-1.3
58339,122290,14104.0835083098,13935.5897597461,13.4,0.31,0.870000000000001
58340,122290,14092.6540792096,13929.6803784282,12.92,-0.48,-0.790000000000001
58341,122290,14082.2321451185,13922.1849178211,12.84,-0.0800000000000001,0.4
58342,122290,14073.3493037311,13916.2293031573,10.72,-2.12,-2.04
58343,122290,14064.7102137018,13911.9745383618,9.63,-1.09,1.03
58344,122290,14055.4433759565,13907.2994628439,10.38,0.75,1.84
58345,122290,14045.404358425,13902.6246705392,11.08,0.699999999999999,-0.0500000000000007
58346,122290,14022.9803763842,13890.0088437989,12.2,1.12,0.42
58347,122290,14010.1865543059,13889.208443813,12.91,0.710000000000001,-0.409999999999998
58348,122290,13998.1507009536,13885.8710295318,12.49,-0.42,-1.13
58349,122290,13986.5374947353,13879.3077770896,12.01,-0.48,-0.0600000000000005
58350,122290,13973.4686781296,13877.5994350496,13.18,1.17,1.65
58351,122290,13960.4619357848,13878.8025941107,13.11,-0.0700000000000003,-1.24
58352,122290,13937.8024873296,13879.0425078801,13.31,0.200000000000001,0.270000000000001
58353,122290,13924.8611440759,13878.5905039776,12.96,-0.35,-0.550000000000001
58354,122290,13911.9265136855,13876.3339055056,13.13,0.17,0.52
58355,122290,13899.1593537571,13874.1065242264,12.95,-0.180000000000001,-0.350000000000001
58356,122290,13879.9219353706,13873.2265601544,13.49,0.540000000000001,0.720000000000002
58357,122290,13866.6509159567,13871.3486570394,13.41,-0.0800000000000001,-0.620000000000001
58358,122290,13853.5229185824,13869.9718182904,13.2,-0.210000000000001,-0.130000000000001
58359,122290,13840.5714056932,13871.9387266165,12.88,-0.319999999999999,-0.109999999999998
58360,122290,13826.9633692802,13871.2135148367,13.64,0.76,1.08
58361,122290,13813.615313356,13870.985692438,13.35,-0.290000000000001,-1.05
58362,122290,13800.448129347,13871.6863273098,13.19,-0.16,0.130000000000001
58363,122290,13787.0129514197,13872.7038971085,13.48,0.290000000000001,0.450000000000001
58364,122290,13774.061913624,13874.606190465,13.09,-0.390000000000001,-0.680000000000001
58365,122290,13760.4918049664,13876.9361431887,13.77,0.68,1.07
