"V1","V2","V3","V4","V5","acceleration","jerk"
54316,1222051,13830.2175979609,14268.5532412553,11.94,1.91,0
54317,1222051,13828.6781572405,14254.7890623016,13.85,1.91,0
54318,1222051,13827.1642812397,14241.2534581609,13.62,-0.23,-2.14
54319,1222051,13825.3564037567,14228.1866521722,13.21,-0.409999999999998,-0.179999999999998
54320,1222051,13813.6820181707,14207.4919316771,13.24,0.0299999999999994,0.439999999999998
54321,1222051,13800.777137097,14210.9877784233,13.37,0.129999999999999,0.0999999999999996
54322,1222051,13788.4422223231,14214.5739165323,12.85,-0.52,-0.649999999999999
54323,1222051,13775.3989715515,14218.8937787186,13.74,0.890000000000001,1.41
54324,1222051,13762.8683376224,14223.0438646617,13.2,-0.540000000000001,-1.43
54325,1222051,13750.5275617831,14227.1310705148,13,-0.199999999999999,0.340000000000002
54326,1222051,13726.4150040396,14237.8720995076,13.38,0.380000000000001,0.58
54327,1222051,13718.4406560995,14244.1192328447,10.14,-3.24,-3.62
54328,1222051,13713.4891606856,14247.9982524587,6.29,-3.85,-0.61
54329,1222051,13710.0569635465,14250.6870482483,4.36,-1.93,1.92
54330,1222051,13706.3261760365,14260.6104805405,6.44,2.08,4.01
54331,1222051,13708.3572095014,14268.5136762906,8.17,1.73,-0.350000000000001
