"V1","V2","V3","V4","V5","acceleration","jerk"
75282,1225152,13686.1017115885,14262.7003695034,13.78,-4,0
75283,1225152,13683.3179794013,14253.3249103088,9.78,-4,0
75284,1225152,13683.68398596,14246.7532031552,6.87,-2.91,1.09
75285,1225152,13684.5609646824,14243.926100695,2.96,-3.91,-1
75286,1225152,13682.1819813025,14225.1448991463,4.52,1.56,5.47
75287,1225152,13679.2756971239,14219.9759135328,5.94,1.42,-0.139999999999999
75288,1225152,13673.4840772632,14201.7230842072,8.28,2.34,0.919999999999998
75289,1225152,13670.6945435677,14191.7353216068,10.38,2.1,-0.239999999999998
75290,1225152,13667.3616291524,14179.8020160505,12.39,2.01,-0.0900000000000016
75291,1225152,13663.6305942097,14166.44326318,13.87,1.48,-0.530000000000001
75292,1225152,13660.1389695842,14153.9417049781,12.98,-0.889999999999999,-2.37
75293,1225152,13656.8795416733,14140.8767778021,13.39,0.41,1.3
75294,1225152,13650.4938665545,14118.1732906382,13.79,0.399999999999999,-0.0100000000000016
75295,1225152,13649.1527612755,14104.4975836236,13.76,-0.0299999999999994,-0.429999999999998
75296,1225152,13648.5456986206,14081.2607804909,13.66,-0.0999999999999996,-0.0700000000000003
75297,1225152,13648.399774662,14067.7715697579,13.49,-0.17,-0.0700000000000003
75298,1225152,13648.2577448936,14054.6423379623,13.13,-0.359999999999999,-0.19
75299,1225152,13646.6087752669,14041.8103141271,13.01,-0.120000000000001,0.239999999999998
75300,1225152,13643.5082408395,14028.9281875067,13.25,0.24,0.360000000000001
75301,1225152,13640.4194065419,14016.0946726848,13.2,-0.0500000000000007,-0.290000000000001
75302,1225152,13637.3095120106,14003.1736566256,13.29,0.0899999999999999,0.140000000000001
75303,1225152,13636.7167452364,13985.12414352,13.51,0.220000000000001,0.130000000000001
75304,1225152,13640.6597128032,13970.1650691246,15.47,1.96,1.74
75305,1225152,13644.8855953021,13954.1326545496,16.58,1.11,-0.850000000000003
75306,1225152,13649.5141855421,13936.5724224216,18.16,1.58,0.470000000000004
75307,1225152,13654.5454835233,13917.4843727406,19.74,1.58,-3.5527136788005e-15
75308,1225152,13664.4142837698,13874.5699217667,20.88,1.14,-0.439999999999998
75309,1225152,13665.6989502736,13849.9320433724,22.24,1.36,0.219999999999999
75310,1225152,13667.2319513116,13830.2416292625,19.76,-2.48,-3.84
75311,1225152,13668.4234230044,13814.9379403215,15.34,-4.42,-1.94
75312,1225152,13669.4456824307,13801.8076743049,13.18,-2.16,2.26
75313,1225152,13668.6101970968,13785.8439439132,13.13,-0.0499999999999989,2.11
75314,1225152,13664.6431069452,13773.5298772642,12.99,-0.140000000000001,-0.0900000000000016
75315,1225152,13658.7981968675,13761.3252848478,13.62,0.629999999999999,0.77
75316,1225152,13640.7568325715,13756.1772225052,13.49,-0.129999999999999,-0.759999999999998
75317,1225152,13630.2298978751,13756.6588371419,10.54,-2.95,-2.82
75318,1225152,13623.8305062918,13757.1728287405,6.42,-4.12,-1.17
75319,1225152,13619.9430254235,13757.4850666275,3.89,-2.53,1.59
75320,1225152,13604.6610357806,13760.0602009914,5.19,1.3,3.83
75321,1225152,13597.6651789032,13760.3010049571,7.01,1.82,0.519999999999999
75322,1225152,13589.1901980002,13760.5927217612,8.48,1.47,-0.349999999999999
75323,1225152,13579.3760102092,13760.9305353245,9.81,1.33,-0.140000000000001
75324,1225152,13567.7027909753,13761.3284694072,11.68,1.87,0.539999999999999
75325,1225152,13554.5010082329,13761.787842475,13.21,1.53,-0.339999999999998
75326,1225152,13541.5117154336,13762.3153579494,13,-0.210000000000001,-1.74
75327,1225152,13528.5735786868,13761.8918223204,12.95,-0.0500000000000007,0.16
75328,1225152,13514.7379198378,13761.545204069,13.84,0.890000000000001,0.940000000000001
75329,1225152,13501.8719567317,13761.2228791488,12.87,-0.970000000000001,-1.86
75330,1225152,13488.3961849626,13760.885276979,13.49,0.620000000000001,1.59
75331,1225152,13475.3202877266,13760.5576926778,13.08,-0.41,-1.03
75332,1225152,13462.3043984277,13760.2305477963,13.02,-0.0600000000000005,0.35
75333,1225152,13448.85869338,13759.8906716825,13.45,0.43,0.49
75334,1225152,13435.1314518267,13759.2060756419,13.76,0.31,-0.119999999999999
75335,1225152,13411.9534201474,13755.7127796615,13.49,-0.27,-0.58
