"V1","V2","V3","V4","V5","acceleration","jerk"
70894,1225766,13410.557761375,13365.6358549124,13.69,-0.76,0
70895,1225766,13423.2527300405,13368.0367236265,12.93,-0.76,0
70896,1225766,13436.2424735202,13370.4933400662,13.22,0.290000000000001,1.05
70897,1225766,13458.0339587073,13374.6990510158,13.02,-0.200000000000001,-0.490000000000002
70898,1225766,13472.6430066995,13377.5779078655,14.88,1.86,2.06
70899,1225766,13489.2949820019,13377.4937036511,16.32,1.44,-0.420000000000002
70900,1225766,13504.7085196692,13380.5312942389,15.71,-0.609999999999999,-2.05
70901,1225766,13518.3658363037,13383.2227812524,13.93,-1.78,-1.17
70902,1225766,13529.4603316982,13388.7743215772,11.96,-1.97,-0.189999999999998
70903,1225766,13542.6565503345,13391.3747664817,13.45,1.49,3.46
70904,1225766,13557.9033337999,13394.37929539,15.54,2.09,0.600000000000001
70905,1225766,13574.3314698002,13397.6765816696,13.88,-1.66,-3.75
70906,1225766,13588.7608159444,13401.9617769897,15.07,1.19,2.85
70907,1225766,13613.0549173116,13406.9685178996,16.61,1.54,0.35
70908,1225766,13628.6905429582,13415.3736332685,17.78,1.17,-0.369999999999997
70909,1225766,13645.7009234039,13425.2904400676,19.69,1.91,0.739999999999998
70910,1225766,13663.9726118969,13435.9425712916,21.15,1.46,-0.450000000000003
70911,1225766,13680.2227518758,13445.4161688483,18.81,-2.34,-3.8
70912,1225766,13693.2021479801,13453.517388184,15.33,-3.48,-1.14
70913,1225766,13702.2868046194,13460.9693351609,11.75,-3.58,-0.100000000000001
70914,1225766,13711.5260937121,13468.5481237885,11.96,0.210000000000001,3.79
70915,1225766,13723.5716697525,13477.4207299628,8.54,-3.42,-3.63
70916,1225766,13725.5579703004,13481.2795134672,4.34,-4.2,-0.779999999999998
70917,1225766,13726.9721796767,13484.0268961926,3.1,-1.24,2.96
70918,1225766,13727.3291645678,13484.7204102786,0.77,-2.33,-1.09
70919,1225766,13727.466466449,13484.9871464656,0.31,-0.46,1.87
70920,1225766,13727.5076570133,13485.0671673217,0.09,-0.22,0.24
70921,1225766,13727.5305406602,13485.1116233528,0.05,-0.04,0.18
70922,1225766,13727.5305406602,13485.1116233528,0,-0.05,-0.01
70923,1225766,13727.5305406602,13485.1116233528,0,0,0.05
70924,1225766,13727.5305406602,13485.1116233528,0,0,0
70925,1225766,13727.5305406602,13485.1116233528,0,0,0
70926,1225766,13727.5305406602,13485.1116233528,0,0,0
70927,1225766,13727.5305406602,13485.1116233528,0,0,0
70928,1225766,13727.5305406602,13485.1116233528,0,0,0
70929,1225766,13727.5305406602,13485.1116233528,0,0,0
70930,1225766,13727.5305406602,13485.1116233528,0,0,0
70931,1225766,13727.5305406602,13485.1116233528,0,0,0
70932,1225766,13727.5305406602,13485.1116233528,0,0,0
70933,1225766,13727.5305406602,13485.1116233528,0,0,0
70934,1225766,13727.5305406602,13485.1116233528,0,0,0
70935,1225766,13727.5305406602,13485.1116233528,0,0,0
70936,1225766,13727.5305406602,13485.1116233528,0,0,0
70937,1225766,13727.5305406602,13485.1116233528,0,0,0
70938,1225766,13727.5305406602,13485.1116233528,0,0,0
70939,1225766,13727.5305406602,13485.1116233528,0,0,0
70940,1225766,13727.5305406602,13485.1116233528,0,0,0
70941,1225766,13727.5305406602,13485.1116233528,0,0,0
70942,1225766,13727.5305406602,13485.1116233528,0,0,0
70943,1225766,13727.5305406602,13485.1116233528,0,0,0
70944,1225766,13727.5305406602,13485.1116233528,0,0,0
70945,1225766,13727.5305406602,13485.1116233528,0,0,0
70946,1225766,13727.5305406602,13485.1116233528,0,0,0
70947,1225766,13727.5305406602,13485.1116233528,0,0,0
70948,1225766,13727.5305406602,13485.1116233528,0,0,0
70949,1225766,13727.5305406602,13485.1116233528,0,0,0
70950,1225766,13753.1034657952,13512.987572874,1.39,1.39,1.39
70951,1225766,13755.8032444317,13514.7607325717,3.23,1.84,0.45
70952,1225766,13760.5090505381,13517.8514103111,5.63,2.4,0.56
70953,1225766,13768.2741475133,13523.6698877175,7.47,1.84,-0.56
70954,1225766,13774.8016230826,13529.7638981123,8.92,1.45,-0.39
70955,1225766,13782.9152825249,13537.3387598572,11.1,2.18,0.73
70956,1225766,13792.4329736077,13546.0219221503,12.89,1.79,-0.389999999999999
70957,1225766,13806.3854779265,13552.5253779347,14.71,1.82,0.0299999999999994
70958,1225766,13819.1133991737,13562.2207387183,16,1.29,-0.530000000000001
70959,1225766,13833.2891214629,13573.018946791,17.82,1.82,0.530000000000001
70960,1225766,13849.3787725389,13584.3622578408,19.69,1.87,0.0500000000000007
70961,1225766,13868.0940096632,13593.6931584987,20.98,1.29,-0.580000000000002
70962,1225766,13912.1859938671,13619.0408145578,22.53,1.55,0.260000000000002
70963,1225766,13932.8257938336,13630.1968765268,23.48,0.949999999999999,-0.600000000000001
70964,1225766,13954.1903004489,13643.1505826049,25.02,1.54,0.59
70965,1225766,13975.8657454531,13657.581683875,26.04,1.02,-0.52
70966,1225766,13999.909959546,13670.6112083039,27.4,1.36,0.34
70967,1225766,14026.3159698474,13677.9335127309,27.45,0.0500000000000007,-1.31
70968,1225766,14053.3605101089,13681.942058857,27.34,-0.109999999999999,-0.16
70969,1225766,14078.4068802413,13685.6544358838,25.32,-2.02,-1.91
70970,1225766,14109.9459664043,13691.953472672,23.28,-2.04,-0.0199999999999996
70971,1225766,14129.2080674819,13706.9963339171,19.67,-3.61,-1.57
70972,1225766,14134.8344621116,13721.8942383177,15.93,-3.74,-0.130000000000003
70973,1225766,14138.35091868,13734.8815944647,13.47,-2.46,1.28
70974,1225766,14141.9300261129,13749.8907546672,15.43,1.96,4.42
70975,1225766,14148.1445647776,13774.3558998821,16.54,1.11,-0.85
70976,1225766,14152.9779155829,13791.8712537179,18.18,1.64,0.530000000000001
70977,1225766,14168.3915164738,13819.5844232488,19.6,1.42,-0.219999999999999
70978,1225766,14185.970808283,13830.3427037567,20.61,1.01,-0.410000000000004
70979,1225766,14196.4504578643,13851.85480545,17.15,-3.46,-4.47
70980,1225766,14210.528477024,13846.8913684878,13.15,-4,-0.539999999999997
70981,1225766,14235.6199765291,13832.146443373,13.18,0.0299999999999994,4.03
70982,1225766,14249.0999216006,13832.1849254334,13.47,0.290000000000001,0.260000000000002
70983,1225766,14262.2498680168,13832.2224654255,13.16,-0.31,-0.600000000000001
70984,1225766,14275.9098123548,13832.2614613413,13.65,0.49,0.800000000000001
70985,1225766,14289.3997573856,13832.2999719492,13.49,-0.16,-0.65
70986,1225766,14303.1197014792,13832.3391391502,13.73,0.24,0.4
70987,1225766,14323.1697586612,13833.9636056958,13.6,-0.130000000000001,-0.370000000000001
70988,1225766,14344.2674590822,13831.3092189039,13.65,0.0500000000000007,0.180000000000001
70989,1225766,14353.6202191389,13827.6762273221,9.65,-4,-4.05
70990,1225766,14360.7129131246,13821.687578361,9.35,-0.300000000000001,3.7
70991,1225766,14365.045275108,13815.6235781664,7.47,-1.88,-1.58
70992,1225766,14367.1975920085,13812.3473101738,3.92,-3.55,-1.67
70993,1225766,14368.2462974372,13810.7509653101,1.91,-2.01,1.54
70994,1225766,14368.3725813369,13810.5587353003,0.22,-1.69,0.32
70995,1225766,14368.4659216107,13810.4166522496,0.17,-0.05,1.64
70996,1225766,14372.0690126653,13795.7607294092,2.59,2.42,2.47
70997,1225766,14371.9563654706,13791.052076671,4.71,2.12,-0.3
70998,1225766,14371.7980375664,13784.4339702745,6.62,1.91,-0.21
70999,1225766,14371.6004864351,13776.1763329883,8.26,1.64,-0.27
71000,1225766,14371.3567762623,13765.9892477648,10.19,1.93,0.29
71001,1225766,14371.8149325964,13753.9903699822,12.01,1.82,-0.109999999999999
71002,1225766,14372.4053780657,13740.7435222761,13.26,1.25,-0.57
71003,1225766,14373.0862160164,13725.4686880811,15.29,2.03,0.779999999999999
71004,1225766,14372.7315529196,13699.0332379478,16.61,1.32,-0.709999999999999
71005,1225766,14370.4738818896,13681.4979785679,17.67,1.06,-0.259999999999998
71006,1225766,14368.0144506658,13662.3956541529,19.26,1.59,0.529999999999998
71007,1225766,14365.3749676234,13641.8948729661,20.67,1.41,-0.18
71008,1225766,14362.5784181009,13620.1741614039,21.9,1.23,-0.180000000000003
71009,1225766,14359.3053686128,13596.9237332327,23.49,1.59,0.360000000000003
71010,1225766,14352.5646476754,13566.4612289526,24.81,1.32,-0.27
71011,1225766,14345.6016825418,13541.4429535457,25.97,1.16,-0.16
71012,1225766,14335.7226137059,13505.1185761865,27.53,1.56,0.400000000000002
71013,1225766,14331.480693735,13477.8281565955,27.64,0.109999999999999,-1.45
71014,1225766,14327.6780995385,13440.5600460657,27.68,0.0399999999999991,-0.0700000000000003
71015,1225766,14328.9410731899,13388.343474531,27.52,-0.16,-0.199999999999999
71016,1225766,14330.0010418838,13360.7338137875,27.63,0.109999999999999,0.27
71017,1225766,14331.4494853303,13333.3140787334,27.46,-0.169999999999998,-0.279999999999998
71018,1225766,14331.7983574715,13306.1730129837,27.05,-0.41,-0.240000000000002
71019,1225766,14329.9603409532,13278.5240440978,27.72,0.669999999999998,1.08
