"V1","V2","V3","V4","V5","acceleration","jerk"
50685,1228655,14402.9673069822,13320.6985265351,13.73,0.0499999999999989,0
50686,1228655,14389.3755630349,13318.4285273121,13.78,0.0499999999999989,0
50687,1228655,14376.4150757006,13316.2639562098,13.14,-0.639999999999999,-0.689999999999998
50688,1228655,14362.9121022146,13314.0087828163,13.69,0.549999999999999,1.19
50689,1228655,14349.468309036,13311.7634933092,13.62,-0.0700000000000003,-0.619999999999999
50690,1228655,14336.6459090857,13309.6219846083,13,-0.619999999999999,-0.549999999999999
50691,1228655,14323.2021159071,13307.3766951011,13.63,0.630000000000001,1.25
50692,1228655,14310.3106722648,13305.2236551995,13.07,-0.56,-1.19
50693,1228655,14297.3699116997,13303.062378726,13.13,0.0600000000000005,0.620000000000001
50694,1228655,14284.1036594435,13300.8467408777,13.45,0.319999999999999,0.259999999999998
50695,1228655,14271.1333087246,13298.6805224611,13.14,-0.309999999999999,-0.629999999999997
50696,1228655,14258.0445973907,13296.4945362718,13.27,0.129999999999999,0.439999999999998
50697,1228655,14244.7191648271,13294.2690145372,13.51,0.24,0.110000000000001
50698,1228655,14228.4605307909,13291.4426195538,13.21,-0.299999999999999,-0.539999999999999
50699,1228655,14215.787373696,13289.143600361,12.88,-0.33,-0.0300000000000011
50700,1228655,14202.5632097709,13286.7446238119,13.44,0.559999999999999,0.889999999999999
50701,1228655,14189.5259945918,13284.3795613659,13.25,-0.19,-0.749999999999998
50702,1228655,14176.1148819208,13281.9466707138,13.63,0.380000000000001,0.57
50703,1228655,14162.5463387268,13279.4852208171,13.79,0.159999999999998,-0.220000000000002
50704,1228655,14149.2139413173,13277.0666097874,13.55,-0.239999999999998,-0.399999999999997
50737,1228655,13730.6930269357,13278.3033434584,13.46,-0.00272727272727272,0.00719008264462805
50738,1228655,13719.7707730611,13286.3562129757,13.57,0.109999999999999,0.112727272727272
50739,1228655,13703.9454316028,13297.4782911493,13.27,-0.300000000000001,-0.41
50740,1228655,13692.3787354933,13304.763923662,13.68,0.41,0.710000000000001
50741,1228655,13681.3281831019,13311.7244474818,13.06,-0.619999999999999,-1.03
50742,1228655,13669.6768732681,13319.0633765016,13.76,0.699999999999999,1.32
50743,1228655,13658.2878659796,13326.2370863495,13.47,-0.289999999999999,-0.989999999999998
50744,1228655,13647.0340623621,13333.9015800695,13.62,0.149999999999999,0.439999999999998
50745,1228655,13636.1526726228,13341.583881635,13.31,-0.309999999999999,-0.459999999999997
50746,1228655,13625.6225589788,13349.0181809727,12.89,-0.42,-0.110000000000001
50747,1228655,13614.986245585,13356.5274577281,13.02,0.129999999999999,0.549999999999999
50748,1228655,13606.5882961466,13362.4564412186,10.28,-2.74,-2.87
50749,1228655,13590.3291078794,13375.8331022022,6.85,-3.43,-0.69
50750,1228655,13582.4792661097,13381.230550611,9.03,2.18,5.61
50751,1228655,13573.0157248514,13386.8680917162,11.03,2,-0.18
50752,1228655,13555.310136162,13393.8864518626,12.28,1.25,-0.75
50753,1228655,13541.8745092927,13395.2032398602,13.5,1.22,-0.0299999999999994
50754,1228655,13528.1900745185,13396.5444128208,13.75,0.25,-0.970000000000001
50755,1228655,13514.4857351119,13397.8875365784,13.77,0.0199999999999996,-0.23
50756,1228655,13501.4979624716,13399.1604316428,13.04,-0.73,-0.75
50757,1228655,13484.8121437102,13395.0023755491,13.59,0.550000000000001,1.28
50758,1228655,13472.0629256198,13392.6194491791,12.98,-0.609999999999999,-1.16
50759,1228655,13459.2940479796,13390.2328482889,12.99,0.00999999999999979,0.619999999999999
50760,1228655,13436.4777842835,13385.6668973153,13.78,0.789999999999999,0.779999999999999
50761,1228655,13423.033813485,13382.7820837739,13.75,-0.0299999999999994,-0.819999999999999
50762,1228655,13410.2853589767,13380.700742334,12.92,-0.83,-0.800000000000001
