"V1","V2","V3","V4","V5","acceleration","jerk"
27598,1230917,14349.1377238342,14268.1899450574,18.99,0.0200000000000031,0
27599,1230917,14350.4793937876,14249.2173247393,19.01,0.0200000000000031,0
27600,1230917,14351.8027233526,14230.5040567494,18.76,-0.25,-0.270000000000003
27601,1230917,14353.7608071004,14211.5462289354,19.07,0.309999999999999,0.559999999999999
27602,1230917,14355.760587636,14192.9635225176,18.68,-0.390000000000001,-0.699999999999999
27603,1230917,14357.8106569278,14173.9135142263,19.16,0.48,0.870000000000001
27604,1230917,14359.7546981778,14155.3953795533,18.62,-0.539999999999999,-1.02
27605,1230917,14361.6861446924,14136.2224190526,19.27,0.649999999999999,1.19
27606,1230917,14363.5744919853,14117.4772931661,18.84,-0.43,-1.08
27607,1230917,14365.49792004,14098.3839298029,19.19,0.350000000000001,0.780000000000001
27608,1230917,14367.1838012219,14081.6486316388,16.82,-2.37,-2.72
27609,1230917,14368.703299362,14066.5649740783,15.15,-1.67,0.700000000000001
27610,1230917,14369.8695624541,14052.8771703727,13.74,-1.41,0.26
27611,1230917,14370.6780560783,14039.5116012468,13.39,-0.35,1.06
27612,1230917,14371.5487415196,14025.1179114189,14.42,1.03,1.38
27613,1230917,14372.4731655215,14009.8358454504,15.32,0.9,-0.129999999999999
27614,1230917,14372.4921969368,13989.5734405936,17.01,1.69,0.790000000000001
27615,1230917,14372.0795698841,13971.7182077775,17.87,0.859999999999999,-0.830000000000002
27616,1230917,14371.638756661,13952.6433006034,19.07,1.2,0.34
27617,1230917,14371.161671071,13931.998812493,20.65,1.58,0.379999999999999
27618,1230917,14370.7215509504,13912.9538973112,19.05,-1.6,-3.18
27619,1230917,14370.3371100682,13896.3183388533,16.64,-2.41,-0.810000000000002
27620,1230917,14370.0187449626,13882.5420170053,13.78,-2.86,-0.450000000000001
27621,1230917,14363.4270033753,13860.6772761361,13.05,-0.729999999999999,2.13
27622,1230917,14352.6457468786,13853.5490095691,13.5,0.449999999999999,1.18
27623,1230917,14342.95706797,13849.4391664911,10.93,-2.57,-3.02
27624,1230917,14337.2401265172,13849.3900597103,7.65,-3.28,-0.709999999999999
27625,1230917,14332.5116225834,13849.5090157841,4.73,-2.92,0.359999999999999
27626,1230917,14329.3387413749,13849.4417536335,3.19,-1.54,1.38
27627,1230917,14328.5943220143,13849.1487693068,0.8,-2.39,-0.849999999999999
27628,1230917,14328.2872490281,13849.0279132721,0.33,-0.47,1.92
27629,1230917,14328.091838946,13848.9510048864,0.21,-0.12,0.35
27630,1230917,14328.0453127359,13848.9326933659,0.05,-0.16,-0.04
27631,1230917,14328.0360074939,13848.9290310619,0.01,-0.04,0.12
27632,1230917,14328.0360074939,13848.9290310619,0,-0.01,0.03
27633,1230917,14328.0360074939,13848.9290310619,0,0,0.01
27634,1230917,14328.0360074939,13848.9290310619,0,0,0
27635,1230917,14307.4686678376,13847.1033216468,2.45,2.45,2.45
27636,1230917,14303.6012396955,13848.0577592913,4.05,1.6,-0.850000000000001
27637,1230917,14297.8814587073,13848.0077048448,5.72,1.67,0.0700000000000003
27638,1230917,14290.3717462561,13847.9419865068,7.5,1.78,0.11
27639,1230917,14281.3020935354,13847.8626169562,9.07,1.57,-0.21
27640,1230917,14270.0425246671,13847.7640832031,11.26,2.19,0.619999999999999
27641,1230917,14257.4230078716,13847.6536483928,12.62,1.36,-0.83
27642,1230917,14243.553538937,13847.5322751108,13.87,1.25,-0.109999999999999
27643,1230917,14230.0308023311,13848.1194614496,13.55,-0.319999999999999,-1.57
27644,1230917,14218.7911229312,13851.9225942955,11.94,-1.61,-1.29
27645,1230917,14211.936154967,13856.330758594,8.15,-3.79,-2.18
27646,1230917,14208.241837703,13859.2863245939,4.84,-3.31,0.479999999999999
27647,1230917,14207.2669120649,13861.2361758703,2.19,-2.65,0.660000000000001
27648,1230917,14206.9896396356,13861.7907207287,0.62,-1.57,1.08
27649,1230917,14206.9001969165,13861.9696061669,0.2,-0.42,1.15
27650,1230917,14206.8107541974,13862.1484916051,0.2,0,0.42
27651,1230917,14206.8062820615,13862.157435877,0.01,-0.19,-0.19
27652,1230917,14206.8062820615,13862.157435877,0,-0.01,0.18
27653,1230917,14206.8062820615,13862.157435877,0,0,0.01
27654,1230917,14203.7940876528,13876.1663068881,1.83,1.83,1.83
27655,1230917,14204.7997891812,13879.6021422212,3.58,1.75,-0.0800000000000001
27656,1230917,14206.6430358094,13885.3386758409,6.04,2.46,0.71
27657,1230917,14209.5670880401,13892.8924774369,8.1,2.06,-0.4
27658,1230917,14213.1318017205,13901.8539144122,9.65,1.55,-0.509999999999999
27659,1230917,14233.7328743239,13923.2070582038,11.54,1.89,0.339999999999998
27660,1230917,14244.7820243847,13930.6569262636,13.34,1.8,-0.0899999999999981
27661,1230917,14256.0800977483,13938.5967728336,13.8,0.460000000000001,-1.34
27662,1230917,14267.0117109925,13945.8082742734,13.1,-0.700000000000001,-1.16
27663,1230917,14278.777917615,13952.8648160409,13.72,0.620000000000001,1.32
27664,1230917,14291.0280760953,13958.7922328204,13.61,-0.110000000000001,-0.730000000000002
27665,1230917,14303.6706717351,13963.6084771772,13.55,-0.0599999999999987,0.0500000000000025
27666,1230917,14318.1070089921,13965.0299782535,13.32,-0.23,-0.170000000000002
27667,1230917,14331.3993238342,13968.0622340634,13.64,0.32,0.550000000000001
27668,1230917,14344.9955049352,13970.8305775066,13.88,0.24,-0.0800000000000001
27669,1230917,14358.6445960572,13972.932579301,13.81,-0.0700000000000003,-0.31
27670,1230917,14372.0627392459,13973.9985293942,13.46,-0.35,-0.279999999999999
27671,1230917,14385.778076516,13974.8214045766,13.74,0.279999999999999,0.629999999999999
27672,1230917,14398.7747061563,13975.6011596622,13.02,-0.720000000000001,-1
