"V1","V2","V3","V4","V5","acceleration","jerk"
64388,1231381,13808.56,14085.78,0,2.57,0
64389,1231381,13808.174891007,14083.2390176971,2.57,2.57,0
64390,1231381,13807.5365391354,14079.0271170706,4.25,1.68,-0.89
64391,1231381,13806.6614276495,14073.2530561177,5.84,1.59,-0.0900000000000003
64392,1231381,13806.2113454142,14066.0931500394,7.18,1.34,-0.25
64393,1231381,13805.8204617021,14057.1817186211,8.92,1.74,0.4
64394,1231381,13805.3453898632,14046.7930962335,10.41,1.49,-0.25
64395,1231381,13804.1818770786,14035.1309935929,11.71,1.3,-0.19
64396,1231381,13802.8823564002,14022.1056588176,13.1,1.39,0.0899999999999981
64397,1231381,13801.5232702208,14008.4832880711,13.69,0.59,-0.799999999999999
64398,1231381,13800.2217640257,13995.4380520968,13.11,-0.58,-1.17
64399,1231381,13798.9460695476,13982.6515317101,12.85,-0.26,0.32
64400,1231381,13782.0951161712,13979.7398045919,13.07,0.220000000000001,0.48
64401,1231381,13768.5612660002,13977.0956916778,13.8,0.73,0.51
64402,1231381,13756.5621968784,13971.0776649258,13.61,-0.190000000000001,-0.920000000000002
64403,1231381,13747.2345768254,13961.0999405772,13.67,0.0600000000000005,0.250000000000002
64404,1231381,13737.8733691844,13952.1662184244,12.94,-0.73,-0.790000000000001
64405,1231381,13727.3114603087,13943.5973804198,13.62,0.68,1.41
64406,1231381,13716.0780620209,13937.4239731289,12.91,-0.709999999999999,-1.39
64407,1231381,13703.7947922715,13931.1072299026,13.83,0.92,1.63
64408,1231381,13695.2537964454,13926.3223066745,9.8,-4.03,-4.95
64409,1231381,13689.8011688751,13923.2675804054,6.25,-3.55,0.479999999999999
64410,1231381,13685.9537948615,13921.1121655499,4.41,-1.84,1.71
64411,1231381,13678.4288495,13924.6518704397,5.71,1.3,3.14
64412,1231381,13675.4289721538,13932.035747193,7.97,2.26,0.96
64413,1231381,13671.6800664615,13941.2632769875,9.96,1.99,-0.269999999999999
64414,1231381,13667.475721423,13951.6118219479,11.17,1.21,-0.780000000000002
64415,1231381,13662.541167846,13963.7576970089,13.11,1.94,0.73
64416,1231381,13658.4760893844,13973.7634522078,10.8,-2.31,-4.25
64417,1231381,13655.9805828844,13979.9058741494,6.63,-4.17,-1.86
64418,1231381,13654.4411226152,13983.6950907016,4.09,-2.54,1.63
64419,1231381,13653.4138632571,13993.2795707747,6.1,2.01,4.55
64420,1231381,13654.7596246148,14001.6115889196,8.44,2.34,0.33
64421,1231381,13656.440231808,14012.0167395414,10.55,2.11,-0.229999999999999
64422,1231381,13658.3632036058,14023.9224431941,12.06,1.51,-0.600000000000001
64423,1231381,13663.7381035203,14040.9630265632,13.84,1.78,0.27
64424,1231381,13664.5669505991,14056.2906327859,15.35,1.51,-0.27
64425,1231381,13665.4697729546,14072.9862403458,16.72,1.37,-0.140000000000001
64426,1231381,13666.4546700697,14091.1996304112,18.24,1.52,0.15
64427,1231381,13667.524341772,14110.9807300381,19.81,1.57,0.0500000000000007
64428,1231381,13672.4830714648,14141.607287602,21.27,1.46,-0.109999999999999
64429,1231381,13679.4168899518,14163.2455973785,22.74,1.47,0.00999999999999801
64430,1231381,13686.1562559877,14186.2382602394,23.95,1.21,-0.259999999999998
