"V1","V2","V3","V4","V5","acceleration","jerk"
26411,1233932,14396.3093260914,13322.9295090977,13.83,0.0500000000000007,0
26412,1233932,14382.6189869145,13320.6428055266,13.88,0.0500000000000007,0
26413,1233932,14369.4908590727,13318.4500083702,13.31,-0.57,-0.620000000000001
26414,1233932,14355.8597000364,13316.1731896849,13.82,0.51,1.08
26415,1233932,14342.8203424054,13313.9952198571,13.23,-0.59,-1.1
26416,1233932,14329.3864505041,13311.751350791,13.62,0.389999999999999,0.979999999999999
26417,1233932,14315.7848815381,13309.4794745486,13.79,0.17,-0.219999999999999
26418,1233932,14303.0019711827,13307.3443392257,12.95,-0.84,-1.01
26419,1233932,14289.4694457139,13305.08399535,13.73,0.780000000000001,1.62
26420,1233932,14276.4498147964,13302.9093204841,13.2,-0.530000000000001,-1.31
26421,1233932,14263.1638732465,13300.6901636324,13.47,0.270000000000001,0.800000000000002
26422,1233932,14249.7497080588,13298.4495895282,13.6,0.129999999999999,-0.140000000000002
26423,1233932,14233.7938501541,13295.7571835278,13.5,-0.0999999999999996,-0.229999999999999
26424,1233932,14220.1463569778,13293.2827482384,13.88,0.380000000000001,0.48
26425,1233932,14206.9219656086,13290.885025795,13.44,-0.440000000000001,-0.820000000000002
26426,1233932,14194.1206760467,13288.5640161977,13.01,-0.43,0.0100000000000016
26427,1233932,14180.5223807549,13286.0985010067,13.82,0.81,1.24
26428,1233932,14167.3570268472,13283.7114826814,13.39,-0.43,-1.24
26429,1233932,14154.7131705158,13281.4190173988,12.85,-0.540000000000001,-0.110000000000001
26430,1233932,14141.1935918393,13278.9677743652,13.74,0.890000000000001,1.43
26431,1233932,14127.855639166,13276.2068677375,13.62,-0.120000000000001,-1.01
26463,1233932,13726.7666545424,13281.1844022618,12.84,-0.024375,0.00298828125000003
26464,1233932,13716.2167015204,13288.9839449794,13.11,0.27,0.294375
26465,1233932,13700.1547367549,13299.8659746648,13.33,0.220000000000001,-0.0499999999999989
26466,1233932,13688.7234226043,13307.0663327663,13.51,0.18,-0.0400000000000009
26467,1233932,13677.2667243363,13314.2826798198,13.55,0.0400000000000009,-0.139999999999999
26468,1233932,13665.6577213647,13321.5949605861,13.72,0.17,0.129999999999999
26469,1233932,13654.173953227,13328.8607906039,13.59,-0.130000000000001,-0.300000000000001
26470,1233932,13642.9657950271,13336.7737919161,13.72,0.130000000000001,0.260000000000002
26471,1233932,13632.1824358261,13344.3868835575,13.2,-0.520000000000001,-0.650000000000002
26472,1233932,13621.0723081644,13352.2306749456,13.6,0.4,0.920000000000002
26473,1233932,13610.2317644827,13359.8841390427,13.27,-0.33,-0.73
26474,1233932,13588.2229961456,13377.3059203731,13.88,0.610000000000001,0.940000000000001
26475,1233932,13576.9189313575,13384.6354114663,12.98,-0.9,-1.51
26476,1233932,13569.3026484206,13393.3073745949,12.9,-0.0800000000000001,0.82
26477,1233932,13583.1241885669,13396.6842240991,14.25,1.35,1.43
