"V1","V2","V3","V4","V5","acceleration","jerk"
57679,1233556,13448.56,13416.32,0,1.48,0
57680,1233556,13450.0311765423,13416.4813678453,1.48,1.48,0
57681,1233556,13453.6594159877,13416.8793358423,3.65,2.17,0.69
57682,1233556,13459.3850760441,13417.5073620511,5.77,2.12,-0.0500000000000003
57683,1233556,13467.4367854983,13418.3905239074,8.1,2.33,0.21
57684,1233556,13477.4865117431,13419.4928407427,10.1,2,-0.33
57685,1233556,13489.3950894297,13420.7990480313,11.99,1.89,-0.109999999999999
57686,1233556,13502.7748436586,13422.2666231652,13.45,1.46,-0.430000000000001
57687,1233556,13516.4528093488,13423.7669079975,13.77,0.32,-1.14
57688,1233556,13534.5324797778,13432.7475263471,13.17,-0.6,-0.92
57689,1233556,13533.4026795919,13445.8589393731,13.16,-0.00999999999999979,0.59
57690,1233556,13532.2488411043,13459.2493186338,13.43,0.27,0.279999999999999
57691,1233556,13531.140503688,13472.1116546647,12.92,-0.51,-0.779999999999999
57692,1233556,13530.014996056,13485.1732522917,13.1,0.18,0.69
57693,1233556,13528.8697426762,13498.4640007543,13.34,0.24,0.0600000000000005
57694,1233556,13527.6849978005,13512.213050888,13.8,0.460000000000001,0.220000000000001
57695,1233556,13526.5534805931,13525.3443900737,13.18,-0.620000000000001,-1.08
57696,1233556,13538.6778956829,13536.2312433153,13.37,0.19,0.81
57697,1233556,13551.4458884947,13540.231588245,13.37,0,-0.19
57698,1233556,13564.5574147455,13544.3395657737,13.75,0.380000000000001,0.380000000000001
57699,1233556,13576.4770063022,13549.7335300057,13.09,-0.66,-1.04
57700,1233556,13588.4104717997,13554.7831086877,12.96,-0.129999999999999,0.530000000000001
57701,1233556,13600.4284627515,13559.7658783475,13.01,0.0499999999999989,0.179999999999998
57702,1233556,13612.40026619,13564.7294982392,12.95,-0.0600000000000005,-0.109999999999999
57703,1233556,13624.76004474,13569.8539761829,13.38,0.430000000000001,0.490000000000002
57704,1233556,13634.5517975524,13573.9137270203,10.6,-2.78,-3.21
57705,1233556,13640.8332993566,13576.5180954819,6.8,-3.8,-1.02
57706,1233556,13644.6114379417,13578.0845465126,4.09,-2.71,1.09
57707,1233556,13645.987825837,13578.655209602,1.49,-2.6,0.11
57708,1233556,13650.9000808952,13587.0650998008,3.02,1.53,4.13
57709,1233556,13649.7002426856,13591.7952994024,4.88,1.86,0.33
57710,1233556,13648.0406304081,13598.3380959824,6.75,1.87,0.0100000000000002
57711,1233556,13645.8622356259,13606.9261223083,8.85,2.1,0.23
57712,1233556,13643.1601409695,13617.5787644438,11,2.15,0.0500000000000007
57713,1233556,13640.1162891182,13629.5787380232,12.38,1.38,-0.77
57714,1233556,13636.7134692779,13642.9938942704,13.84,1.46,0.0799999999999983
57715,1233556,13633.3426123408,13656.2830411019,13.71,-0.129999999999999,-1.59
57716,1233556,13628.2297631224,13678.5478216909,13.16,-0.550000000000001,-0.420000000000002
57717,1233556,13625.7615191613,13691.3724609353,13.06,-0.0999999999999996,0.450000000000001
57718,1233556,13623.1685400536,13704.8452059914,13.72,0.66,0.76
57719,1233556,13620.7116356513,13717.6109265256,13,-0.720000000000001,-1.38
57720,1233556,13618.1866938963,13730.7301593208,13.36,0.359999999999999,1.08
57721,1233556,13616.1588028012,13741.266788654,10.73,-2.63,-2.99
57722,1233556,13614.9473599382,13747.5612708559,6.42,-4.31,-1.68
57723,1233556,13614.2405274409,13751.2338704558,3.74,-2.68,1.63
57724,1233556,13603.6616276553,13760.0946015579,6.09,2.35,5.03
57725,1233556,13595.8262679525,13760.3643019995,7.83,1.74,-0.609999999999999
57726,1233556,13585.8521748615,13760.7076196534,9.98,2.15,0.41
57727,1233556,13573.7792667126,13761.1214848322,12.07,2.09,-0.0600000000000005
57728,1233556,13560.6659264306,13761.5374755152,13.13,1.06,-1.03
57729,1233556,13547.3369136659,13762.0787875482,13.34,0.209999999999999,-0.850000000000001
57730,1233556,13534.3283293208,13762.1364426564,13.02,-0.32,-0.529999999999999
57731,1233556,13520.9659656925,13761.7012323715,13.37,0.35,0.67
57732,1233556,13507.6701374633,13761.3681382426,13.3,-0.0699999999999985,-0.419999999999998
57733,1233556,13494.5342590473,13761.0390512611,13.14,-0.16,-0.0900000000000016
57734,1233556,13480.9885092348,13760.6996959643,13.55,0.41,0.57
57735,1233556,13467.8626276822,13760.3708594296,13.13,-0.42,-0.83
57736,1233556,13457.2560110306,13760.1029363187,10.61,-2.52,-2.1
57737,1233556,13449.6784315316,13759.9113927542,7.58,-3.03,-0.509999999999998
57738,1233556,13444.8299802691,13759.7888351964,4.86,-2.72,0.31
57739,1233556,13442.5707019489,13759.7317259014,2.26,-2.6,0.119999999999999
57740,1233556,13441.0611841331,13759.6935688061,1.51,-0.75,1.85
57741,1233556,13437.703133933,13759.4129920887,3.38,1.87,2.62
57742,1233556,13428.4629640617,13749.9413941618,5.32,1.94,0.0700000000000005
57743,1233556,13428.6845303223,13744.145627742,5.8,0.48,-1.46
57744,1233556,13428.9901389577,13736.1514671631,8,2.2,1.72
57745,1233556,13429.3568693201,13726.5584744684,9.6,1.6,-0.600000000000001
57746,1233556,13429.7682949455,13715.7963357889,10.77,1.17,-0.43
57747,1233556,13430.2568867512,13703.0156715634,12.79,2.02,0.85
57748,1233556,13430.7405124167,13690.3649124472,12.66,-0.129999999999999,-2.15
57749,1233556,13431.2550809565,13676.9047445724,13.47,0.81,0.94
57750,1233556,13431.7532230321,13663.8742628287,13.03,-0.440000000000001,-1.25
57751,1233556,13432.2509830969,13650.8537737857,13.03,0,0.440000000000001
57752,1233556,13417.3079940496,13637.4139454241,12.93,-0.0999999999999996,-0.0999999999999996
57753,1233556,13407.3167227632,13632.1352620578,11.3,-1.63,-1.53
