"V1","V2","V3","V4","V5","acceleration","jerk"
38887,1233021,14352.8415481471,14262.5643798919,19.07,-0.379999999999999,0
38888,1233021,14354.1604660951,14243.9209747457,18.69,-0.379999999999999,0
38889,1233021,14355.6460491192,14224.840720488,19.14,0.449999999999999,0.829999999999998
38890,1233021,14357.6912940654,14205.8404817234,19.1,-0.0399999999999991,-0.489999999999998
38891,1233021,14359.6766050937,14187.3970265124,18.55,-0.550000000000001,-0.510000000000002
38892,1233021,14361.6651268677,14168.923743611,18.58,0.0299999999999976,0.579999999999998
38893,1233021,14363.6048257809,14150.0834281409,18.94,0.360000000000003,0.330000000000005
38894,1233021,14365.5479312348,14130.7910347902,19.39,0.449999999999999,0.0899999999999963
38895,1233021,14367.409865187,14112.3045640087,18.58,-0.810000000000002,-1.26
38896,1233021,14369.2818203123,14093.7185966137,18.68,0.100000000000001,0.910000000000004
38897,1233021,14371.1868453086,14074.8042903942,19.01,0.330000000000002,0.23
38898,1233021,14372.8562541974,14058.0576261859,16.83,-2.18,-2.51000000000001
38899,1233021,14373.9593458325,14039.8910858206,18.2,1.37,3.55
38900,1233021,14374.9636440959,14023.3515487957,16.56,-1.64,-3.01
38901,1233021,14372.549848636,14008.5681626431,14.88,-1.68,-0.0399999999999974
38902,1233021,14372.5280072353,13991.1230268682,14.2,-0.680000000000001,0.999999999999996
38903,1233021,14372.1699042501,13975.6271641219,15.5,1.3,1.98
38904,1233021,14371.7651323597,13958.1118405532,17.52,2.02,0.719999999999999
38905,1233021,14371.3280156835,13939.1968906719,18.92,1.4,-0.619999999999997
38906,1233021,14370.8562438797,13918.78234117,20.43,1.51,0.109999999999996
38907,1233021,14370.3525893586,13896.9881600172,21.8,1.37,-0.139999999999997
38908,1233021,14373.6961792805,13862.2304569678,23.33,1.53,0.159999999999997
38909,1233021,14372.8768273164,13821.4552197279,24.17,0.840000000000003,-0.689999999999994
38910,1233021,14371.8133441916,13785.0737872071,23.63,-0.540000000000003,-1.38000000000001
38911,1233021,14371.3371437664,13764.709727138,20.37,-3.26,-2.72
38912,1233021,14372.0558307856,13748.5857360388,16.14,-4.23,-0.970000000000002
38913,1233021,14372.7014913667,13734.1001182607,14.5,-1.64,2.59
38914,1233021,14373.2986160834,13720.7034193362,13.41,-1.09,0.550000000000001
38915,1233021,14365.3706211829,13710.0705833854,12.93,-0.48,0.609999999999999
38916,1233021,14346.2988786688,13711.3775359201,12.88,-0.0499999999999989,0.430000000000001
38917,1233021,14326.5900011096,13712.035983426,13.08,0.199999999999999,0.249999999999998
38918,1233021,14312.8452789973,13711.7311935598,13.76,0.68,0.48
38919,1233021,14299.2167071937,13710.334042676,13.7,-0.0600000000000005,-0.74
38920,1233021,14273.2568677888,13708.1432736327,13.44,-0.26,-0.199999999999999
38921,1233021,14259.5226670068,13706.9039879996,13.8,0.360000000000001,0.620000000000001
38922,1233021,14246.7147031159,13705.7482800052,12.85,-0.950000000000001,-1.31
38923,1233021,14233.1199358444,13704.521575952,13.65,0.800000000000001,1.75
38924,1233021,14220.402011093,13700.0659864406,13.07,-0.58,-1.38
38925,1233021,14206.8734843299,13699.0172859777,13.57,0.5,1.08
38926,1233021,14193.6730588171,13698.1331670494,13.23,-0.34,-0.84
38927,1233021,14180.6522309302,13697.2610769501,13.05,-0.18,0.16
38928,1233021,14167.6114477516,13696.3876503142,13.07,0.0199999999999996,0.199999999999999
38929,1233021,14158.6213497775,13696.7109831228,9,-4.07,-4.09
38930,1233021,14151.6883074699,13697.0216668232,6.94,-2.06,2.01
38931,1233021,14143.4965283745,13697.3887570743,8.21,1.27,3.33
38932,1233021,14138.5714709428,13697.6094588961,4.92,-3.29,-4.56
38933,1233021,14136.1838670357,13697.7164522742,2.4,-2.52,0.770000000000001
38934,1233021,14123.7637125045,13702.3505540327,4.36,1.96,4.48
38935,1233021,14117.8778586167,13699.1915788806,6.68,2.32,0.359999999999999
38936,1233021,14110.2686465018,13695.6740615402,8.39,1.71,-0.609999999999999
38937,1233021,14092.672018449,13691.1234196121,10.21,1.82,0.109999999999999
38938,1233021,14080.4197586927,13689.2841124661,12.39,2.18,0.359999999999999
38939,1233021,14066.9074129074,13687.2810869104,13.66,1.27,-0.91
38940,1233021,14051.6343075687,13685.017052168,15.44,1.78,0.51
38941,1233021,14035.3126600242,13682.5975849886,16.5,1.06,-0.719999999999999
38942,1233021,14017.7342823096,13679.3983288526,17.88,1.38,0.319999999999999
38943,1233021,13998.184689032,13676.9739482478,19.79,1.91,0.530000000000001
38944,1233021,13979.4509108445,13667.6296777758,20.96,1.17,-0.739999999999998
38945,1233021,13960.7953840614,13655.4666051585,22.28,1.32,0.149999999999999
38946,1233021,13945.4483077425,13645.2620890767,18.43,-3.85,-5.17
38947,1233021,13931.4454520467,13636.8893948361,16.34,-2.09,1.76
38948,1233021,13920.112854139,13631.0469018184,12.75,-3.59,-1.5
38949,1233021,13911.1629627486,13626.1006288607,10.22,-2.53,1.06
38950,1233021,13906.1839937275,13623.2753491222,5.73,-4.49,-1.96
38951,1233021,13902.9197050373,13621.854779044,3.56,-2.17,2.32
38952,1233021,13874.937254266,13611.0894517146,6.02,2.46,4.63
38953,1233021,13867.3147479667,13608.5639225191,8.03,2.01,-0.45
38954,1233021,13857.9333912701,13605.220710985,9.96,1.93,-0.0799999999999983
38955,1233021,13847.2110305237,13601.3195470533,11.41,1.45,-0.480000000000002
38956,1233021,13835.4383481129,13594.9504372862,13.39,1.98,0.530000000000001
38957,1233021,13816.0217138014,13586.0014826341,15.41,2.02,0.0399999999999991
38958,1233021,13803.2184393447,13575.6629248117,16.47,1.06,-0.960000000000001
38959,1233021,13789.5563102166,13564.0512441544,17.93,1.46,0.400000000000002
38960,1233021,13774.6685158603,13551.4730753593,19.49,1.56,0.0999999999999979
38961,1233021,13760.7385605853,13539.775535189,18.19,-1.3,-2.86
38962,1233021,13749.3434130045,13530.2065743461,14.89,-3.3,-2
38963,1233021,13715.3227069341,13496.5870182943,11,-3.89,-0.59
38964,1233021,13705.2887240305,13489.6677532184,12.25,1.25,5.14
38965,1233021,13693.3806200349,13499.5158674005,13.76,1.51,0.26
38966,1233021,13687.1610137073,13511.91318151,13.87,0.109999999999999,-1.4
38967,1233021,13681.259786651,13523.6758818476,13.17,-0.699999999999999,-0.809999999999999
38968,1233021,13675.2868121533,13535.5815937393,13.32,0.15,0.85
38969,1233021,13669.1568901275,13547.800143406,13.66,0.34,0.19
38970,1233021,13663.1614945544,13559.7505464085,13.38,-0.279999999999999,-0.619999999999999
38971,1233021,13657.0091514531,13572.0137871859,13.72,0.34,0.619999999999999
38972,1233021,13650.0026609229,13590.60305647,13.4,-0.32,-0.66
38973,1233021,13646.5924650281,13604.047291813,13.88,0.48,0.800000000000001
38974,1233021,13643.3174968003,13616.9584103977,13.31,-0.57,-1.05
38975,1233021,13640.0081069845,13630.0052314299,13.46,0.15,0.720000000000001
38976,1233021,13636.6692129505,13643.1683688458,13.58,0.119999999999999,-0.0300000000000011
38977,1233021,13633.2737691648,13656.554445997,13.8,0.220000000000001,0.100000000000001
