"V1","V2","V3","V4","V5","acceleration","jerk"
71870,1233571,14403.4405330258,13324.120637831,13.42,-0.199999999999999,0
71871,1233571,14390.4011753948,13321.9426680033,13.22,-0.199999999999999,0
71872,1233571,14377.2434574827,13319.744928404,13.34,0.119999999999999,0.319999999999999
71873,1233571,14363.9279258625,13317.5208291094,13.5,0.16,0.0400000000000009
71874,1233571,14350.5630774586,13315.2884924099,13.55,0.0500000000000007,-0.109999999999999
71875,1233571,14337.5434465411,13313.1138175441,13.2,-0.350000000000001,-0.400000000000002
71876,1233571,14323.9517409318,13310.8435887826,13.78,0.58,0.930000000000001
71877,1233571,14310.7644329494,13308.6409067404,13.37,-0.41,-0.99
71878,1233571,14297.1135471996,13306.3607930932,13.84,0.470000000000001,0.880000000000001
71879,1233571,14284.1037796388,13304.1877657083,13.19,-0.65,-1.12
71880,1233571,14270.5909808835,13301.9307167945,13.7,0.51,1.16
71881,1233571,14257.3938095444,13299.7263872714,13.38,-0.319999999999999,-0.829999999999998
71882,1233571,14243.9500542865,13297.4808707243,13.63,0.25,0.569999999999999
71883,1233571,14227.9983393532,13294.7063959391,13.5,-0.130000000000001,-0.380000000000001
71884,1233571,14214.5181189843,13292.2622889842,13.7,0.199999999999999,0.33
71885,1233571,14201.6774711147,13289.9341433082,13.05,-0.649999999999999,-0.849999999999998
71886,1233571,14188.3546839765,13287.5185806681,13.55,0.5,1.15
71887,1233571,14176.0263272516,13281.9306061387,13.13,-0.42,-0.92
71888,1233571,14163.1662214108,13279.5976728429,13.08,-0.0500000000000007,0.369999999999999
71889,1233571,14149.9322180781,13277.196911341,13.45,0.369999999999999,0.42
71914,1233571,13832.7997912732,13275.0408584718,21.7,0.33,-0.00159999999999997
71915,1233571,13826.260026503,13296.9976245531,22.91,1.21,0.880000000000001
71916,1233571,13819.0686596488,13315.9005319453,20.23,-2.68,-3.89
71917,1233571,13813.203603045,13330.9908338321,16.19,-4.04,-1.36
71918,1233571,13808.1753766299,13343.9280413793,13.88,-2.31,1.73
71919,1233571,13802.5343682791,13359.5689194157,13.5,-0.380000000000001,1.93
71920,1233571,13798.3066680513,13371.851698042,12.99,-0.51,-0.129999999999999
71921,1233571,13793.8609109219,13384.7679995075,13.66,0.67,1.18
71922,1233571,13786.4014720641,13396.3024703342,13.33,-0.33,-1
71923,1233571,13781.9628285006,13409.2000686888,13.64,0.31,0.640000000000001
71924,1233571,13777.3618728894,13422.071515025,13.68,0.0399999999999991,-0.270000000000001
71925,1233571,13772.8115390408,13434.345168184,13.09,-0.59,-0.629999999999999
71926,1233571,13768.2959671009,13446.5250577588,12.99,-0.0999999999999996,0.49
71927,1233571,13763.4710141736,13459.5394432322,13.88,0.890000000000001,0.99
71928,1233571,13748.7520415686,13481.5085190769,13.04,-0.840000000000002,-1.73
71929,1233571,13711.6492351647,13490.5880991877,14.19,1.15,1.99
71930,1233571,13691.7408291713,13474.9322950788,15.55,1.36,0.210000000000001
71931,1233571,13677.8881890776,13465.3103494463,16.89,1.34,-0.0200000000000014
71932,1233571,13662.3687415219,13456.0739893643,18.06,1.17,-0.170000000000002
71933,1233571,13645.4258391925,13445.6553097163,19.89,1.83,0.660000000000004
71934,1233571,13626.9691762594,13434.3001129601,21.67,1.78,-0.0500000000000007
71935,1233571,13607.4649039396,13422.3003895768,22.89,1.22,-0.560000000000002
71936,1233571,13584.0189754497,13412.1354966543,24.61,1.72,0.5
71937,1233571,13561.375855407,13406.4410993006,23.4,-1.21,-2.93
71938,1233571,13543.0176043588,13403.1029227021,18.66,-4.74,-3.53
71939,1233571,13528.3683102601,13400.7314711618,14.85,-3.81,0.929999999999998
71940,1233571,13516.9173795629,13398.8777758877,11.59,-3.26,0.550000000000001
71941,1233571,13509.4249171499,13397.6648838937,7.59,-4,-0.74
71942,1233571,13504.834673379,13396.9218077709,4.65,-2.94,1.06
71943,1233571,13495.7530669415,13393.6851731907,6.55,1.9,4.84
71944,1233571,13487.4370773467,13392.1308511329,8.46,1.91,0.0100000000000016
71945,1233571,13477.0175159159,13390.1833554103,10.6,2.14,0.229999999999998
71946,1233571,13464.8777438715,13387.9143391675,12.35,1.75,-0.389999999999999
71947,1233571,13442.3987111033,13383.5593520387,13.51,1.16,-0.59
71948,1233571,13429.2773956039,13380.7437740223,13.42,-0.0899999999999999,-1.25
71949,1233571,13416.4504711823,13378.3161690539,13.06,-0.359999999999999,-0.27
