"V1","V2","V3","V4","V5","acceleration","jerk"
79600,1234967,14349.0883458653,14268.8882013257,19.29,-0.559999999999999,0
79601,1234967,14350.4095592317,14250.2048586044,18.73,-0.559999999999999,0
79602,1234967,14351.7695695736,14230.9728859581,19.28,0.550000000000001,1.11
79603,1234967,14353.6816290589,14212.2819808214,18.79,-0.490000000000002,-1.04
79604,1234967,14355.6846195151,14193.6694466244,18.71,-0.0799999999999983,0.410000000000004
79605,1234967,14357.6704903948,14175.2159939164,18.56,-0.150000000000002,-0.0700000000000038
79606,1234967,14359.696564344,14155.9724588003,19.35,0.790000000000003,0.940000000000005
79607,1234967,14361.6270085511,14136.8094479418,19.26,-0.0899999999999999,-0.880000000000003
79608,1234967,14363.5153558439,14118.0643220553,18.84,-0.420000000000002,-0.330000000000002
79609,1234967,14365.4077123668,14099.2793976,18.88,0.0399999999999991,0.460000000000001
79610,1234967,14367.2890435073,14080.6039192088,18.78,-0.0999999999999979,-0.139999999999997
79611,1234967,14369.2204900218,14061.4309587081,19.27,0.489999999999998,0.589999999999996
79612,1234967,14370.4981224711,14042.4861640545,18.98,-0.289999999999999,-0.779999999999998
79613,1234967,14371.6556148367,14023.3511408922,19.17,0.190000000000001,0.48
79614,1234967,14372.7613517612,14001.2203309803,18.91,-0.260000000000002,-0.450000000000003
79615,1234967,14372.2900420258,13980.82577614,20.4,1.49,1.75
79616,1234967,14371.7912392225,13959.241538934,21.59,1.19,-0.299999999999997
79617,1234967,14371.268408864,13936.6175793245,22.64,1.05,-0.140000000000001
79618,1234967,14370.7203957795,13912.9039106572,23.72,1.08,0.0299999999999976
79619,1234967,14370.1446585929,13887.9905622935,24.92,1.2,0.120000000000005
79620,1234967,14373.7792553549,13850.3906104775,26.09,1.17,-0.0300000000000047
79621,1234967,14372.0305069363,13794.1511899382,26.97,0.879999999999999,-0.289999999999999
79622,1234967,14371.366103737,13766.3791362081,27.78,0.810000000000002,-0.0699999999999967
79623,1234967,14372.470389407,13739.2849704171,27.13,-0.650000000000002,-1.46
79624,1234967,14373.087825667,13701.8003970921,27.65,0.52,1.17
79625,1234967,14369.5685149438,13674.4660221763,27.56,-0.0899999999999999,-0.609999999999999
79626,1234967,14366.0492042206,13647.1316472606,27.57,0.0100000000000016,0.100000000000001
79627,1234967,14362.5350013504,13619.8369448774,27.51,-0.0599999999999987,-0.0700000000000003
79628,1234967,14358.4378566952,13592.9370274406,27.23,-0.280000000000001,-0.220000000000002
79629,1234967,14350.7851810291,13559.8153355999,27.61,0.379999999999999,0.66
79630,1234967,14343.3480304773,13533.5483254752,27.3,-0.309999999999999,-0.689999999999998
79631,1234967,14334.1383696792,13496.9140062904,27.69,0.390000000000001,0.699999999999999
79632,1234967,14329.3265365026,13460.0805674618,27.36,-0.330000000000002,-0.720000000000002
79633,1234967,14328.1769894728,13433.89224617,26.37,-0.989999999999998,-0.659999999999997
79634,1234967,14329.00475571,13386.6846965059,22.42,-3.95,-2.96
79635,1234967,14329.7133196542,13368.2282928167,18.46,-3.96,-0.0100000000000016
79636,1234967,14330.3029584101,13352.8696071263,15.37,-3.09,0.869999999999999
79637,1234967,14330.9686208705,13340.9289109292,11.97,-3.4,-0.309999999999997
79638,1234967,14334.8512965343,13331.7671744761,9.31,-2.66,0.739999999999998
79639,1234967,14335.24149748,13322.9673596973,8.81,-0.5,2.16
79640,1234967,14335.4861273919,13312.4502252245,10.52,1.71,2.21
79641,1234967,14334.7079995582,13300.2356510171,11.77,1.25,-0.459999999999999
79642,1234967,14333.7853163131,13286.3663087245,13.9,2.13,0.880000000000001
