"V1","V2","V3","V4","V5","acceleration","jerk"
57233,1234237,13474.47,14120.73,0,1.42,0
57234,1234237,13474.731037717,14122.1258005983,1.42,1.42,0
57235,1234237,13475.3339980774,14125.3499033888,3.28,1.86,0.44
57236,1234237,13476.3174852507,14130.6087295868,5.35,2.07,0.21
57237,1234237,13477.5656867285,14137.2830155464,6.8,1.45,-0.62
57238,1234237,13479.0786025109,14145.3727612677,8.23,1.43,-0.0199999999999996
57239,1234237,13482.7635369446,14163.9284668385,9.48,1.25,-0.180000000000001
57240,1234237,13485.0656529277,14174.9199709212,11.24,1.76,0.51
57241,1234237,13487.712163822,14187.5557961846,12.91,1.67,-0.0899999999999999
57242,1234237,13490.5301167187,14201.0547973619,13.79,0.879999999999999,-0.790000000000001
57243,1234237,13493.2203163766,14214.0492471694,13.27,-0.52,-1.4
57244,1234237,13495.4429329398,14224.7406293475,10.92,-2.35,-1.83
57245,1234237,13497.3288180133,14233.4896828671,8.96,-1.96,0.390000000000001
57246,1234237,13499.0650965614,14241.5446773925,8.24,-0.720000000000001,1.24
57247,1234237,13505.4886132993,14252.6696508658,8.95,0.709999999999999,1.43
57248,1234237,13516.4265521301,14251.1719545898,11.04,2.09,1.38
57249,1234237,13528.6128426752,14249.5033255866,12.3,1.26,-0.829999999999998
57250,1234237,13541.7700734426,14247.7017489067,13.28,0.979999999999999,-0.280000000000003
57251,1234237,13555.3434214481,14245.8431946512,13.7,0.42,-0.559999999999999
57252,1234237,13568.7186183878,14244.0117725745,13.5,-0.199999999999999,-0.619999999999999
57253,1234237,13581.6479754296,14242.2413979004,13.04,-0.460000000000001,-0.260000000000002
57254,1234237,13594.3989965122,14240.4954421873,12.87,-0.17,0.290000000000001
57255,1234237,13607.605765046,14238.6870824627,13.33,0.460000000000001,0.630000000000001
57256,1234237,13620.02983687,14236.9858948449,12.54,-0.790000000000001,-1.25
57257,1234237,13633.5323381539,14236.0629604211,13.57,1.03,1.82
57258,1234237,13661.2293554136,14236.220675284,10.74,-2.83,-3.86
57259,1234237,13668.7426183931,14235.7188990388,7.53,-3.21,-0.38
57260,1234237,13674.3301712066,14235.34573211,5.6,-1.93,1.28
57261,1234237,13678.7603023658,14235.049864045,4.44,-1.16,0.770000000000001
57262,1234237,13681.5241454539,14234.8652796892,2.78,-1.66,-0.500000000000001
57263,1234237,13682.940989203,14234.770655218,1.41,-1.37,0.290000000000001
57264,1234237,13695.1425996982,14243.3912519718,3.89,2.48,3.85
57265,1234237,13698.823919406,14247.7068024276,5.7,1.81,-0.67
57266,1234237,13702.6436577782,14259.5514445042,7.13,1.43,-0.38
57267,1234237,13704.751284274,14267.744704573,8.46,1.33,-0.0999999999999988
