"V1","V2","V3","V4","V5","acceleration","jerk"
53201,1235834,14376.49,13831.37,0,1.78,0
53202,1235834,14376.4360853546,13829.5908167011,1.78,1.78,0
53203,1235834,14376.322767529,13825.9825957907,3.61,1.83,0.0499999999999998
53204,1235834,14376.1337238429,13819.9755696974,6.01,2.4,0.57
53205,1235834,14375.8704466961,13811.6097113945,8.37,2.36,-0.0400000000000005
53206,1235834,14375.1891849903,13788.4627268682,10.42,2.05,-0.309999999999999
53207,1235834,14374.8924565848,13775.9062324429,12.55,2.13,0.0800000000000001
53208,1235834,14374.76090676,13761.8622482957,14.05,1.5,-0.630000000000001
53209,1235834,14375.4669307005,13746.0179707736,15.86,1.81,0.309999999999999
53210,1235834,14376.2566447424,13728.2955569501,17.74,1.88,0.0700000000000003
53211,1235834,14376.078498492,13699.2082837503,18.92,1.18,-0.699999999999996
53212,1235834,14373.4575617942,13678.8361878634,20.53,1.61,0.429999999999996
53213,1235834,14370.6503267723,13657.0160267381,22.01,1.48,-0.129999999999999
53214,1235834,14367.6453092829,13633.6585360791,23.55,1.54,0.0599999999999987
53215,1235834,14364.4858938673,13609.1009365581,24.76,1.21,-0.329999999999998
53216,1235834,14359.7300671495,13583.3794640435,26.19,1.43,0.219999999999999
53217,1235834,14351.5698475309,13550.35554553,27.18,0.989999999999998,-0.440000000000001
53218,1235834,14341.4502091944,13514.0542672457,27.61,0.43,-0.559999999999999
53219,1235834,14336.1204563849,13487.2853871623,27.34,-0.27,-0.699999999999999
53220,1235834,14331.8947508257,13451.2409456561,27.07,-0.27,0
53221,1235834,14330.9558542371,13406.793260693,27.71,0.640000000000001,0.91
53222,1235834,14332.8784788878,13371.8657018331,27.44,-0.27,-0.91
53223,1235834,14334.0514894135,13344.4720242812,27.42,-0.0199999999999996,0.25
53224,1235834,14335.3776400375,13317.4990597924,27.01,-0.41,-0.390000000000001
53225,1235834,14334.0309226445,13290.0581480398,27.03,0.0199999999999996,0.43
