"V1","V2","V3","V4","V5","acceleration","jerk"
66814,1237419,14395.5893010483,13322.8092429877,12.71,0.969999999999999,0
66815,1237419,14382.0962290065,13320.5554890358,13.68,0.969999999999999,0
66816,1237419,14368.7708340296,13318.3297422602,13.51,-0.17,-1.14
66817,1237419,14356.076693885,13316.209434266,12.87,-0.640000000000001,-0.470000000000001
66818,1237419,14342.8302057621,13313.9968673381,13.42,0.550000000000001,1.19
66819,1237419,14331.0435066459,13308.6863100374,13.16,-0.26,-0.81
66820,1237419,14317.5799866982,13306.4377259015,13.66,0.5,0.76
66821,1237419,14303.9981061355,13304.1693739929,13.77,0.109999999999999,-0.390000000000001
66822,1237419,14290.8600778788,13301.9751512317,13.31,-0.459999999999999,-0.569999999999999
66823,1237419,14277.8798637753,13299.8072855006,13.16,-0.15,0.309999999999999
66824,1237419,14264.8503327489,13297.6311831976,13.21,0.0500000000000007,0.200000000000001
66825,1237419,14251.2684521863,13295.3628312891,13.77,0.559999999999999,0.509999999999998
66826,1237419,14238.3178282365,13293.1999075011,13.13,-0.639999999999999,-1.2
66827,1237419,14222.261703951,13290.3180992964,13.01,-0.120000000000001,0.519999999999998
66828,1237419,14209.4704739639,13287.9976606701,13,-0.00999999999999979,0.110000000000001
66829,1237419,14196.6595651615,13285.6736521382,13.02,0.0199999999999996,0.0299999999999994
66830,1237419,14183.6912258362,13283.3210843617,13.18,0.16,0.140000000000001
66831,1237419,14170.0439673808,13280.8453548427,13.87,0.69,0.529999999999999
66832,1237419,14156.2087862064,13281.6901883895,13.46,-0.409999999999998,-1.1
66833,1237419,14143.3779779137,13279.3638267331,13.04,-0.420000000000002,-0.0100000000000033
66834,1237419,14130.040131067,13276.7861734725,13.59,0.550000000000001,0.970000000000002
66858,1237419,13828.0269904457,13291.0651766246,22.75,0.381666666666667,-0.00701388888888892
66859,1237419,13820.8111502148,13311.4172489264,21.61,-1.14,-1.52166666666667
66860,1237419,13814.4461690827,13327.7938149642,17.57,-4.04,-2.9
66861,1237419,13809.4686596488,13340.6005319453,13.73,-3.84,0.199999999999999
66862,1237419,13803.6116344649,13356.4391274793,13.76,0.0299999999999994,3.87
66863,1237419,13799.1854048192,13369.2986955562,13.61,-0.15,-0.18
66864,1237419,13794.7559205929,13382.1677191978,13.61,0,0.15
66865,1237419,13790.4370921077,13394.7152536375,13.27,-0.34,-0.34
66866,1237419,13786.0206262039,13407.5464550201,13.57,0.300000000000001,0.640000000000001
66867,1237419,13781.6257100098,13420.0561756885,13.26,-0.31,-0.610000000000001
66868,1237419,13776.9640672258,13432.6298460578,13.41,0.15,0.460000000000001
66869,1237419,13772.2502807865,13445.3441615095,13.55,0.140000000000001,-0.00999999999999979
66870,1237419,13768.2943154709,13456.0144350965,11.38,-2.17,-2.31
66871,1237419,13765.3986044798,13463.8249253408,8.33,-3.05,-0.880000000000001
66872,1237419,13763.5110041579,13468.9162773247,5.43,-2.9,0.15
66873,1237419,13752.0198571602,13482.8764636412,2.9,-2.53,0.370000000000001
66874,1237419,13751.3111488989,13483.610038859,1.02,-1.88,0.65
66875,1237419,13751.1721864947,13483.7538771371,0.2,-0.82,1.06
66876,1237419,13751.1582902543,13483.7682609649,0.02,-0.18,0.64
66877,1237419,13751.1513421341,13483.7754528788,0.01,-0.01,0.17
66878,1237419,13751.1513421341,13483.7754528788,0,-0.01,0
66879,1237419,13751.1513421341,13483.7754528788,0,0,0.01
66880,1237419,13751.1513421341,13483.7754528788,0,0,0
66881,1237419,13751.1513421341,13483.7754528788,0,0,0
66882,1237419,13751.1513421341,13483.7754528788,0,0,0
66883,1237419,13751.1513421341,13483.7754528788,0,0,0
66884,1237419,13751.1513421341,13483.7754528788,0,0,0
66885,1237419,13751.1513421341,13483.7754528788,0,0,0
66886,1237419,13751.1513421341,13483.7754528788,0,0,0
66887,1237419,13751.1513421341,13483.7754528788,0,0,0
66888,1237419,13751.1513421341,13483.7754528788,0,0,0
66889,1237419,13751.1513421341,13483.7754528788,0,0,0
66890,1237419,13751.1513421341,13483.7754528788,0,0,0
66891,1237419,13751.1513421341,13483.7754528788,0,0,0
66892,1237419,13751.1513421341,13483.7754528788,0,0,0
66893,1237419,13751.1513421341,13483.7754528788,0,0,0
66894,1237419,13751.1513421341,13483.7754528788,0,0,0
66895,1237419,13751.1513421341,13483.7754528788,0,0,0
66896,1237419,13751.1513421341,13483.7754528788,0,0,0
66897,1237419,13751.1513421341,13483.7754528788,0,0,0
66898,1237419,13751.1513421341,13483.7754528788,0,0,0
66899,1237419,13751.1513421341,13483.7754528788,0,0,0
66900,1237419,13751.1513421341,13483.7754528788,0,0,0
66901,1237419,13751.1513421341,13483.7754528788,0,0,0
66902,1237419,13751.1513421341,13483.7754528788,0,0,0
66903,1237419,13751.1513421341,13483.7754528788,0,0,0
66904,1237419,13751.1513421341,13483.7754528788,0,0,0
66905,1237419,13751.1513421341,13483.7754528788,0,0,0
66906,1237419,13751.1513421341,13483.7754528788,0,0,0
66907,1237419,13751.1513421341,13483.7754528788,0,0,0
66908,1237419,13751.1513421341,13483.7754528788,0,0,0
66909,1237419,13751.1513421341,13483.7754528788,0,0,0
66910,1237419,13751.1513421341,13483.7754528788,0,0,0
66911,1237419,13751.1513421341,13483.7754528788,0,0,0
66912,1237419,13751.1513421341,13483.7754528788,0,0,0
66913,1237419,13751.1513421341,13483.7754528788,0,0,0
66914,1237419,13751.1513421341,13483.7754528788,0,0,0
66915,1237419,13751.1513421341,13483.7754528788,0,0,0
66916,1237419,13751.1513421341,13483.7754528788,0,0,0
66917,1237419,13751.1513421341,13483.7754528788,0,0,0
66918,1237419,13751.1513421341,13483.7754528788,0,0,0
66919,1237419,13751.1513421341,13483.7754528788,0,0,0
66920,1237419,13751.1513421341,13483.7754528788,0,0,0
66921,1237419,13751.1513421341,13483.7754528788,0,0,0
66922,1237419,13751.1513421341,13483.7754528788,0,0,0
66923,1237419,13751.1513421341,13483.7754528788,0,0,0
66924,1237419,13751.1513421341,13483.7754528788,0,0,0
66925,1237419,13751.1513421341,13483.7754528788,0,0,0
66926,1237419,13751.1513421341,13483.7754528788,0,0,0
66927,1237419,13751.1513421341,13483.7754528788,0,0,0
66928,1237419,13751.1513421341,13483.7754528788,0,0,0
66929,1237419,13751.1513421341,13483.7754528788,0,0,0
66930,1237419,13751.1513421341,13483.7754528788,0,0,0
66931,1237419,13751.1513421341,13483.7754528788,0,0,0
66932,1237419,13751.1513421341,13483.7754528788,0,0,0
66933,1237419,13751.1513421341,13483.7754528788,0,0,0
66934,1237419,13751.1513421341,13483.7754528788,0,0,0
66935,1237419,13751.1513421341,13483.7754528788,0,0,0
66936,1237419,13749.9354210974,13485.0340378114,1.74,1.74,1.74
66937,1237419,13747.8718293953,13487.17003624,2.98,1.24,-0.5
66938,1237419,13727.7365553895,13513.2094525951,4.53,1.55,0.31
66939,1237419,13726.4895937879,13518.8840615476,5.81,1.28,-0.270000000000001
66940,1237419,13724.9722067787,13525.7893085862,7.07,1.26,-0.0199999999999987
66941,1237419,13723.1650782613,13534.0130964313,8.42,1.35,0.089999999999999
66942,1237419,13720.6489855067,13544.3592441648,10.65,2.23,0.880000000000001
66943,1237419,13717.6282995291,13555.8074342499,11.84,1.19,-1.04
66944,1237419,13717.3539055948,13569.7983599658,13.58,1.74,0.550000000000001
66945,1237419,13713.6011675842,13584.8143939832,15.49,1.91,0.17
66946,1237419,13711.5301322964,13601.6575443072,16.97,1.48,-0.430000000000001
66947,1237419,13709.2882396483,13619.8902297197,18.36,1.39,-0.0899999999999981
66948,1237419,13707.5064414631,13634.3810956437,14.61,-3.75,-5.14
66949,1237419,13706.1670612456,13645.258759581,10.96,-3.65,0.100000000000001
66950,1237419,13703.9183231611,13651.9616005479,7.07,-3.89,-0.240000000000002
66951,1237419,13702.7446536376,13655.4599715759,3.69,-3.38,0.51
66952,1237419,13702.0385435177,13657.5646826008,2.22,-1.47,1.91
66953,1237419,13701.8763290307,13658.0481972958,0.5,-1.72,-0.25
66954,1237419,13701.8604256496,13658.0956006972,0.06,-0.44,1.28
66955,1237419,13701.8540642972,13658.1145620578,0.02,-0.04,0.4
66956,1237419,13701.8540642972,13658.1145620578,0,-0.02,0.02
66957,1237419,13701.8540642972,13658.1145620578,0,0,0.02
66958,1237419,13701.8540642972,13658.1145620578,0,0,0
66959,1237419,13701.8540642972,13658.1145620578,0,0,0
66960,1237419,13701.8540642972,13658.1145620578,0,0,0
66961,1237419,13701.8540642972,13658.1145620578,0,0,0
66962,1237419,13701.8540642972,13658.1145620578,0,0,0
66963,1237419,13701.8540642972,13658.1145620578,0,0,0
66964,1237419,13701.8540642972,13658.1145620578,0,0,0
66965,1237419,13701.8540642972,13658.1145620578,0,0,0
66966,1237419,13701.8540642972,13658.1145620578,0,0,0
66967,1237419,13701.8540642972,13658.1145620578,0,0,0
66968,1237419,13701.8540642972,13658.1145620578,0,0,0
66969,1237419,13701.8540642972,13658.1145620578,0,0,0
66970,1237419,13701.8540642972,13658.1145620578,0,0,0
66971,1237419,13701.8540642972,13658.1145620578,0,0,0
66972,1237419,13701.8540642972,13658.1145620578,0,0,0
66973,1237419,13701.8540642972,13658.1145620578,0,0,0
66974,1237419,13701.8540642972,13658.1145620578,0,0,0
66975,1237419,13701.8540642972,13658.1145620578,0,0,0
66976,1237419,13701.8540642972,13658.1145620578,0,0,0
66977,1237419,13701.8540642972,13658.1145620578,0,0,0
66978,1237419,13701.8540642972,13658.1145620578,0,0,0
66979,1237419,13701.8540642972,13658.1145620578,0,0,0
66980,1237419,13701.8540642972,13658.1145620578,0,0,0
66981,1237419,13701.8540642972,13658.1145620578,0,0,0
66982,1237419,13701.8540642972,13658.1145620578,0,0,0
66983,1237419,13701.8540642972,13658.1145620578,0,0,0
66984,1237419,13701.8540642972,13658.1145620578,0,0,0
66985,1237419,13701.8540642972,13658.1145620578,0,0,0
66986,1237419,13701.8540642972,13658.1145620578,0,0,0
66987,1237419,13701.8540642972,13658.1145620578,0,0,0
66988,1237419,13701.8540642972,13658.1145620578,0,0,0
66989,1237419,13701.8540642972,13658.1145620578,0,0,0
66990,1237419,13701.8540642972,13658.1145620578,0,0,0
66991,1237419,13701.453299094,13659.3091277747,1.26,1.26,1.26
66992,1237419,13700.7917184412,13661.2811092756,2.07,0.81,-0.45
66993,1237419,13699.6721204132,13664.6183087386,3.52,1.45,0.64
66994,1237419,13697.4214534082,13696.858631296,5.41,1.89,0.44
66995,1237419,13699.0784819474,13703.5051910393,6.85,1.44,-0.450000000000001
66996,1237419,13701.1225536489,13711.7042318904,8.45,1.6,0.16
66997,1237419,13700.9355284626,13722.1867905095,10.58,2.13,0.530000000000001
66998,1237419,13699.8988662058,13734.1017781874,11.96,1.38,-0.75
66999,1237419,13698.7321877796,13747.5111205072,13.46,1.5,0.119999999999999
67000,1237419,13697.4262938834,13775.2097659486,15.4,1.94,0.44
67001,1237419,13697.5651576726,13791.9091885987,16.7,1.3,-0.640000000000001
67002,1237419,13697.7142491541,13809.8385687255,17.93,1.23,-0.0699999999999985
67003,1237419,13697.8619270521,13827.5979547295,17.76,-0.169999999999998,-1.4
67004,1237419,13697.9811669764,13841.9374589692,14.34,-3.42,-3.25
67005,1237419,13692.7705508533,13864.3423516871,10.72,-3.62,-0.199999999999998
67006,1237419,13688.8009085376,13869.7022636605,6.66,-4.06,-0.440000000000001
67007,1237419,13686.2739663349,13873.1690272819,4.29,-2.37,1.69
67008,1237419,13658.4722619961,13901.6330011011,5.68,1.39,3.76
67009,1237419,13655.4738490902,13903.8684250086,3.74,-1.94,-3.33
67010,1237419,13642.8416657647,13909.6625030088,5.17,1.43,3.37
67011,1237419,13635.5460151411,13910.9592612662,7.41,2.24,0.81
67012,1237419,13625.9760118939,13912.6602720979,9.72,2.31,0.0700000000000003
67013,1237419,13608.9147341782,13914.724293963,11.18,1.46,-0.850000000000001
67014,1237419,13596.3355483224,13914.8674135095,12.58,1.4,-0.0599999999999987
67015,1237419,13582.4649924872,13915.2447019648,13.87,1.29,-0.110000000000001
67016,1237419,13568.8052456241,13916.1543258641,13.7,-0.17,-1.46
67017,1237419,13555.5945043191,13917.0340497812,13.24,-0.459999999999999,-0.289999999999999
67018,1237419,13541.7451773316,13917.9562981174,13.88,0.640000000000001,1.1
67019,1237419,13528.0155851595,13918.8705731249,13.76,-0.120000000000001,-0.760000000000002
67020,1237419,13514.685109039,13919.7582703707,13.36,-0.4,-0.279999999999999
67021,1237419,13502.2919108217,13921.0099818605,12.47,-0.889999999999999,-0.489999999999998
67022,1237419,13493.7103818566,13922.4408419587,8.7,-3.77,-2.88
67023,1237419,13488.0682731577,13923.3815913567,5.72,-2.98,0.790000000000002
67024,1237419,13484.3594744325,13923.9999860658,3.76,-1.96,1.02
67025,1237419,13478.7499013581,13924.8282536783,5.81,2.05,4.01
67026,1237419,13464.6183976324,13926.7745900068,7.49,1.68,-0.369999999999999
67027,1237419,13455.3445851237,13928.0418711731,9.35,1.86,0.179999999999999
67028,1237419,13444.8520985354,13929.4756860825,10.59,1.24,-0.619999999999999
67029,1237419,13433.2769136002,13931.3503023593,11.75,1.16,-0.0800000000000001
67030,1237419,13420.4134112919,13934.7296970335,13.3,1.55,0.390000000000001
67031,1237419,13409.1554288205,13937.687302598,11.64,-1.66,-3.21
