"V1","V2","V3","V4","V5","acceleration","jerk"
50781,1238968,13688.0682246724,14270.2157635134,13.42,-2.5,0
50782,1238968,13684.3170489286,14256.689722351,10.92,-2.5,0
50783,1238968,13682.8544114929,14249.4274892662,7.59,-3.33,-0.83
50784,1238968,13684.2172838317,14245.0340192267,4.59,-3,0.33
50785,1238968,13682.005545838,14224.8310990079,6.04,1.45,4.45
50786,1238968,13675.2460295973,14208.0316517128,7.3,1.26,-0.19
50787,1238968,13672.714736244,14198.9685035865,9.41,2.11,0.850000000000001
50788,1238968,13669.8552624559,14188.730324566,10.63,1.22,-0.89
50789,1238968,13666.6756782437,14177.3460088537,11.81,1.18,-0.0400000000000009
50790,1238968,13663.111423522,14164.584402831,13.25,1.44,0.26
50791,1238968,13659.5752376613,14151.7952401664,13.27,0.0199999999999996,-1.42
50792,1238968,13656.1923452952,14138.3381440873,13.79,0.52,0.5
50793,1238968,13650.1836645729,14116.1064392331,13.26,-0.529999999999999,-1.05
50794,1238968,13648.6786419454,14093.5500614329,13.03,-0.23,0.299999999999999
50795,1238968,13648.5326098149,14080.0508512851,13.5,0.470000000000001,0.700000000000001
50796,1238968,13648.3898228428,14066.8516235849,13.2,-0.300000000000001,-0.770000000000001
50797,1238968,13648.2397883501,14052.9824350848,13.87,0.67,0.970000000000001
50798,1238968,13646.1267299144,14039.8075080261,13.41,-0.459999999999999,-1.13
50799,1238968,13642.885793928,14026.3420398229,13.85,0.44,0.899999999999999
50800,1238968,13639.7454790588,14013.2946330873,13.42,-0.43,-0.869999999999999
50801,1238968,13636.6028241637,14000.2375039921,13.43,0.00999999999999979,0.44
50802,1238968,13637.4456972235,13982.3586003545,13.35,-0.0800000000000001,-0.0899999999999999
50803,1238968,13641.1388840395,13968.3471596312,14.48,1.13,1.21
50804,1238968,13645.255168862,13952.7305435041,16.15,1.67,0.539999999999997
50805,1238968,13649.7563199434,13935.6537979435,17.67,1.52,-0.149999999999995
50806,1238968,13653.146201562,13922.7930552506,13.29,-4.38,-5.90000000000001
50807,1238968,13640.6460785999,13910.0527554938,13.36,0.0700000000000003,4.45
50808,1238968,13627.9943767763,13912.3015198134,12.85,-0.51,-0.58
50809,1238968,13608.3147730086,13914.7311200145,13.83,0.98,1.49
50810,1238968,13595.3656110982,13914.8784489595,12.96,-0.869999999999999,-1.85
50811,1238968,13582.494926191,13915.2427086327,12.87,-0.0900000000000016,0.779999999999998
50812,1238968,13569.3739859975,13916.1164525534,13.15,0.280000000000001,0.370000000000003
50813,1238968,13555.663834541,13913.7221681059,13.52,0.369999999999999,0.0899999999999981
50814,1238968,13542.7722582747,13914.5787084548,12.92,-0.6,-0.969999999999999
50815,1238968,13529.721034005,13915.4458561146,13.08,0.16,0.76
50816,1238968,13516.2407557265,13916.3415109221,13.51,0.43,0.27
50817,1238968,13503.4029818294,13917.4878363618,12.91,-0.6,-1.03
50818,1238968,13493.5982262265,13919.1219622956,9.94,-2.97,-2.37
50819,1238968,13488.1040120708,13920.0376646549,5.57,-4.37,-1.4
50820,1238968,13480.6762841776,13921.225428785,7.31,1.74,6.11
50821,1238968,13471.3680194384,13917.0767018617,8.04,0.73,-1.01
50822,1238968,13470.9845204822,13912.1917397622,4.89,-3.15,-3.88
50823,1238968,13476.2020823273,13904.4025764748,6.59,1.7,4.85
50824,1238968,13484.2060435942,13903.0954024094,8.11,1.52,-0.180000000000001
50825,1238968,13493.8186925141,13901.5255040868,9.74,1.63,0.110000000000001
50826,1238968,13504.8569538234,13896.3848577469,11.73,1.99,0.359999999999999
50827,1238968,13518.2875212838,13894.9093886265,13.53,1.8,-0.190000000000001
50828,1238968,13531.1310446141,13893.8157669073,12.89,-0.639999999999999,-2.44
50829,1238968,13544.4050106376,13892.7148116572,13.32,0.43,1.07
50830,1238968,13557.5191288972,13892.0936084604,13.13,-0.19,-0.619999999999999
50831,1238968,13570.3889490908,13892.0255776945,12.86,-0.270000000000001,-0.0800000000000018
50832,1238968,13583.2587692844,13891.9575469285,12.88,0.0200000000000014,0.290000000000003
50833,1238968,13595.6975430886,13882.8186125647,13.8,0.92,0.899999999999999
50834,1238968,13597.5622413596,13869.5489932934,13.4,-0.4,-1.32
50835,1238968,13600.1423109067,13856.7441597207,13.1,-0.300000000000001,0.0999999999999996
50836,1238968,13604.7237332252,13843.8620898693,13.68,0.58,0.880000000000001
50837,1238968,13607.341229723,13831.0166581386,13.12,-0.56,-1.14
50838,1238968,13609.0859409653,13817.339387395,13.8,0.680000000000001,1.24
50839,1238968,13609.3623398769,13804.2107440253,13.14,-0.66,-1.34
50840,1238968,13609.4285607807,13790.4209030257,13.79,0.649999999999999,1.31
50841,1238968,13609.4919004269,13777.2310551082,13.18,-0.609999999999999,-1.26
50842,1238968,13609.5544237167,13764.2112052304,13.02,-0.16,0.449999999999999
50843,1238968,13593.8074635393,13760.4337911439,13.76,0.74,0.9
50844,1238968,13580.0356195719,13760.9078309506,13.78,0.0199999999999996,-0.720000000000001
50845,1238968,13566.1936662445,13761.3798751158,13.85,0.0700000000000003,0.0500000000000007
50846,1238968,13552.7224742957,13761.8600715169,13.48,-0.369999999999999,-0.44
50847,1238968,13539.1038013903,13762.3444486994,13.63,0.15,0.52
50848,1238968,13526.1243471709,13761.8304628756,12.99,-0.640000000000001,-0.790000000000001
50849,1238968,13512.6385785384,13761.4926102592,13.49,0.5,1.14
50850,1238968,13499.5826750291,13761.1655268514,13.05,-0.44,-0.94
50851,1238968,13486.4268028865,13760.8359389765,13.16,0.109999999999999,0.549999999999999
50852,1238968,13472.5711503108,13760.4888198316,13.86,0.699999999999999,0.59
50853,1238968,13459.035442628,13760.1479162058,13.55,-0.309999999999999,-1.01
50854,1238968,13448.9386678339,13759.8926932505,10.1,-3.45,-3.14
50855,1238968,13441.6609925367,13759.7087305658,7.28,-2.82,0.630000000000002
50856,1238968,13436.86598322,13759.3439191963,4.81,-2.47,0.349999999999999
50857,1238968,13428.5305799723,13748.1726861337,6.25,1.44,3.91
50858,1238968,13428.835424586,13740.1985109562,7.99,1.74,0.3
50859,1238968,13429.2090311428,13730.4256496484,9.77,1.78,0.0399999999999991
50860,1238968,13429.6342091567,13719.303773743,11.13,1.36,-0.419999999999998
50861,1238968,13430.1243290056,13706.4831387145,12.83,1.7,0.339999999999998
50862,1238968,13430.639661567,13693.0029854382,13.5,0.67,-1.03
50863,1238968,13431.1630163551,13679.3129854468,13.7,0.199999999999999,-0.470000000000001
50864,1238968,13431.6890452187,13665.5530365503,13.77,0.0700000000000003,-0.129999999999999
50865,1238968,13432.191389413,13652.4126350986,13.15,-0.619999999999999,-0.69
50866,1238968,13418.4220650072,13638.0025419764,13.22,0.0700000000000003,0.69
50867,1238968,13406.1761263066,13631.5326513019,13.86,0.639999999999999,0.569999999999999
50892,1238968,13412.5867097127,13752.4753928012,11.94,-0.0768,-0.028672
