"V1","V2","V3","V4","V5","acceleration","jerk"
56535,1239943,14403.7462970852,13324.1717097408,12.93,-0.0299999999999994,0
56536,1239943,14391.0225668704,13322.0464593037,12.9,-0.0299999999999994,0
56537,1239943,14378.0127993096,13319.8734319188,13.19,0.289999999999999,0.319999999999999
56538,1239943,14364.9043981813,13317.6839297243,13.29,0.0999999999999996,-0.19
56539,1239943,14351.5987299179,13315.4614779106,13.49,0.200000000000001,0.100000000000001
56540,1239943,14338.0859311627,13313.2044289968,13.7,0.209999999999999,0.00999999999999801
56541,1239943,14324.7210827587,13310.9720922974,13.55,-0.149999999999999,-0.359999999999998
56542,1239943,14312.0170792574,13308.8501368222,12.89,-0.66,-0.510000000000002
56543,1239943,14298.6522308535,13306.6178001228,13.55,0.66,1.32
56544,1239943,14285.632599936,13304.4431252569,13.2,-0.350000000000001,-1.01
56545,1239943,14272.7609193698,13302.2931626055,13.05,-0.149999999999999,0.200000000000003
56546,1239943,14259.3763442523,13300.0575309441,13.57,0.52,0.669999999999998
56547,1239943,14245.8931355673,13297.8054244732,13.67,0.0999999999999996,-0.42
56548,1239943,14230.251602466,13295.1149364448,13.19,-0.48,-0.58
56549,1239943,14216.6926654818,13292.6565573324,13.79,0.6,1.08
56550,1239943,14203.989771689,13290.3533879319,12.9,-0.889999999999999,-1.49
56551,1239943,14191.2868778961,13288.0502185313,12.91,0.00999999999999979,0.899999999999999
56552,1239943,14178.5544653725,13285.7416970717,12.94,0.0299999999999994,0.0199999999999996
56553,1239943,14164.9561700808,13283.2761818806,13.82,0.880000000000001,0.850000000000001
56554,1239943,14151.357874789,13280.8106666896,13.82,0,-0.880000000000001
56555,1239943,14138.7238580345,13278.5199854268,12.85,-0.970000000000001,-0.970000000000001
56556,1239943,14125.3231751039,13275.5352832127,13.73,0.880000000000001,1.85
56586,1239943,13740.6796779882,13276.3199009549,17,0.109,-0.0257
56587,1239943,13733.0914283825,13292.0895362927,18.69,1.69,1.581
56588,1239943,13734.7846353812,13311.4739500852,19.89,1.2,-0.490000000000002
56589,1239943,13750.7313942215,13324.1304579184,21,1.11,-0.0899999999999999
56590,1239943,13770.2722724976,13321.3291032297,20.27,-0.73,-1.84
56591,1239943,13784.8287202325,13314.0315769668,16.32,-3.95,-3.22
56592,1239943,13796.9635936384,13307.3764700989,13.84,-2.48,1.47
56593,1239943,13809.990280398,13290.9691717066,12.89,-0.949999999999999,1.53
56594,1239943,13813.9868412331,13277.8623627101,13.71,0.82,1.77
