"V1","V2","V3","V4","V5","acceleration","jerk"
52803,1241616,13446.7589530118,13285.9257247293,12.59,1.16,0
52804,1241616,13447.4629959488,13299.6576883013,13.75,1.16,0
52805,1241616,13448.1511659177,13313.0800585128,13.44,-0.31,-1.47
52806,1241616,13448.8203907313,13326.1329140682,13.08,-0.359999999999999,-0.0499999999999989
52807,1241616,13449.5300660118,13339.9747333487,13.85,0.77,1.13
52808,1241616,13449.8525635525,13350.8256751189,10.86,-2.99,-3.76
52809,1241616,13449.8059475347,13357.6655162682,6.84,-4.02,-1.03
52810,1241616,13449.7788911619,13361.6354240697,3.97,-2.87,1.15
52811,1241616,13449.7904410548,13364.0151994828,2.38,-1.59,1.28
52812,1241616,13449.8084986283,13364.9650278483,0.95,-1.43,0.16
52813,1241616,13449.8149613388,13365.3049664213,0.34,-0.61,0.82
52814,1241616,13454.513956521,13370.6393060485,2.16,1.82,2.43
52815,1241616,13458.6543211904,13371.4552597265,4.22,2.06,0.24
52816,1241616,13465.0316601361,13372.7120604153,6.5,2.28,0.220000000000001
52817,1241616,13473.0180507543,13374.2859615855,8.14,1.64,-0.64
52818,1241616,13482.6036817542,13376.1750296977,9.77,1.63,-0.0100000000000016
52819,1241616,13493.974967659,13378.4160020028,11.59,1.82,0.190000000000001
52820,1241616,13507.1122858872,13381.0050114216,13.4,1.81,-0.00999999999999979
52821,1241616,13522.2707299967,13383.9923299819,15.45,2.05,0.239999999999998
52822,1241616,13537.3114386179,13386.9564460678,15.33,-0.119999999999999,-2.17
52823,1241616,13548.5649890344,13389.1742158986,11.47,-3.86,-3.74
52824,1241616,13556.5513796526,13390.7481170689,8.14,-3.33,0.529999999999999
52825,1241616,13560.7604233568,13391.5776055235,4.29,-3.85,-0.52
52826,1241616,13569.3810895209,13393.323090631,5.91,1.62,5.47
52827,1241616,13577.4605228483,13394.9418423437,8.24,2.33,0.71
52828,1241616,13586.9202028026,13397.9131976229,9.92,1.68,-0.65
52829,1241616,13606.421862707,13404.4083056795,12.11,2.19,0.51
52830,1241616,13619.4121536241,13409.9644659235,14.16,2.05,-0.139999999999999
52831,1241616,13632.5608580621,13417.6299712299,15.22,1.06,-0.99
52832,1241616,13646.2624646578,13425.6178105308,15.86,0.639999999999999,-0.420000000000002
52833,1241616,13661.1562665311,13434.3006825072,17.24,1.38,0.74
52834,1241616,13677.1731509122,13443.63829541,18.54,1.3,-0.0799999999999983
52835,1241616,13691.037293632,13451.7416050747,16.06,-2.48,-3.78
52836,1241616,13700.3848254421,13459.4091828577,12.09,-3.97,-1.49
52837,1241616,13707.6602823762,13465.3770825217,9.41,-2.68,1.29
52838,1241616,13712.0595756764,13468.9857274833,5.69,-3.72,-1.04
52839,1241616,13722.2489949637,13474.851171362,4.96,-0.73,2.99
52840,1241616,13723.0819597096,13476.4693708961,1.83,-3.13,-2.4
52841,1241616,13723.6586276106,13477.5896628812,1.26,-0.57,2.56
52842,1241616,13723.9286546436,13478.1142440489,0.59,-0.67,-0.1
52843,1241616,13724.0705332542,13478.389871442,0.32,-0.27,0.4
52844,1241616,13724.093416901,13478.4343274732,0.05,-0.27,-5.55111512312578e-17
52845,1241616,13724.093416901,13478.4343274732,0,-0.05,0.22
52846,1241616,13724.093416901,13478.4343274732,0,0,0.05
52847,1241616,13724.093416901,13478.4343274732,0,0,0
52848,1241616,13724.093416901,13478.4343274732,0,0,0
52849,1241616,13724.093416901,13478.4343274732,0,0,0
52850,1241616,13724.093416901,13478.4343274732,0,0,0
52851,1241616,13724.093416901,13478.4343274732,0,0,0
52852,1241616,13724.093416901,13478.4343274732,0,0,0
52853,1241616,13724.093416901,13478.4343274732,0,0,0
52854,1241616,13724.093416901,13478.4343274732,0,0,0
52855,1241616,13724.093416901,13478.4343274732,0,0,0
52856,1241616,13724.093416901,13478.4343274732,0,0,0
52857,1241616,13724.093416901,13478.4343274732,0,0,0
52858,1241616,13724.093416901,13478.4343274732,0,0,0
52859,1241616,13724.093416901,13478.4343274732,0,0,0
52860,1241616,13724.093416901,13478.4343274732,0,0,0
52861,1241616,13724.093416901,13478.4343274732,0,0,0
52862,1241616,13724.093416901,13478.4343274732,0,0,0
52863,1241616,13724.093416901,13478.4343274732,0,0,0
52864,1241616,13724.093416901,13478.4343274732,0,0,0
52865,1241616,13724.093416901,13478.4343274732,0,0,0
52866,1241616,13724.093416901,13478.4343274732,0,0,0
52867,1241616,13724.093416901,13478.4343274732,0,0,0
52868,1241616,13724.093416901,13478.4343274732,0,0,0
52869,1241616,13724.093416901,13478.4343274732,0,0,0
52870,1241616,13724.093416901,13478.4343274732,0,0,0
52871,1241616,13724.093416901,13478.4343274732,0,0,0
52872,1241616,13724.093416901,13478.4343274732,0,0,0
52873,1241616,13724.093416901,13478.4343274732,0,0,0
52874,1241616,13724.093416901,13478.4343274732,0,0,0
52875,1241616,13724.093416901,13478.4343274732,0,0,0
52876,1241616,13724.093416901,13478.4343274732,0,0,0
52877,1241616,13724.093416901,13478.4343274732,0,0,0
52878,1241616,13724.093416901,13478.4343274732,0,0,0
52879,1241616,13724.093416901,13478.4343274732,0,0,0
52880,1241616,13724.093416901,13478.4343274732,0,0,0
52881,1241616,13724.093416901,13478.4343274732,0,0,0
52882,1241616,13724.093416901,13478.4343274732,0,0,0
52883,1241616,13724.093416901,13478.4343274732,0,0,0
52884,1241616,13724.093416901,13478.4343274732,0,0,0
52885,1241616,13724.093416901,13478.4343274732,0,0,0
52886,1241616,13724.093416901,13478.4343274732,0,0,0
52887,1241616,13724.093416901,13478.4343274732,0,0,0
52888,1241616,13724.093416901,13478.4343274732,0,0,0
52889,1241616,13724.093416901,13478.4343274732,0,0,0
52890,1241616,13724.093416901,13478.4343274732,0,0,0
52891,1241616,13724.093416901,13478.4343274732,0,0,0
52892,1241616,13724.093416901,13478.4343274732,0,0,0
52893,1241616,13724.093416901,13478.4343274732,0,0,0
52894,1241616,13724.093416901,13478.4343274732,0,0,0
52895,1241616,13724.093416901,13478.4343274732,0,0,0
52896,1241616,13724.093416901,13478.4343274732,0,0,0
52897,1241616,13724.093416901,13478.4343274732,0,0,0
52898,1241616,13724.093416901,13478.4343274732,0,0,0
52899,1241616,13724.093416901,13478.4343274732,0,0,0
52900,1241616,13724.093416901,13478.4343274732,0,0,0
52901,1241616,13724.093416901,13478.4343274732,0,0,0
52902,1241616,13724.093416901,13478.4343274732,0,0,0
52903,1241616,13724.093416901,13478.4343274732,0,0,0
52904,1241616,13724.093416901,13478.4343274732,0,0,0
52905,1241616,13724.093416901,13478.4343274732,0,0,0
52906,1241616,13724.093416901,13478.4343274732,0,0,0
52907,1241616,13724.093416901,13478.4343274732,0,0,0
52908,1241616,13724.093416901,13478.4343274732,0,0,0
52909,1241616,13724.093416901,13478.4343274732,0,0,0
52910,1241616,13724.093416901,13478.4343274732,0,0,0
52911,1241616,13724.5648200265,13479.350121715,1.03,1.03,1.03
52912,1241616,13725.5762772179,13481.3150782921,2.21,1.18,0.15
52913,1241616,13752.1923949859,13512.3892000967,4.57,2.36,1.18
52914,1241616,13757.0235778092,13515.5622227137,5.77,1.2,-1.16
52915,1241616,13765.6573096031,13521.2268241998,8.06,2.29,1.09
52916,1241616,13772.7183861988,13527.8190011778,9.66,1.6,-0.690000000000001
52917,1241616,13781.2998602396,13535.830611708,11.74,2.08,0.48
52918,1241616,13790.8169634772,13544.7157198088,13.02,1.28,-0.800000000000001
52919,1241616,13804.8581273768,13551.3619346407,14.87,1.85,0.57
52920,1241616,13817.6576431811,13561.1118318287,16.09,1.22,-0.629999999999999
52921,1241616,13831.6742664546,13571.7888478915,17.63,1.54,0.319999999999999
52922,1241616,13845.2954811875,13581.5465284966,16.76,-0.869999999999997,-2.41
52923,1241616,13857.2586401966,13588.8955269452,14.09,-2.67,-1.8
52924,1241616,13866.8870317986,13593.1587387813,10.53,-3.56,-0.889999999999999
52925,1241616,13881.4387515362,13599.3549932689,12,1.47,5.03
52926,1241616,13913.9250654541,13620.0684477683,13.88,1.88,0.41
52927,1241616,13927.4432620028,13627.4126439412,15.39,1.51,-0.370000000000001
52928,1241616,13942.1082487772,13635.1154321216,16.57,1.18,-0.33
52929,1241616,13957.5281857971,13645.3728835301,18.53,1.96,0.780000000000001
52930,1241616,13974.4590057428,13656.6451031858,20.34,1.81,-0.150000000000002
52931,1241616,13993.6569457046,13667.6596993286,22.16,1.82,0.0100000000000016
52932,1241616,14015.934342768,13675.6093937208,23.74,1.58,-0.240000000000002
52933,1241616,14040.313052682,13680.0081626096,24.79,1.05,-0.529999999999998
52934,1241616,14066.4079675357,13683.8759551044,26.38,1.59,0.539999999999999
52935,1241616,14093.741856311,13687.972258345,27.64,1.26,-0.329999999999998
52936,1241616,14129.3330505921,13707.3017503905,27.76,0.120000000000001,-1.14
52937,1241616,14137.9032403038,13733.004233532,27.14,-0.620000000000001,-0.740000000000002
52938,1241616,14144.2,13759.41,27.17,0.0300000000000011,0.650000000000002
52939,1241616,14153.7094353801,13794.5221740838,27.66,0.489999999999998,0.459999999999997
52940,1241616,14175.9827681526,13824.230163012,25.77,-1.89,-2.38
52941,1241616,14190.5055991971,13848.2743169601,22,-3.77,-1.88
52942,1241616,14208.5576133515,13880.688194362,17.91,-4.09,-0.32
52943,1241616,14213.4328433991,13893.76241471,13.97,-3.94,0.15
52944,1241616,14230.4045202114,13917.1269733034,13.16,-0.81,3.13
52945,1241616,14241.6777080087,13924.4078823735,13.42,0.26,1.07
52946,1241616,14252.6266353812,13932.2186057284,13.45,0.0299999999999994,-0.23
52947,1241616,14263.2321835404,13939.4737677381,12.85,-0.6,-0.629999999999999
52948,1241616,14274.1911930098,13946.2707485144,12.9,0.0500000000000007,0.65
52949,1241616,14285.8945397307,13952.6649863515,13.36,0.459999999999999,0.409999999999998
52950,1241616,14298.3503734812,13958.3355810969,13.7,0.34,-0.119999999999999
52951,1241616,14311.0605388003,13962.642331329,13.42,-0.279999999999999,-0.619999999999999
52952,1241616,14323.5353465909,13966.3416638329,13.02,-0.4,-0.120000000000001
52953,1241616,14336.869916699,13969.2591524847,13.65,0.630000000000001,1.03
52954,1241616,14349.8680624466,13971.5809662717,13.22,-0.43,-1.06
52955,1241616,14363.2585707799,13973.4703082072,13.53,0.309999999999999,0.739999999999998
52956,1241616,14377.0637465038,13974.2985734018,13.82,0.290000000000001,-0.0199999999999978
52957,1241616,14390.8190119756,13975.1238441451,13.79,-0.0300000000000011,-0.320000000000002
52958,1241616,14403.6958570109,13975.8964125479,12.9,-0.889999999999999,-0.859999999999998
