"V1","V2","V3","V4","V5","acceleration","jerk"
23822,124721,14348.8795475971,14271.8408278316,18.95,-0.329999999999998,0
23823,124721,14350.1937069679,14253.2572360058,18.62,-0.329999999999998,0
23824,124721,14351.5614767049,14233.9155373744,19.4,0.779999999999998,1.11
23825,124721,14353.3938061782,14214.9565383529,19.05,-0.349999999999998,-1.13
23826,124721,14355.4171261315,14196.1550948879,18.9,-0.150000000000002,0.199999999999996
23827,124721,14357.3987171171,14177.7414125521,18.52,-0.379999999999999,-0.229999999999997
23828,124721,14359.3698121054,14159.2160421544,18.63,0.109999999999999,0.489999999999998
23829,124721,14361.3072724648,14139.9833838005,19.33,0.699999999999999,0.59
23830,124721,14363.2046405251,14121.1487111343,18.94,-0.389999999999997,-1.09
23831,124721,14365.1010062778,14102.3239881103,18.92,-0.0199999999999996,0.369999999999997
23832,124721,14367.0194227951,14083.280372958,19.13,0.209999999999997,0.229999999999997
23833,124721,14368.8756962486,14064.8536356216,18.52,-0.609999999999999,-0.819999999999997
23834,124721,14370.2994709384,14045.7701612483,19.14,0.620000000000001,1.23
23835,124721,14371.4623975404,14026.5453022964,19.26,0.120000000000001,-0.5
23836,124721,14372.5927187236,14007.8594580816,18.72,-0.540000000000003,-0.660000000000004
23837,124721,14372.3958556821,13985.4045536483,19.21,0.490000000000002,1.03
23838,124721,14371.9291666303,13965.2099454241,20.2,0.989999999999998,0.499999999999996
23839,124721,14371.4331362372,13943.7456761878,21.47,1.27,0.280000000000001
23840,124721,14370.9479644508,13922.7512814992,21,-0.469999999999999,-1.74
23841,124721,14370.5362615349,13904.9360380064,17.82,-3.18,-2.71
23842,124721,14370.2033412757,13890.5298843177,14.41,-3.41,-0.23
23843,124721,14373.6435136047,13866.6201410483,12.48,-1.93,1.48
23844,124721,14373.7842353308,13854.8909851795,11.73,-0.75,1.18
23845,124721,14373.0246651408,13826.1528940437,12.13,0.4,1.15
23846,124721,14372.6308503406,13813.6390892705,12.52,0.389999999999999,-0.0100000000000016
23847,124721,14371.8795931787,13787.8429948685,13.04,0.52,0.130000000000001
23848,124721,14371.5239533092,13772.9772483254,14.87,1.83,1.31
23849,124721,14371.7080646381,13756.3879894765,16.6,1.73,-0.0999999999999979
23850,124721,14375.6743753135,13741.3625903668,14.96,-1.64,-3.37
23851,124721,14376.4266959059,13724.4793438269,16.9,1.94,3.58
23852,124721,14375.5999925224,13695.488938104,18.85,1.95,0.0100000000000051
23853,124721,14373.0632728753,13675.7714470508,19.88,1.03,-0.920000000000005
23854,124721,14370.3887435089,13654.9827844515,20.96,1.08,0.0500000000000043
23855,124721,14367.4972914363,13632.5080184925,22.67,1.71,0.629999999999999
23856,124721,14364.4425093261,13608.7637158862,23.94,1.27,-0.440000000000001
23857,124721,14359.9128976796,13584.2198050441,24.98,1.04,-0.23
23858,124721,14352.0416116507,13552.0095825959,26.33,1.35,0.309999999999999
23859,124721,14341.8690060233,13515.6709023981,27.65,1.32,-0.0299999999999976
23860,124721,14336.322415574,13488.7414477675,27.54,-0.109999999999999,-1.43
23861,124721,14332.0157518327,13452.6758528853,27.11,-0.43,-0.32
23862,124721,14330.8037369008,13408.6369961176,27.3,0.190000000000001,0.620000000000001
23863,124721,14332.8194134011,13373.4045687111,27.75,0.449999999999999,0.259999999999998
23864,124721,14333.9754668984,13345.6796337285,27.75,0,-0.449999999999999
23865,124721,14335.3621725335,13318.2188936318,27.5,-0.25,-0.25
23866,124721,14334.0700868974,13290.6468467414,27.16,-0.34,-0.0899999999999999
