"V1","V2","V3","V4","V5","acceleration","jerk"
32213,1248465,14348.9338633628,14271.0727459364,18.8,-0.210000000000001,0
32214,1248465,14350.2452011354,14252.5290544688,18.59,-0.210000000000001,0
32215,1248465,14351.5508957115,14234.0651637176,18.51,-0.0799999999999983,0.130000000000003
32216,1248465,14353.3777565752,14215.1056772487,19.06,0.549999999999997,0.629999999999995
32217,1248465,14355.4385256022,14195.9562430268,19.26,0.200000000000003,-0.349999999999994
32218,1248465,14357.4960847087,14176.8366365841,19.22,-0.0400000000000027,-0.240000000000006
32219,1248465,14359.4770590058,14158.15143044,18.79,-0.43,-0.389999999999997
32220,1248465,14361.3984824455,14139.0779663612,19.17,0.380000000000003,0.810000000000002
32221,1248465,14363.2627743589,14120.5716318873,18.6,-0.57,-0.950000000000003
32222,1248465,14365.139093962,14101.945901707,18.72,0.119999999999997,0.689999999999998
32223,1248465,14367.0865773963,14082.6137469313,19.43,0.710000000000001,0.590000000000003
32224,1248465,14369.0250400632,14063.3711389353,19.34,-0.0899999999999999,-0.800000000000001
32225,1248465,14370.3640779718,14044.7021135287,18.73,-0.609999999999999,-0.52
32226,1248465,14371.5143246887,14025.686871419,19.05,0.32,0.93
32227,1248465,14372.6657790138,14006.6516658006,19.07,0.0199999999999996,-0.300000000000001
32228,1248465,14372.3648971014,13984.0649113205,19.34,0.27,0.25
32229,1248465,14371.8811115201,13963.1305006168,20.94,1.6,1.33
32230,1248465,14371.3702949392,13941.026402209,22.11,1.17,-0.430000000000003
32231,1248465,14370.8735714435,13919.5321409803,21.5,-0.609999999999999,-1.78
32232,1248465,14370.4667202455,13901.9268414344,17.6,-3.9,-3.29
32233,1248465,14370.1351861914,13887.5806717305,14.36,-3.24,0.659999999999997
32234,1248465,14373.6492720385,13866.1401755908,10.02,-4.34,-1.1
32235,1248465,14373.7402073057,13858.5607210737,7.58,-2.44,1.9
32236,1248465,14373.7853150371,13854.8009916562,3.76,-3.82,-1.38
32237,1248465,14373.8106281524,13852.6911434991,2.11,-1.65,2.17
32238,1248465,14373.8185459989,13852.0311909949,0.66,-1.45,0.2
32239,1248465,14373.8197456726,13851.9311981913,0.1,-0.56,0.89
32240,1248465,14373.7792553549,13850.3906104775,1.45,1.35,1.91
32241,1248465,14373.1477094357,13830.0009240395,3.87,2.42,1.07
32242,1248465,14372.9661591082,13824.2938144209,5.7,1.83,-0.59
32243,1248465,14372.7142057096,13816.2877779805,8.02,2.32,0.489999999999999
32244,1248465,14372.0238102878,13793.8712700302,9.65,1.63,-0.689999999999999
32245,1248465,14371.7597710034,13782.834427943,11.05,1.4,-0.23
32246,1248465,14371.443593527,13769.6182094293,13.21,2.16,0.76
32247,1248465,14371.7619439004,13755.1791896481,14.45,1.24,-0.920000000000002
32248,1248465,14372.459257328,13739.5347224478,15.66,1.21,-0.0299999999999976
32249,1248465,14373.1026914933,13725.0990550758,14.45,-1.21,-2.42
32250,1248465,14369.3923098495,13709.8118938625,13.3,-1.15,0.0600000000000023
32251,1248465,14356.0898011832,13710.6675592077,13.34,0.0399999999999991,1.19
32252,1248465,14329.9100006029,13712.0378176799,13.33,-0.00999999999999979,-0.0499999999999989
32253,1248465,14316.6300026297,13712.0304806644,13.28,-0.0500000000000007,-0.0400000000000009
32254,1248465,14303.3550180479,13710.7582870319,13.34,0.0600000000000005,0.110000000000001
32255,1248465,14277.1809251551,13708.4973552422,13.66,0.32,0.26
32256,1248465,14263.4566839096,13707.2589682933,13.79,0.129999999999999,-0.190000000000001
32257,1248465,14250.4694483623,13706.0870839817,13.03,-0.76,-0.889999999999999
32258,1248465,14237.2238963228,13701.5813336997,13.6,0.57,1.33
32259,1248465,14223.9376944894,13700.3844874927,13.34,-0.26,-0.83
32260,1248465,14211.4432461477,13699.3233528478,12.54,-0.800000000000001,-0.540000000000001
32261,1248465,14198.5221947198,13698.4579454313,12.95,0.41,1.21
32262,1248465,14185.0124621843,13697.5531101864,13.54,0.59,0.18
32263,1248465,14174.5259563536,13696.850760229,10.51,-3.03,-3.62
32264,1248465,14165.3645825694,13696.4088051721,9.18,-1.33,1.7
32265,1248465,14157.1628134995,13696.7763430943,8.21,-0.969999999999999,0.360000000000001
32266,1248465,14150.2597411155,13697.0856837816,6.91,-1.3,-0.330000000000002
32267,1248465,14142.5275008474,13697.432181165,7.74,0.83,2.13
32268,1248465,14137.4825637216,13697.6582550392,5.06,-2.68,-3.51
32269,1248465,14122.556583788,13701.7026803862,7.03,1.97,4.65
32270,1248465,14114.6535107039,13697.5517904689,8.93,1.9,-0.0700000000000012
32271,1248465,14097.4167810107,13692.026809661,10.16,1.23,-0.669999999999999
32272,1248465,14085.9790107655,13690.1081976508,11.61,1.45,0.219999999999999
32273,1248465,14073.2085580503,13688.215147876,12.91,1.3,-0.149999999999999
32274,1248465,14058.4201561842,13686.0229639771,14.94,2.03,0.729999999999999
32275,1248465,14042.563428297,13683.6724149538,16.03,1.09,-0.939999999999998
32276,1248465,14025.381184791,13681.1253758686,17.37,1.34,0.249999999999998
32277,1248465,14006.2501136561,13679.8114516632,19.08,1.71,0.369999999999997
32278,1248465,13987.4081293503,13671.7917774442,20.53,1.45,-0.259999999999994
32279,1248465,13969.7221696359,13661.4021674155,20.54,0.00999999999999801,-1.44
32280,1248465,13953.0760461626,13650.3338941396,19.99,-0.550000000000001,-0.559999999999999
32281,1248465,13939.4114879059,13641.247205074,16.41,-3.58,-3.03
32282,1248465,13926.636875209,13634.4103448576,14.5,-1.91,1.67
32283,1248465,13915.9175708351,13628.8840338149,12.06,-2.44,-0.529999999999999
32284,1248465,13909.0363274039,13624.8443159577,7.98,-4.08,-1.64
32285,1248465,13904.5426800321,13622.5610737177,5.05,-2.93,1.15
32286,1248465,13876.2187466077,13611.5140425507,6.44,1.39,4.32
32287,1248465,13867.9317627979,13608.7683551439,8.73,2.29,0.899999999999999
32288,1248465,13857.6138818351,13605.1044624542,10.95,2.22,-0.0700000000000012
32289,1248465,13845.8591381459,13600.6549561169,12.58,1.63,-0.589999999999998
32290,1248465,13826.8337509087,13593.608601247,14.07,1.49,-0.140000000000001
32291,1248465,13814.2715050715,13584.7700731158,15.36,1.29,-0.200000000000001
32292,1248465,13801.1915981021,13573.9402772629,16.99,1.63,0.34
32293,1248465,13789.3124796912,13563.844008359,15.59,-1.4,-3.03
32294,1248465,13779.1867531403,13555.2672197795,13.27,-2.32,-0.920000000000002
32295,1248465,13771.1534804171,13548.5213596154,10.49,-2.78,-0.459999999999999
32296,1248465,13764.9428186644,13543.3060187258,8.11,-2.38,0.399999999999999
32297,1248465,13760.6543222631,13539.7047969032,5.59,-2.52,-0.139999999999999
32298,1248465,13757.4609240499,13537.023172796,4.17,-1.42,1.1
32299,1248465,13755.41623023,13535.306161677,2.67,-1.5,-0.0800000000000001
32300,1248465,13753.5783032009,13533.7627808959,2.41,-0.26,1.24
32301,1248465,13753.0116090335,13533.2869051551,0.74,-1.67,-1.41
32302,1248465,13752.9733188871,13533.2547513888,0.05,-0.69,0.98
32303,1248465,13752.9580028285,13533.2418898823,0.01,-0.04,0.65
32304,1248465,13752.9580028285,13533.2418898823,0,-0.01,0.03
32305,1248465,13752.9580028285,13533.2418898823,0,0,0.01
32306,1248465,13752.9580028285,13533.2418898823,0,0,0
32307,1248465,13752.9580028285,13533.2418898823,0,0,0
32308,1248465,13752.9580028285,13533.2418898823,0,0,0
32309,1248465,13752.9580028285,13533.2418898823,0,0,0
32310,1248465,13752.9580028285,13533.2418898823,0,0,0
32311,1248465,13752.9580028285,13533.2418898823,0,0,0
32312,1248465,13752.9580028285,13533.2418898823,0,0,0
32313,1248465,13752.9580028285,13533.2418898823,0,0,0
32314,1248465,13752.9580028285,13533.2418898823,0,0,0
32315,1248465,13752.9580028285,13533.2418898823,0,0,0
32316,1248465,13752.9580028285,13533.2418898823,0,0,0
32317,1248465,13752.9580028285,13533.2418898823,0,0,0
32318,1248465,13752.9580028285,13533.2418898823,0,0,0
32319,1248465,13752.9580028285,13533.2418898823,0,0,0
32320,1248465,13752.9580028285,13533.2418898823,0,0,0
32321,1248465,13752.9580028285,13533.2418898823,0,0,0
32322,1248465,13752.9580028285,13533.2418898823,0,0,0
32323,1248465,13752.9580028285,13533.2418898823,0,0,0
32324,1248465,13752.9580028285,13533.2418898823,0,0,0
32325,1248465,13752.9580028285,13533.2418898823,0,0,0
32326,1248465,13752.9580028285,13533.2418898823,0,0,0
32327,1248465,13752.9580028285,13533.2418898823,0,0,0
32328,1248465,13752.9580028285,13533.2418898823,0,0,0
32329,1248465,13752.9580028285,13533.2418898823,0,0,0
32330,1248465,13752.9580028285,13533.2418898823,0,0,0
32331,1248465,13752.9580028285,13533.2418898823,0,0,0
32332,1248465,13752.9580028285,13533.2418898823,0,0,0
32333,1248465,13752.9580028285,13533.2418898823,0,0,0
32334,1248465,13752.9580028285,13533.2418898823,0,0,0
32335,1248465,13752.9580028285,13533.2418898823,0,0,0
32336,1248465,13752.9580028285,13533.2418898823,0,0,0
32337,1248465,13752.9580028285,13533.2418898823,0,0,0
32338,1248465,13752.9580028285,13533.2418898823,0,0,0
32339,1248465,13752.9580028285,13533.2418898823,0,0,0
32340,1248465,13752.9580028285,13533.2418898823,0,0,0
32341,1248465,13752.9580028285,13533.2418898823,0,0,0
32342,1248465,13752.1003035483,13532.5216455178,1.12,1.12,1.12
32343,1248465,13750.0173195819,13530.7724806325,2.72,1.6,0.48
32344,1248465,13746.8545534859,13528.1165795383,4.13,1.41,-0.19
32345,1248465,13743.5752297201,13523.5004955311,5.67,1.54,0.13
32346,1248465,13710.9739925805,13494.294482248,7.01,1.34,-0.2
32347,1248465,13704.1408116902,13488.7335705494,8.81,1.8,0.460000000000001
