"V1","V2","V3","V4","V5","acceleration","jerk"
28637,1252809,14395.7668414699,13322.8388976449,13.46,-0.58,0
28638,1252809,14383.0628379685,13320.7169421698,12.88,-0.58,0
28639,1252809,14369.6486727808,13318.4763680656,13.6,0.719999999999999,1.3
28640,1252809,14356.6093151498,13316.2983982378,13.22,-0.379999999999999,-1.1
28641,1252809,14343.3924170972,13314.0907737528,13.4,0.18,0.559999999999999
28642,1252809,14330.3037426824,13311.9045665202,13.27,-0.130000000000001,-0.31
28643,1252809,14317.5405590406,13309.7727261593,12.94,-0.33,-0.199999999999999
28644,1252809,14304.5505181933,13307.6029937363,13.17,0.23,0.56
28645,1252809,14290.9094958002,13305.32452757,13.84,0.67,0.44
28646,1252809,14277.3375169044,13303.0575937704,13.75,-0.0899999999999999,-0.76
28647,1252809,14264.6039233328,13300.9306958524,12.91,-0.84,-0.75
28648,1252809,14250.913584156,13298.6439922813,13.89,0.98,1.82
28649,1252809,14237.9629967358,13296.4808497822,13.13,-0.76,-1.74
28650,1252809,14221.8262724491,13294.3547122696,13.59,0.459999999999999,1.22
28651,1252809,14206.90408674,13292.4758898559,15.04,1.45,0.99
28652,1252809,14190.0074894909,13290.3484732531,17.03,1.99,0.540000000000003
28653,1252809,14171.2555406942,13287.9874530656,18.9,1.87,-0.120000000000005
28654,1252809,14150.6441786964,13285.4338180754,20.77,1.87,3.5527136788005e-15
28655,1252809,14129.2668903429,13286.2915064713,21.67,0.900000000000002,-0.969999999999999
28656,1252809,14110.035728275,13295.3446816751,21.48,-0.190000000000001,-1.09
28657,1252809,14096.5402471063,13312.2234189456,21.85,0.370000000000001,0.560000000000002
28658,1252809,14093.2581228913,13333.2623004576,21.46,-0.390000000000001,-0.760000000000002
28659,1252809,14099.5050560324,13351.6571823338,19.79,-1.67,-1.28
28660,1252809,14111.1650942947,13362.9644633627,16.47,-3.32,-1.65
28661,1252809,14128.3362326664,13373.1257634431,13.4,-3.07,0.250000000000002
28662,1252809,14149.6004108851,13378.9255185407,13.29,-0.110000000000001,2.96
28663,1252809,14162.2154272414,13382.8453989383,13.21,-0.0799999999999983,0.0300000000000029
28664,1252809,14175.4310245387,13386.9187285021,13.83,0.619999999999999,0.699999999999998
28665,1252809,14188.2942376935,13390.0968171315,13.26,-0.57,-1.19
28666,1252809,14201.4778176664,13393.3540581568,13.58,0.32,0.890000000000001
28667,1252809,14223.4981384225,13398.8254543425,13.2,-0.380000000000001,-0.700000000000001
28668,1252809,14236.3519033093,13402.082497209,13.26,0.0600000000000005,0.440000000000001
28669,1252809,14249.331685499,13405.3714718683,13.39,0.130000000000001,0.0700000000000003
28670,1252809,14262.0679887072,13407.316119452,12.91,-0.48,-0.610000000000001
28671,1252809,14275.5209900257,13409.0162240142,13.56,0.65,1.13
28672,1252809,14285.6702675692,13410.2988250225,10.22,-3.34,-3.99
28673,1252809,14296.8480792579,13413.025121939,6.35,-3.87,-0.530000000000001
28674,1252809,14301.1645654703,13413.976093431,4.42,-1.93,1.94
28675,1252809,14303.0298343992,13414.3870336006,1.91,-2.51,-0.58
28676,1252809,14303.7720356484,13414.5505490608,0.76,-1.15,1.36
28677,1252809,14304.5044710916,13414.7119130017,0.74,-0.02,1.13
28678,1252809,14306.4966954973,13415.1508229211,2.05,1.31,1.33
28679,1252809,14307.6783580125,13415.4111567458,1.21,-0.84,-2.15
28680,1252809,14309.2018237345,13415.7467937429,1.56,0.35,1.19
28681,1252809,14310.3346572201,13415.9963699716,1.16,-0.4,-0.75
28682,1252809,14310.7448210683,13416.0867337785,0.42,-0.74,-0.34
28683,1252809,14310.998732022,13416.142673278,0.25,-0.17,0.57
28684,1252809,14311.1940481402,13416.1857036623,0.21,-0.04,0.13
28685,1252809,14312.2194577608,13416.4116131796,1.05,0.84,0.88
28686,1252809,14314.592548597,13416.9344323483,2.43,1.38,0.54
28687,1252809,14316.008590454,13417.2464026341,1.46,-0.97,-2.35
28688,1252809,14317.4539297287,13417.5648274775,1.47,0.01,0.98
28689,1252809,14318.0887071129,13417.7046762264,0.65,-0.82,-0.83
28690,1252809,14318.3328522606,13417.7584642067,0.25,-0.4,0.42
28691,1252809,14318.4598077375,13417.7864339564,0.14,-0.11,0.29
28692,1252809,14318.5672316025,13417.8101006678,0.11,-0.03,0.08
28693,1252809,14318.5867632143,13417.8144037062,0.01,-0.1,-0.07
28694,1252809,14318.5867632143,13417.8144037062,0,-0.01,0.09
28695,1252809,14318.5867632143,13417.8144037062,0,0,0.01
28696,1252809,14318.5867632143,13417.8144037062,0,0,0
28697,1252809,14318.5867632143,13417.8144037062,0,0,0
28698,1252809,14318.5867632143,13417.8144037062,0,0,0
28699,1252809,14318.5867632143,13417.8144037062,0,0,0
28700,1252809,14318.5867632143,13417.8144037062,0,0,0
28701,1252809,14318.5867632143,13417.8144037062,0,0,0
28702,1252809,14318.5867632143,13417.8144037062,0,0,0
28703,1252809,14318.5867632143,13417.8144037062,0,0,0
28704,1252809,14318.5867632143,13417.8144037062,0,0,0
28705,1252809,14318.5867632143,13417.8144037062,0,0,0
28706,1252809,14320.3153108604,13418.1952226068,1.78,1.78,1.78
28707,1252809,14323.1669261863,13418.8234662169,2.91,1.13,-0.65
28708,1252809,14324.9247712501,13419.2107396752,1.8,-1.11,-2.24
28709,1252809,14325.4423589634,13419.3247701934,0.53,-1.27,-0.16
28710,1252809,14325.8329911998,13419.4108309619,0.4,-0.13,1.14
28711,1252809,14325.9111176471,13419.4280431156,0.08,-0.32,-0.19
28712,1252809,14325.92,13419.43,0.01,-0.07,0.25
28713,1252809,14325.92,13419.43,0,-0.01,0.06
28714,1252809,14325.92,13419.43,0,0,0.01
28715,1252809,14325.92,13419.43,0,0,0
28716,1252809,14325.92,13419.43,0,0,0
28717,1252809,14325.92,13419.43,0,0,0
28718,1252809,14325.92,13419.43,0,0,0
28719,1252809,14336.4855889195,13433.5814783736,1.35,1.35,1.35
28720,1252809,14337.7942853632,13436.1357323974,2.87,1.52,0.17
28721,1252809,14338.7747197592,13441.2863342825,5.28,2.41,0.89
28722,1252809,14339.7229244911,13448.0501947029,6.83,1.55,-0.86
28723,1252809,14340.383603719,13456.8673329814,8.85,2.02,0.47
28724,1252809,14340.8711535833,13467.255665877,10.4,1.55,-0.469999999999999
28725,1252809,14342.3106039273,13479.6020371134,12.44,2.04,0.489999999999998
28726,1252809,14344.5420296803,13493.156051123,13.73,1.29,-0.749999999999998
28727,1252809,14347.7195077057,13507.8064590924,15,1.27,-0.0200000000000014
28728,1252809,14351.870645593,13523.6174941461,16.35,1.35,0.0800000000000018
28729,1252809,14356.9542578573,13540.8847141408,18,1.65,0.299999999999997
28730,1252809,14362.3654806898,13559.2647105352,19.16,1.16,-0.489999999999998
28731,1252809,14367.1389607079,13578.8862074787,20.21,1.05,-0.109999999999999
28732,1252809,14371.8438689315,13599.5573665777,21.19,0.98,-0.0700000000000003
28733,1252809,14376.6920332672,13621.6721784145,22.64,1.45,0.469999999999999
28734,1252809,14379.807240968,13645.7895737763,24.34,1.7,0.25
28735,1252809,14382.5323914996,13671.0329026887,25.39,1.05,-0.649999999999999
28736,1252809,14385.3573604635,13697.2008592454,26.32,0.93,-0.120000000000001
28737,1252809,14386.7621264868,13730.4481513669,27.55,1.23,0.300000000000001
28738,1252809,14387.130984905,13757.5956456061,27.15,-0.400000000000002,-1.63
28739,1252809,14387.504870123,13785.1131056968,27.52,0.370000000000001,0.770000000000003
28740,1252809,14387.8745436979,13812.3205943984,27.21,-0.309999999999999,-0.68
28741,1252809,14387.4837341122,13845.2499100044,27.34,0.129999999999999,0.439999999999998
28742,1252809,14387.1773378999,13872.9382147802,27.69,0.350000000000001,0.220000000000002
28743,1252809,14386.8720482106,13900.5265256782,27.59,-0.100000000000001,-0.450000000000003
28744,1252809,14386.5899955037,13926.0149651415,25.49,-2.1,-2
28745,1252809,14386.3606132906,13946.7436960192,20.73,-4.76,-2.66
28746,1252809,14386.1549106692,13965.3325579109,18.59,-2.14,2.62
28747,1252809,14385.9352043256,13984.6788349271,19.35,0.760000000000002,2.9
28748,1252809,14385.7200550922,14003.5876109532,18.91,-0.440000000000001,-1.2
28749,1252809,14385.5003548438,14022.8963610889,19.31,0.399999999999999,0.84
28750,1252809,14385.2799719431,14042.2651073409,19.38,0.0700000000000003,-0.329999999999998
28751,1252809,14384.9382580731,14061.467810259,19.2,-0.18,-0.25
28752,1252809,14383.3282342474,14079.9578460427,18.57,-0.629999999999999,-0.449999999999999
28753,1252809,14381.69131886,14098.756713243,18.87,0.300000000000001,0.93
28754,1252809,14380.0570058819,14117.525693532,18.85,-0.0199999999999996,-0.32
28755,1252809,14378.4036085695,14136.5138445038,19.06,0.209999999999997,0.229999999999997
28756,1252809,14376.7363317415,14155.6613923358,19.22,0.16,-0.0499999999999972
28757,1252809,14375.0837202266,14174.2379857259,18.65,-0.57,-0.73
28758,1252809,14373.3968128106,14192.7010825238,18.54,-0.109999999999999,0.460000000000001
28759,1252809,14371.6789696599,14211.5027690149,18.88,0.34,0.449999999999999
28760,1252809,14369.9389489834,14230.704061508,19.28,0.400000000000002,0.0600000000000023
28761,1252809,14368.3270890313,14249.3143894872,18.68,-0.600000000000001,-1
28762,1252809,14366.6591418753,14268.5722931188,19.33,0.649999999999999,1.25
