"V1","V2","V3","V4","V5","acceleration","jerk"
57122,1252509,14040.6487752992,14270.9394422291,11.72,1.84,0
57123,1252509,14041.3364712587,14257.4069046153,13.56,1.84,0
57124,1252509,14042.0297378936,14243.7845339974,13.63,0.0700000000000003,-1.77
57125,1252509,14044.208296308,14211.540003155,13.74,0.109999999999999,0.0399999999999991
57126,1252509,14044.4378786908,14197.9146055877,13.64,-0.0999999999999996,-0.209999999999999
57127,1252509,14044.1981494576,14185.0068315777,12.91,-0.73,-0.630000000000001
57128,1252509,14043.7501954398,14171.9370237678,13.08,0.17,0.9
57129,1252509,14042.9598122353,14158.5102671085,13.46,0.380000000000001,0.210000000000001
57130,1252509,14033.7874153852,14140.4500792036,13.59,0.129999999999999,-0.250000000000002
57131,1252509,14032.8172071811,14126.8925971593,13.61,0.0199999999999996,-0.109999999999999
57132,1252509,14031.0455429906,14113.8423057451,13.17,-0.44,-0.459999999999999
57133,1252509,14027.2963426662,14101.6402418165,12.99,-0.18,0.26
57134,1252509,14023.8226264946,14088.6840045935,13.74,0.75,0.93
57135,1252509,14023.3959637347,14075.2940162287,13.4,-0.34,-1.09
57136,1252509,14023.3122683021,14061.4842698489,13.81,0.41,0.75
57137,1252509,14023.2320879565,14048.2545128174,13.23,-0.58,-0.99
57138,1252509,14023.5225094521,14035.3498514995,12.91,-0.32,0.26
57139,1252509,14023.0323112083,14022.5868164994,12.78,-0.130000000000001,0.19
57140,1252509,14023.2141425265,14013.4893780813,9.11,-3.67,-3.54
57141,1252509,14023.2491662009,14008.7495074774,4.74,-4.37,-0.699999999999999
57142,1252509,14023.3928678398,14005.548901446,3.22,-1.52,2.85
57143,1252509,14028.3529407118,13991.2301020882,5.34,2.12,3.64
57144,1252509,14030.3199339933,13978.982033907,7.59,2.25,0.13
57145,1252509,14028.5220197929,13970.2042719754,8.96,1.37,-0.879999999999999
57146,1252509,14026.6445458484,13959.7006293465,10.69,1.73,0.359999999999998
57147,1252509,14026.3281217141,13948.8452400966,10.86,0.17,-1.56
57148,1252509,14026.1229996235,13941.8082290174,7.04,-3.82,-3.99
57149,1252509,14026.1768589558,13938.1821566815,3.63,-3.41,0.409999999999999
57150,1252509,14026.2694976532,13936.6148921627,1.58,-2.05,1.36
57151,1252509,14026.3155219741,13935.8362511916,0.78,-0.8,1.25
57152,1252509,14026.3515153534,13935.2273140219,0.61,-0.17,0.63
57153,1252509,14026.3568258519,13935.1374708329,0.09,-0.52,-0.35
57154,1252509,14026.3580059627,13935.1175056798,0.02,-0.07,0.45
57155,1252509,14026.3580059627,13935.1175056798,0,-0.02,0.05
57156,1252509,14026.3580059627,13935.1175056798,0,0,0.02
57157,1252509,14026.3580059627,13935.1175056798,0,0,0
57158,1252509,14026.3580059627,13935.1175056798,0,0,0
57159,1252509,14026.3580059627,13935.1175056798,0,0,0
57160,1252509,14026.3580059627,13935.1175056798,0,0,0
57161,1252509,14026.3580059627,13935.1175056798,0,0,0
57162,1252509,14026.3580059627,13935.1175056798,0,0,0
57163,1252509,14026.3580059627,13935.1175056798,0,0,0
57164,1252509,14026.3580059627,13935.1175056798,0,0,0
57165,1252509,14026.3580059627,13935.1175056798,0,0,0
57166,1252509,14026.3580059627,13935.1175056798,0,0,0
57167,1252509,14026.3580059627,13935.1175056798,0,0,0
57168,1252509,14026.3580059627,13935.1175056798,0,0,0
57169,1252509,14026.3580059627,13935.1175056798,0,0,0
57170,1252509,14026.3745275138,13934.8379935364,0.28,0.28,0.28
57171,1252509,14026.425272278,13933.9794919528,0.86,0.58,0.3
57172,1252509,14026.4972590364,13932.7616176134,1.21,0.35,-0.23
57173,1252509,14026.6117297834,13930.8249977622,1.95,0.74,0.39
57174,1252509,14026.7757651838,13928.0498414806,2.78,0.83,0.0899999999999999
57175,1252509,14027.0648923283,13923.1583789698,4.89,2.11,1.28
57176,1252509,14027.7325801297,13916.9555854755,6.26,1.37,-0.74
57177,1252509,14029.2975311359,13908.4890024369,8.61,2.35,0.98
57178,1252509,14031.0805937806,13898.8424078251,9.81,1.2,-1.15
57179,1252509,14050.0251489058,13883.7571445245,11.47,1.66,0.459999999999999
57180,1252509,14062.4804016285,13880.5057480432,13.18,1.71,0.0499999999999989
57181,1252509,14075.8755321155,13881.8256265358,13.46,0.280000000000001,-1.43
57182,1252509,14089.6195884875,13883.0599228346,13.79,0.329999999999998,0.0499999999999972
57183,1252509,14102.7138134231,13883.5430489185,13.11,-0.68,-1.01
57184,1252509,14116.1733011066,13884.4498517074,13.49,0.380000000000001,1.06
57185,1252509,14129.3933316333,13885.3405216075,13.26,-0.23,-0.610000000000001
57186,1252509,14143.0513350588,13885.8355382947,13.67,0.41,0.640000000000001
57187,1252509,14159.9253435316,13886.084804019,13.83,0.16,-0.25
57188,1252509,14172.9610684957,13889.464434249,13.26,-0.57,-0.73
57189,1252509,14185.1677386195,13893.5296795936,12.86,-0.4,0.17
57190,1252509,14195.8854415324,13898.142825151,11.71,-1.15,-0.749999999999998
57191,1252509,14203.0234466206,13901.8645698172,8.04,-3.67,-2.52
57192,1252509,14207.8306002564,13904.3995369124,5.01,-3.03,0.640000000000002
57193,1252509,14229.4468872688,13916.5084758116,7.22,2.21,5.24
57194,1252509,14236.5451314482,13921.0929528341,8.45,1.23,-0.98
57195,1252509,14244.732763083,13926.5643259211,9.85,1.4,0.170000000000001
57196,1252509,14254.3634736881,13933.4339924479,11.83,1.98,0.58
57197,1252509,14264.9844356268,13940.6670877395,12.85,1.02,-0.960000000000001
57198,1252509,14276.1988153731,13947.4728518571,13.12,0.27,-0.75
57199,1252509,14287.9227819652,13953.6390158368,13.27,0.15,-0.119999999999999
57200,1252509,14299.9983382841,13958.8939823938,13.18,-0.0899999999999999,-0.24
57201,1252509,14312.5664376719,13963.1525945831,13.28,0.0999999999999996,0.19
57202,1252509,14325.2253690295,13966.7114261309,13.17,-0.109999999999999,-0.209999999999999
57203,1252509,14338.3352540735,13969.5797556332,13.42,0.25,0.359999999999999
57204,1252509,14351.9337105599,13971.8990824014,13.8,0.380000000000001,0.130000000000001
57205,1252509,14365.1252142075,13973.5823006811,13.31,-0.49,-0.870000000000001
57206,1252509,14378.2017002511,13974.3668468885,13.1,-0.210000000000001,0.279999999999999
57207,1252509,14391.5477016559,13975.1675631323,13.38,0.280000000000001,0.490000000000002
57208,1252509,14404.3846184895,13975.937735974,12.86,-0.520000000000001,-0.800000000000002
