"V1","V2","V3","V4","V5","acceleration","jerk"
50285,1260016,14349.1624128186,14267.8408169233,18.53,0.18,0
50286,1260016,14350.4822153858,14249.1774243811,18.71,0.18,0
50287,1260016,14351.8013125535,14230.5240069285,18.69,-0.0199999999999996,-0.199999999999999
50288,1260016,14353.7789966505,14211.3772048535,19.25,0.559999999999999,0.579999999999998
50289,1260016,14355.806596498,14192.5359910163,18.95,-0.300000000000001,-0.859999999999999
50290,1260016,14357.8737853663,14173.3269012361,19.33,0.379999999999999,0.68
50291,1260016,14359.8860004578,14154.0919764264,19.34,0.0100000000000016,-0.369999999999997
50292,1260016,14361.7522969861,14135.565742668,18.62,-0.719999999999999,-0.73
50293,1260016,14363.6486627388,14116.741019644,18.92,0.300000000000001,1.02
50294,1260016,14365.5039338849,14098.3242319498,18.51,-0.41,-0.710000000000001
50295,1260016,14367.3612096459,14079.8875449711,18.53,0.0199999999999996,0.43
50296,1260016,14369.2926561604,14060.7145844704,19.27,0.739999999999998,0.719999999999999
50297,1260016,14370.544615383,14041.7175689666,19.03,-0.239999999999998,-0.979999999999997
50298,1260016,14371.6797669987,14022.9518707166,18.8,-0.23,0.00999999999999801
50299,1260016,14372.746103505,14000.5605071472,19.17,0.370000000000001,0.600000000000001
50300,1260016,14372.2805696242,13980.415885577,20.16,0.989999999999998,0.619999999999997
50301,1260016,14371.78061165,13958.7816617171,21.64,1.48,0.490000000000002
50302,1260016,14371.2510813002,13935.8677795142,22.92,1.28,-0.199999999999999
50303,1260016,14370.6836613443,13911.3143350594,24.55,1.63,0.349999999999998
50304,1260016,14370.0903655597,13885.6411895546,25.68,1.13,-0.5
50305,1260016,14373.16714174,13830.5505806464,27.06,1.38,0.25
50306,1260016,14371.9860220569,13792.2917219779,25.51,-1.55,-2.93
50307,1260016,14371.469423457,13770.697900503,21.6,-3.91,-2.36
50308,1260016,14371.8821703534,13752.481867717,18.22,-3.38,0.529999999999998
50309,1260016,14372.5830460463,13736.7574798669,15.75,-2.47,0.910000000000004
50310,1260016,14373.3355745856,13719.8742425944,16.9,1.15,3.62
50311,1260016,14371.847894349,13692.1698898195,17.93,1.03,-0.119999999999997
50312,1260016,14369.3731395662,13672.9485478069,19.39,1.46,0.43
50313,1260016,14366.6876858467,13652.0907138273,21.03,1.64,0.18
50314,1260016,14363.8145185291,13629.7749142771,22.5,1.47,-0.170000000000002
50315,1260016,14360.7332062014,13605.8424590261,24.13,1.63,0.16
50316,1260016,14355.8693410175,13581.1332514679,25.19,1.06,-0.569999999999997
50317,1260016,14347.9514099075,13549.6741370151,26.06,0.869999999999997,-0.190000000000005
50318,1260016,14337.9393734539,13513.6554594714,27.27,1.21,0.340000000000003
50319,1260016,14332.7233330841,13486.7520541436,27.45,0.18,-1.03
50320,1260016,14328.447201828,13449.6676298105,27.55,0.100000000000001,-0.0799999999999983
50321,1260016,14327.7039097205,13406.0495858515,27.73,0.18,0.0799999999999983
50322,1260016,14329.6573097268,13369.6872180677,27.6,-0.129999999999999,-0.309999999999999
50323,1260016,14330.8728261157,13342.4458892959,27.27,-0.330000000000002,-0.200000000000003
50324,1260016,14332.1234976465,13315.2898016531,27.2,-0.0700000000000003,0.260000000000002
50325,1260016,14330.5683344116,13287.683882575,27.55,0.350000000000001,0.420000000000002
50349,1260016,14215.5187389189,13276.1126001288,7.16,-0.849583333333333,-0.049982638888889
50350,1260016,14218.9843427568,13276.9696240716,3.57,-3.59,-2.74041666666667
50351,1260016,14227.7221401215,13278.7336811675,5.77,2.2,5.79
50352,1260016,14235.5545805033,13279.9081076939,7.92,2.15,-0.0499999999999994
50353,1260016,14245.3253520906,13281.3731751283,9.88,1.96,-0.19
50354,1260016,14256.975118214,13283.1199863001,11.78,1.9,-0.0600000000000023
50355,1260016,14269.890733288,13285.0566037792,13.06,1.28,-0.619999999999997
50356,1260016,14283.0041372606,13287.0228784938,13.25,0.19,-1.09
50357,1260016,14296.671350149,13289.0721934679,13.82,0.57,0.380000000000001
50358,1260016,14309.8144224563,13291.0429167679,13.29,-0.530000000000001,-1.1
50359,1260016,14323.3673774612,13293.3541989254,13.75,0.460000000000001,0.990000000000002
50360,1260016,14336.937305291,13295.8080038675,13.79,0.0399999999999991,-0.420000000000002
50361,1260016,14349.985691297,13298.1675001352,13.26,-0.529999999999999,-0.569999999999999
50362,1260016,14363.0143964795,13300.523437585,13.24,-0.0199999999999996,0.51
50363,1260016,14375.9742187796,13302.8669191722,13.17,-0.0700000000000003,-0.0500000000000007
50364,1260016,14389.1308493151,13305.2459889383,13.37,0.199999999999999,0.27
50365,1260016,14401.8938633799,13307.5538823465,12.97,-0.399999999999999,-0.599999999999998
