"V1","V2","V3","V4","V5","acceleration","jerk"
26720,1263645,14352.052596694,14273.7165077429,19.13,-0.48,0
26721,1263645,14353.3679862366,14255.1229779449,18.65,-0.48,0
26722,1263645,14354.7158371091,14236.0705949436,19.1,0.450000000000003,0.930000000000003
26723,1263645,14356.5108099337,14216.8071292155,19.35,0.25,-0.200000000000003
26724,1263645,14355.1902917423,14198.2629246153,18.71,-0.640000000000001,-0.890000000000001
26725,1263645,14357.1804425161,14179.7697015351,18.6,-0.109999999999999,0.530000000000001
26726,1263645,14359.1673459944,14161.2258698768,18.64,0.0399999999999991,0.149999999999999
26727,1263645,14361.0797486668,14142.2419525777,19.08,0.439999999999998,0.399999999999999
26728,1263645,14362.9761144195,14123.4172295537,18.91,-0.169999999999998,-0.609999999999996
26729,1263645,14364.8484247927,14104.8312979422,18.68,-0.23,-0.0600000000000023
26730,1263645,14366.7798713073,14085.6583374415,19.28,0.600000000000001,0.830000000000002
26731,1263645,14368.6160986112,14067.4305929489,18.32,-0.960000000000001,-1.56
26732,1263645,14370.1249715677,14048.6548882665,18.84,0.52,1.48
26733,1263645,14371.243820474,14030.158697385,18.53,-0.309999999999999,-0.829999999999998
26734,1263645,14372.3620655762,14011.6724882579,18.52,-0.0100000000000016,0.299999999999997
26735,1263645,14372.4797210909,13989.0335847301,19.4,0.879999999999999,0.890000000000001
26736,1263645,14372.0035596376,13968.429085943,20.61,1.21,0.330000000000002
26737,1263645,14371.5045258001,13946.8348514062,21.6,0.990000000000002,-0.219999999999999
26738,1263645,14370.9911678432,13924.6207823596,22.21,0.609999999999999,-0.380000000000003
26739,1263645,14370.562830466,13906.0857310489,18.54,-3.67,-4.28
26740,1263645,14370.2345308905,13891.8795239763,14.21,-4.33,-0.659999999999997
26741,1263645,14366.2917807133,13868.7779629051,13.72,-0.49,3.84
26742,1263645,14360.2774378739,13858.1372505589,13.04,-0.680000000000001,-0.190000000000001
26743,1263645,14349.1425384633,13850.5917450115,13.71,0.670000000000002,1.35
26744,1263645,14339.297306967,13849.3973406511,10,-3.71,-4.38
26745,1263645,14334.6409488792,13849.4554478269,6.58,-3.42,0.290000000000001
26746,1263645,14330.2123500574,13849.5668591181,4.43,-2.15,1.27
26747,1263645,14328.9013950005,13849.2696253416,1.37,-3.06,-0.909999999999999
26748,1263645,14328.166280882,13848.980303319,0.78,-0.59,2.47
26749,1263645,14328.0360074939,13848.9290310619,0.14,-0.64,-0.0499999999999999
26750,1263645,14328.0360074939,13848.9290310619,0,-0.14,0.5
26751,1263645,14328.0360074939,13848.9290310619,0,0,0.14
26752,1263645,14328.0360074939,13848.9290310619,0,0,0
26753,1263645,14328.0360074939,13848.9290310619,0,0,0
26754,1263645,14328.0360074939,13848.9290310619,0,0,0
26755,1263645,14328.0360074939,13848.9290310619,0,0,0
26756,1263645,14328.0360074939,13848.9290310619,0,0,0
26757,1263645,14328.0360074939,13848.9290310619,0,0,0
26758,1263645,14308.1763463859,13846.8262096257,1.69,1.69,1.69
26759,1263645,14305.0476622774,13848.0513364556,3.36,1.67,-0.02
26760,1263645,14299.81138481,13848.0245938451,5.24,1.88,0.21
26761,1263645,14293.1116413448,13847.9659636368,6.7,1.46,-0.42
26762,1263645,14284.7019633535,13847.8923695992,8.41,1.71,0.25
26763,1263645,14274.1723665344,13847.8002239136,10.52,2.11,0.399999999999999
26764,1263645,14262.4628148961,13847.6977523107,11.72,1.2,-0.909999999999998
26765,1263645,14248.5833463444,13847.576291521,13.88,2.16,0.959999999999999
26766,1263645,14234.9930319369,13847.6991314124,13.6,-0.280000000000001,-2.44
26767,1263645,14222.2873848945,13850.3863023092,13.07,-0.529999999999999,-0.249999999999998
26768,1263645,14214.199038359,13854.8762969349,9.31,-3.76,-3.23
26769,1263645,14209.5134160013,13857.8879149458,5.57,-3.74,0.0199999999999996
26770,1263645,14207.6649321649,13860.4401356703,3.25,-2.32,1.42
26771,1263645,14204.2182801969,13877.6155000035,5.27,2.02,4.34
26772,1263645,14206.4264393478,13884.7791349819,7.49,2.22,0.200000000000001
26773,1263645,14209.837833617,13893.5919035106,9.45,1.96,-0.260000000000002
26774,1263645,14225.8426411628,13918.1162507371,11.06,1.61,-0.349999999999998
26775,1263645,14236.7494810384,13925.1533839551,12.98,1.92,0.309999999999999
26776,1263645,14247.6827065752,13932.7380180034,13.31,0.33,-1.59
26777,1263645,14259.0320074694,13940.604540001,13.81,0.5,0.17
26778,1263645,14270.0304462192,13947.6186989834,13.05,-0.76,-1.26
26779,1263645,14281.5857527342,13954.2454834822,13.33,0.279999999999999,1.04
26780,1263645,14293.9742972204,13960.210922738,13.75,0.42,0.140000000000001
26781,1263645,14306.899688813,13964.7046289506,13.69,-0.0600000000000005,-0.48
26782,1263645,14321.1224243809,13965.8137373149,13.03,-0.66,-0.6
26783,1263645,14333.7731703809,13968.5816111641,12.95,-0.0800000000000001,0.58
26784,1263645,14346.3791926666,13971.0436696509,12.85,-0.0999999999999996,-0.0199999999999996
26785,1263645,14359.3858573419,13973.0467358069,13.15,0.300000000000001,0.4
26786,1263645,14372.8712853295,13974.0470395032,13.53,0.379999999999999,0.0799999999999983
26787,1263645,14386.4668379947,13974.8627280028,13.62,0.0899999999999999,-0.289999999999999
26788,1263645,14399.6032163408,13975.6508675516,13.17,-0.449999999999999,-0.539999999999999
