"V1","V2","V3","V4","V5","acceleration","jerk"
72496,1263518,13456.47,13903.93,0,2.41,0
72497,1263518,13458.8575047732,13903.6014867463,2.41,2.41,0
72498,1263518,13463.5532610492,13902.9553652432,4.74,2.33,-0.0800000000000001
72499,1263518,13476.1458458578,13901.0646418646,6.62,1.88,-0.45
72500,1263518,13484.3476095977,13899.7277905061,8.31,1.69,-0.19
72501,1263518,13494.0495756101,13898.146412786,9.83,1.52,-0.170000000000001
72502,1263518,13505.8143197473,13896.2288113187,11.92,2.09,0.57
72503,1263518,13519.1145286045,13894.8389692295,13.38,1.46,-0.629999999999999
72504,1263518,13532.8548068609,13893.6689891281,13.8,0.42,-1.04
72505,1263518,13546.7930002205,13895.896965261,13.44,-0.360000000000001,-0.780000000000001
72506,1263518,13559.7102153157,13895.3828448421,12.93,-0.51,-0.149999999999999
72507,1263518,13572.660032692,13895.3140704293,12.95,0.0199999999999996,0.529999999999999
72508,1263518,13586.0698435813,13895.2428530644,13.42,0.470000000000001,0.450000000000001
72509,1263518,13608.6840964105,13894.6413413234,13.18,-0.24,-0.710000000000001
72510,1263518,13622.2127742289,13894.087738139,13.53,0.35,0.59
72511,1263518,13631.8515267261,13892.592752375,9.79,-3.74,-4.09
72512,1263518,13639.0946264337,13890.9978575267,7.41,-2.38,1.36
72513,1263518,13644.6389976435,13889.4365926907,5.76,-1.65,0.729999999999999
72514,1263518,13646.8336445807,13888.8185920265,2.28,-3.48,-1.83
72515,1263518,13654.9684040025,13886.5614471434,3.07,0.79,4.27
72516,1263518,13658.301981555,13886.7684754071,3.34,0.27,-0.52
72517,1263518,13688.6786643085,13877.884186613,5.08,1.74,1.47
72518,1263518,13692.3664494598,13875.7516199253,4.26,-0.82,-2.56
72519,1263518,13697.1969286017,13872.9582579259,5.58,1.32,2.14
72520,1263518,13701.0578492062,13870.7255707364,4.46,-1.12,-2.44
72521,1263518,13715.8783391457,13864.4827454652,6.53,2.07,3.19
72522,1263518,13724.5473662089,13863.1034494227,8.78,2.25,0.179999999999999
72523,1263518,13735.1657824719,13861.1313348045,10.8,2.02,-0.229999999999998
72524,1263518,13747.7543204806,13858.8786219391,12.79,1.99,-0.0300000000000029
72525,1263518,13760.83217179,13857.0147804409,13.2,0.41,-1.58
72526,1263518,13774.1761153976,13855.5494427654,13.43,0.23,-0.18
72527,1263518,13787.7599237536,13854.42826011,13.63,0.200000000000001,-0.0299999999999994
72528,1263518,13801.3669184554,13853.345586032,13.65,0.0199999999999996,-0.180000000000001
72529,1263518,13814.7346929866,13852.2822403306,13.41,-0.24,-0.26
72530,1263518,13828.395558113,13852.3397273804,13.67,0.26,0.5
72531,1263518,13841.9623601469,13852.6165123286,13.57,-0.0999999999999996,-0.359999999999999
72532,1263518,13855.3747837131,13854.6785002237,13.57,0,0.0999999999999996
72533,1263518,13868.6883684911,13856.7252929242,13.47,-0.0999999999999996,-0.0999999999999996
72534,1263518,13882.0333392266,13858.3125231577,13.44,-0.0300000000000011,0.0699999999999985
72535,1263518,13894.8853349195,13860.0511847386,12.98,-0.459999999999999,-0.429999999999998
72536,1263518,13907.7062882952,13862.8831548196,13.13,0.15,0.609999999999999
72537,1263518,13920.1740080031,13865.0784777094,12.66,-0.470000000000001,-0.620000000000001
72538,1263518,13930.8727586251,13866.9429709729,10.85,-1.81,-1.34
72539,1263518,13941.7358156568,13867.5032221505,10.88,0.0300000000000011,1.84
72540,1263518,13952.3956502221,13867.3234279878,10.7,-0.180000000000001,-0.210000000000003
72541,1263518,13970.9591637793,13865.5768757157,12.39,1.69,1.87
72542,1263518,13980.9732838945,13864.7826318402,10.05,-2.34,-4.03
72543,1263518,13988.6123305877,13866.3087594955,7.79,-2.26,0.0799999999999992
72544,1263518,13995.5551355411,13867.6957920756,7.08,-0.71,1.55
72545,1263518,14001.5119715735,13868.805254607,6.06,-1.02,-0.31
72546,1263518,14005.6149425449,13869.4917159736,4.15,-1.91,-0.889999999999999
72547,1263518,14008.8302515273,13870.0296640637,3.26,-0.890000000000001,1.02
72548,1263518,14010.2209219767,13870.2623348635,1.42,-1.84,-0.949999999999999
72549,1263518,14011.5326891383,13870.4818044831,1.33,-0.0899999999999999,1.75
72550,1263518,14012.1146008866,13870.5791631865,0.59,-0.74,-0.65
72551,1263518,14012.4203511273,13870.6303177595,0.3,-0.29,0.45
72552,1263518,14012.7162384569,13870.679822185,0.31,0.01,0.3
72553,1263518,14012.7458271899,13870.6847726275,0.03,-0.28,-0.29
72554,1263518,14012.7458271899,13870.6847726275,0,-0.03,0.25
72555,1263518,14012.7458271899,13870.6847726275,0,0,0.03
72556,1263518,14012.7458271899,13870.6847726275,0,0,0
72557,1263518,14012.7458271899,13870.6847726275,0,0,0
72558,1263518,14012.7458271899,13870.6847726275,0,0,0
72559,1263518,14012.7458271899,13870.6847726275,0,0,0
72560,1263518,14012.7458271899,13870.6847726275,0,0,0
72561,1263518,14012.7458271899,13870.6847726275,0,0,0
72562,1263518,14012.7458271899,13870.6847726275,0,0,0
72563,1263518,14013.1403436295,13870.7507785281,0.4,0.4,0.4
72564,1263518,14014.3633445921,13870.9553968201,1.24,0.84,0.44
72565,1263518,14017.13482258,13871.419088272,2.8,1.56,0.72
72566,1263518,14021.0405353316,13872.0725466883,3.96,1.16,-0.4
72567,1263518,14026.3665072657,13872.9636263469,5.4,1.44,0.28
72568,1263518,14030.4431597099,13877.8890589,6.76,1.36,-0.080000000000001
72569,1263518,14045.1835480005,13882.1650739092,8.67,1.91,0.550000000000001
72570,1263518,14054.444780144,13878.3928624645,10,1.33,-0.58
72571,1263518,14066.2132593679,13877.5585112619,12.13,2.13,0.800000000000001
72572,1263518,14079.7184192363,13878.8834855752,13.57,1.44,-0.690000000000001
72573,1263518,14092.8207357103,13879.9911383549,13.15,-0.42,-1.86
72574,1263518,14106.1759797392,13880.474174076,13.37,0.219999999999999,0.639999999999999
72575,1263518,14119.8051936834,13881.3907586395,13.67,0.300000000000001,0.0800000000000018
72576,1263518,14133.0652415106,13882.2825162419,13.28,-0.390000000000001,-0.690000000000001
72577,1263518,14150.8281829875,13882.4078904976,12.91,-0.369999999999999,0.0200000000000014
72578,1263518,14165.4209723891,13881.5200882426,14.76,1.85,2.22
72579,1263518,14175.7103048068,13877.3053503806,11.2,-3.56,-5.41
72580,1263518,14181.8720181259,13872.7548103526,7.66,-3.54,0.0200000000000014
72581,1263518,14204.5370038508,13856.2864749136,9.38,1.72,5.26
72582,1263518,14213.3118253882,13848.8659881673,11.49,2.11,0.389999999999999
72583,1263518,14235.9199764912,13835.4468936906,12.89,1.4,-0.709999999999999
72584,1263518,14249.6899191964,13832.1866097372,13.76,0.869999999999999,-0.530000000000001
72585,1263518,14262.8098657349,13832.2240640868,13.12,-0.640000000000001,-1.51
72586,1263518,14275.7498130068,13832.261004581,12.94,-0.18,0.460000000000001
72587,1263518,14289.1497584043,13832.2992582612,13.39,0.450000000000001,0.630000000000001
72588,1263518,14302.9297022534,13832.3385967472,13.78,0.389999999999999,-0.0600000000000023
72589,1263518,14323.1318425226,13833.9763480047,13.76,-0.0199999999999996,-0.409999999999998
72590,1263518,14343.3333044095,13831.6370222709,12.7,-1.06,-1.04
72591,1263518,14353.4956362185,13827.7597683057,10.49,-2.21,-1.15
72592,1263518,14359.156420954,13823.3944562485,7.19,-3.3,-1.09
72593,1263518,14362.1572172261,13820.0197949116,4.52,-2.67,0.629999999999999
72594,1263518,14363.8647951752,13817.4205108665,3.11,-1.41,1.26
72595,1263518,14366.3245859188,13813.6762045892,4.48,1.37,2.78
72596,1263518,14372.091494271,13796.700460529,5.55,1.07,-0.300000000000001
72597,1263518,14371.9343621969,13790.1323398304,6.57,1.02,-0.0499999999999989
72598,1263518,14371.7449427103,13782.2146052896,7.92,1.35,0.329999999999999
72599,1263518,14371.5189308228,13772.7673083944,9.45,1.53,0.18
72600,1263518,14371.4836419258,13761.4229904146,11.34,1.89,0.360000000000001
72601,1263518,14372.040245875,13748.9353888817,12.5,1.16,-0.73
72602,1263518,14372.6867970224,13734.4297909411,14.52,2.02,0.859999999999999
72603,1263518,14373.3965783784,13718.5056014664,15.94,1.42,-0.6
72604,1263518,14371.7342446196,13691.2871759706,17.45,1.51,0.0899999999999999
72605,1263518,14369.3693086764,13672.9187934075,18.52,1.07,-0.44
72606,1263518,14366.8128282454,13653.0626908744,20.02,1.5,0.43
72607,1263518,14364.1005582976,13631.996576099,21.24,1.22,-0.280000000000001
72608,1263518,14361.1826972662,13609.3336418891,22.85,1.61,0.390000000000004
72609,1263518,14356.8346606514,13585.5694387954,24.18,1.33,-0.280000000000005
72610,1263518,14349.3348942444,13554.5205347588,25.56,1.38,0.0500000000000007
72611,1263518,14342.1978718719,13529.5192765574,26,0.440000000000001,-0.939999999999998
72612,1263518,14333.586698492,13492.9522315743,27.5,1.5,1.06
72613,1263518,14329.0118272506,13456.3538318813,27.09,-0.41,-1.91
72614,1263518,14327.9268297816,13413.9088846424,26.44,-0.649999999999999,-0.239999999999998
72615,1263518,14329.305904977,13378.840475122,26.45,0.00999999999999801,0.659999999999997
72616,1263518,14330.3662573007,13351.2208217399,27.64,1.19,1.18
72617,1263518,14331.9291507414,13323.5274995872,27.74,0.0999999999999979,-1.09
72618,1263518,14331.1212805578,13295.9955100064,27.46,-0.279999999999998,-0.379999999999995
72645,1263518,14211.9560593432,13275.2315699131,3.35,-0.892962962962963,-0.0227023319615913
72646,1263518,14214.5091512462,13275.8629348906,2.63,-0.72,0.172962962962963
72647,1263518,14217.6058672807,13276.6287349963,3.19,0.56,1.28
72648,1263518,14220.3822333805,13277.3153144014,2.85,-0.34,-0.9
72649,1263518,14221.1491317088,13277.5049639574,0.79,-2.06,-1.72
72650,1263518,14222.0131057748,13277.7186197863,0.89,0.1,2.16
72651,1263518,14222.1004739388,13277.7402254319,0.09,-0.8,-0.9
72652,1263518,14222.1198890864,13277.7450266865,0.02,-0.07,0.73
72653,1263518,14227.1979995404,13278.6550894934,2,1.98,2.05
72654,1263518,14231.143888066,13279.2467513419,4,2,0.02
72655,1263518,14236.9588816828,13280.118674066,5.88,1.88,-0.12
72656,1263518,14245.0187792979,13281.3272064132,8.15,2.27,0.390000000000001
72657,1263518,14254.7697719954,13282.7893081241,9.86,1.71,-0.560000000000001
72658,1263518,14265.9151764276,13284.4604933454,11.27,1.41,-0.299999999999999
72659,1263518,14278.3165403654,13286.3200020121,12.54,1.27,-0.140000000000001
72660,1263518,14291.3804971133,13288.2788624179,13.21,0.670000000000002,-0.599999999999998
72661,1263518,14304.3257805221,13290.2199284823,13.09,-0.120000000000001,-0.790000000000003
72662,1263518,14317.1187159877,13292.2242742422,12.94,-0.15,-0.0299999999999994
72663,1263518,14330.2359848761,13294.5962263725,13.33,0.390000000000001,0.540000000000001
72664,1263518,14343.8255935294,13297.0535901325,13.81,0.48,0.0899999999999999
72665,1263518,14357.0019048885,13299.4362187165,13.4,-0.41,-0.890000000000001
72666,1263518,14370.6013539536,13301.8953618855,13.82,0.42,0.83
72667,1263518,14384.0236756069,13304.3224756933,13.64,-0.18,-0.6
72668,1263518,14397.367273966,13306.7353542295,13.56,-0.0800000000000001,0.0999999999999996
