"V1","V2","V3","V4","V5","acceleration","jerk"
57980,1263325,13601.92,13406.2,0,1.39,0
57981,1263325,13603.2164358313,13406.7013523067,1.39,1.39,0
57982,1263325,13605.8186343703,13407.7076637712,2.78,1.39,0
57983,1263325,13609.8478450113,13409.2658234582,4.33,1.55,0.16
57984,1263325,13615.4346440251,13411.4263272835,5.99,1.66,0.11
57985,1263325,13622.303559691,13415.4279402802,7.95,1.96,0.3
57986,1263325,13631.0786046705,13420.5488958169,10.16,2.21,0.25
57987,1263325,13640.9937145488,13426.3351723485,11.48,1.32,-0.89
57988,1263325,13653.5452227664,13429.8635536144,13.13,1.65,0.33
57989,1263325,13666.0805513732,13437.1714696456,14.51,1.38,-0.270000000000001
57990,1263325,13679.6525715257,13445.0837619165,15.72,1.21,-0.169999999999998
57991,1263325,13694.0139683606,13454.1833068501,17.03,1.31,0.0999999999999996
57992,1263325,13707.7453302256,13465.4468454296,17.76,0.73,-0.58
57993,1263325,13723.8416967855,13477.9453111305,14.03,-3.73,-4.46
57994,1263325,13739.532739229,13478.3265041155,13.79,-0.24,3.49
57995,1263325,13744.4438076368,13466.1711140727,13.11,-0.68,-0.44
57996,1263325,13749.1013781693,13453.692368521,13.32,0.210000000000001,0.890000000000001
57997,1263325,13753.6171444496,13441.5125509977,12.99,-0.33,-0.540000000000001
57998,1263325,13758.1572451133,13429.2670993537,13.06,0.0700000000000003,0.4
57999,1263325,13762.9545949722,13416.327801292,13.8,0.74,0.67
58000,1263325,13767.7967498896,13403.4052924992,13.8,0,-0.74
58001,1263325,13772.5954255458,13390.7334650088,13.55,-0.25,-0.25
58002,1263325,13777.2028624674,13378.5666402376,13,-0.550000000000001,-0.300000000000001
58003,1263325,13785.0650685549,13367.1262887535,13.56,0.56,1.11
58004,1263325,13789.8091213393,13354.6048645862,13.38,-0.18,-0.74
58005,1263325,13796.8703117586,13335.7632578574,13.88,0.5,0.68
58006,1263325,13800.1397342741,13325.5077668783,10.77,-3.11,-3.61
58007,1263325,13802.2444047278,13318.3299704001,7.47,-3.3,-0.189999999999999
58008,1263325,13803.4880736322,13314.0885452085,4.42,-3.05,0.25
58009,1263325,13804.0451922817,13312.1885402584,1.98,-2.44,0.61
58010,1263325,13804.3884674091,13311.0178301376,1.22,-0.76,1.68
58011,1263325,13804.565732434,13310.4132831081,0.63,-0.59,0.17
58012,1263325,13804.5882422784,13310.3365152313,0.07,-0.56,0.0299999999999999
58013,1263325,13804.6023109312,13310.2885353083,0.06,-0.01,0.55
58014,1263325,13807.5114953312,13300.0882793709,1.97,1.91,1.92
58015,1263325,13808.4689096692,13296.5660843471,3.65,1.68,-0.23
58016,1263325,13809.982411239,13290.9981212547,5.77,2.12,0.44
58017,1263325,13812.0153941459,13283.5927201495,7.69,1.92,-0.199999999999999
58018,1263325,13814.9270197944,13275.1295684858,8.95,1.26,-0.660000000000002
