"V1","V2","V3","V4","V5","acceleration","jerk"
42888,1264684,13413.8227784448,13362.8965017588,13.83,-0.44,0
42889,1264684,13426.9892664855,13365.3872030004,13.39,-0.44,0
42890,1264684,13440.2147089502,13367.8890566356,13.46,0.0700000000000003,0.51
42891,1264684,13463.8278750052,13370.420489378,13.7,0.239999999999998,0.169999999999998
42892,1264684,13476.7221223086,13371.2358337712,12.92,-0.779999999999999,-1.02
42893,1264684,13490.4746554232,13372.1054503143,13.78,0.859999999999999,1.64
42894,1264684,13503.7381652267,13372.9441443534,13.3,-0.479999999999999,-1.34
42895,1264684,13516.96175476,13373.7803141064,13.25,-0.0500000000000007,0.429999999999998
42896,1264684,13530.2610713044,13373.4712586327,13.34,0.0899999999999999,0.140000000000001
42897,1264684,13543.6196056115,13372.2975205161,13.41,0.0700000000000003,-0.0199999999999996
42898,1264684,13556.23,13369.03,13.45,0.0399999999999991,-0.0300000000000011
42899,1264684,13577.1505843453,13355.4202197224,12.88,-0.569999999999999,-0.609999999999998
42900,1264684,13587.6468879652,13347.9382607328,12.9,0.0199999999999996,0.589999999999998
42901,1264684,13598.3060512222,13340.3402123874,13.09,0.19,0.17
42902,1264684,13609.5189372459,13332.3474602318,13.77,0.68,0.49
42903,1264684,13620.1373855936,13324.7784342254,13.04,-0.73,-1.41
42904,1264684,13630.894264633,13317.1107322664,13.21,0.170000000000002,0.900000000000002
42905,1264684,13641.4149971984,13309.6113598735,12.92,-0.290000000000001,-0.460000000000003
42906,1264684,13652.3117831348,13302.0734069418,13.25,0.33,0.620000000000001
42907,1264684,13663.4939283684,13294.3502127855,13.59,0.34,0.00999999999999979
42908,1264684,13674.60201966,13286.6781656105,13.5,-0.0899999999999999,-0.43
42909,1264684,13685.9075881302,13278.8697264856,13.74,0.24,0.33
42951,1264684,14216.6854631223,13276.7840892491,13.48,-0.00619047619047619,-0.00586167800453515
42952,1264684,14231.4109030791,13279.2867886098,13.72,0.24,0.246190476190476
42953,1264684,14244.3166287081,13281.2219232272,13.05,-0.67,-0.91
42954,1264684,14257.9343943719,13283.2638238924,13.77,0.719999999999999,1.39
42955,1264684,14271.1170244589,13285.2404786394,13.33,-0.44,-1.16
42956,1264684,14284.7051217879,13287.2779307193,13.74,0.41,0.85
42957,1264684,14297.4625057431,13289.19082241,12.9,-0.84,-1.25
42958,1264684,14311.1593869663,13291.2445859694,13.85,0.949999999999999,1.79
42959,1264684,14324.6367905794,13293.58374268,13.68,-0.17,-1.12
42960,1264684,14337.616293703,13295.930783085,13.19,-0.49,-0.32
42961,1264684,14350.4383502384,13298.2493529469,13.02,-0.17,0.32
42962,1264684,14363.4670554209,13300.6052903967,13.25,0.23,0.4
42963,1264684,14376.1218249562,13302.8936103064,12.86,-0.390000000000001,-0.620000000000001
42964,1264684,14388.9734027268,13305.2175183951,13.05,0.190000000000001,0.580000000000002
42965,1264684,14402.6023730272,13307.6819997909,13.85,0.799999999999999,0.609999999999998
