"V1","V2","V3","V4","V5","acceleration","jerk"
39733,126601,14344.1650427778,13280.5441195373,27.06,0.400000000000002,0
39734,126601,14344.4441244228,13307.998169741,27.46,0.400000000000002,0
39735,126601,14344.3253071903,13335.8205529284,27.53,0.0700000000000003,-0.330000000000002
39736,126601,14343.3756778621,13363.0282234602,27.23,-0.300000000000001,-0.370000000000001
39737,126601,14342.569050121,13389.9560519486,26.94,-0.289999999999999,0.0100000000000016
39738,126601,14339.4987748543,13416.8128959894,27.68,0.739999999999998,1.03
39739,126601,14340.4622041022,13458.5655149445,27.14,-0.539999999999999,-1.28
39740,126601,14343.1979660048,13485.5133361057,27.11,-0.0300000000000011,0.509999999999998
39741,126601,14348.8544175012,13512.3673778328,27.46,0.350000000000001,0.380000000000003
39742,126601,14356.4120058824,13539.0428773414,27.73,0.27,-0.0800000000000018
39743,126601,14363.960446445,13565.0465164749,27.08,-0.650000000000002,-0.920000000000002
39744,126601,14369.7735461217,13590.3575569938,25.98,-1.1,-0.449999999999996
39745,126601,14374.7262139827,13612.705130152,22.88,-3.1,-2
39746,126601,14378.2090727358,13630.9855892349,18.63,-4.25,-1.15
39747,126601,14379.9596519075,13647.2013708245,16.32,-2.31,1.94
39748,126601,14381.3474501105,13660.05667775,12.93,-3.39,-1.08
39749,126601,14382.494825423,13670.684924543,10.68,-2.25,1.14
39750,126601,14383.438270605,13679.4241471164,8.79,-1.89,0.359999999999999
39751,126601,14384.3420030775,13687.7955070787,8.43,-0.359999999999999,1.53
39752,126601,14384.9001276448,13692.9654681006,5.2,-3.23,-2.87
39753,126601,14385.5011848712,13698.5331184318,5.6,0.399999999999999,3.63
39754,126601,14386.0915089328,13704.0013464356,5.5,-0.0999999999999996,-0.499999999999999
39755,126601,14366.7571716742,13706.6755381428,7.34,1.84,1.94
39756,126601,14357.4659796423,13707.2670198636,9.31,1.97,0.130000000000001
39757,126601,14340.3960594295,13708.5285969676,10.84,1.53,-0.440000000000001
39758,126601,14321.3300019123,13708.7330773491,12.67,1.83,0.300000000000001
39759,126601,14307.5436565136,13707.8819115151,13.83,1.16,-0.67
39760,126601,14294.64,13706.55,13.14,-0.69,-1.85
39761,126601,14268.9554098468,13704.4397684939,13.3,0.16,0.85
39762,126601,14255.6094499842,13703.2375391706,13.39,0.0899999999999999,-0.0700000000000003
39763,126601,14242.4626835524,13702.0532535684,13.2,-0.190000000000001,-0.280000000000001
39764,126601,14229.1665220475,13700.8555101753,13.35,0.15,0.340000000000002
39765,126601,14215.840481528,13699.6550752241,13.38,0.0300000000000011,-0.119999999999999
39766,126601,14202.3336554499,13698.7132239124,13.54,0.159999999999998,0.129999999999997
39767,126601,14188.9935428945,13697.8197492283,13.37,-0.17,-0.329999999999998
39768,126601,14175.1645256906,13696.8935293987,13.86,0.49,0.66
39769,126601,14161.5284323589,13696.5807108507,13.66,-0.199999999999999,-0.69
39770,126601,14149.7003025431,13697.1107533597,11.84,-1.82,-1.62
39771,126601,14142.2377915867,13697.4451636251,7.48,-4.36,-2.54
39772,126601,14138.0120323704,13697.6345284742,4.22,-3.26,1.1
39773,126601,14123.7372790289,13702.3363670185,6.22,2,5.26
39774,126601,14116.8645753875,13698.6477433379,7.81,1.59,-0.41
39775,126601,14108.0532329322,13694.7253557293,9.65,1.84,0.250000000000001
39776,126601,14088.7190691714,13690.5143748682,11.81,2.16,0.319999999999999
39777,126601,14075.6518592282,13688.577334781,13.21,1.4,-0.76
39778,126601,14061.2690255738,13686.4452709757,14.54,1.33,-0.0700000000000021
39779,126601,14044.9177023064,13684.0214047651,16.53,1.99,0.660000000000004
39780,126601,14026.726484225,13681.3247986179,18.39,1.86,-0.130000000000003
39781,126601,14006.9104408183,13680.0437618844,19.74,1.35,-0.510000000000002
39782,126601,13987.2397694933,13671.7037152018,21.41,1.67,0.320000000000004
39783,126601,13967.5903999465,13659.9847197123,22.91,1.5,-0.170000000000002
39784,126601,13950.9609309238,13648.9275202466,19.97,-2.94,-4.44
39785,126601,13936.2806938206,13639.382191857,17.52,-2.45,0.490000000000002
39786,126601,13923.1437685598,13632.6094823039,14.78,-2.74,-0.290000000000001
39787,126601,13913.38430655,13627.4128909215,11.06,-3.72,-0.979999999999999
39788,126601,13907.4348935005,13623.898266565,6.91,-4.15,-0.430000000000001
39789,126601,13903.2222935956,13621.9864611018,4.63,-2.28,1.87
39790,126601,13901.7551975551,13621.3480026397,1.59,-3.04,-0.76
39791,126601,13901.0766656363,13621.052715601,0.74,-0.85,2.19
39792,126601,13900.7924157785,13620.929014274,0.31,-0.43,0.42
39793,126601,13900.7924157785,13620.929014274,0.01,-0.3,0.13
39794,126601,13900.7924157785,13620.929014274,0,-0.01,0.29
39795,126601,13900.7924157785,13620.929014274,0,0,0.01
39796,126601,13900.7924157785,13620.929014274,0,0,0
39797,126601,13876.7313435444,13611.6838788852,1.81,1.81,1.81
39798,126601,13873.0007769496,13610.4478477845,3.93,2.12,0.31
39799,126601,13866.9920017473,13608.4569885307,6.33,2.4,0.28
39800,126601,13859.6812958265,13605.8566588301,7.76,1.43,-0.97
39801,126601,13851.2330904706,13602.782910912,8.99,1.23,-0.199999999999999
39802,126601,13841.2627627441,13598.1388215484,11.03,2.04,0.809999999999999
39803,126601,13825.7805723935,13588.832345772,12.44,1.41,-0.629999999999999
39804,126601,13814.6798065805,13581.0273538845,13.57,1.13,-0.279999999999999
39805,126601,13803.059913071,13571.2166571667,15.21,1.64,0.51
39806,126601,13790.3150786485,13560.3786640157,16.73,1.52,-0.120000000000001
39807,126601,13774.7450961532,13551.5373828918,17.89,1.16,-0.359999999999999
39808,126601,13763.0895755767,13541.7497764382,15.23,-2.66,-3.82
39809,126601,13754.2139196318,13534.2965334161,11.58,-3.65,-0.99
39810,126601,13748.0415480256,13529.1133462928,8.07,-3.51,0.140000000000001
39811,126601,13745.1669618084,13525.7918900758,4.42,-3.65,-0.140000000000001
39812,126601,13743.5067681249,13523.4019409271,2.91,-1.51,2.14
39813,126601,13742.9533702304,13522.6052912108,0.97,-1.94,-0.43
39814,126601,13742.8734983694,13522.4903108394,0.14,-0.83,1.11
39815,126601,13742.822152173,13522.4163948864,0.09,-0.05,0.78
39816,126601,13742.8050367742,13522.3917562353,0.03,-0.06,-0.00999999999999998
39817,126601,13742.7993316412,13522.3835433517,0.01,-0.02,0.04
39818,126601,13742.7993316412,13522.3835433517,0,-0.01,0.01
39819,126601,13742.7993316412,13522.3835433517,0,0,0.01
39820,126601,13715.2392698552,13492.867938418,2.44,2.44,2.44
39821,126601,13711.4087339255,13490.3924997144,4.59,2.15,-0.29
39822,126601,13706.3194173803,13486.253362473,6.55,1.96,-0.19
39823,126601,13692.3473324688,13475.3902838889,7.92,1.37,-0.59
39824,126601,13684.8697852358,13469.7437639537,9.37,1.45,0.0799999999999992
39825,126601,13675.6453453279,13463.9755266438,10.89,1.52,0.0700000000000021
39826,126601,13665.2131142467,13457.7668106197,12.14,1.25,-0.270000000000001
39827,126601,13651.1376541533,13453.0498601517,14.15,2.01,0.76
39828,126601,13637.3308967414,13444.5564774471,16.22,2.07,0.0599999999999987
39829,126601,13622.5787043679,13435.4814997515,17.31,1.09,-0.979999999999999
39830,126601,13606.3955834039,13425.5262701778,19,1.69,0.600000000000001
39831,126601,13602.2220416816,13422.9588688667,4.91,-14.09,-15.78
39832,126601,13599.4112890931,13421.2298026776,3.3,-1.61,12.48
39833,126601,13598.6362027733,13420.752999577,0.92,-2.38,-0.77
39834,126601,13598.42,13420.62,0.44,-0.48,1.9
39835,126601,13598.42,13420.62,0.06,-0.38,0.1
39836,126601,13598.42,13420.62,0.04,-0.02,0.36
39837,126601,13598.42,13420.62,0.02,-0.02,-3.46944695195361e-18
39838,126601,13598.42,13420.62,0,-0.02,0
39839,126601,13598.42,13420.62,0,0,0.02
39840,126601,13596.3125195755,13419.8459855603,1.89,1.89,1.89
39841,126601,13592.9739979362,13418.6991755222,3.53,1.64,-0.25
39842,126601,13588.2546713128,13417.0780474514,4.99,1.46,-0.179999999999999
39843,126601,13581.6532885812,13414.8104174044,6.98,1.99,0.53
39844,126601,13573.4013694615,13411.9962408044,8.73,1.75,-0.24
39845,126601,13562.9875259363,13410.0727120075,10.58,1.85,0.0999999999999996
39846,126601,13550.8527923101,13407.8313196228,12.34,1.76,-0.0899999999999999
39847,126601,13537.4083178522,13405.5348983075,13.65,1.31,-0.449999999999999
39848,126601,13523.7063500377,13403.3189384685,13.88,0.23,-1.08
39849,126601,13513.0744917262,13401.5994941265,10.77,-3.11,-3.34
39850,126601,13506.0359448589,13400.4611804628,7.13,-3.64,-0.529999999999998
39851,126601,13502.9164766821,13399.9566824015,3.16,-3.97,-0.33
39852,126601,13495.3103433405,13396.9645693526,5.54,2.38,6.35
39853,126601,13488.0559694386,13395.6086713873,7.38,1.84,-0.54
39854,126601,13479.4254270459,13393.9955570057,8.78,1.4,-0.44
39855,126601,13469.477694812,13392.1362497687,10.12,1.34,-0.0599999999999996
39856,126601,13457.5246884914,13389.9021414681,12.16,2.04,0.700000000000001
39857,126601,13447.7595106276,13399.6725088287,13.57,1.41,-0.630000000000001
39858,126601,13448.788628787,13416.3450774354,13.53,-0.0400000000000009,-1.45
39859,126601,13462.3174887465,13417.8290074185,13.61,0.0800000000000001,0.120000000000001
39860,126601,13475.7668256497,13419.3042148154,13.54,-0.0700000000000003,-0.15
39861,126601,13488.6396203945,13420.7161834621,12.94,-0.6,-0.529999999999999
39862,126601,13501.4825939931,13422.1248811389,12.93,-0.00999999999999979,0.59
39863,126601,13514.4945540865,13423.5521143115,13.09,0.16,0.17
39864,126601,13527.7649641129,13425.0076958894,13.35,0.26,0.0999999999999996
