"V1","V2","V3","V4","V5","acceleration","jerk"
67728,1266550,14101.99,13562.57,0,2.39,0
67729,1266550,14102.175040802,13564.9528260326,2.39,2.39,0
67730,1266550,14102.5544131574,13569.8381178986,4.89,2.5,0.109999999999999
67731,1266550,14103.1033417289,13576.9068361292,7.09,2.2,-0.299999999999999
67732,1266550,14103.797051179,13585.8399412555,8.95,1.86,-0.340000000000001
67733,1266550,14104.5968300427,13596.1389341077,10.33,1.38,-0.479999999999999
67734,1266550,14105.5259051989,13608.1029141877,12,1.67,0.289999999999999
67735,1266550,14106.5982127752,13621.9113411967,13.85,1.85,0.18
67736,1266550,14107.1373153534,13634.8768713931,12.97,-0.879999999999999,-2.73
67737,1266550,14107.5028852157,13648.1418349693,13.27,0.299999999999999,1.18
67738,1266550,14107.6563749411,13661.5984809737,13.47,0.200000000000001,-0.0999999999999979
67739,1266550,14107.5416436247,13671.6578267141,10.06,-3.41,-3.61
67740,1266550,14107.4716187457,13677.7974273946,6.14,-3.92,-0.510000000000001
67741,1266550,14107.4296494371,13681.4771880631,3.68,-2.46,1.46
67742,1266550,14095.9724766386,13691.7531622092,5.31,1.63,4.09
67743,1266550,14088.630042003,13690.5011777745,7.46,2.15,0.520000000000001
67744,1266550,14078.9557563675,13689.0670935918,9.78,2.32,0.169999999999999
67745,1266550,14068.0845499121,13687.455581816,10.99,1.21,-1.11
67746,1266550,14055.4426919958,13685.5815945098,12.79,1.8,0.589999999999998
67747,1266550,14041.6039132595,13683.5301796105,13.99,1.2,-0.599999999999998
67748,1266550,14025.7471853723,13681.1796305872,16.03,2.04,0.84
67749,1266550,14009.0335218582,13677.3221285607,17.16,1.13,-0.910000000000002
67750,1266550,13991.280406062,13673.81720902,18.44,1.28,0.150000000000002
67751,1266550,13973.6942561276,13664.0432711436,20.14,1.7,0.419999999999998
67752,1266550,13955.4826142885,13651.9340597107,21.87,1.73,0.0300000000000011
67753,1266550,13939.05399601,13641.0082499646,19.73,-2.14,-3.87
67754,1266550,13926.0502466114,13634.1079099249,14.73,-5,-2.86
67755,1266550,13915.7753578418,13628.8107162555,11.56,-3.17,1.83
67756,1266550,13908.468076664,13624.5086210119,8.48,-3.08,0.0899999999999999
67757,1266550,13903.9099948646,13622.2857385059,5.08,-3.4,-0.32
67758,1266550,13875.5068064178,13611.2781587529,6.49,1.41,4.81
67759,1266550,13868.0077030848,13608.7935160823,7.9,1.41,0
67760,1266550,13859.2584156919,13605.7028004805,9.28,1.38,-0.0300000000000011
67761,1266550,13848.95893508,13601.9554948984,10.96,1.68,0.300000000000002
67762,1266550,13837.6049601821,13596.1364778175,12.78,1.82,0.139999999999997
67763,1266550,13820.8559880019,13585.3698512132,14.29,1.51,-0.309999999999999
67764,1266550,13808.2401207263,13575.6218187583,15.96,1.67,0.160000000000002
67765,1266550,13794.6725474409,13564.0841822956,17.82,1.86,0.189999999999998
67766,1266550,13777.8848881613,13554.1739917262,19.51,1.69,-0.169999999999998
67767,1266550,13761.8566328613,13540.7144251642,20.93,1.42,-0.270000000000003
67768,1266550,13745.2639490682,13525.9315090982,22.3,1.37,-0.0499999999999972
67769,1266550,13693.871571019,13476.5412820827,23.92,1.62,0.25
67770,1266550,13672.8267524163,13462.2980481793,25.45,1.53,-0.0900000000000034
67771,1266550,13650.2635800998,13448.6316603196,26.37,0.920000000000002,-0.609999999999996
67772,1266550,13626.892521914,13434.2529524752,27.44,1.07,0.149999999999999
67773,1266550,13603.7854953622,13420.036686301,27.13,-0.310000000000002,-1.38
67774,1266550,13578.8173128388,13410.3486821473,25.78,-1.35,-1.04
67775,1266550,13557.5514064536,13405.7299803213,21.8,-3.98,-2.63
67776,1266550,13539.43425277,13402.5228439224,18.4,-3.4,0.579999999999998
67777,1266550,13525.5746780296,13400.2792334355,14.04,-4.36,-0.959999999999997
67778,1266550,13515.4169127819,13398.6348778863,10.29,-3.75,0.609999999999999
67779,1266550,13507.8849644009,13397.4155938396,7.64,-2.65,1.1
67780,1266550,13503.9659820848,13396.7811826122,3.97,-3.67,-1.02
67781,1266550,13495.4581736935,13393.6300553873,5.97,2,5.67
67782,1266550,13487.7811194694,13392.195155237,7.81,1.84,-0.16
67783,1266550,13478.1970889081,13390.4038266242,9.74,1.93,0.0900000000000007
67784,1266550,13466.6765926846,13388.2505577687,11.73,1.99,0.0599999999999996
67785,1266550,13453.5440133718,13385.7959782542,13.35,1.62,-0.370000000000001
67786,1266550,13431.027556166,13381.1193242942,13.61,0.26,-1.36
67787,1266550,13418.1799704995,13378.5832497753,13.1,-0.51,-0.77
