"V1","V2","V3","V4","V5","acceleration","jerk"
66734,"1267628#1",13493.3924934495,13284.2105388069,13.35,0.15,0
66735,"1267628#1",13502.6592901891,13294.0276910511,13.5,0.15,0
66736,"1267628#1",13511.6515151735,13303.5539647103,13.1,-0.4,-0.550000000000001
66737,"1267628#1",13520.6643330396,13313.1020542634,13.13,0.0300000000000011,0.430000000000001
66738,"1267628#1",13530.0135013058,13323.0064700831,13.62,0.489999999999998,0.459999999999997
66739,"1267628#1",13539.1636050494,13332.6999989287,13.33,-0.289999999999999,-0.779999999999998
66740,"1267628#1",13547.0163572495,13341.0191264602,11.44,-1.89,-1.6
66741,"1267628#1",13552.6382139382,13346.9748654883,8.19,-3.25,-1.36
66742,"1267628#1",13556.2694254014,13350.8217347751,5.29,-2.9,0.350000000000001
66743,"1267628#1",13557.8070272308,13352.4506548512,2.23,-3.06,-0.160000000000001
66744,"1267628#1",13559.3309004724,13354.065030998,2.22,-0.00999999999999979,3.05
66745,"1267628#1",13561.3795149034,13357.4530795503,4.03,1.81,1.82
66746,"1267628#1",13568.747027064,13361.4104304882,5.52,1.49,-0.320000000000001
66747,"1267628#1",13574.3249696393,13357.4343700477,6.85,1.33,-0.159999999999999
66748,"1267628#1",13581.6373673512,13352.2219579666,8.98,2.13,0.800000000000001
66749,"1267628#1",13590.4073588163,13345.9705461499,10.77,1.79,-0.340000000000002
66750,"1267628#1",13600.1707940686,13339.0109892621,12,1.23,-0.559999999999999
66751,"1267628#1",13610.5042380511,13331.6451196285,12.69,0.69,-0.540000000000001
66752,"1267628#1",13620.8865399249,13324.2444231881,12.75,0.0600000000000005,-0.629999999999999
66753,"1267628#1",13630.9838374335,13317.0468831206,12.4,-0.35,-0.41
66754,"1267628#1",13641.9771441257,13309.2112523135,13.5,1.1,1.45
66755,"1267628#1",13653.0687789858,13301.5505711343,13.48,-0.0199999999999996,-1.12
66756,"1267628#1",13664.3414345929,13293.7648640011,13.7,0.219999999999999,0.239999999999998
66757,"1267628#1",13675.5318080422,13286.0359868469,13.6,-0.0999999999999996,-0.319999999999999
66758,"1267628#1",13686.3683682134,13278.5514786028,13.17,-0.43,-0.33
66800,"1267628#1",14214.5235866861,13276.434246035,13.06,-0.00261904761904761,0.0101757369614512
66801,"1267628#1",14228.4836273808,13278.8478615242,12.95,-0.110000000000001,-0.107380952380954
66802,"1267628#1",14241.241011336,13280.7607532149,12.9,-0.0499999999999989,0.0600000000000023
66803,"1267628#1",14254.829108665,13282.7982052948,13.74,0.84,0.889999999999999
66804,"1267628#1",14268.5655476679,13284.8579003013,13.88,0.140000000000001,-0.699999999999999
66805,"1267628#1",14281.3427105129,13286.7737577155,12.93,-0.950000000000001,-1.09
66806,"1267628#1",14294.248436142,13288.7088923328,13.05,0.120000000000001,1.07
66807,"1267628#1",14307.4805134536,13290.6929613888,13.38,0.33,0.209999999999999
66808,"1267628#1",14320.346371048,13292.8079203778,13.04,-0.340000000000002,-0.670000000000002
66809,"1267628#1",14333.4734803482,13295.1816519171,13.34,0.300000000000001,0.640000000000002
66810,"1267628#1",14346.1577711188,13297.4753100536,12.9,-0.44,-0.74
66811,"1267628#1",14359.6981777133,13299.9237767689,13.76,0.859999999999999,1.3
66812,"1267628#1",14372.8941698958,13302.3099641708,13.41,-0.35,-1.21
66813,"1267628#1",14385.5784606664,13304.6036223074,12.88,-0.529999999999999,-0.18
66814,"1267628#1",14398.9614206726,13307.0236184794,13.6,0.719999999999999,1.25
