"V1","V2","V3","V4","V5","acceleration","jerk"
33646,1269585,14401.3003949887,13320.4201304039,13.21,0.67,0
33647,1269585,14387.6100171956,13318.1336580371,13.88,0.67,0
33648,1269585,14374.7383003225,13315.9839127643,13.04,-0.840000000000002,-1.51
33649,1269585,14361.2846437593,13313.7369759428,13.65,0.610000000000001,1.45
33650,1269585,14347.880304119,13311.4982756931,13.59,-0.0600000000000005,-0.670000000000002
33651,1269585,14334.4956912479,13309.2628700723,13.57,-0.0199999999999996,0.0400000000000009
33652,1269585,14321.5549306827,13307.1015935987,13.12,-0.450000000000001,-0.430000000000001
33653,1269585,14308.6634870405,13304.9485536972,13.07,-0.0499999999999989,0.400000000000002
33654,1269585,14295.3676446305,13302.7279739058,13.48,0.41,0.459999999999999
33655,1269585,14281.8548077599,13300.4711531979,13.7,0.219999999999999,-0.190000000000001
33656,1269585,14268.2433370435,13298.1978593462,13.79,0.0899999999999999,-0.129999999999999
33657,1269585,14254.9869481718,13295.9838688123,13.44,-0.35,-0.44
33658,1269585,14242.1645482216,13293.8423601114,13,-0.44,-0.0899999999999999
33659,1269585,14226.1482699855,13291.0231556483,12.97,-0.0299999999999994,0.41
33660,1269585,14213.494791706,13288.727706361,12.86,-0.110000000000001,-0.0800000000000018
33661,1269585,14200.0738396273,13286.2930307562,13.64,0.780000000000001,0.890000000000002
33662,1269585,14187.3022884556,13283.9761620354,12.98,-0.66,-1.44
33663,1269585,14174.6192919531,13281.6753578898,12.89,-0.0899999999999999,0.57
33664,1269585,14161.3754492126,13279.2728114352,13.46,0.57,0.66
33665,1269585,14148.6924527101,13276.9720072896,12.89,-0.57,-1.14
33698,1269585,13730.2254096897,13278.6464675048,12.88,-0.000303030303030297,0.0172635445362718
33699,1269585,13719.4813011709,13286.5702363969,13.35,0.469999999999999,0.470303030303029
33700,1269585,13703.9877384649,13297.4516428958,12.87,-0.48,-0.949999999999999
33701,1269585,13693.0556452876,13304.3375516057,12.92,0.0500000000000007,0.530000000000001
33702,1269585,13681.9458632892,13311.3353829804,13.13,0.210000000000001,0.16
33703,1269585,13670.7091607044,13318.4131591157,13.28,0.149999999999999,-0.0600000000000023
33704,1269585,13659.4470740023,13325.506924203,13.31,0.0300000000000011,-0.119999999999997
33705,1269585,13648.2594440895,13333.0364560194,13.49,0.18,0.149999999999999
33706,1269585,13637.4760848884,13340.6495476608,13.2,-0.290000000000001,-0.470000000000001
33707,1269585,13626.8887867637,13348.1242194542,12.96,-0.239999999999998,0.0500000000000025
33708,1269585,13616.2197965239,13355.6565661843,13.06,0.0999999999999996,0.339999999999998
33709,1269585,13594.7462060294,13372.7441956103,13.25,0.19,0.0899999999999999
33710,1269585,13583.8714578939,13380.3489804849,13.27,0.0199999999999996,-0.17
33711,1269585,13571.4883447415,13387.3772184195,13.79,0.52,0.5
33712,1269585,13552.1452996105,13394.1966285909,13.85,0.0600000000000005,-0.459999999999999
33713,1269585,13538.4509125201,13395.53877695,13.76,-0.0899999999999999,-0.15
33714,1269585,13525.0252379671,13396.8545895491,13.49,-0.27,-0.18
33715,1269585,13511.6891342598,13398.1616235616,13.41,-0.0800000000000001,0.19
33716,1269585,13496.1753635347,13397.1262482428,12.26,-1.15,-1.07
33717,1269585,13485.0681015875,13391.688071445,11.91,-0.35,0.800000000000001
33718,1269585,13471.5030121775,13389.1526524855,13.8,1.89,2.24
33719,1269585,13458.7046452125,13386.7605398149,13.02,-0.780000000000001,-2.67
33720,1269585,13436.2682604191,13382.2438770638,13.5,0.48,1.26
33721,1269585,13422.9220639537,13379.3800439846,13.66,0.16,-0.32
33722,1269585,13410.2045079339,13377.3516261056,12.88,-0.779999999999999,-0.94
