"V1","V2","V3","V4","V5","acceleration","jerk"
58490,1269165,13828.04,13598.19,0,1.61,0
58491,1269165,13827.2634863738,13599.6003639914,1.61,1.61,0
58492,1269165,13825.8165665735,13602.2283714289,3,1.39,-0.22
58493,1269165,13823.289279989,13606.8186244197,5.24,2.24,0.85
58494,1269165,13819.9613644482,13612.8630415259,6.9,1.66,-0.58
58495,1269165,13817.6897003617,13616.9890132028,4.71,-2.19,-3.85
58496,1269165,13811.2484088662,13628.2134760682,6.8,2.09,4.28
58497,1269165,13806.8366932344,13635.4906228431,8.51,1.71,-0.38
58498,1269165,13796.2596228959,13652.2548412695,10.15,1.64,-0.0699999999999994
58499,1269165,13789.643691734,13662.0015255704,11.78,1.63,-0.0100000000000016
58500,1269165,13783.2074802642,13671.4834442537,11.46,-0.319999999999999,-1.95
58501,1269165,13778.7594178871,13678.0363932913,7.92,-3.54,-3.22
58502,1269165,13775.6985668827,13682.5456827174,5.44,-2.48,1.06
58503,1269165,13779.3399523607,13689.2013515471,7.22,1.78,4.26
58504,1269165,13788.8798278458,13689.1526101114,9.53,2.31,0.53
58505,1269165,13800.3896776188,13689.0938036203,11.52,1.99,-0.319999999999999
58506,1269165,13812.6795172113,13689.0310119804,12.29,0.77,-1.22
58507,1269165,13825.7693463624,13688.9641330084,13.09,0.800000000000001,0.0300000000000011
58508,1269165,13838.4091813867,13688.8995531606,12.64,-0.449999999999999,-1.25
58509,1269165,13852.0390034898,13688.8299152394,13.63,0.99,1.44
58510,1269165,13865.8988225909,13688.7591022102,13.86,0.229999999999999,-0.760000000000002
58511,1269165,13879.0686506977,13688.6918145049,13.17,-0.69,-0.919999999999998
58512,1269165,13892.2256341154,13684.0404045129,11.61,-1.56,-0.870000000000001
58513,1269165,13892.0055512244,13674.6929950578,9.35,-2.26,-0.699999999999999
58514,1269165,13891.8306618254,13667.2650536406,7.42,-1.93,0.33
58515,1269165,13891.6666000339,13660.296984774,6.97,-0.45,1.48
58516,1269165,13891.5510270933,13655.3883451564,4.91,-2.06,-1.61
58517,1269165,13891.6644356549,13636.2702564407,4.31,-0.600000000000001,1.46
58518,1269165,13891.6974449986,13633.4104469395,2.85,-1.46,-0.859999999999999
58519,1269165,13891.7154500951,13631.8505508479,1.56,-1.29,0.169999999999999
58520,1269165,13891.7286076657,13630.710626781,1.14,-0.42,0.87
58521,1269165,13891.8430843452,13630.0013994951,0.72,-0.42,2.22044604925031e-16
58522,1269165,13891.8864792572,13629.7755303258,0.23,-0.49,-0.0700000000000001
58523,1269165,13891.9204404927,13629.5987631499,0.18,-0.05,0.44
58524,1269165,13891.9242139633,13629.5791223526,0.01,-0.17,-0.12
58525,1269165,13891.9242139633,13629.5791223526,0,-0.01,0.16
58526,1269165,13891.9242139633,13629.5791223526,0,0,0.01
58527,1269165,13891.9242139633,13629.5791223526,0,0,0
58528,1269165,13891.9242139633,13629.5791223526,0,0,0
58529,1269165,13892.0676058464,13628.8327720542,0.77,0.77,0.77
58530,1269165,13892.629852967,13625.9062932528,2.97,2.2,1.43
58531,1269165,13893.033614322,13623.804727939,2.14,-0.83,-3.03
58532,1269165,13893.2788899115,13622.5280761128,1.3,-0.84,-0.01
58533,1269165,13893.3336052353,13622.2432845516,0.29,-1.01,-0.17
58534,1269165,13893.3373787059,13622.2236437543,0.03,-0.26,0.75
58535,1269165,13893.3373787059,13622.2236437543,0,-0.03,0.23
58536,1269165,13893.3373787059,13622.2236437543,0,0,0.03
58537,1269165,13893.3373787059,13622.2236437543,0,0,0
58538,1269165,13893.3373787059,13622.2236437543,0,0,0
58539,1269165,13893.3373787059,13622.2236437543,0,0,0
58540,1269165,13893.3373787059,13622.2236437543,0,0,0
58541,1269165,13893.3373787059,13622.2236437543,0,0,0
58542,1269165,13893.3373787059,13622.2236437543,0,0,0
58543,1269165,13893.3373787059,13622.2236437543,0,0,0
58544,1269165,13904.7849407439,13615.4934897846,1.86,1.86,1.86
58545,1269165,13908.1306577951,13616.9524885555,3.65,1.79,-0.0700000000000003
58546,1269165,13913.0469203953,13619.54954387,5.56,1.91,0.12
58547,1269165,13919.4849311111,13623.2960228245,7.46,1.9,-0.00999999999999934
58548,1269165,13927.3189130826,13627.3483217363,8.82,1.36,-0.54
58549,1269165,13936.7694310165,13632.2368093123,10.63,1.81,0.45
58550,1269165,13947.3730233911,13638.6117684958,12.4,1.77,-0.0400000000000009
58551,1269165,13959.0597840616,13646.3925926829,14.04,1.64,-0.130000000000001
58552,1269165,13972.0533975991,13655.0434947883,15.61,1.57,-0.0699999999999985
58553,1269165,13986.8524462121,13664.0771183237,17.36,1.75,0.18
58554,1269165,14003.9085855592,13672.0213820546,18.86,1.5,-0.25
58555,1269165,14023.4812327286,13677.3275473585,20.31,1.45,-0.0500000000000007
58556,1269165,14045.259018348,13680.7412544396,22.05,1.74,0.290000000000003
58557,1269165,14066.358507879,13683.8686241861,21.33,-0.720000000000002,-2.46
58558,1269165,14084.9355549204,13686.6221170993,18.77,-2.56,-1.84
58559,1269165,14109.4311825571,13691.7330240597,16.13,-2.64,-0.0800000000000018
58560,1269165,14121.4978119707,13697.3925594006,13.34,-2.79,-0.149999999999999
58561,1269165,14130.5790943263,13710.3466600791,10.51,-2.83,-0.0400000000000009
58562,1269165,14133.5085181316,13718.1203977591,8.31,-2.2,0.630000000000001
58563,1269165,14136.0609602932,13725.3850408344,7.7,-0.61,1.59
58564,1269165,14137.5413862795,13731.486781172,6.28,-1.42,-0.81
58565,1269165,14138.7545250918,13736.5741374817,5.23,-1.05,0.37
58566,1269165,14139.6174077652,13740.1926777249,3.71,-1.52,-0.470000000000001
58567,1269165,14140.4547750907,13743.7042181223,3.62,-0.0899999999999999,1.43
58568,1269165,14140.9674016252,13745.853942299,2.21,-1.41,-1.32
58569,1269165,14141.5380175866,13748.2468479438,2.45,0.24,1.65
58570,1269165,14142.0297679273,13750.3090267921,2.12,-0.33,-0.57
58571,1269165,14142.5934251575,13752.6727506606,2.43,0.31,0.64
58572,1269165,14143.2081130835,13755.250474221,2.66,0.23,-0.0800000000000001
58573,1269165,14143.7323375033,13757.4488346914,2.26,-0.4,-0.63
58574,1269165,14144.1104285672,13759.0343778625,1.63,-0.63,-0.23
58575,1269165,14146.8783705105,13769.7673977215,2.39,0.76,1.39
58576,1269165,14147.4157050524,13771.7146192267,2.03,-0.36,-1.12
58577,1269165,14148.0780629779,13774.1149071216,2.49,0.46,0.820000000000001
58578,1269165,14148.5036744962,13775.657260789,1.59,-0.9,-1.36
58579,1269165,14148.8521439269,13776.9200628543,1.31,-0.28,0.62
58580,1269165,14149.1660324217,13778.057548684,1.19,-0.12,0.16
58581,1269165,14149.8922320748,13780.689189629,2.73,1.54,1.66
58582,1269165,14150.3151835212,13782.2219035861,1.59,-1.14,-2.68
58583,1269165,14150.897739287,13784.3330001684,2.19,0.6,1.74
58584,1269165,14151.4217734689,13786.2320231214,1.97,-0.22,-0.82
58585,1269165,14151.913886787,13788.0153695493,1.85,-0.12,0.1
58586,1269165,14152.3847195292,13789.7215982939,1.77,-0.0800000000000001,0.0399999999999998
58587,1269165,14153.1055990384,13792.3339598182,2.71,0.94,1.02
58588,1269165,14153.6668742283,13794.3679387171,2.11,-0.6,-1.54
58589,1269165,14154.4595756812,13797.2405724227,2.98,0.87,1.47
58590,1269165,14155.1724749744,13799.8240148156,2.67,-0.31,-1.18
58591,1269165,14156.0476386591,13802.9954795443,3.29,0.62,0.93
58592,1269165,14163.7855884888,13816.765659797,2.67,-0.62,-1.24
58593,1269165,14166.2847308955,13818.2950999662,2.93,0.26,0.88
58594,1269165,14169.8415308394,13820.4718117429,4.17,1.24,0.98
58595,1269165,14172.8183250371,13822.293568122,3.49,-0.68,-1.92
58596,1269165,14176.7930702981,13824.7260565823,4.66,1.17,1.85
58597,1269165,14181.6463536749,13827.6961980714,5.68,1.02,-0.15
58598,1269165,14185.2031536188,13829.8729098481,4.17,-1.51,-2.53
58599,1269165,14186.3138847703,13841.9969669265,3.64,-0.53,0.98
58600,1269165,14188.8735694696,13845.7586838537,4.55,0.91,1.44
58601,1269165,14192.3554345724,13851.3976179517,6.63,2.08,1.17
58602,1269165,14194.7097705046,13855.3727283046,4.62,-2.01,-4.09
58603,1269165,14206.9916369865,13875.3324387641,4.09,-0.53,1.48
58604,1269165,14208.1703288741,13879.363652655,4.19,0.100000000000001,0.630000000000001
58605,1269165,14209.8677542124,13884.5587720023,5.47,1.28,1.18
58606,1269165,14212.4684271754,13891.2726754973,7.2,1.73,0.450000000000001
58607,1269165,14214.9354544444,13897.6415589515,6.83,-0.37,-2.1
58608,1269165,14227.2208106919,13915.070740414,5.22,-1.61,-1.24
58609,1269165,14230.8665361047,13917.4253712161,4.34,-0.88,0.73
58610,1269165,14233.7142340654,13919.2645874417,3.39,-0.95,-0.0699999999999998
58611,1269165,14235.8059060189,13920.6155161738,2.49,-0.9,0.0499999999999998
58612,1269165,14237.3935606341,13921.6409199102,1.89,-0.6,0.3
58613,1269165,14239.367628542,13922.91589281,2.35,0.46,1.06
58614,1269165,14240.4932672639,13923.6428986337,1.34,-1.01,-1.47
58615,1269165,14242.9198552329,13925.2657632053,2.92,1.58,2.59
58616,1269165,14245.1392446638,13926.8554834807,2.73,-0.19,-1.77
58617,1269165,14246.1310597208,13927.5659079261,1.22,-1.51,-1.32
58618,1269165,14247.8057638335,13928.7654770716,2.06,0.84,2.35
58619,1269165,14249.3097456823,13929.8427600421,1.85,-0.21,-1.05
58620,1269165,14250.3259496342,13930.5706539411,1.25,-0.6,-0.39
58621,1269165,14251.8787092727,13931.6828758188,1.91,0.66,1.26
58622,1269165,14253.0168576988,13932.4981169856,1.39,-0.52,-1.18
58623,1269165,14254.7602100096,13933.7041781086,2.12,0.73,1.25
58624,1269165,14256.247971215,13934.7173743362,1.8,-0.32,-1.05
58625,1269165,14257.1654239584,13935.3421786766,1.11,-0.69,-0.37
58626,1269165,14257.9754272813,13935.8938077338,0.98,-0.13,0.56
58627,1269165,14259.0581868252,13936.6311894328,1.31,0.33,0.46
58628,1269165,14259.7855367479,13937.1265298108,0.88,-0.43,-0.76
58629,1269165,14260.4467639503,13937.5768392453,0.81,-0.07,0.36
58630,1269165,14261.6369729146,13938.3873962274,1.43,0.62,0.69
58631,1269165,14262.9098352793,13939.2542418888,1.55,0.12,-0.5
58632,1269165,14263.8272880226,13939.8790462291,1.1,-0.45,-0.57
58633,1269165,14264.5794339654,13940.3912732109,0.91,-0.19,0.26
58634,1269165,14265.0918850472,13940.7402630226,0.62,-0.29,-0.1
58635,1269165,14266.2036014704,13941.4880211128,1.35,0.73,1.02
58636,1269165,14266.7441151836,13941.8116643204,0.63,-0.72,-1.45
58637,1269165,14267.5420163792,13942.2894233412,0.93,0.3,1.02
58638,1269165,14268.8890108708,13943.0959627634,1.57,0.64,0.34
58639,1269165,14269.3694675048,13943.3836456146,0.56,-1.01,-1.65
58640,1269165,14269.944299549,13943.7278375973,0.67,0.11,1.12
58641,1269165,14270.6392457517,13944.1439502929,0.81,0.14,0.03
58642,1269165,14271.3856694509,13944.590886151,0.87,0.0599999999999999,-0.0800000000000001
58643,1269165,14272.2865256395,13945.1302914971,1.05,0.18,0.12
58644,1269165,14273.1101655834,13945.6234620992,0.96,-0.0900000000000001,-0.27
58645,1269165,14273.7707934551,13946.0190260196,0.77,-0.19,-0.0999999999999999
58646,1269165,14274.731706723,13946.5943917221,1.12,0.35,0.54
58647,1269165,14275.5639262497,13947.0926995179,0.96,-0.16,-0.51
58648,1269165,14276.0272237182,13947.3701079816,0.55,-0.41,-0.25
58649,1269165,14276.6106353451,13947.7194371581,0.67,0.12,0.53
58650,1269165,14277.3055815478,13948.1355498536,0.81,0.14,0.02
58651,1269165,14277.9747890022,13948.5362509678,0.78,-0.03,-0.17
58652,1269165,14278.4895639672,13948.8444825942,0.61,-0.17,-0.14
58653,1269165,14278.8584860254,13949.0653819263,0.42,-0.19,-0.02
58654,1269165,14279.7850809623,13949.6201988537,1.08,0.66,0.85
58655,1269165,14281.008729548,13950.318657547,1.41,0.33,-0.33
58656,1269165,14281.9822858206,13950.7861917,1.08,-0.33,-0.66
58657,1269165,14283.0099285527,13951.2796999725,1.14,0.0599999999999998,0.39
58658,1269165,14283.4696634592,13951.5004799892,0.51,-0.63,-0.69
58659,1269165,14284.2899747629,13951.8944208032,0.91,0.4,1.03
58660,1269165,14285.452833644,13952.4528643748,1.29,0.38,-0.02
58661,1269165,14286.110885569,13952.76888283,0.73,-0.56,-0.94
58662,1269165,14286.8861248231,13953.1411785443,0.86,0.13,0.69
58663,1269165,14287.8416522758,13953.6000546574,1.06,0.2,0.0700000000000001
58664,1269165,14289.6715774918,13954.4788457041,2.02,0.96,0.76
58665,1269165,14290.951623702,13955.0935665348,1.43,-0.59,-1.55
58666,1269165,14291.4924882979,13955.3533077309,0.6,-0.83,-0.24
58667,1269165,14292.1956122725,13955.6909712858,0.78,0.18,1.01
58668,1269165,14293.1150820855,13956.1325313191,1.02,0.24,0.0599999999999999
58669,1269165,14294.6114741341,13956.8511486282,1.67,0.65,0.41
58670,1269165,14295.6120736364,13957.331669841,1.1,-0.57,-1.22
58671,1269165,14297.0528379755,13957.8959203057,1.56,0.46,1.03
58672,1269165,14298.1798943637,13958.2778154455,1.19,-0.37,-0.83
58673,1269165,14301.201163169,13959.3015511565,3.19,2,2.37
58674,1269165,14303.3226810762,13960.0204125961,2.24,-0.95,-2.95
58675,1269165,14305.8230414669,13960.8676421499,2.65,0.41,1.36
58676,1269165,14308.5507073476,13961.7918925723,2.88,0.23,-0.18
58677,1269165,14311.4299102217,13962.7674902404,3.04,0.16,-0.0699999999999998
58678,1269165,14313.5324860047,13963.4799332743,2.22,-0.82,-0.98
58679,1269165,14316.1180859541,13964.3560456539,2.73,0.51,1.33
58680,1269165,14319.2956371207,13965.4140520564,3.35,0.62,0.11
58681,1269165,14322.3142321122,13966.0744945424,3.08,-0.27,-0.89
58682,1269165,14324.6978475747,13966.5960089974,2.44,-0.64,-0.37
58683,1269165,14327.3940683438,13967.1859187907,2.76,0.32,0.96
58684,1269165,14331.4970129925,13968.0836076066,4.2,1.44,1.12
58685,1269165,14335.3850414928,13968.9342746275,3.98,-0.22,-1.66
58686,1269165,14339.1558430032,13969.7592933964,3.86,-0.12,0.1
58687,1269165,14342.6926532108,13970.4759312951,3.61,-0.25,-0.13
58688,1269165,14345.4501451898,13970.9005934969,2.78,-0.83,-0.58
58689,1269165,14349.1268011619,13971.4668097659,3.72,0.94,1.77
58690,1269165,14352.7639231987,13972.0269376879,3.68,-0.04,-0.98
58691,1269165,14355.027240988,13972.3754955525,2.29,-1.39,-1.35
58692,1269165,14357.8638008374,13972.8123344482,2.86,0.57,1.96
58693,1269165,14360.591642365,13973.2324303897,2.77,-0.0899999999999999,-0.66
58694,1269165,14364.1968835189,13973.5266038893,3.62,0.85,0.94
58695,1269165,14366.822162778,13973.684112021,2.62,-1,-1.85
58696,1269165,14369.3176753818,13973.8338345797,2.5,-0.12,0.88
58697,1269165,14370.5354855324,13973.9068991883,1.23,-1.27,-1.15
58698,1269165,14372.282344355,13974.0117049794,1.75,0.52,1.79
58699,1269165,14373.3803699007,13974.0775829052,1.09,-0.66,-1.18
58700,1269165,14374.7678749083,13974.1608286478,1.39,0.3,0.96
58701,1269165,14375.4666184374,13974.2027509642,0.7,-0.69,-0.99
58702,1269165,14376.6245362855,13974.2722222314,1.15,0.45,1.14
58703,1269165,14377.2933336633,13974.3123478772,0.67,-0.48,-0.93
58704,1269165,14377.7325438816,13974.3386990475,0.45,-0.22,0.26
58705,1269165,14377.9721130915,13974.3530724131,0.24,-0.21,0.01
58706,1269165,14378.0918976965,13974.3602590959,0.12,-0.12,0.09
58707,1269165,14378.3115028056,13974.3734346811,0.22,0.1,0.22
58708,1269165,14378.6209463685,13974.3920002784,0.3,0.08,-0.02
58709,1269165,14379.0501745364,13974.4177525585,0.44,0.14,0.06
58710,1269165,14379.4294924521,13974.4405103874,0.38,-0.06,-0.2
58711,1269165,14380.0783257291,13974.4794382526,0.65,0.27,0.33
58712,1269165,14380.5375000482,13974.5069872034,0.46,-0.19,-0.46
58713,1269165,14380.9367820648,13974.5309428128,0.39,-0.07,0.12
58714,1269165,14381.7453281484,13974.5794529218,0.81,0.42,0.49
58715,1269165,14382.3242870725,13974.6141885554,0.58,-0.23,-0.65
58716,1269165,14383.2925459627,13974.6722809082,0.98,0.4,0.63
58717,1269165,14384.0711458951,13974.7189943465,0.78,-0.2,-0.6
58718,1269165,14385.2689919449,13974.7908611747,1.2,0.42,0.62
58719,1269165,14386.7962456584,13974.8824913806,1.53,0.33,-0.0899999999999999
58720,1269165,14389.4015608167,13975.0388017318,2.61,1.08,0.75
58721,1269165,14390.5195504631,13975.1058774381,1.12,-1.49,-2.57
58722,1269165,14393.763716848,13975.3005167644,3.25,2.13,3.62
58723,1269165,14396.3889961071,13975.4580248961,2.62,-0.63,-2.76
58724,1269165,14399.1640061225,13975.6245163813,2.78,0.16,0.79
58725,1269165,14402.4780468603,13975.8233479392,3.32,0.54,0.38
