"V1","V2","V3","V4","V5","acceleration","jerk"
33538,1269113,14225.12,13917.65,0,2.28,0
33539,1269113,14227.0358393618,13918.8861066053,2.28,2.28,0
33540,1269113,14231.0103657572,13921.4504856593,4.73,2.45,0.170000000000001
33541,1269113,14236.5310081287,13925.0124244299,6.57,1.84,-0.610000000000001
33542,1269113,14243.5795006754,13929.7941767468,8.52,1.95,0.109999999999999
33543,1269113,14251.5340325088,13935.5011482127,9.79,1.27,-0.68
33544,1269113,14261.4464546362,13942.24674732,11.99,2.2,0.930000000000001
33545,1269113,14272.5174724004,13949.1102420684,13.03,1.04,-1.16
33546,1269113,14284.5409837098,13955.668511901,13.71,0.680000000000001,-0.359999999999998
33547,1269113,14296.8338672475,13961.2875927771,13.53,-0.180000000000001,-0.860000000000003
33548,1269113,14309.0870874787,13965.4471833778,12.94,-0.59,-0.409999999999998
33549,1269113,14321.7553774193,13969.3075297326,13.27,0.33,0.92
33550,1269113,14334.6185581252,13972.1337431226,13.17,-0.0999999999999996,-0.43
33551,1269113,14348.2589361439,13974.6642778698,13.87,0.699999999999999,0.799999999999999
33552,1269113,14361.897020434,13976.6786441339,13.79,-0.0800000000000001,-0.779999999999999
33553,1269113,14374.863683197,13977.4569479246,12.99,-0.799999999999999,-0.719999999999999
33554,1269113,14388.698782958,13978.2873782971,13.86,0.869999999999999,1.67
33555,1269113,14401.6754277554,13979.0662812439,13,-0.859999999999999,-1.73
