"V1","V2","V3","V4","V5","acceleration","jerk"
26106,1272879,14344.0550656442,13277.8163356328,22.28,1.69,0
26107,1272879,14344.4490199671,13301.7881716707,23.97,1.69,0
26108,1272879,14344.7966727135,13327.6541452394,25.57,1.6,-0.0899999999999963
26109,1272879,14343.5272564707,13353.7294588151,26.1,0.530000000000001,-1.07
26110,1272879,14342.8497696153,13380.7403264446,27.03,0.93,0.399999999999999
26111,1272879,14342.0267926163,13407.7577950318,27.02,-0.0100000000000016,-0.940000000000001
26112,1272879,14339.845094354,13448.9216730587,27.34,0.32,0.330000000000002
26113,1272879,14341.8392794783,13475.5594199829,26.73,-0.609999999999999,-0.93
26114,1272879,14346.2634425852,13501.9548973894,26.78,0.0500000000000007,0.66
26115,1272879,14353.296881256,13528.4619086446,27.42,0.640000000000001,0.59
26116,1272879,14361.0211476688,13554.6984901366,27.36,-0.0600000000000023,-0.700000000000003
26117,1272879,14367.7701867799,13581.6346531569,27.78,0.420000000000002,0.480000000000004
26118,1272879,14373.571991113,13607.4401639065,26.44,-1.34,-1.76
26119,1272879,14378.0051426054,13629.0965650154,22.12,-4.32,-2.98
26120,1272879,14379.9993646171,13647.5692334357,18.58,-3.54,0.779999999999998
26121,1272879,14381.6447587743,13662.8106762174,15.33,-3.25,0.290000000000004
26122,1272879,14382.9670846722,13675.0595069461,12.32,-3.01,0.239999999999998
26123,1272879,14383.9577557792,13684.2361877598,9.23,-3.09,-0.0800000000000001
26124,1272879,14384.6242853106,13690.4103142878,6.21,-3.02,0.0699999999999994
26125,1272879,14385.0611251162,13694.4568030107,4.07,-2.14,0.880000000000001
26126,1272879,14385.4174661861,13697.7576242785,3.32,-0.75,1.39
26127,1272879,14385.5859768728,13699.3185548178,1.58,-1.74,-0.989999999999999
26128,1272879,14385.6321294812,13699.7460708254,0.43,-1.15,0.59
26129,1272879,14385.6611090261,13700.0145111092,0.26,-0.17,0.98
26130,1272879,14385.6868686215,13700.2531246948,0.24,-0.02,0.15
26131,1272879,14385.6900885709,13700.282951393,0.03,-0.21,-0.19
26132,1272879,14385.8328396622,13701.6052683467,1.33,1.3,1.51
26133,1272879,14386.1,13704.08,2.67,1.34,0.0399999999999998
26134,1272879,14382.0114490689,13707.4699298838,1.66,-1.01,-2.35
26135,1272879,14380.952687789,13707.5211602683,1.06,-0.6,0.41
26136,1272879,14380.3034473816,13707.5525751267,0.65,-0.41,0.19
26137,1272879,14380.2235408699,13707.5564415708,0.07,-0.58,-0.17
26138,1272879,14380.1536226721,13707.5598247094,0.07,0,0.58
26139,1272879,14380.1536226721,13707.5598247094,0,-0.07,-0.07
26140,1272879,14380.1536226721,13707.5598247094,0,0,0.07
26141,1272879,14380.1536226721,13707.5598247094,0,0,0
26142,1272879,14380.1536226721,13707.5598247094,0,0,0
26143,1272879,14380.1536226721,13707.5598247094,0,0,0
26144,1272879,14380.1536226721,13707.5598247094,0,0,0
26145,1272879,14380.1536226721,13707.5598247094,0,0,0
26146,1272879,14380.1536226721,13707.5598247094,0,0,0
26147,1272879,14368.8828686697,13706.5402152571,1.42,1.42,1.42
26148,1272879,14365.5695757002,13706.7511410695,3.32,1.9,0.48
26149,1272879,14360.9289695833,13707.0465642706,4.65,1.33,-0.569999999999999
26150,1272879,14348.6310011189,13707.8856853317,6.05,1.4,0.069999999999999
26151,1272879,14340.2963627989,13708.5363804015,8.36,2.31,0.91
26152,1272879,14323.7200015476,13708.7343977909,10.18,1.82,-0.489999999999999
26153,1272879,14311.9204026916,13708.3336779293,11.82,1.64,-0.18
26154,1272879,14299.1084729705,13707.0112344259,12.88,1.06,-0.58
26155,1272879,14273.9053666018,13704.8856699669,12.98,0.0999999999999996,-0.960000000000001
26156,1272879,14261.0872693308,13703.7309915048,12.87,-0.110000000000001,-0.210000000000001
26157,1272879,14248.1098173152,13702.5619580657,13.03,0.16,0.270000000000001
26158,1272879,14234.4849866495,13701.3346075326,13.68,0.65,0.49
26159,1272879,14221.4577362761,13700.1610881632,13.08,-0.6,-1.25
26160,1272879,14207.8415014327,13702.3828115244,13.36,0.279999999999999,0.879999999999999
26161,1272879,14194.1221485313,13701.4652844309,13.75,0.390000000000001,0.110000000000001
26162,1272879,14180.3329516515,13700.5430862903,13.82,0.0700000000000003,-0.32
26163,1272879,14166.6734571338,13699.6302964985,13.69,-0.130000000000001,-0.200000000000001
26164,1272879,14154.2661901783,13700.1925479512,12.43,-1.26,-1.13
26165,1272879,14145.4352529894,13700.5927333651,8.84,-3.59,-2.33
26166,1272879,14139.1417117801,13700.8779333774,6.3,-2.54,1.05
26167,1272879,14135.9350026878,13701.0232495741,3.21,-3.09,-0.55
26168,1272879,14132.7388039333,13706.9069474319,4.56,1.35,4.44
26169,1272879,14132.4311886478,13715.0541523053,6.84,2.28,0.930000000000001
26170,1272879,14135.1626332467,13722.828263856,8.24,1.4,-0.88
26171,1272879,14137.8452508768,13732.7610520641,10.3,2.06,0.66
26172,1272879,14140.5661147905,13744.1711265408,11.73,1.43,-0.630000000000001
26173,1272879,14142.4403330703,13752.0307515852,8.08,-3.65,-5.08
26174,1272879,14143.3751226332,13755.9508368487,4.03,-4.05,-0.399999999999999
26175,1272879,14134.3704812529,13768.1003253427,5.64,1.61,5.66
26176,1272879,14127.5622479055,13769.2219129173,6.9,1.26,-0.349999999999999
26177,1272879,14118.7326075594,13769.3687508306,8.86,1.96,0.699999999999998
26178,1272879,14108.0069938978,13769.0619949191,10.73,1.87,-0.0899999999999981
26179,1272879,14095.7854077318,13768.6944567098,12.23,1.5,-0.370000000000001
26180,1272879,14083.234215564,13763.0548489958,13.76,1.53,0.0299999999999994
26181,1272879,14071.3853793533,13757.7308297949,12.99,-0.77,-2.3
26182,1272879,14058.907159233,13752.1240104979,13.68,0.69,1.46
26183,1272879,14046.7208273027,13746.6483448686,13.36,-0.32,-1.01
26184,1272879,14034.3575246235,13741.3774699773,13.44,0.0800000000000001,0.4
26185,1272879,14021.2662579745,13740.9358166855,13.1,-0.34,-0.42
26186,1272879,14007.9329133714,13742.0132088446,13.38,0.280000000000001,0.620000000000001
26187,1272879,13994.7659075374,13745.6922317498,13.75,0.369999999999999,0.0899999999999981
26188,1272879,13981.9054464794,13750.1465152359,13.6,-0.15,-0.52
26189,1272879,13968.959941961,13754.6302539398,13.71,0.110000000000001,0.260000000000002
26190,1272879,13965.5551438063,13770.7991552323,13.21,-0.5,-0.610000000000001
26191,1272879,13965.3965251079,13784.3982302048,13.61,0.399999999999999,0.899999999999999
26192,1272879,13965.2466537641,13797.2473561899,12.85,-0.76,-1.16
26193,1272879,13965.0875685401,13810.8864284417,13.63,0.780000000000001,1.54
26194,1272879,13964.5798382934,13824.6261388947,13.76,0.129999999999999,-0.650000000000002
26195,1272879,13964.54,13837.6552985256,13.03,-0.73,-0.859999999999999
26196,1272879,13964.54,13848.4552985256,10.8,-2.23,-1.5
26197,1272879,13964.54,13856.0152985256,7.56,-3.24,-1.01
26198,1272879,13964.54,13859.3652985256,3.35,-4.21,-0.969999999999998
26199,1272879,13969.8030919093,13865.6722582688,5.55,2.2,6.41
26200,1272879,13977.4282254669,13868.3569394707,7.38,1.83,-0.37
26201,1272879,13986.2469321126,13869.2047566165,8.94,1.56,-0.27
26202,1272879,13996.5824768347,13871.2706983622,10.54,1.6,0.04
26203,1272879,14008.2993918901,13873.2874913206,11.88,1.34,-0.259999999999998
26204,1272879,14019.3560969148,13875.1350231871,11.21,-0.67,-2.01
26205,1272879,14026.5415263226,13877.8144232624,8.21,-3,-2.33
26206,1272879,14027.3625391529,13879.1760538777,1.58,-6.63,-3.63
26207,1272879,14028.5036953509,13881.0686347958,2.22,0.64,7.27
26208,1272879,14029.62,13882.92,2.54,0.32,-0.32
26209,1272879,14029.62,13882.92,1.22,-1.32,-1.64
26210,1272879,14029.62,13882.92,0.25,-0.97,0.35
26211,1272879,14029.62,13882.92,0.06,-0.19,0.78
26212,1272879,14029.62,13882.92,0.02,-0.04,0.15
26213,1272879,14029.62,13882.92,0,-0.02,0.02
26214,1272879,14029.62,13882.92,0,0,0.02
26215,1272879,14029.62,13882.92,0,0,0
26216,1272879,14029.62,13882.92,0,0,0
26217,1272879,14029.62,13882.92,0,0,0
26218,1272879,14029.62,13882.92,0,0,0
26219,1272879,14029.62,13882.92,0,0,0
26220,1272879,14029.62,13882.92,0,0,0
26221,1272879,14029.62,13882.92,0,0,0
26222,1272879,14029.62,13882.92,0,0,0
26223,1272879,14029.62,13882.92,0,0,0
26224,1272879,14029.62,13882.92,0,0,0
26225,1272879,14029.62,13882.92,0,0,0
26226,1272879,14029.62,13882.92,0,0,0
26227,1272879,14029.62,13882.92,0,0,0
26228,1272879,14029.62,13882.92,0,0,0
26229,1272879,14029.62,13882.92,0,0,0
26230,1272879,14029.62,13882.92,0,0,0
26231,1272879,14029.62,13882.92,0,0,0
26232,1272879,14029.62,13882.92,0,0,0
26233,1272879,14029.62,13882.92,0,0,0
26234,1272879,14029.62,13882.92,0,0,0
26235,1272879,14029.62,13882.92,0,0,0
26236,1272879,14029.62,13882.92,0,0,0
26237,1272879,14029.62,13882.92,0,0,0
26238,1272879,14029.62,13882.92,0,0,0
26239,1272879,14029.62,13882.92,0,0,0
26240,1272879,14029.62,13882.92,0,0,0
26241,1272879,14034.1048793302,13900.6545558729,2.11,2.11,2.11
26242,1272879,14033.3857440509,13904.5283711047,3.94,1.83,-0.28
26243,1272879,14032.3015654828,13910.3685900075,5.93,1.99,0.16
26244,1272879,14030.9691574782,13917.5459634065,7.3,1.37,-0.62
26245,1272879,14030.1490853498,13926.7562674385,9.26,1.96,0.59
26246,1272879,14029.5009482528,13937.8072772703,11.07,1.81,-0.149999999999999
26247,1272879,14029.6629982421,13950.3892938396,12.58,1.51,-0.300000000000001
26248,1272879,14029.9414663216,13960.2253527826,9.84,-2.74,-4.25
26249,1272879,14031.5627395509,13968.6413326873,8.58,-1.26,1.48
26250,1272879,14032.9763700308,13975.4868968617,6.99,-1.59,-0.33
26251,1272879,14032.8492165832,13987.2890941624,6.6,-0.390000000000001,1.2
26252,1272879,14031.4249530644,13992.4416457764,5.38,-1.22,-0.829999999999999
26253,1272879,14026.55860106,14007.9431287542,6.65,1.27,2.49
26254,1272879,14026.4914296878,14016.6828706272,8.74,2.09,0.819999999999999
26255,1272879,14026.5418587753,14026.9740573253,10.3,1.56,-0.529999999999999
26256,1272879,14026.7051510985,14038.831415931,11.87,1.57,0.00999999999999801
26257,1272879,14026.5565309898,14052.2980026898,13.47,1.6,0.0300000000000029
26258,1272879,14026.636839238,14065.4977583916,13.2,-0.270000000000001,-1.87
26259,1272879,14026.7198852674,14079.147505765,13.65,0.450000000000001,0.720000000000002
26260,1272879,14027.300176874,14092.0930775773,12.96,-0.69,-1.14
26261,1272879,14032.5293666548,14104.3954815891,13.59,0.629999999999999,1.32
26262,1272879,14034.5152781056,14114.9210610852,10.81,-2.78,-3.41
26263,1272879,14035.6506614188,14123.3247093841,8.48,-2.33,0.449999999999999
26264,1272879,14036.8047892677,14131.8670971597,8.62,0.139999999999999,2.47
26265,1272879,14037.0561809269,14137.5524648415,5.7,-2.92,-3.06
26266,1272879,14037.089332873,14141.3023182985,3.75,-1.95,0.969999999999999
26267,1272879,14027.4555192163,14148.8841409303,6.08,2.33,4.28
26268,1272879,14019.2864519676,14150.6023912875,8.35,2.27,-0.0600000000000005
26269,1272879,14009.5063246647,14151.9313043541,9.86,1.51,-0.76
26270,1272879,13997.8732249143,14153.5119973027,11.75,1.89,0.380000000000001
26271,1272879,13984.7839959362,14155.4931384969,13.23,1.48,-0.41
26272,1272879,13972.7538397996,14157.5217693967,12.2,-1.03,-2.51
26273,1272879,13962.8536129461,14159.1912328585,10.04,-2.16,-1.13
26274,1272879,13954.7633718598,14161.0823510932,8.31,-1.73,0.430000000000001
26275,1272879,13940.9756286859,14164.749219273,8.76,0.449999999999999,2.18
26276,1272879,13942.0157537472,14174.7854655761,10.09,1.33,0.880000000000001
26277,1272879,13943.1692720262,14185.9158517141,11.18,1.09,-0.24
26278,1272879,13944.348561491,14197.2949059963,11.44,0.26,-0.83
26279,1272879,13945.2133390745,14206.2230200343,8.97,-2.47,-2.73
26280,1272879,13945.8114368024,14212.62514305,6.43,-2.54,-0.0700000000000021
26281,1272879,13946.3794818656,14218.8591154447,6.26,-0.17,2.37
26282,1272879,13946.6905825425,14223.8093494158,4.96,-1.3,-1.13
26283,1272879,13947.0330441747,14229.2585989082,5.45,0.49,1.79
26284,1272879,13947.3723697114,14234.6579468485,5.42,-0.0300000000000002,-0.52
26285,1272879,13948.048704251,14248.2574875742,7.44,2.02,2.05
26286,1272879,13948.3981810191,14257.9011573108,9.65,2.21,0.19
26287,1272879,13948.8074128823,14269.1937446708,11.31,1.66,-0.55
