"V1","V2","V3","V4","V5","acceleration","jerk"
54217,1273583,14040.8685334914,14266.6150224603,13.09,-0.73,0
54218,1273583,14041.4959731471,14254.2709583258,12.36,-0.73,0
54219,1273583,14042.0475300519,14243.4349865198,10.85,-1.51,-0.779999999999999
54220,1273583,14043.6826728846,14222.9538083044,11.07,0.220000000000001,1.73
54221,1273583,14044.522554547,14202.4738193356,11.4,0.33,0.109999999999999
54222,1273583,14044.3012088878,14190.5558746261,11.91,0.51,0.18
54223,1273583,14044.0510808652,14177.0881971733,13.47,1.56,1.05
54224,1273583,14043.2700890621,14163.7811425851,13.33,-0.140000000000001,-1.7
54225,1273583,14042.474417048,14150.2645414574,13.53,0.199999999999999,0.34
