"V1","V2","V3","V4","V5","acceleration","jerk"
32343,1276053,14352.0441285209,14273.8362085785,18.77,0.59,0
32344,1276053,14353.4103271017,14254.5244737668,19.36,0.59,0
32345,1276053,14351.4203967939,14235.9105552838,18.72,-0.640000000000001,-1.23
32346,1276053,14353.1348725829,14217.3626458719,18.63,-0.0899999999999999,0.550000000000001
32347,1276053,14355.1838719011,14198.3225801737,19.15,0.52,0.609999999999999
32348,1276053,14357.2628304782,14179.0041218699,19.43,0.280000000000001,-0.239999999999998
32349,1276053,14359.239512133,14160.5094956391,18.6,-0.829999999999998,-1.11
32350,1276053,14361.1499101904,14141.5454776244,19.06,0.459999999999997,1.29
32351,1276053,14363.054294403,14122.6411574628,19,-0.0599999999999987,-0.519999999999996
32352,1276053,14364.9606832305,14103.7169380169,19.02,0.0199999999999996,0.0799999999999983
32353,1276053,14366.8430166785,14085.0315099835,18.79,-0.23,-0.25
32354,1276053,14368.7794747305,14065.8088012719,19.31,0.52,0.75
32355,1276053,14370.2324486887,14046.8781359854,18.99,-0.32,-0.84
32356,1276053,14371.3543166153,14028.3320363319,18.58,-0.41,-0.0899999999999999
32357,1276053,14372.4816187783,14009.696100889,18.66,0.0800000000000018,0.490000000000002
32358,1276053,14372.443448724,13987.4640037939,18.99,0.329999999999998,0.249999999999996
32359,1276053,14371.9774527748,13967.2993875621,20.18,1.19,0.860000000000003
32360,1276053,14371.4795741082,13945.7551396794,21.54,1.36,0.169999999999998
32361,1276053,14370.9567437498,13923.1311800698,22.63,1.09,-0.27
32362,1276053,14370.5441166971,13905.2759472537,17.86,-4.77,-5.86
32363,1276053,14370.2035723099,13890.5398816485,14.74,-3.12,1.65
32364,1276053,14366.0451755499,13868.1228400972,13.09,-1.65,1.47
32365,1276053,14359.1787698132,13857.8330655949,13.48,0.390000000000001,2.04
32366,1276053,14348.8134326531,13850.5063672293,12.92,-0.56,-0.950000000000001
32367,1276053,14338.3873663897,13849.3869413302,10.56,-2.36,-1.8
32368,1276053,14334.2410753964,13849.4655075372,6.07,-4.49,-2.13
32369,1276053,14329.9924196419,13849.5723919587,4.25,-1.82,2.67
32370,1276053,14306.3978384552,13847.5226358891,5.68,1.43,3.25
32371,1276053,14298.481435734,13848.0129553112,8.02,2.34,0.91
32372,1276053,14289.1717922026,13847.931485574,9.31,1.29,-1.05
32373,1276053,14278.0922164424,13847.8345269609,11.08,1.77,0.479999999999999
32374,1276053,14264.8227245346,13847.7184041453,13.27,2.19,0.42
32375,1276053,14251.1532479422,13847.5987810188,13.67,0.4,-1.79
32376,1276053,14237.2947890431,13847.5041590458,13.86,0.19,-0.210000000000001
32377,1276053,14224.6766728939,13849.6172750952,12.87,-0.99,-1.18
32378,1276053,14215.5026521112,13854.0377916069,10.28,-2.59,-1.6
32379,1276053,14210.4724168419,13857.2715405565,5.98,-4.3,-1.71
32380,1276053,14208.0853129446,13859.5993741108,3.45,-2.53,1.77
32381,1276053,14203.8277983185,13876.2814745529,4.81,1.36,3.89
32382,1276053,14205.7155956009,13882.7308637814,6.72,1.91,0.550000000000001
32383,1276053,14208.6357232555,13890.4864517433,8.29,1.57,-0.340000000000001
32384,1276053,14212.2601040452,13899.84943545,10.04,1.75,0.180000000000001
32385,1276053,14231.7414097242,13921.9221579166,11.36,1.32,-0.43
32386,1276053,14242.5638556507,13929.0655031684,12.97,1.61,0.290000000000001
32387,1276053,14253.2522178474,13936.6733656311,13.13,0.16,-1.45
32388,1276053,14263.9932002779,13943.9789386017,12.99,-0.140000000000001,-0.300000000000001
32389,1276053,14275.2446252473,13950.7457962098,13.13,0.140000000000001,0.280000000000001
32390,1276053,14286.9826532049,13956.8442457471,13.23,0.0999999999999996,-0.0400000000000009
32391,1276053,14298.8508192639,13961.9722858203,12.96,-0.27,-0.369999999999999
32392,1276053,14311.7952953505,13966.3665364781,13.67,0.709999999999999,0.979999999999999
32393,1276053,14326.5832483299,13967.0085183818,13.44,-0.23,-0.94
32394,1276053,14339.5465996364,13969.8447875693,13.27,-0.17,0.0600000000000005
32395,1276053,14353.0011268098,13972.0634677698,13.64,0.370000000000001,0.540000000000001
32396,1276053,14365.8738679886,13973.6272174487,12.98,-0.66,-1.03
32397,1276053,14379.2997257967,13974.4327248143,13.45,0.469999999999999,1.13
32398,1276053,14392.9950989661,13975.2544022163,13.71,0.260000000000002,-0.209999999999997
