"V1","V2","V3","V4","V5","acceleration","jerk"
22666,1276781,14403.0462140588,13320.7117050501,12.9,0.0299999999999994,0
22667,1276781,14390.2928578006,13318.5817275499,12.93,0.0299999999999994,0
22668,1276781,14376.9970153907,13316.3611477586,13.49,0.56,0.530000000000001
22669,1276781,14363.7899434419,13314.1553937966,13.39,-0.0999999999999996,-0.66
22670,1276781,14350.3461502633,13311.9101042895,13.63,0.24,0.34
22671,1276781,14336.8135866235,13309.6499889528,13.72,0.0899999999999999,-0.15
22672,1276781,14323.5571977519,13307.435998419,13.45,-0.270000000000001,-0.360000000000001
22673,1276781,14310.6953442633,13305.2879004605,13.04,-0.41,-0.139999999999999
22674,1276781,14297.9025344668,13303.1513337028,12.97,-0.0699999999999985,0.340000000000002
22675,1276781,14284.6954625181,13300.9455797409,13.39,0.42,0.489999999999998
22676,1276781,14271.192489032,13298.6904063474,13.68,0.289999999999999,-0.130000000000001
22677,1276781,14257.758559238,13296.4467641546,13.63,-0.0499999999999989,-0.339999999999998
22678,1276781,14244.2161322136,13294.1850015036,13.73,0.0999999999999996,0.149999999999999
22679,1276781,14228.0374362605,13291.3658665838,13.12,-0.610000000000001,-0.710000000000001
22680,1276781,14214.734557074,13288.9526104125,13.52,0.4,1.01
22681,1276781,14201.6875024872,13286.5857630136,13.26,-0.26,-0.66
22682,1276781,14188.5518932313,13284.2028510397,13.35,0.0899999999999999,0.35
22683,1276781,14175.7409844289,13281.8788425078,13.02,-0.33,-0.42
22684,1276781,14162.4381052423,13279.4655863364,13.53,0.51,0.84
22685,1276781,14149.3320142094,13277.0880292209,13.32,-0.209999999999999,-0.719999999999999
22718,1276781,13740.7753148977,13276.217658197,16.8,0.105454545454545,0.00955922865013771
22719,1276781,13733.1240869224,13291.2805231917,18.01,1.21,1.10454545454546
22720,1276781,13733.9486730894,13310.2769676097,19.24,1.23,0.019999999999996
22721,1276781,13749.4240180114,13323.7939056267,21.11,1.87,0.640000000000004
22722,1276781,13768.8583795853,13321.8870520022,20.1,-1.01,-2.88
22723,1276781,13783.4258446942,13314.8009534833,16.22,-3.88,-2.87
22724,1276781,13795.3853586578,13308.24201868,13.65,-2.57,1.31
22725,1276781,13806.5951900536,13290.8904593558,13.86,0.209999999999999,2.78
22726,1276781,13813.5736831802,13279.0632792032,13.27,-0.59,-0.799999999999999
