"V1","V2","V3","V4","V5","acceleration","jerk"
47038,1276618,14395.9588256681,13995.4906813299,13.79,0.0500000000000007,0
47039,1276618,14382.1570973811,13994.4621404732,13.84,0.0500000000000007,0
47040,1276618,14368.6596723788,13993.5238889348,13.53,-0.31,-0.360000000000001
47041,1276618,14354.8535431805,13992.4365296268,13.85,0.32,0.630000000000001
47042,1276618,14330.9730892491,13989.7062375002,13.43,-0.42,-0.74
47043,1276618,14317.8564021969,13988.1388764144,13.21,-0.219999999999999,0.200000000000001
47044,1276618,14305.0672647418,13986.2400322884,12.92,-0.290000000000001,-0.0700000000000021
47045,1276618,14292.4379178028,13983.5682906464,12.92,0,0.290000000000001
47046,1276618,14279.7904646627,13980.7737729417,12.98,0.0600000000000005,0.0600000000000005
47047,1276618,14267.82575871,13975.951344978,12.9,-0.0800000000000001,-0.140000000000001
47048,1276618,14255.6057989704,13971.7926448579,12.9,0,0.0800000000000001
47049,1276618,14242.5005950842,13967.4056149856,13.82,0.92,0.92
47050,1276618,14225.0896712722,13961.637567069,13.02,-0.800000000000001,-1.72
47051,1276618,14212.6160686024,13957.5701801393,13.12,0.0999999999999996,0.9
47052,1276618,14197.5948185936,13952.2910431293,13.36,0.24,0.140000000000001
47053,1276618,14184.5199904747,13949.0806286672,13.5,0.140000000000001,-0.0999999999999996
47054,1276618,14170.9133046942,13947.572582888,13.7,0.199999999999999,0.0599999999999987
47055,1276618,14157.8144878741,13946.1119673419,13.18,-0.52,-0.719999999999999
47056,1276618,14144.2386294459,13944.598141745,13.66,0.48,1
47057,1276618,14131.0728173999,13942.4426106926,13.36,-0.300000000000001,-0.780000000000001
47058,1276618,14118.4869933103,13939.5735754827,12.91,-0.449999999999999,-0.149999999999999
47059,1276618,14105.6551406471,13936.2312473675,13.25,0.34,0.789999999999999
47060,1276618,14093.3394557657,13930.1485226115,13.79,0.539999999999999,0.199999999999999
47061,1276618,14082.4807477043,13922.3701116502,13.36,-0.43,-0.969999999999999
47062,1276618,14071.5012740883,13915.3191457867,13.09,-0.27,0.16
47063,1276618,14059.7940960112,13909.5533430265,13.05,-0.0399999999999991,0.23
47064,1276618,14047.5760589834,13903.5736788029,13.61,0.559999999999999,0.599999999999998
47065,1276618,14024.1202831064,13889.9942607705,13.43,-0.18,-0.739999999999998
47066,1276618,14010.6201919366,13889.3286869216,13.61,0.18,0.359999999999999
47067,1276618,13998.0832462111,13885.8523250483,13.01,-0.6,-0.779999999999999
47068,1276618,13984.8226126962,13882.3821298328,13.72,0.710000000000001,1.31
47069,1276618,13971.8289628888,13880.7162772934,13.1,-0.620000000000001,-1.33
47070,1276618,13958.9993517351,13882.3118186486,12.93,-0.17,0.450000000000001
47071,1276618,13936.1229085218,13882.3057975327,13.38,0.450000000000001,0.620000000000001
47072,1276618,13922.4063580717,13881.4791773586,13.77,0.389999999999999,-0.0600000000000023
47073,1276618,13909.4785594349,13879.2416737483,13.13,-0.639999999999999,-1.03
47074,1276618,13890.0023378605,13877.3404046648,13.78,0.649999999999999,1.29
47075,1276618,13876.4968458296,13875.9795980935,13.6,-0.18,-0.829999999999998
47076,1276618,13863.6260180201,13874.3464513565,12.98,-0.619999999999999,-0.44
47077,1276618,13850.1786749656,13872.9466835246,13.52,0.539999999999999,1.16
47078,1276618,13837.140238096,13871.5787420065,13.11,-0.41,-0.949999999999999
47079,1276618,13824.2737610078,13871.16760905,12.88,-0.229999999999999,0.180000000000001
47080,1276618,13810.7182293766,13871.046682578,13.56,0.68,0.909999999999998
47081,1276618,13797.3740858008,13871.8777855969,13.37,-0.190000000000001,-0.870000000000001
47082,1276618,13783.8469223176,13873.1689344455,13.61,0.24,0.430000000000001
47083,1276618,13770.6488078453,13875.1092079085,13.34,-0.27,-0.51
47084,1276618,13759.7647838272,13883.6861094515,13.18,-0.16,0.109999999999999
47085,1276618,13766.366924025,13894.8964548881,13.02,-0.16,0
47086,1276618,13772.9233922307,13906.0292498951,12.92,-0.0999999999999996,0.0600000000000005
47087,1276618,13779.2907233014,13918.0728470597,13.63,0.710000000000001,0.81
47088,1276618,13785.4733770623,13930.4103829755,13.8,0.17,-0.540000000000001
47089,1276618,13791.3065764801,13942.0505799047,13.02,-0.780000000000001,-0.950000000000001
47090,1276618,13795.545714887,13954.7503362396,13.44,0.42,1.2
47091,1276618,13799.0120858563,13967.3522873704,13.07,-0.369999999999999,-0.789999999999999
47092,1276618,13803.102348147,13991.1046006397,13.8,0.73,1.1
47093,1276618,13804.4673957009,14004.786674502,13.75,-0.0500000000000007,-0.780000000000001
47094,1276618,13805.8324432548,14018.4687483644,13.74,-0.00999999999999979,0.0400000000000009
47095,1276618,13807.1696934768,14031.8722054499,13.47,-0.27,-0.26
47096,1276618,13808.4731897955,14044.9373421636,13.13,-0.34,-0.0700000000000003
47097,1276618,13809.1671102244,14058.3067121813,13.39,0.26,0.6
47098,1276618,13809.7791716431,14071.8618000299,13.57,0.18,-0.0800000000000001
47099,1276618,13811.8106004558,14085.2181991322,13.51,-0.0600000000000005,-0.24
47100,1276618,13811.7774056074,14109.0407775726,13.22,-0.289999999999999,-0.229999999999999
47101,1276618,13812.1601051051,14122.871494524,13.85,0.629999999999999,0.919999999999998
47102,1276618,13812.9502733239,14136.3182983891,13.47,-0.379999999999999,-1.01
47103,1276618,13814.3643931541,14149.1757115607,12.95,-0.520000000000001,-0.140000000000002
47104,1276618,13816.5770399048,14162.0937857766,13.11,0.16,0.680000000000001
47105,1276618,13819.0225171866,14173.5660366832,11.73,-1.38,-1.54
47106,1276618,13820.8214537662,14182.5874608774,9.2,-2.53,-1.15
47107,1276618,13822.1854691317,14191.1576629996,8.7,-0.5,2.03
47108,1276618,13822.4102783022,14196.903266609,5.75,-2.95,-2.45
47109,1276618,13822.5299158782,14199.9609269646,3.06,-2.69,0.259999999999999
47110,1276618,13814.5410566266,14207.2592238533,5.4,2.34,5.03
47111,1276618,13807.2054473402,14209.2463917868,7.6,2.2,-0.140000000000001
47112,1276618,13798.2289780817,14211.6780578107,9.3,1.7,-0.499999999999998
47113,1276618,13787.398002829,14214.9197570276,11.31,2.01,0.309999999999999
47114,1276618,13775.3989715515,14218.8937787186,12.64,1.33,-0.68
47115,1276618,13762.5835504876,14223.1381847968,13.49,0.85,-0.48
47116,1276618,13749.7966081373,14227.3731588615,13.47,-0.0199999999999996,-0.869999999999999
47117,1276618,13728.1547186445,14236.5092007243,10.41,-3.06,-3.04
47118,1276618,13722.0381654861,14241.3009308358,7.77,-2.64,0.42
47119,1276618,13716.3860610232,14245.7288101408,7.18,-0.59,2.05
47120,1276618,13712.0958145993,14249.0898048779,5.45,-1.73,-1.14
47121,1276618,13709.2304023089,14251.3345793445,3.64,-1.81,-0.0800000000000005
47122,1276618,13706.2490166769,14260.3102365843,5.08,1.44,3.25
47123,1276618,13707.8618961932,14266.5863037976,6.48,1.4,-0.0399999999999996
47124,1276618,13709.9053747161,14274.5379259923,8.21,1.73,0.33
47142,1276618,13829.5762569532,14262.8189948609,13.22,0.278333333333333,-0.0806481481481482
47143,1276618,13828.0479313283,14249.1541962607,13.75,0.529999999999999,0.251666666666666
47144,1276618,13826.5674006138,14235.9167331803,13.33,-0.42,-0.949999999999999
47145,1276618,13824.4196613412,14223.2446471492,12.86,-0.470000000000001,-0.0500000000000007
