"V1","V2","V3","V4","V5","acceleration","jerk"
54626,"1278572#1",14400.7184552986,13320.3229388552,13.51,-0.65,0
54627,"1278572#1",14388.0341427325,13318.2044925557,12.86,-0.65,0
54628,"1278572#1",14374.6988467842,13315.9773235068,13.52,0.66,1.31
54629,"1278572#1",14361.6101354504,13313.7913373175,13.27,-0.25,-0.91
54630,"1278572#1",14348.5608776549,13311.6119403857,13.23,-0.0399999999999991,0.210000000000001
54631,"1278572#1",14335.7088875509,13309.4654897417,13.03,-0.200000000000001,-0.160000000000002
54632,"1278572#1",14322.1072802191,13307.1938432043,13.79,0.76,0.960000000000001
54633,"1278572#1",14308.8114378091,13304.9732634129,13.48,-0.309999999999999,-1.07
54634,"1278572#1",14295.8706772439,13302.8119869394,13.12,-0.360000000000001,-0.0500000000000025
54635,"1278572#1",14282.8016926793,13300.6292953789,13.25,0.130000000000001,0.490000000000002
54636,"1278572#1",14269.2987191932,13298.3741219854,13.69,0.44,0.309999999999999
54637,"1278572#1",14256.4861826276,13296.2342605989,12.99,-0.699999999999999,-1.14
54638,"1278572#1",14242.8155316037,13293.9510828609,13.85,0.859999999999999,1.56
54639,"1278572#1",14226.659919185,13291.1159731933,13.12,-0.73,-1.59
54640,"1278572#1",14213.9474044594,13288.8098141893,12.92,-0.199999999999999,0.530000000000001
54641,"1278572#1",14201.1561744723,13286.489375563,13,0.0800000000000001,0.279999999999999
54642,"1278572#1",14188.4633385621,13284.1867864646,12.9,-0.0999999999999996,-0.18
54643,"1278572#1",14175.7311450212,13281.877057555,12.94,0.0399999999999991,0.139999999999999
54644,"1278572#1",14162.0838865658,13279.401328036,13.87,0.93,0.890000000000001
54645,"1278572#1",14149.0466713867,13277.03626559,13.25,-0.619999999999999,-1.55
54678,"1278572#1",13727.9529150373,13276.2231047782,12.96,-0.00878787878787876,0.0185215794306703
54679,"1278572#1",13717.5279868282,13283.9057507331,12.95,-0.0100000000000016,-0.0012121212121228
54680,"1278572#1",13701.7369788641,13294.9707626366,13.44,0.49,0.500000000000002
54681,"1278572#1",13690.3648943204,13302.1338131832,13.44,0,-0.49
54682,"1278572#1",13678.8658891904,13309.3768084903,13.58,0.140000000000001,0.140000000000001
54683,"1278572#1",13667.2484248463,13316.6944189072,13.73,0.15,0.00999999999999979
54684,"1278572#1",13656.2063338274,13323.6496130763,13.06,-0.67,-0.82
54685,"1278572#1",13645.3954536079,13331.0234427543,13.08,0.0199999999999996,0.69
54686,"1278572#1",13634.4878757832,13338.7206660197,13.35,0.27,0.25
54687,"1278572#1",13623.5884684288,13346.4121235748,13.34,-0.00999999999999979,-0.279999999999999
54688,"1278572#1",13612.9750275342,13353.9017812691,12.99,-0.35,-0.34
54689,"1278572#1",13591.6433479103,13370.8923554908,12.92,-0.0700000000000003,0.279999999999999
54690,"1278572#1",13580.6049220627,13378.5003619594,13.11,0.19,0.26
54691,"1278572#1",13568.9203553938,13384.7548893498,13.32,0.210000000000001,0.0200000000000014
54692,"1278572#1",13550.7587888027,13391.0184058954,13.74,0.42,0.209999999999999
54693,"1278572#1",13537.5321094265,13392.3141885467,13.29,-0.450000000000001,-0.870000000000001
54694,"1278572#1",13524.1362400207,13393.6265462959,13.46,0.170000000000002,0.620000000000003
54695,"1278572#1",13511.2678454131,13394.8872287399,12.93,-0.530000000000001,-0.700000000000003
54696,"1278572#1",13496.3330236627,13393.7935715376,12.96,0.0300000000000011,0.560000000000002
54697,"1278572#1",13482.8367426773,13391.2710133988,13.73,0.77,0.739999999999998
54698,"1278572#1",13469.8516099885,13388.843992786,13.21,-0.52,-1.29
54699,"1278572#1",13456.522435177,13386.3526680692,13.56,0.35,0.869999999999999
54700,"1278572#1",13434.5278772903,13381.8704248381,13.06,-0.5,-0.85
54701,"1278572#1",13421.1448264719,13379.0411024406,13.69,0.629999999999999,1.13
54702,"1278572#1",13407.5163718523,13376.9365063558,13.79,0.0999999999999996,-0.529999999999999
