"V1","V2","V3","V4","V5","acceleration","jerk"
19195,1279279,13413.4638152474,13752.6263427302,13.78,-0.119999999999999,0
19196,1279279,13436.533849141,13756.0055524072,13.66,-0.119999999999999,0
19197,1279279,13449.4841905228,13756.6095241768,12.97,-0.69,-0.57
19198,1279279,13463.1399270515,13756.9507863354,13.66,0.69,1.38
19199,1279279,13476.5857182385,13757.2872373327,13.45,-0.210000000000001,-0.9
19200,1279279,13490.3014202842,13757.6306283547,13.72,0.270000000000001,0.480000000000002
19201,1279279,13503.6972225737,13757.9660102567,13.4,-0.32,-0.590000000000002
19202,1279279,13517.0930248633,13758.3013921586,13.4,0,0.32
19203,1279279,13530.1681278995,13758.6516130891,13.08,-0.32,-0.32
19204,1279279,13543.6451026509,13758.9361292853,13.49,0.41,0.73
19205,1279279,13557.21353221,13758.3756658165,13.58,0.0899999999999999,-0.32
19206,1279279,13570.8256715575,13757.9185566514,13.62,0.0399999999999991,-0.0500000000000007
19207,1279279,13584.1078887681,13757.4638029692,13.29,-0.33,-0.369999999999999
19208,1279279,13593.8121375454,13757.1296538004,9.71,-3.58,-3.25
19209,1279279,13600.6380921437,13756.8946137569,6.83,-2.88,0.699999999999998
19210,1279279,13604.3159124837,13756.7679743191,3.68,-3.15,-0.269999999999999
19211,1279279,13612.8420794868,13766.6599553963,5.58,1.9,5.05
19212,1279279,13612.807333603,13773.6398689146,6.98,1.4,-0.5
19213,1279279,13612.7625820992,13782.6297575292,8.99,2.01,0.609999999999999
19214,1279279,13612.7082729885,13793.5396223552,10.91,1.92,-0.0899999999999999
19215,1279279,13612.6436595826,13806.519461534,12.98,2.07,0.15
19216,1279279,13612.1191290731,13820.0752521506,13.59,0.609999999999999,-1.46
19217,1279279,13610.255331113,13833.2908588272,13.36,-0.23,-0.84
19218,1279279,13607.1879128049,13846.628224985,13.72,0.360000000000001,0.590000000000002
19219,1279279,13602.6620637331,13859.6992520099,13.83,0.109999999999999,-0.250000000000002
19220,1279279,13600.6593786123,13871.222196535,11.72,-2.11,-2.22
19221,1279279,13599.4631796106,13879.7285005472,8.6,-3.12,-1.01
19222,1279279,13598.7515874221,13884.788711665,5.11,-3.49,-0.369999999999998
19223,1279279,13604.7373994103,13894.8028429909,6.8,1.69,5.18
19224,1279279,13612.8006512563,13894.4728889511,8.07,1.27,-0.419999999999999
19225,1279279,13623.0220969049,13894.0546200755,10.23,2.16,0.89
19226,1279279,13635.222311844,13891.9061610198,12.41,2.18,0.0199999999999996
19227,1279279,13644.8122592438,13889.3878031646,9.92,-2.49,-4.67
19228,1279279,13656.4152191604,13889.9539159123,6.82,-3.1,-0.609999999999999
19229,1279279,13659.9583756198,13890.1742390931,3.54,-3.28,-0.180000000000001
19230,1279279,13678.2049632234,13901.5928486903,5.59,2.05,5.33
19231,1279279,13680.6238000709,13908.7237762811,7.53,1.94,-0.109999999999999
19232,1279279,13691.7298665054,13920.5682434298,9.51,1.98,0.0399999999999991
19233,1279279,13701.0895462188,13925.8150801588,10.73,1.22,-0.759999999999999
19234,1279279,13711.504697736,13931.6535918592,11.95,1.22,-1.77635683940025e-15
19235,1279279,13723.5433002953,13937.0180911457,13.19,1.24,0.0200000000000014
19236,1279279,13734.3622569546,13944.794977664,13.36,0.17,-1.07
19237,1279279,13743.9495745076,13953.4169534688,12.91,-0.449999999999999,-0.619999999999999
19238,1279279,13753.5457984144,13962.9891516878,13.56,0.65,1.1
19239,1279279,13763.9017383109,13971.925648711,13.83,0.27,-0.380000000000001
19240,1279279,13775.7709436202,13975.2753126412,12.4,-1.43,-1.7
19241,1279279,13783.8464126352,13976.6989699694,8.2,-4.2,-2.77
19242,1279279,13789.3093437799,13976.5886061632,5.49,-2.71,1.49
19243,1279279,13791.8732790094,13976.4121518096,2.57,-2.92,-0.210000000000001
19244,1279279,13802.4054293231,13984.1192800205,4.82,2.25,5.17
19245,1279279,13803.1182323367,13991.2638102264,7.18,2.36,0.109999999999999
19246,1279279,13804.0295877218,14000.3984602669,9.19,2.01,-0.35
19247,1279279,13805.1663000485,14011.7918963196,11.44,2.25,0.24
19248,1279279,13806.4171799888,14024.3296512771,12.61,1.17,-1.08
19249,1279279,13807.7186907839,14037.3748867924,13.1,0.49,-0.68
19250,1279279,13808.8568398154,14051.1934757678,13.88,0.780000000000001,0.290000000000001
19251,1279279,13809.4194228182,14064.0912120175,12.91,-0.970000000000001,-1.75
19252,1279279,13810.6948934395,14077.882560247,13.87,0.959999999999999,1.93
19253,1279279,13812.052524816,14101.6959283964,13.29,-0.58,-1.54
19254,1279279,13811.7043065112,14115.1148749225,13.43,0.140000000000001,0.720000000000001
19255,1279279,13812.5073802243,14128.7812999346,13.69,0.26,0.119999999999999
19256,1279279,13813.3313018285,14142.5760810928,13.82,0.130000000000001,-0.129999999999999
19257,1279279,13815.3851121284,14155.696304538,13.28,-0.540000000000001,-0.670000000000002
19258,1279279,13818.0760153231,14169.1257963494,13.7,0.42,0.960000000000001
19259,1279279,13820.5317155799,14181.003746325,12.13,-1.57,-1.99
19260,1279279,13822.1600559211,14190.5081599828,9.65,-2.48,-0.910000000000002
19261,1279279,13822.4048046876,14196.7633736516,6.25,-3.4,-0.92
19262,1279279,13822.5400811625,14200.2207281713,3.47,-2.78,0.620000000000001
19263,1279279,13814.1935803973,14207.3533528607,5.49,2.02,4.8
19264,1279279,13806.8869274632,14209.3326767102,7.58,2.09,0.0699999999999998
19265,1279279,13797.6981116202,14211.8218660164,9.52,1.94,-0.15
19266,1279279,13786.7240066101,14215.1429813472,11.46,1.94,1.77635683940025e-15
19267,1279279,13774.7249753325,14219.1170030382,12.64,1.18,-0.760000000000002
19268,1279279,13762.0424549316,14223.3173930534,13.36,0.719999999999999,-0.460000000000001
19269,1279279,13748.9897112555,14227.6403992442,13.76,0.4,-0.319999999999999
19270,1279279,13725.8797072381,14238.2914529794,12.45,-1.31,-1.71
19271,1279279,13717.7479190623,14244.6619255729,10.32,-2.13,-0.819999999999999
19272,1279279,13712.9381198605,14248.4299398561,6.11,-4.21,-2.08
19273,1279279,13709.9703714169,14250.7548848394,3.77,-2.34,1.87
19274,1279279,13706.0897199346,14259.6903780941,5.38,1.61,3.95
19275,1279279,13707.9838577615,14267.0608829542,7.6,2.22,0.61
