"V1","V2","V3","V4","V5","acceleration","jerk"
27079,1282094,13405.8572257701,13915.5758925789,13.68,-0.629999999999999,0
27080,1282094,13418.4818762813,13912.3109577451,13.05,-0.629999999999999,0
27081,1282094,13431.435697128,13908.9608942423,13.38,0.33,0.959999999999999
27082,1282094,13444.4048022567,13905.9241816325,13.33,-0.0500000000000007,-0.380000000000001
27083,1282094,13457.8073989394,13903.7459780529,13.01,-0.32,-0.27
27084,1282094,13476.8663377387,13900.947204862,13.15,0.140000000000001,0.460000000000001
27085,1282094,13489.9437588643,13898.8156428283,13.25,0.0999999999999996,-0.0400000000000009
27086,1282094,13503.0409194935,13896.6808633425,13.27,0.0199999999999996,-0.0800000000000001
27087,1282094,13516.1950931229,13895.0875581851,13.26,-0.00999999999999979,-0.0299999999999994
27088,1282094,13529.5368136343,13893.9515151424,13.38,0.120000000000001,0.130000000000001
27089,1282094,13542.0116710506,13892.8892852026,12.53,-0.850000000000001,-0.970000000000002
27090,1282094,13551.1060806462,13892.3687470089,9.1,-3.43,-2.58
27091,1282094,13559.5391006759,13892.0829307489,8.44,-0.66,2.77
27092,1282094,13564.9390252326,13892.0543863716,5.41,-3.03,-2.37
27093,1282094,13570.9089418259,13892.0228289767,5.97,0.56,3.59
27094,1282094,13578.7088328523,13891.9815982094,7.81,1.84,1.28
27095,1282094,13584.5687509824,13891.950622274,5.86,-1.95,-3.79
27096,1282094,13589.0599601176,13891.9231399986,4.23,-1.63,0.319999999999999
27097,1282094,13589.0599601176,13891.9231399986,0,-4.23,-2.6
27098,1282094,13590.6198546659,13891.9050016899,1.56,1.56,5.79
27099,1282094,13603.168565798,13891.5705963843,2.97,1.41,-0.15
27100,1282094,13607.7546473532,13891.3809757915,4.58,1.61,0.2
27101,1282094,13613.8394483708,13891.1293876846,6.09,1.51,-0.1
27102,1282094,13621.9325334682,13890.7947631089,8.09,2,0.49
27103,1282094,13630.2967487334,13889.5639305384,8.49,0.4,-1.6
27104,1282094,13635.8100164836,13888.4234136755,5.63,-2.86,-3.26
27105,1282094,13640.2264546648,13887.2570262097,4.57,-1.06,1.8
27106,1282094,13641.6699116714,13886.8490655864,1.5,-3.07,-2.01
27107,1282094,13642.3339018945,13886.6614036997,0.68,-0.82,2.25
27108,1282094,13642.8054311833,13886.5281365627,0.5,-0.18,0.64
27109,1282094,13643.046007351,13886.4601431255,0.25,-0.25,-0.07
27110,1282094,13643.0652534445,13886.4547036505,0.02,-0.23,0.02
27111,1282094,13643.0652534445,13886.4547036505,0,-0.02,0.21
27112,1282094,13643.0652534445,13886.4547036505,0,0,0.02
27113,1282094,13643.0652534445,13886.4547036505,0,0,0
27114,1282094,13643.0652534445,13886.4547036505,0,0,0
27115,1282094,13643.0652534445,13886.4547036505,0,0,0
27116,1282094,13643.0652534445,13886.4547036505,0,0,0
27117,1282094,13643.5848979668,13886.3078378261,0.54,0.54,0.54
27118,1282094,13644.4894643576,13886.0521825022,0.93,0.39,-0.15
27119,1282094,13646.7893725214,13885.4021652424,2.39,1.46,1.07
27120,1282094,13654.734523633,13881.7364182835,3.93,1.54,0.0800000000000001
27121,1282094,13657.6824501448,13879.7228072781,3.57,-0.36,-1.9
27122,1282094,13659.1118521034,13878.2998786159,2.04,-1.53,-1.17
27123,1282094,13659.6975636655,13877.5519200837,0.95,-1.09,0.44
27124,1282094,13660.4435752341,13876.599257111,1.22,0.27,1.36
27125,1282094,13662.3028266273,13873.798535561,3.39,2.17,1.9
27126,1282094,13664.4950593319,13865.3952495923,5.3,1.91,-0.26
27127,1282094,13665.0197725986,13858.6556445603,6.76,1.46,-0.45
27128,1282094,13665.7051598981,13849.852284733,8.83,2.07,0.61
27129,1282094,13666.517844499,13839.4138727973,10.47,1.64,-0.43
27130,1282094,13667.4438547462,13827.5198656919,11.93,1.46,-0.180000000000001
27131,1282094,13671.7978774248,13814.1112473126,13.7,1.77,0.31
27132,1282094,13673.0068428133,13795.6906676759,15.2,1.5,-0.27
27133,1282094,13673.3699791331,13780.2349330763,15.47,0.270000000000001,-1.23
27134,1282094,13673.6992916301,13766.2188011819,14.01,-1.46,-1.73
27135,1282094,13674.6250223524,13749.5505026086,10.84,-3.17,-1.71
27136,1282094,13678.6047026853,13730.0002869318,7.57,-3.27,-0.0999999999999996
27137,1282094,13679.3392018438,13725.0545300649,4.99,-2.58,0.69
27138,1282094,13679.8504132581,13721.6122832856,3.48,-1.51,1.07
27139,1282094,13680.1912208677,13719.3174520994,2.32,-1.16,0.35
27140,1282094,13680.429198595,13717.7150268745,1.62,-0.7,0.46
27141,1282094,13680.4879585277,13717.3193663252,0.4,-1.22,-0.52
27142,1282094,13680.5011795126,13717.2303427016,0.09,-0.31,0.91
27143,1282094,13680.5041175092,13717.2105596741,0.02,-0.07,0.24
27144,1282094,13680.5041175092,13717.2105596741,0,-0.02,0.05
27145,1282094,13680.5041175092,13717.2105596741,0,0,0.02
27146,1282094,13680.5041175092,13717.2105596741,0,0,0
27147,1282094,13680.5041175092,13717.2105596741,0,0,0
27148,1282094,13680.5041175092,13717.2105596741,0,0,0
27149,1282094,13680.5041175092,13717.2105596741,0,0,0
27150,1282094,13680.5041175092,13717.2105596741,0,0,0
27151,1282094,13680.5041175092,13717.2105596741,0,0,0
27152,1282094,13680.5041175092,13717.2105596741,0,0,0
27153,1282094,13680.5041175092,13717.2105596741,0,0,0
27154,1282094,13680.5041175092,13717.2105596741,0,0,0
27155,1282094,13680.5041175092,13717.2105596741,0,0,0
27156,1282094,13680.5041175092,13717.2105596741,0,0,0
27157,1282094,13680.5041175092,13717.2105596741,0,0,0
27158,1282094,13680.5041175092,13717.2105596741,0,0,0
27159,1282094,13680.5041175092,13717.2105596741,0,0,0
27160,1282094,13680.5041175092,13717.2105596741,0,0,0
27161,1282094,13680.5041175092,13717.2105596741,0,0,0
27162,1282094,13680.5041175092,13717.2105596741,0,0,0
27163,1282094,13680.5041175092,13717.2105596741,0,0,0
27164,1282094,13680.5041175092,13717.2105596741,0,0,0
27165,1282094,13680.5041175092,13717.2105596741,0,0,0
27166,1282094,13680.5041175092,13717.2105596741,0,0,0
27167,1282094,13680.5041175092,13717.2105596741,0,0,0
27168,1282094,13680.5041175092,13717.2105596741,0,0,0
27169,1282094,13680.5041175092,13717.2105596741,0,0,0
27170,1282094,13680.5041175092,13717.2105596741,0,0,0
27171,1282094,13680.5041175092,13717.2105596741,0,0,0
27172,1282094,13680.5041175092,13717.2105596741,0,0,0
27173,1282094,13680.5628774419,13716.8148991247,0.4,0.4,0.4
27174,1282094,13680.8008551693,13715.2124738999,1.62,1.22,0.82
27175,1282094,13680.9932939488,13713.9166856008,1.31,-0.31,-1.53
27176,1282094,13681.3767025095,13711.3350005162,2.61,1.3,1.61
27177,1282094,13681.9143558936,13707.7147064897,3.67,1.06,-0.24
27178,1282094,13683.2887704049,13703.9292824116,4.06,0.39,-0.67
27179,1282094,13685.2716612584,13699.8563174151,4.53,0.470000000000001,0.080000000000001
27180,1282094,13686.93,13696.45,4.31,-0.220000000000001,-0.690000000000001
27181,1282094,13695.4368756352,13702.536935306,5.49,1.18,1.4
27182,1282094,13697.0102200481,13695.2091201189,5.06,-0.430000000000001,-1.61
27183,1282094,13698.1495783575,13699.7792363803,4.71,-0.35,0.080000000000001
27184,1282094,13699.7364553235,13706.1444089227,6.56,1.85,2.2
27185,1282094,13701.5386250485,13713.3731490814,7.45,0.890000000000001,-0.959999999999999
27186,1282094,13701.0161384876,13721.2602906315,7.93,0.48,-0.410000000000001
27187,1282094,13700.2005037186,13730.6348754183,9.41,1.48,1
27188,1282094,13699.2184482529,13741.9222341466,11.33,1.92,0.44
27189,1282094,13698.0665049927,13755.1622162737,13.29,1.96,0.0399999999999991
27190,1282094,13713.2666901672,13763.2409243204,13.56,0.270000000000001,-1.69
27191,1282094,13726.2015100858,13764.6280554422,13.01,-0.550000000000001,-0.820000000000002
27192,1282094,13739.4065073784,13766.3746081903,13.32,0.31,0.860000000000001
27193,1282094,13758.5414647015,13768.7084945882,13.06,-0.26,-0.57
27194,1282094,13772.0817193563,13770.270033535,13.63,0.57,0.83
27195,1282094,13785.4478796175,13770.2804252151,13.4,-0.23,-0.800000000000001
27196,1282094,13798.2957107555,13769.7211086227,12.86,-0.540000000000001,-0.31
27197,1282094,13811.5531539281,13769.1439600083,13.27,0.41,0.950000000000001
27198,1282094,13825.143637737,13767.6642800314,13.68,0.41,0
27199,1282094,13838.3625964974,13765.9472974197,13.33,-0.35,-0.76
27200,1282094,13851.9504472069,13764.2001584215,13.7,0.369999999999999,0.719999999999999
27201,1282094,13864.8514229644,13762.9646728875,12.96,-0.739999999999998,-1.11
27202,1282094,13878.4193473143,13761.665315802,13.63,0.67,1.41
27203,1282094,13892.017135034,13760.3630987962,13.67,0.0399999999999991,-0.630000000000001
27204,1282094,13915.1851709649,13760.6220930397,13.71,0.0400000000000009,1.77635683940025e-15
27205,1282094,13928.1008431658,13761.2306253715,12.93,-0.780000000000001,-0.820000000000002
27206,1282094,13939.8466761473,13760.0715162784,11.84,-1.09,-0.309999999999999
27207,1282094,13953.1080142053,13758.2283194539,13.39,1.55,2.64
27208,1282094,13970.314273188,13750.6666848753,12.87,-0.520000000000001,-2.07
27209,1282094,13982.5883707285,13746.4138470503,13,0.130000000000001,0.650000000000002
27210,1282094,13995.6750721092,13741.8794510629,13.84,0.84,0.709999999999999
27211,1282094,14008.8695980071,13738.6213875778,13.7,-0.140000000000001,-0.98
27212,1282094,14022.0674701438,13737.6734844196,13.24,-0.459999999999999,-0.319999999999999
27213,1282094,14035.2822917094,13738.1805602964,13.23,-0.00999999999999979,0.449999999999999
27214,1282094,14048.0488661648,13743.6274641622,13.88,0.65,0.66
27215,1282094,14059.9067681478,13748.9557059511,13,-0.880000000000001,-1.53
27216,1282094,14072.2937149885,13754.5216692967,13.58,0.58,1.46
27217,1282094,14084.2337101391,13759.8867989134,13.09,-0.49,-1.07
27218,1282094,14096.0277618807,13765.1863501696,12.93,-0.16,0.33
27219,1282094,14108.8804211219,13765.784907562,12.91,-0.0199999999999996,0.140000000000001
27220,1282094,14119.5960788711,13766.0899713917,10.72,-2.19,-2.17
27221,1282094,14126.9218075546,13765.9810029255,7.35,-3.37,-1.18
27222,1282094,14131.1546805189,13765.2832304209,4.3,-3.05,0.320000000000001
27223,1282094,14133.9173948079,13764.8278078072,2.79,-1.51,1.54
27224,1282094,14135.0915483808,13764.6342531964,1.19,-1.6,-0.0900000000000003
27225,1282094,14135.2494177687,13764.6082290471,0.16,-1.03,0.57
27226,1282094,14135.3184856259,13764.5968434817,0.07,-0.09,0.94
27227,1282094,14135.3579529729,13764.5903374444,0.03,-0.04,0.05
27228,1282094,14147.0991564856,13770.5674936865,2.29,2.26,2.3
27229,1282094,14148.1605252095,13774.4137381447,3.99,1.7,-0.56
27230,1282094,14149.6581457398,13779.840895112,5.63,1.64,-0.0600000000000005
27231,1282094,14151.5467968525,13786.6850895112,7.1,1.47,-0.17
27232,1282094,14153.7759371798,13794.7631668444,8.39,1.29,-0.179999999999999
27233,1282094,14159.3276486865,13811.9986931698,9.73,1.34,0.0499999999999989
27234,1282094,14172.0165523878,13821.8028944841,11.12,1.39,0.0499999999999989
27235,1282094,14182.6528342345,13828.3121500849,12.48,1.36,-0.0299999999999976
27236,1282094,14190.2253211099,13847.8010895371,13.63,1.15,-0.210000000000001
27237,1282094,14207.5837893396,13877.3576438379,14.99,1.36,0.209999999999999
27238,1282094,14212.392574214,13891.076853312,14.55,-0.44,-1.8
27239,1282094,14228.0608395888,13915.6132820735,13.26,-1.29,-0.850000000000001
27240,1282094,14239.0736184281,13922.7260032292,13.11,-0.15,1.14
27241,1282094,14249.7243568947,13930.1397407529,12.98,-0.129999999999999,0.0200000000000014
27242,1282094,14260.7608468714,13937.7907362266,13.43,0.449999999999999,0.579999999999998
27243,1282094,14272.063456488,13944.996724459,13.42,-0.00999999999999979,-0.459999999999999
27244,1282094,14283.4245914095,13951.4788348895,13.08,-0.34,-0.33
27245,1282094,14295.7653186053,13957.4052631798,13.69,0.609999999999999,0.949999999999999
27246,1282094,14308.7685417756,13961.865704238,13.75,0.0600000000000005,-0.549999999999999
27247,1282094,14321.864861984,13965.9761762435,13.74,-0.00999999999999979,-0.0700000000000003
27248,1282094,14335.258045587,13968.9064890212,13.71,-0.0299999999999994,-0.0199999999999996
27249,1282094,14348.0791518795,13971.3054685709,13.04,-0.670000000000002,-0.640000000000002
27250,1282094,14361.6814068143,13973.3756835502,13.77,0.73,1.4
27251,1282094,14375.3667979332,13974.1967620619,13.71,-0.0599999999999987,-0.789999999999999
27252,1282094,14388.3634275735,13974.9765171474,13.01,-0.700000000000001,-0.640000000000002
27253,1282094,14402.1885673982,13975.8059801224,13.85,0.84,1.54
