"V1","V2","V3","V4","V5","acceleration","jerk"
43623,1289098,14121.4936820706,14270.7455414033,12.92,0.5,0
43624,1289098,14118.91857618,14257.5749214615,13.42,0.5,0
43625,1289098,14111.2781892995,14242.329692443,13.01,-0.41,-0.91
43626,1289098,14108.5206309984,14231.6189748099,11.06,-1.95,-1.54
43627,1289098,14105.2941862229,14224.4646926391,7.85,-3.21,-1.26
43628,1289098,14102.7701528799,14219.0556280941,6.02,-1.83,1.38
43629,1289098,14097.1830202809,14218.1138350029,7.37,1.35,3.18
43630,1289098,14092.5379832114,14213.2064248292,8.69,1.32,-0.0300000000000011
43631,1289098,14082.8053890544,14214.8025414259,9.86,1.17,-0.149999999999999
43632,1289098,14074.0853734653,14215.7375430975,8.77,-1.09,-2.26
43633,1289098,14067.9405962314,14216.396415427,6.18,-2.59,-1.5
43634,1289098,14059.9364770191,14217.2546552738,8.05,1.87,4.46
43635,1289098,14054.8257723295,14217.8026494119,5.13,-2.92,-4.79
43636,1289098,14044.2679167653,14208.3925565529,7.34,2.21,5.13
43637,1289098,14044.4586762695,14199.0344124732,9.38,2.04,-0.169999999999999
43638,1289098,14044.2449440097,14187.5263970699,11.51,2.13,0.0899999999999981
43639,1289098,14043.8677245409,14173.933567509,13.6,2.09,-0.0399999999999991
43640,1289098,14043.0867436644,14160.6665343489,13.29,-0.31,-2.4
43641,1289098,14033.8052305782,14142.9900167262,13.21,-0.0799999999999983,0.230000000000002
43642,1289098,14033.1521687479,14129.3599643287,13.67,0.459999999999999,0.539999999999997
43643,1289098,14031.2984456997,14115.7052175035,13.79,0.119999999999999,-0.34
43644,1289098,14028.0034331991,14102.9744543102,13.35,-0.44,-0.559999999999999
43645,1289098,14023.934100575,14090.8911913843,13.03,-0.32,0.119999999999999
43646,1289098,14023.4098422677,14077.5839741729,13.32,0.290000000000001,0.610000000000001
43647,1289098,14023.3305103913,14064.4942145703,13.09,-0.23,-0.520000000000001
43648,1289098,14023.2480876626,14050.8944643339,13.6,0.51,0.74
43649,1289098,14023.4250338609,14038.2382071751,12.66,-0.94,-1.45
43650,1289098,14023.3073993751,14028.1987359774,10.05,-2.61,-1.67
43651,1289098,14023.0847362966,14020.997681008,7.2,-2.85,-0.240000000000001
43652,1289098,14023.2117041694,14013.8193690727,7.18,-0.0200000000000005,2.83
43653,1289098,14023.2506439931,14008.5495129371,5.27,-1.91,-1.89
43654,1289098,14023.2684513887,14006.1395787271,2.41,-2.86,-0.949999999999999
43655,1289098,14027.8958327714,13992.457763414,4.64,2.23,5.09
43656,1289098,14029.6386051439,13986.1681999551,6.58,1.94,-0.289999999999999
43657,1289098,14029.750059403,13976.1997968662,5.16,-1.42,-3.36
43658,1289098,14029.1882112154,13973.4567462626,2.79,-2.37,-0.95
43659,1289098,14028.7748514774,13971.438644747,2.06,-0.73,1.64
43660,1289098,14028.3414257326,13969.3225771385,2.16,0.1,0.83
43661,1289098,14027.7896105484,13966.6285095814,2.74,0.58,0.48
43662,1289098,14027.1173993239,13963.3466454663,3.35,0.61,0.0299999999999998
43663,1289098,14026.5894775598,13957.8114317699,5.58,2.23,1.62
43664,1289098,14026.3636684401,13950.0647221302,7.75,2.17,-0.0600000000000001
43665,1289098,14026.1014384946,13941.0685431938,9,1.25,-0.92
43666,1289098,14026.6707353231,13929.826740107,11.26,2.26,1.01
43667,1289098,14027.5344620581,13918.0274293212,11.85,0.59,-1.67
43668,1289098,14029.7573831737,13906.0011447032,12.23,0.380000000000001,-0.209999999999999
43669,1289098,14022.8503870211,13890.0105067759,12.88,0.65,0.27
43670,1289098,14009.5120068802,13889.0213989774,13.49,0.609999999999999,-0.0400000000000009
43671,1289098,13996.1463314602,13885.3152391632,13.87,0.379999999999999,-0.23
43672,1289098,13982.779336467,13882.1201713419,13.77,-0.0999999999999996,-0.479999999999999
43673,1289098,13969.397998981,13881.0085399155,13.49,-0.279999999999999,-0.18
43674,1289098,13946.9500733021,13882.5535934572,13.03,-0.460000000000001,-0.180000000000001
43675,1289098,13933.6335603867,13882.2488250626,13.32,0.290000000000001,0.750000000000002
43676,1289098,13920.0809308779,13881.076699575,13.65,0.33,0.0399999999999991
43677,1289098,13907.0447436855,13878.8204364071,13.23,-0.42,-0.75
43678,1289098,13887.8143300452,13877.2470140873,13.49,0.26,0.68
43679,1289098,13874.3865999645,13875.6239825866,13.56,0.0700000000000003,-0.19
43680,1289098,13861.3681936533,13874.1116554267,13.11,-0.450000000000001,-0.520000000000001
43681,1289098,13848.4083913937,13872.7609523345,13.03,-0.0800000000000001,0.370000000000001
43682,1289098,13835.3898453507,13871.3950976837,13.09,0.0600000000000005,0.140000000000001
43683,1289098,13821.6141483667,13871.1222152238,13.77,0.68,0.619999999999999
43684,1289098,13807.813857065,13871.2275733622,13.81,0.0400000000000009,-0.639999999999999
43685,1289098,13794.559539437,13872.0530818208,13.28,-0.530000000000001,-0.570000000000002
43686,1289098,13781.7890034012,13873.4712087145,12.86,-0.42,0.110000000000001
43687,1289098,13768.2473459243,13875.5411577228,13.7,0.84,1.26
43688,1289098,13761.1197195942,13885.9867721968,13.43,-0.27,-1.11
43689,1289098,13767.6914117972,13897.145417347,12.95,-0.48,-0.210000000000001
43690,1289098,13774.5472852848,13908.7865985037,13.51,0.56,1.04
43691,1289098,13780.5003729503,13920.4867127823,13.13,-0.379999999999999,-0.94
43692,1289098,13786.2932507132,13932.0464475208,12.93,-0.200000000000001,0.179999999999998
43693,1289098,13792.2608556476,13943.9548517526,13.32,0.390000000000001,0.590000000000002
43694,1289098,13795.964755907,13956.2737549685,12.89,-0.43,-0.82
43695,1289098,13799.4231704013,13968.8467804273,13.04,0.149999999999999,0.579999999999998
43696,1289098,13803.2105591894,13992.1892159495,13.33,0.290000000000001,0.140000000000002
43697,1289098,13804.5160410319,14005.2742538615,13.15,-0.18,-0.470000000000001
43698,1289098,13805.8046459228,14018.1901315876,12.98,-0.17,0.00999999999999979
43699,1289098,13807.1637369056,14031.8125018549,13.69,0.709999999999999,0.879999999999999
43700,1289098,13808.4652477007,14044.8577373702,13.11,-0.58,-1.29
43701,1289098,13809.182362281,14058.6563797016,13.82,0.710000000000001,1.29
43702,1289098,13809.77315705,14071.8222548068,13.18,-0.640000000000001,-1.35
43703,1289098,13812.2647596341,14096.0299018891,13.75,0.57,1.21
43704,1289098,13811.7538239609,14109.6703360734,13.65,-0.0999999999999996,-0.67
43705,1289098,13812.1700775325,14123.0412017739,13.39,-0.26,-0.16
43706,1289098,13812.94264735,14136.1885222567,13.17,-0.220000000000001,0.0399999999999991
43707,1289098,13814.3009848541,14148.7706444212,12.67,-0.5,-0.279999999999999
43708,1289098,13815.8552614742,14158.699729182,10.05,-2.62,-2.12
43709,1289098,13817.8529410953,14168.0793079887,9.59,-0.460000000000001,2.16
43710,1289098,13819.3852734075,14175.2678028023,7.35,-2.24,-1.78
43711,1289098,13820.6108986867,14181.4365627245,6.29,-1.06,1.18
43712,1289098,13821.6492771557,14187.1123595985,5.77,-0.52,0.539999999999999
43713,1289098,13822.2836032218,14193.6657438795,6.59,0.82,1.34
43714,1289098,13822.4962922458,14199.1015845117,5.44,-1.15,-1.97
43715,1289098,13813.2959334714,14207.5965194631,7.55,2.11,3.26
43716,1289098,13804.4642459752,14209.9889650672,9.15,1.6,-0.509999999999999
43717,1289098,13794.3681310888,14212.7239356705,10.47,1.32,-0.28
43718,1289098,13782.8509015775,14216.4257351842,12.09,1.62,0.299999999999999
43719,1289098,13773.09219576,14219.6577718127,10.28,-1.81,-3.43
43720,1289098,13764.9757624195,14222.3458956622,8.55,-1.73,0.0800000000000018
43721,1289098,13758.8053744999,14224.3894985888,6.51,-2.04,-0.310000000000002
43722,1289098,13754.6284965236,14225.7728605698,4.39,-2.12,-0.0799999999999992
43723,1289098,13753.3374615127,14226.2004451821,1.37,-3.02,-0.899999999999999
43724,1289098,13751.7331606536,14226.731781943,1.68,0.31,3.33
43725,1289098,13751.1540934796,14226.9235662177,0.62,-1.06,-1.37
43726,1289098,13750.4421256427,14227.1593665554,0.75,0.13,1.19
43727,1289098,13748.6099950758,14227.7661594243,1.92,1.17,1.04
43728,1289098,13746.3886554247,14228.5018564779,2.34,0.42,-0.75
43729,1289098,13737.1799291875,14231.3994971199,3.31,0.97,0.55
43730,1289098,13727.2966693597,14237.1813996718,4.61,1.3,0.33
43731,1289098,13722.6836704527,14240.7952398845,5.86,1.25,-0.0500000000000003
43732,1289098,13719.2278572782,14243.5025365626,4.39,-1.47,-2.72
43733,1289098,13714.9061228072,14246.888199151,5.49,1.1,2.57
43734,1289098,13710.8205486899,14250.0888528548,5.19,-0.3,-1.4
43735,1289098,13706.1444781898,14259.9034544501,6.68,1.49,1.79
43736,1289098,13708.2601380491,14268.1359500231,8.51,1.83,0.340000000000001
