"V1","V2","V3","V4","V5","acceleration","jerk"
61277,1290581,13687.7517092264,14268.7495377558,13.07,-2.66,0
61278,1290581,13684.0352600876,14255.7406728007,10.41,-2.66,0
61279,1290581,13683.0914327692,14248.6634075202,7.39,-3.02,-0.36
61280,1290581,13684.3061668103,14244.7474885719,4.1,-3.29,-0.27
61281,1290581,13681.9516350016,14224.7352156323,5.84,1.74,5.03
61282,1290581,13674.9689592303,14207.0396174333,8.22,2.38,0.640000000000001
61283,1290581,13672.4349758734,14197.9668379062,9.42,1.2,-1.18
61284,1290581,13669.5593620639,14187.6708704811,10.69,1.27,0.0700000000000003
61285,1290581,13666.2963877413,14175.9879813449,12.14,1.45,0.180000000000001
61286,1290581,13662.6003228449,14162.7544366843,13.73,1.59,0.139999999999999
61287,1290581,13659.0640078613,14149.440087498,13.79,0.0599999999999987,-1.53
61288,1290581,13655.5417297129,14135.934646768,13.87,0.0800000000000001,0.0200000000000014
61289,1290581,13649.7966264108,14113.294050965,13.61,-0.26,-0.34
61290,1290581,13648.6482456279,14090.7402258392,13,-0.609999999999999,-0.35
61291,1290581,13648.5015644656,14077.1810192018,13.56,0.56,1.17
61292,1290581,13648.3592101813,14064.0217891613,13.16,-0.4,-0.960000000000001
61293,1290581,13648.2184784763,14051.0125503447,13.01,-0.15,0.25
61294,1290581,13645.7523257572,14038.2519304719,13.05,0.0400000000000009,0.190000000000001
61295,1290581,13642.5581902904,14024.980909463,13.65,0.6,0.559999999999999
61296,1290581,13639.5138164865,14012.3321194757,13.02,-0.630000000000001,-1.23
61297,1290581,13636.3735016174,13999.2847127402,13.42,0.4,1.03
61298,1290581,13637.6929291912,13981.4206364137,13.33,-0.0899999999999999,-0.49
61299,1290581,13641.620604059,13966.5195804064,15.41,2.08,2.17
61300,1290581,13645.8362914252,13950.5258447568,16.54,1.13,-0.950000000000001
61301,1290581,13650.373125471,13933.3137229573,17.79,1.25,0.120000000000001
61302,1290581,13654.7621300929,13916.662445576,17.22,-0.57,-1.82
61303,1290581,13668.7338287703,13876.3776013884,16.71,-0.509999999999998,0.0600000000000023
61304,1290581,13668.4317541768,13857.3403904256,18.38,1.67,2.18
61305,1290581,13669.9424727748,13837.9391190931,19.46,1.08,-0.589999999999996
61306,1290581,13671.3305328226,13820.1130794515,17.89,-1.57,-2.65
61307,1290581,13672.5990396001,13803.8223922175,16.33,-1.56,0.00999999999999801
61308,1290581,13673.2621656979,13784.8236666993,15.75,-0.579999999999998,0.980000000000004
61309,1290581,13673.5905386443,13770.847523769,13.98,-1.77,-1.19
61310,1290581,13674.433773077,13751.6216915702,13.38,-0.6,1.17
61311,1290581,13674.85488927,13747.061092799,4.58,-8.8,-8.2
61312,1290581,13675.0259102567,13745.2089719006,1.86,-2.72,6.08
61313,1290581,13675.0792393816,13744.6314288248,0.58,-1.28,1.44
61314,1290581,13675.1123402177,13744.2729538122,0.36,-0.22,1.06
61315,1290581,13675.1187764914,13744.2032503375,0.08,-0.28,-0.06
61316,1290581,13675.12,13744.19,0.01,-0.07,0.21
61317,1290581,13675.12,13744.19,0,-0.01,0.06
61318,1290581,13675.12,13744.19,0,0,0.01
61319,1290581,13675.12,13744.19,0,0,0
61320,1290581,13678.6370206483,13729.7826736297,2.4,2.4,2.4
61321,1290581,13679.2407789566,13725.7172614851,4.11,1.71,-0.69
61322,1290581,13680.1133639569,13719.8417023273,5.94,1.83,0.12
61323,1290581,13681.2826866172,13711.9680573952,7.96,2.02,0.19
61324,1290581,13683.0961717348,13704.3248904907,7.93,-0.0300000000000002,-2.05
61325,1290581,13685.5780682336,13699.2269409256,5.67,-2.26,-2.23
61326,1290581,13686.4009898241,13697.5366154965,1.89,-3.78,-1.52
61327,1290581,13686.93,13696.45,1.39,-0.5,3.28
61328,1290581,13686.93,13696.45,0.26,-1.13,-0.63
61329,1290581,13686.93,13696.45,0.05,-0.21,0.92
61330,1290581,13686.93,13696.45,0.02,-0.03,0.18
61331,1290581,13686.93,13696.45,0,-0.02,0.01
61332,1290581,13686.93,13696.45,0,0,0.02
61333,1290581,13686.93,13696.45,0,0,0
61334,1290581,13686.93,13696.45,0,0,0
61335,1290581,13686.93,13696.45,0,0,0
61336,1290581,13686.93,13696.45,0,0,0
61337,1290581,13686.93,13696.45,0,0,0
61338,1290581,13686.93,13696.45,0,0,0
61339,1290581,13686.93,13696.45,0,0,0
61340,1290581,13686.93,13696.45,0,0,0
61341,1290581,13686.93,13696.45,0,0,0
61342,1290581,13686.93,13696.45,0,0,0
61343,1290581,13686.93,13696.45,0,0,0
61344,1290581,13686.93,13696.45,0,0,0
61345,1290581,13686.93,13696.45,0,0,0
61346,1290581,13686.93,13696.45,0,0,0
61347,1290581,13686.93,13696.45,0,0,0
61348,1290581,13686.93,13696.45,0,0,0
61349,1290581,13686.93,13696.45,0,0,0
61350,1290581,13686.93,13696.45,0,0,0
61351,1290581,13686.93,13696.45,0,0,0
61352,1290581,13686.93,13696.45,0,0,0
61353,1290581,13686.93,13696.45,0,0,0
61354,1290581,13686.93,13696.45,0,0,0
61355,1290581,13686.93,13696.45,0,0,0
61356,1290581,13686.93,13696.45,0,0,0
61357,1290581,13686.93,13696.45,0,0,0
61358,1290581,13686.93,13696.45,0,0,0
61359,1290581,13686.93,13696.45,0,0,0
61360,1290581,13686.93,13696.45,0,0,0
61361,1290581,13686.93,13696.45,0,0,0
61362,1290581,13686.93,13696.45,0,0,0
61363,1290581,13686.93,13696.45,0,0,0
61364,1290581,13686.93,13696.45,0,0,0
61365,1290581,13686.93,13696.45,0,0,0
61366,1290581,13686.93,13696.45,0,0,0
61367,1290581,13686.93,13696.45,0,0,0
61368,1290581,13686.93,13696.45,0,0,0
61369,1290581,13686.93,13696.45,0,0,0
61370,1290581,13686.93,13696.45,0,0,0
61371,1290581,13686.93,13696.45,0,0,0
61372,1290581,13686.93,13696.45,0,0,0
61373,1290581,13686.93,13696.45,0,0,0
61374,1290581,13686.93,13696.45,0,0,0
61375,1290581,13686.93,13696.45,0,0,0
61376,1290581,13686.93,13696.45,0,0,0
61377,1290581,13686.93,13696.45,0,0,0
61378,1290581,13686.93,13696.45,0,0,0
61379,1290581,13686.93,13696.45,0,0,0
61380,1290581,13694.6330020752,13699.315726325,2.16,2.16,2.16
61381,1290581,13695.6790062256,13703.507178975,4.32,2.16,0
61382,1290581,13697.3109664047,13710.046621304,6.74,2.42,0.26
61383,1290581,13698.2308677241,13715.2670753811,5.35,-1.39,-3.81
61384,1290581,13701.6116125431,13714.4161463717,4.27,-1.08,0.31
61385,1290581,13701.2198304862,13718.9191350259,4.52,0.25,1.33
61386,1290581,13700.6295570774,13725.7035051,6.81,2.29,2.04
61387,1290581,13699.8407923168,13734.7692565941,9.1,2.29,0
61388,1290581,13698.9029423487,13745.5485347442,10.82,1.72,-0.569999999999999
