"V1","V2","V3","V4","V5","acceleration","jerk"
63529,1290693,13953.4113886507,13911.3267932021,0,1.59,0
63530,1290693,13953.371858988,13912.9163017443,1.59,1.59,0
63531,1290693,13953.2853412357,13916.3952261008,3.48,1.89,0.3
63532,1290693,13953.1421394388,13922.1534457254,5.76,2.28,0.39
63533,1290693,13952.947474496,13929.9810255277,7.83,2.07,-0.21
63534,1290693,13952.7639971937,13937.3587444217,7.38,-0.45,-2.52
63535,1290693,13952.6362094791,13942.497155684,5.14,-2.24,-1.79
63536,1290693,13952.5735586929,13945.0163767697,2.53,-2.61,-0.37
63537,1290693,13952.2532513652,13956.2186461945,4.94,2.41,5.02
63538,1290693,13952.0270184146,13963.4651155867,7.26,2.32,-0.0900000000000012
63539,1290693,13951.77707001,13971.4712148738,8,0.74,-1.58
63540,1290693,13951.5502129686,13978.7376745264,7.27,-0.73,-1.47
63541,1290693,13951.3233559271,13986.004134179,7.28,0.0100000000000007,0.740000000000001
63542,1290693,13951.1741982025,13990.7818064128,4.77,-2.51,-2.52
63543,1290693,13951.135230354,14007.1086789166,6.73,1.96,4.47
63544,1290693,13951.3921611303,14015.3946964508,8.29,1.56,-0.400000000000002
63545,1290693,13951.6230579075,14022.8411175159,7.46,-0.829999999999999,-2.39
63546,1290693,13951.8731702554,14030.9072407367,8.07,0.61,1.44
63547,1290693,13951.8308954893,14038.9707290681,8.07,0,-0.61
63548,1290693,13951.4785783334,14046.1520919346,7.19,-0.88,-0.88
63549,1290693,13951.0865703713,14054.1424817723,8,0.81,1.69
63550,1290693,13950.7332731955,14061.3438206135,7.21,-0.79,-1.6
63551,1290693,13950.4828781097,14066.4476821223,5.1,-2.11,-1.32
63552,1290693,13941.3186944105,14076.4859260302,6.59,1.49,3.6
63553,1290693,13932.8150307668,14078.275843524,8.68,2.09,0.6
63554,1290693,13922.9218156416,14080.3582446588,10.12,1.44,-0.65
63555,1290693,13910.9736300156,14082.8731920235,12.21,2.09,0.650000000000002
63556,1290693,13897.645678482,14085.6785632854,13.62,1.41,-0.680000000000003
63557,1290693,13884.7972200652,14088.3830070936,13.13,-0.489999999999998,-1.9
63558,1290693,13872.0172606651,14091.0730326942,13.06,-0.0700000000000003,0.419999999999998
63559,1290693,13858.5672289811,14092.9306411369,13.65,0.59,0.66
63560,1290693,13845.3684618599,14092.750234708,13.2,-0.450000000000001,-1.04
63561,1290693,13834.2090204932,14092.6492236178,11.16,-2.04,-1.59
63562,1290693,13825.279137151,14092.6035783033,8.93,-2.23,-0.190000000000001
63563,1290693,13819.869207825,14092.5759253188,5.41,-3.52,-1.29
63564,1290693,13817.5001764211,14092.4068330042,2.38,-3.03,0.489999999999999
63565,1290693,13812.1996293725,14097.7686825104,3.74,1.36,4.39
63566,1290693,13811.9881431781,14103.4147230336,5.65,1.91,0.55
63567,1290693,13811.714146905,14110.7295932335,7.33,1.68,-0.23
63568,1290693,13812.0023061067,14120.1861268627,9.46,2.13,0.450000000000001
63569,1290693,13812.6745650367,14131.6263920664,11.46,2,-0.130000000000001
63570,1290693,13813.7303101548,14145.1250401657,13.55,2.09,0.0899999999999999
63571,1290693,13815.5861628355,14156.9806637608,12.01,-1.54,-3.63
63572,1290693,13817.6173580324,14166.9741380378,10.2,-1.81,-0.27
63573,1290693,13819.0183475749,14173.5464761531,6.71,-3.49,-1.68
63574,1290693,13820.2995651076,14179.7348073359,6.32,-0.39,3.1
63575,1290693,13821.462117085,14186.0893390181,6.47,0.149999999999999,0.539999999999999
63576,1290693,13822.2644455707,14193.1761185284,7.15,0.680000000000001,0.530000000000001
63577,1290693,13822.4536762465,14198.0124179145,4.84,-2.31,-2.99
63578,1290693,13822.579569382,14201.2299559358,3.22,-1.62,0.690000000000001
63579,1290693,13813.6627139358,14207.4971610664,5.03,1.81,3.43
63580,1290693,13807.3888375723,14209.1967125885,6.5,1.47,-0.34
63581,1290693,13799.6092308816,14211.3041564759,8.06,1.56,0.0900000000000007
63582,1290693,13790.1794238451,14213.9985637084,9.81,1.75,0.19
63583,1290693,13779.3764985335,14217.5764408321,11.38,1.57,-0.18
63584,1290693,13766.5325987562,14221.8302789238,13.52,2.14,0.569999999999999
63585,1290693,13753.8785570687,14226.0212369255,13.34,-0.18,-2.32
63586,1290693,13735.6377399124,14231.8618305923,12.8,-0.539999999999999,-0.359999999999999
63587,1290693,13722.2113497454,14241.1652576537,9.45,-3.35,-2.81
63588,1290693,13717.1811342136,14245.1059468959,6.39,-3.06,0.290000000000002
63589,1290693,13713.2608723438,14248.1770943805,4.98,-1.41,1.65
63590,1290693,13710.5371562655,14250.3108635163,3.46,-1.52,-0.110000000000001
63591,1290693,13705.9453572618,14259.1286313373,5.52,2.06,3.58
63592,1290693,13707.7971818916,14266.334486286,7.44,1.92,-0.139999999999999
63593,1290693,13709.9501769249,14274.7122611926,8.65,1.21,-0.710000000000001
