"V1","V2","V3","V4","V5","acceleration","jerk"
37900,1292554,14403.0990261402,13996.0227877269,13.23,0.0299999999999994,0
37901,1292554,14389.8756939809,13995.037350461,13.26,0.0299999999999994,0
37902,1292554,14376.1017716668,13994.0403753207,13.81,0.550000000000001,0.520000000000001
37903,1292554,14362.4845256505,13993.0953298559,13.65,-0.16,-0.710000000000001
37904,1292554,14349.6194702737,13991.9149470274,12.92,-0.73,-0.57
37905,1292554,14326.8677144098,13995.2537168994,12.96,0.0400000000000009,0.770000000000001
37906,1292554,14313.1708534506,13994.2890957204,13.75,0.789999999999999,0.749999999999998
37907,1292554,14299.995977376,13991.7367534472,13.43,-0.32,-1.11
37908,1292554,14287.1154178611,13987.8645852452,13.45,0.0199999999999996,0.34
37909,1292554,14274.319948465,13985.0255328904,13.22,-0.229999999999999,-0.249999999999998
37910,1292554,14261.1412824654,13985.2130494811,13.18,-0.0400000000000009,0.189999999999998
37911,1292554,14248.8304832453,13990.5918263533,13.73,0.550000000000001,0.590000000000002
37912,1292554,14244.0252349808,14001.9390243417,12.9,-0.83,-1.38
37913,1292554,14245.7083085232,14015.1728413578,13.36,0.459999999999999,1.29
37914,1292554,14253.121997476,14026.154958062,13.44,0.0800000000000001,-0.379999999999999
37915,1292554,14266.402123067,14029.0616768202,13.84,0.4,0.32
37916,1292554,14293.9378399091,14025.9743411713,13.46,-0.379999999999999,-0.779999999999999
37917,1292554,14305.6326556766,14018.7780501201,13.87,0.409999999999998,0.789999999999997
37918,1292554,14311.8401527436,14003.9509086411,13.59,-0.279999999999999,-0.689999999999998
37919,1292554,14312.0762011483,13990.9430502028,13.01,-0.58,-0.300000000000001
37920,1292554,14312.3140639144,13977.8352082254,13.12,0.109999999999999,0.69
37921,1292554,14312.5604541785,13964.2574436142,13.58,0.460000000000001,0.350000000000001
37922,1292554,14312.8077516232,13950.6296872334,13.63,0.0500000000000007,-0.41
37923,1292554,14313.0474287506,13937.4218617169,13.2,-0.430000000000001,-0.480000000000002
37924,1292554,14313.2891016753,13924.1040543074,13.33,0.130000000000001,0.560000000000002
37925,1292554,14313.5208106543,13910.3261494565,13.78,0.449999999999999,0.319999999999999
37926,1292554,14313.5314491127,13896.4961535482,13.82,0.0400000000000009,-0.409999999999998
37927,1292554,14313.5416260327,13883.2661574624,13.24,-0.58,-0.620000000000001
37928,1292554,14313.5505260301,13871.6961608855,11.57,-1.67,-1.09
37929,1292554,14313.5563029515,13864.1861631074,7.51,-4.06,-2.39
37930,1292554,14313.6976872147,13858.2319797306,4.92,-2.59,1.47
37931,1292554,14314.579837049,13854.3407187949,3.99,-0.93,1.66
37932,1292554,14322.3071665085,13834.2534932225,1.59,-2.4,-1.47
37933,1292554,14333.8533895669,13834.2508578389,3.73,2.14,4.54
37934,1292554,14338.9302031159,13832.953335512,5.24,1.51,-0.629999999999999
37935,1292554,14345.3054087186,13830.9449929406,6.69,1.45,-0.0600000000000001
37936,1292554,14349.8440794013,13829.3523321374,4.81,-1.88,-3.33
37937,1292554,14351.2405934575,13828.8622826595,1.49,-3.32,-1.44
37938,1292554,14351.8539273335,13828.6470582266,0.64,-0.85,2.47
37939,1292554,14352.2124917534,13828.521234712,0.38,-0.26,0.59
37940,1292554,14354.7082433102,13826.9466360649,2.55,2.17,2.43
37941,1292554,14358.6645424759,13823.9338592173,5,2.45,0.28
37942,1292554,14363.0412045245,13818.6741848432,6.87,1.87,-0.58
37943,1292554,14366.2916422927,13813.7263515483,5.92,-0.95,-2.82
37944,1292554,14372.0355294227,13794.3611298692,7.95,2.03,2.98
37945,1292554,14371.8035383848,13784.6639044847,9.7,1.75,-0.280000000000001
37946,1292554,14371.5390207684,13773.6070681184,11.07,1.37,-0.379999999999998
37947,1292554,14371.5228268438,13760.5438632667,13.07,2,0.629999999999999
37948,1292554,14372.193868565,13745.4888108586,15.06,1.99,-0.00999999999999979
37949,1292554,14372.9303669106,13728.9652165103,16.54,1.48,-0.510000000000002
37950,1292554,14373.0124848351,13701.2152272372,17.91,1.37,-0.109999999999998
37951,1292554,14370.5645462805,13682.2021660204,19.17,1.26,-0.109999999999999
37952,1292554,14367.879092561,13661.3443320408,21.03,1.86,0.599999999999998
37953,1292554,14365.0646655531,13639.4847666147,22.05,1.02,-0.84
37954,1292554,14362.0612479838,13616.1573174849,23.52,1.47,0.449999999999999
37955,1292554,14358.1571910748,13591.6472108608,24.84,1.32,-0.149999999999999
37956,1292554,14350.8886383923,13560.2017247483,25.89,1.05,-0.27
37957,1292554,14343.4084206666,13533.7598745831,27.47,1.58,0.529999999999998
37958,1292554,14334.2183620014,13497.4884636242,27.34,-0.129999999999999,-1.71
37959,1292554,14330.40493492,13470.1026958991,27.65,0.309999999999999,0.439999999999998
37960,1292554,14328.2803862281,13433.4851723303,27.07,-0.579999999999998,-0.889999999999997
37961,1292554,14329.127133565,13383.4970447588,25.19,-1.88,-1.3
37962,1292554,14330.0562845519,13359.2948738139,24.21,-0.98,0.899999999999999
37963,1292554,14331.2982304544,13335.7093077334,23.63,-0.580000000000002,0.399999999999999
37964,1292554,14332.1897736879,13312.2105148061,23.52,-0.109999999999999,0.470000000000002
37965,1292554,14330.6367059039,13288.7116108168,23.43,-0.0899999999999999,0.0199999999999996
