"V1","V2","V3","V4","V5","acceleration","jerk"
25810,1293934,14348.6834465208,14274.6139027256,18.53,0.449999999999999,0
25811,1293934,14350.022294876,14255.6811827656,18.98,0.449999999999999,0
25812,1293934,14351.3286948517,14237.2073169249,18.52,-0.460000000000001,-0.91
25813,1293934,14353.0556945413,14218.0983977579,19.19,0.670000000000002,1.13
25814,1293934,14355.1260933302,14198.8594801986,19.35,0.16,-0.510000000000002
25815,1293934,14357.1890023043,14179.6901607906,19.28,-0.0700000000000003,-0.23
25816,1293934,14359.2304913656,14160.5990424188,19.2,-0.0800000000000018,-0.0100000000000016
25817,1293934,14361.1098178912,14141.943463312,18.75,-0.449999999999999,-0.369999999999997
25818,1293934,14363.0101928739,14123.0789417192,18.96,0.210000000000001,0.66
25819,1293934,14364.8604524825,14104.7119022359,18.46,-0.5,-0.710000000000001
25820,1293934,14366.7678436175,14085.7777331478,19.03,0.57,1.07
25821,1293934,14368.6832532124,14066.7639669221,19.11,0.0799999999999983,-0.490000000000002
25822,1293934,14370.1811253444,14047.7265851084,19.1,-0.00999999999999801,-0.0899999999999963
25823,1293934,14371.3205035884,14028.8910145777,18.87,-0.23,-0.220000000000002
25824,1293934,14372.4918834471,14009.5264110644,19.4,0.529999999999998,0.759999999999998
25825,1293934,14372.4369797668,13987.1840785314,19.1,-0.299999999999997,-0.829999999999995
25826,1293934,14371.9698286467,13966.9694756456,20.21,1.11,1.41
25827,1293934,14371.4765706638,13945.6251743789,21.35,1.14,0.0300000000000011
25828,1293934,14371.0313677912,13926.3603179195,19.27,-2.08,-3.22
25829,1293934,14370.6674889514,13910.6145219031,15.75,-3.52,-1.44
25830,1293934,14370.340575581,13896.4682988154,14.15,-1.6,1.92
25831,1293934,14370.0233656463,13882.7419636214,13.73,-0.42,1.18
25832,1293934,14364.4697490901,13862.523104236,11.13,-2.6,-2.18
25833,1293934,14358.1282889481,13857.5422220767,8.72,-2.41,0.19
25834,1293934,14351.4385506302,13852.498925183,8.49,-0.23,2.18
25835,1293934,14344.7169530425,13849.4592794633,7.57,-0.92,-0.69
25836,1293934,14339.1673154559,13849.3958550338,5.55,-2.02,-1.1
25837,1293934,14337.78,13849.38,3.07,-2.48,-0.46
25838,1293934,14336.9502182422,13849.3973530002,1.07,-2,0.48
25839,1293934,14335.7406009568,13849.4277836237,1.21,0.14,2.14
25840,1293934,14335.5306673783,13849.4330649716,0.21,-1,-1.14
25841,1293934,14335.4506926818,13849.4350769137,0.07,-0.14,0.86
25842,1293934,14335.4207021706,13849.4358313919,0.03,-0.04,0.1
25843,1293934,14335.4207021706,13849.4358313919,0,-0.03,0.01
25844,1293934,14335.4207021706,13849.4358313919,0,0,0.03
25845,1293934,14335.4207021706,13849.4358313919,0,0,0
25846,1293934,14335.4207021706,13849.4358313919,0,0,0
25847,1293934,14335.4207021706,13849.4358313919,0,0,0
25848,1293934,14335.4207021706,13849.4358313919,0,0,0
25849,1293934,14334.1011196774,13849.4690284358,1.32,1.32,1.32
25850,1293934,14331.302005298,13849.5394464076,2.8,1.48,0.16
25851,1293934,14329.4597095209,13849.4893635866,1.86,-0.94,-2.42
25852,1293934,14328.6594587084,13849.1744054354,0.87,-0.99,-0.0500000000000004
25853,1293934,14328.3337752381,13849.0462247925,0.34,-0.53,0.46
25854,1293934,14307.5804065557,13847.0595671171,2.65,2.31,2.84
25855,1293934,14302.7812710923,13848.0505836539,4.98,2.33,0.0200000000000005
25856,1293934,14296.2615207351,13847.9935285855,6.52,1.54,-0.790000000000001
25857,1293934,14288.2818262796,13847.9236973822,7.98,1.46,-0.0799999999999983
25858,1293934,14279.0821785365,13847.8431902304,9.21,1.23,-0.23
25859,1293934,14267.7626119655,13847.7441314307,11.32,2.11,0.879999999999999
25860,1293934,14254.7531101026,13847.6302838173,13.01,1.69,-0.42
25861,1293934,14241.8736032622,13847.5175738049,12.88,-0.129999999999999,-1.82
25862,1293934,14228.8936234267,13848.2599880203,13.01,0.129999999999999,0.259999999999998
25863,1293934,14218.7070188181,13851.9766914135,10.89,-2.12,-2.25
25864,1293934,14212.2221727616,13856.1469276358,7.71,-3.18,-1.06
25865,1293934,14208.3670575098,13859.0358849804,4.9,-2.81,0.370000000000001
25866,1293934,14207.7051813884,13860.3596372231,1.49,-3.41,-0.600000000000001
25867,1293934,14207.2669120649,13861.2361758703,0.97,-0.52,2.89
25868,1293934,14203.951404093,13876.7037559905,3.43,2.46,2.98
25869,1293934,14205.3475874997,13881.4736167741,4.97,1.54,-0.92
25870,1293934,14207.7693374094,13888.2482883075,7.2,2.23,0.690000000000001
25871,1293934,14210.8486171042,13896.2030941858,8.53,1.33,-0.900000000000001
25872,1293934,14227.1618814251,13918.9674294083,9.82,1.29,-0.0399999999999983
25873,1293934,14236.5646193456,13925.0341105107,11.19,1.37,0.0799999999999983
25874,1293934,14247.2195724439,13932.4057428517,12.96,1.77,0.400000000000002
25875,1293934,14258.3126345121,13940.1152522039,13.51,0.549999999999999,-1.22
25876,1293934,14269.2757624125,13947.1660928059,13.04,-0.470000000000001,-1.02
25877,1293934,14280.4415017162,13953.69449382,12.94,-0.0999999999999996,0.370000000000001
25878,1293934,14292.2083665154,13959.3605764877,13.06,0.120000000000001,0.220000000000001
25879,1293934,14305.0531834458,13964.0777972913,13.7,0.639999999999999,0.519999999999998
25880,1293934,14317.7419895585,13968.3852558732,13.4,-0.299999999999999,-0.939999999999998
25881,1293934,14330.7508135849,13971.2839477525,13.33,-0.0700000000000003,0.229999999999999
25882,1293934,14343.6634376897,13973.9544229849,13.19,-0.140000000000001,-0.0700000000000003
25883,1293934,14356.8075515479,13975.9847606127,13.31,0.120000000000001,0.260000000000002
25884,1293934,14369.912594105,13977.1597664926,13.17,-0.140000000000001,-0.260000000000002
25885,1293934,14383.48816097,13977.9746188062,13.6,0.43,0.57
25886,1293934,14398.2656215852,13975.5706162602,12.92,-0.68,-1.11
