"V1","V2","V3","V4","V5","acceleration","jerk"
61459,1293179,13830.1453498404,14267.9072689578,13.89,-0.120000000000001,0
61460,1293179,13828.6148011964,14254.2225942869,13.77,-0.120000000000001,0
61461,1293179,13827.1064827433,14240.736680323,13.58,-0.19,-0.0699999999999985
61462,1293179,13825.2930851839,14227.8526001428,13.01,-0.57,-0.380000000000001
61463,1293179,13819.2156614595,14199.3827640921,13.45,0.44,1.01
61464,1293179,13818.1981684577,14186.5202412146,12.94,-0.51,-0.949999999999999
61465,1293179,13815.5673645254,14173.1987781888,13.58,0.640000000000001,1.15
61466,1293179,13812.7811333611,14160.1325424685,13.36,-0.220000000000001,-0.860000000000001
61467,1293179,13810.7143927114,14147.177540871,13.12,-0.24,-0.0199999999999996
61468,1293179,13809.4899765483,14133.6064616495,13.64,0.520000000000001,0.760000000000002
61469,1293179,13808.7151099471,14120.4292243916,13.2,-0.440000000000001,-0.960000000000003
61470,1293179,13808.4249521838,14110.4432578366,10,-3.2,-2.76
61471,1293179,13808.6961152587,14103.1382889395,7.31,-2.69,0.509999999999999
61472,1293179,13808.8589614829,14098.7513103543,4.39,-2.92,-0.23
