"V1","V2","V3","V4","V5","acceleration","jerk"
33989,1298689,13688.9776790539,14274.4287188571,12.24,0.0199999999999996,0
33990,1298689,13685.1624154517,14259.5368710022,12.26,0.0199999999999996,0
33991,1298689,13682.5864669554,14250.8612160215,9.05,-3.21,-3.23
33992,1298689,13683.9980391511,14245.7407948417,5.36,-3.69,-0.480000000000001
33993,1298689,13681.9957438678,14224.8136656669,6.8,1.44,5.13
33994,1298689,13674.8640490913,14206.6639928032,8.69,1.89,0.45
33995,1298689,13671.9965052925,14196.3969195804,10.66,1.97,0.080000000000001
33996,1298689,13668.5775107632,14184.1554091994,12.71,2.05,0.0800000000000001
33997,1298689,13664.8733758561,14170.8929703366,13.77,1.06,-0.990000000000002
33998,1298689,13661.9789320217,14160.529583106,10.76,-3.01,-4.07
33999,1298689,13660.1846996448,14154.1054387912,6.67,-4.09,-1.08
34000,1298689,13659.1127974273,14149.6648531053,4.57,-2.1,1.99
34001,1298689,13658.8561218846,14148.4823905622,1.21,-3.36,-1.26
34002,1298689,13658.6164166256,14147.3781073609,1.13,-0.0800000000000001,3.28
34003,1298689,13658.5739909161,14147.1826590066,0.2,-0.93,-0.85
34004,1298689,13658.5358077775,14147.0067554878,0.18,-0.02,0.91
34005,1298689,13658.533686492,14146.9969830701,0.01,-0.17,-0.15
34006,1298689,13658.533686492,14146.9969830701,0,-0.01,0.16
34007,1298689,13658.533686492,14146.9969830701,0,0,0.01
34008,1298689,13658.533686492,14146.9969830701,0,0,0
34009,1298689,13658.533686492,14146.9969830701,0,0,0
34010,1298689,13658.1441920421,14145.5486360454,1.41,1.41,1.41
34011,1298689,13657.2009300934,14142.0640475623,3.6,2.19,0.78
34012,1298689,13656.0669254239,14137.8748193029,4.34,0.74,-1.45
34013,1298689,13651.212229038,14122.9596833657,5.85,1.51,0.77
34014,1298689,13650.2356122732,14116.4525626742,6.59,0.74,-0.77
34015,1298689,13649.4374635463,14108.3871780263,8.11,1.52,0.779999999999999
34016,1298689,13648.6308299441,14089.1303200364,9.69,1.58,0.0600000000000005
34017,1298689,13648.511299941,14078.080966545,11.05,1.36,-0.219999999999999
34018,1298689,13648.3780321004,14065.7616873581,12.31,1.26,-0.100000000000001
34019,1298689,13648.2281057797,14051.902498273,13.86,1.55,0.289999999999999
34020,1298689,13645.9465479138,14039.0588863281,13.11,-0.75,-2.3
34021,1298689,13642.7243321352,14025.6711970026,13.77,0.66,1.41
34022,1298689,13639.6027374739,14012.7015691448,13.34,-0.43,-1.09
34023,1298689,13636.3688215654,13999.2652680207,13.81,0.470000000000001,0.9
34024,1298689,13637.690380408,13981.4303061451,13.31,-0.5,-0.970000000000001
34025,1298689,13641.4090550557,13967.3221681083,14.59,1.28,1.78
34026,1298689,13645.4259373345,13952.0826715038,15.76,1.17,-0.109999999999999
34027,1298689,13649.8506249208,13935.2960178836,17.35,1.59,0.420000000000002
34028,1298689,13654.7519349602,13916.7011245014,19.23,1.88,0.289999999999997
34029,1298689,13664.0666446919,13873.7289419385,20.99,1.76,-0.120000000000001
34030,1298689,13665.7695847518,13849.0247888489,22.24,1.25,-0.509999999999998
34031,1298689,13667.2397133422,13830.1419309633,18.93,-3.31,-4.56
34032,1298689,13668.4311850349,13814.8382420222,15.35,-3.58,-0.270000000000001
34033,1298689,13669.4883735988,13801.2593336588,13.62,-1.73,1.85
34034,1298689,13668.4723067335,13785.1270853165,13.31,-0.309999999999999,1.42
34035,1298689,13664.2884637923,13772.6377852094,13.22,-0.0899999999999999,0.219999999999999
34036,1298689,13658.4893504002,13760.9069382694,13.18,-0.0400000000000009,0.0499999999999989
34037,1298689,13641.7762291756,13756.1421431152,11.95,-1.23,-1.19
34038,1298689,13631.7749223228,13756.534742597,10.01,-1.94,-0.709999999999999
34039,1298689,13624.7973925591,13757.0951695737,7,-3.01,-1.07
34040,1298689,13620.5510673029,13757.4362294196,4.25,-2.75,0.26
34041,1298689,13604.6010712931,13760.0622650254,5.86,1.61,4.36
34042,1298689,13596.475883234,13760.3419416312,8.13,2.27,0.66
34043,1298689,13586.3218966804,13760.6914513871,10.16,2.03,-0.240000000000001
34044,1298689,13574.5987914008,13761.0935691494,11.74,1.58,-0.449999999999999
34045,1298689,13560.8357864134,13761.530577236,13.76,2.02,0.44
34046,1298689,13547.7365842136,13762.0625563028,13.12,-0.640000000000001,-2.66
34047,1298689,13534.85782727,13762.159506088,12.89,-0.229999999999999,0.410000000000002
34048,1298689,13522.0056394789,13761.7272788297,12.86,-0.0300000000000011,0.199999999999998
34049,1298689,13509.1096857828,13761.4042025693,12.9,0.0400000000000009,0.0700000000000021
34050,1298689,13495.7138889203,13761.0686039733,13.4,0.5,0.459999999999999
34051,1298689,13482.6979728643,13760.7425223523,13.02,-0.380000000000001,-0.880000000000001
34052,1298689,13469.8420066216,13760.4204478788,12.86,-0.16,0.220000000000001
34053,1298689,13456.0763878368,13760.0731181912,13.77,0.91,1.07
34054,1298689,13442.2707977471,13759.7241450216,13.81,0.0400000000000009,-0.869999999999999
34055,1298689,13419.2264975022,13756.9644768256,13.27,-0.540000000000001,-0.580000000000002
34056,1298689,13406.4049885068,13754.7578941555,13.01,-0.26,0.280000000000001
