"V1","V2","V3","V4","V5","acceleration","jerk"
68931,1298960,13651.5,13584.7,0,1.79,0
68932,1298960,13651.0598954108,13586.4350527227,1.79,1.79,0
68933,1298960,13650.0469172503,13590.4285818945,4.12,2.33,0.54
68934,1298960,13648.5004044761,13596.525499004,6.29,2.17,-0.16
68935,1298960,13646.5506673855,13604.2120733565,7.92,1.63,-0.54
68936,1298960,13644.0452675176,13614.0892729344,10.2,2.28,0.649999999999999
68937,1298960,13641.1981104547,13625.3138039562,11.58,1.38,-0.899999999999999
68938,1298960,13637.9969027726,13637.9341315818,13.03,1.45,0.0699999999999985
68939,1298960,13634.6998063811,13650.9324874542,13.41,0.380000000000001,-1.07
68940,1298960,13631.4666357959,13663.6788244953,13.15,-0.26,-0.640000000000001
68941,1298960,13645.3534121283,13670.8773083126,13.16,0.00999999999999979,0.27
68942,1298960,13658.4502654966,13673.5660499977,13.37,0.209999999999999,0.199999999999999
68943,1298960,13669.5194085827,13675.8385093127,11.31,-2.06,-2.27
68944,1298960,13677.46372278,13677.4694513521,8.11,-3.2,-1.14
68945,1298960,13682.1460682624,13678.4307217526,4.78,-3.33,-0.129999999999998
68946,1298960,13684.7713163572,13678.9696767052,2.68,-2.1,1.23
68947,1298960,13690.6827769798,13699.3097366667,4.08,1.4,3.5
68948,1298960,13690.7774124754,13705.1989763564,5.9,1.82,0.42
68949,1298960,13690.9032182362,13713.0279656214,7.83,1.93,0.109999999999999
68950,1298960,13690.1010371899,13722.8331033959,9.84,2.01,0.0800000000000001
68951,1298960,13689.1209615097,13734.2009330772,11.41,1.57,-0.44
68952,1298960,13687.9811188913,13747.4218883681,13.27,1.86,0.289999999999999
68953,1298960,13686.716726778,13762.0874845914,14.72,1.45,-0.409999999999998
68954,1298960,13685.3415285623,13778.0383130923,16.01,1.29,-0.16
68955,1298960,13685.4262055539,13795.5360582,17.51,1.5,0.209999999999999
68956,1298960,13688.8564166745,13814.3358856668,18.85,1.34,-0.16
68957,1298960,13689.0066546669,13834.3753224988,20.04,1.19,-0.150000000000002
68958,1298960,13689.1684378943,13855.9547160535,21.57,1.53,0.340000000000003
68959,1298960,13683.7301155044,13877.9824728593,23.2,1.63,0.0999999999999979
68960,1298960,13675.0791687512,13900.871941412,24.49,1.29,-0.34
68961,1298960,13667.1462195449,13925.1486775372,25.54,1.05,-0.239999999999998
68962,1298960,13661.130278458,13951.1783988941,26.75,1.21,0.16
68963,1298960,13655.7069034744,13978.1587140106,27.52,0.77,-0.440000000000001
68964,1298960,13655.5648491239,14006.5969789234,27.35,-0.169999999999998,-0.939999999999998
68965,1298960,13659.7823121465,14032.7085760721,26.45,-0.900000000000002,-0.730000000000004
68966,1298960,13664.6781834969,14058.3476274973,22.37,-4.08,-3.18
68967,1298960,13665.6566010258,14076.441192628,18.12,-4.25,-0.170000000000002
68968,1298960,13666.4346913453,14090.8301701961,14.41,-3.71,0.539999999999999
68969,1298960,13667.0243336972,14101.7342392483,10.92,-3.49,0.220000000000001
68970,1298960,13667.375851253,14108.2347419526,6.5,-4.42,-0.93
68971,1298960,13667.6091453545,14113.0188053342,4.79,-1.71,2.71
68972,1298960,13667.7428547078,14117.6468742413,4.63,-0.16,1.55
68973,1298960,13667.884938945,14122.5648221944,4.92,0.29,0.45
68974,1298960,13671.222305572,14138.8410502001,6.63,1.71,1.42
68975,1298960,13674.3582891481,14146.5684955133,8.34,1.71,0
68976,1298960,13677.4085813752,14156.3938606161,10.29,1.95,0.239999999999999
68977,1298960,13680.7895154216,14167.9285771264,12.02,1.73,-0.219999999999999
68978,1298960,13684.401095551,14180.2501877748,12.84,0.82,-0.91
68979,1298960,13688.3923978903,14193.8672948697,14.19,1.35,0.529999999999999
68980,1298960,13693.7577164101,14218.4454083915,15.28,1.09,-0.26
68981,1298960,13701.8043112891,14246.239883363,17,1.72,0.630000000000001
68982,1298960,13708.912259088,14270.6734957174,18.53,1.53,-0.19
