"V1","V2","V3","V4","V5","acceleration","jerk"
39663,130017,13434.57,13755.85,0,2.42,0
39664,130017,13436.9824441224,13756.041084683,2.42,2.42,0
39665,130017,13441.296746733,13756.4049167773,4.32,1.9,-0.52
39666,130017,13447.4448272345,13756.5585596964,6.16,1.84,-0.0600000000000005
39667,130017,13455.8621992382,13756.7689130913,8.42,2.26,0.42
39668,130017,13465.7890999505,13757.0169901948,9.92,1.5,-0.76
39669,130017,13477.5054300375,13757.3102635529,11.73,1.81,0.31
39670,130017,13490.8112605206,13757.6433928898,13.31,1.58,-0.23
39671,130017,13504.5669500358,13757.9877850518,13.76,0.449999999999999,-1.13
39672,130017,13518.4226082248,13758.3346800638,13.86,0.0999999999999996,-0.35
39673,130017,13532.2260495491,13758.7441251632,13.81,-0.0499999999999989,-0.149999999999999
39674,130017,13545.6034326904,13758.8552376506,13.39,-0.42,-0.370000000000001
39675,130017,13559.4016662847,13758.2852817961,13.81,0.42,0.84
39676,130017,13572.2748297034,13757.8691535328,12.87,-0.940000000000001,-1.36
39677,130017,13585.6169943967,13757.4118395043,13.35,0.48,1.42
39678,130017,13595.271272789,13757.07941098,9.65,-3.7,-4.18
39679,130017,13600.887944069,13756.8860105342,5.63,-4.02,-0.320000000000001
39680,130017,13604.605740717,13756.7579945808,3.71,-1.92,2.1
39681,130017,13611.0030468322,13750.6003569026,5.04,1.33,3.25
39682,130017,13612.3938601711,13743.3729619185,7.35,2.31,0.98
39683,130017,13614.1153696163,13734.4270966596,9.11,1.76,-0.55
39684,130017,13616.06742149,13724.2832121235,10.34,1.23,-0.529999999999999
39685,130017,13618.2651333284,13712.862749669,11.62,1.28,0.0499999999999989
39686,130017,13620.8483423423,13699.4390418656,13.67,2.05,0.770000000000001
39687,130017,13623.3918678234,13686.2215504952,13.47,-0.199999999999999,-2.25
39688,130017,13628.0368802728,13663.7746045204,13.04,-0.430000000000001,-0.230000000000002
39689,130017,13631.2946377066,13650.9313371596,13.25,0.210000000000001,0.640000000000002
39690,130017,13634.5302669767,13638.1753070864,13.17,-0.0800000000000001,-0.290000000000001
39691,130017,13637.8617849561,13625.0412487665,13.55,0.380000000000001,0.460000000000001
39692,130017,13641.2252658387,13611.7811810309,13.67,0.119999999999999,-0.260000000000002
39693,130017,13644.4928580119,13598.8991415421,13.3,-0.369999999999999,-0.489999999999998
39694,130017,13647.8710910036,13585.5809156147,13.74,0.44,0.809999999999999
39695,130017,13655.8695772713,13566.9251144314,13.1,-0.640000000000001,-1.08
39696,130017,13662.0936594323,13554.5188578948,13.88,0.780000000000001,1.42
39697,130017,13667.9051943606,13542.9349180737,12.96,-0.92,-1.7
39698,130017,13673.9633607867,13530.8593758684,13.51,0.549999999999999,1.47
39699,130017,13679.8914851503,13519.0430421929,13.22,-0.289999999999999,-0.839999999999998
39700,130017,13685.8689358135,13507.1283880406,13.33,0.109999999999999,0.399999999999999
39701,130017,13690.1109975744,13498.6728270293,9.46,-3.87,-3.98
39702,130017,13693.3340417072,13492.5951333848,6.88,-2.58,1.29
39703,130017,13695.0254724453,13489.462616496,3.56,-3.32,-0.739999999999999
39704,130017,13693.2550079683,13480.2166920691,5.51,1.95,5.27
39705,130017,13687.1121931136,13475.5738668882,7.7,2.19,0.240000000000001
39706,130017,13679.7694274274,13470.2463879033,9.08,1.38,-0.81
39707,130017,13670.2503312545,13464.5955730903,11.07,1.99,0.61
39708,130017,13659.297354092,13458.0693916947,12.75,1.68,-0.31
39709,130017,13647.4155363316,13450.7601573498,13.95,1.2,-0.48
39710,130017,13634.5371790171,13442.837890447,15.12,1.17,-0.0299999999999994
39711,130017,13621.3266418512,13434.7112793582,15.51,0.390000000000001,-0.779999999999999
39712,130017,13611.7871179145,13428.8429335042,11.21,-4.3,-4.69
39713,130017,13605.1605557514,13424.7665289735,7.78,-3.43,0.869999999999998
39714,130017,13600.9359094366,13422.1676900953,4.96,-2.82,0.61
39715,130017,13599.7434689445,13421.4341468636,1.4,-3.56,-0.74
39716,130017,13598.6021330449,13420.7320411989,1.34,-0.0599999999999998,3.5
39717,130017,13598.42,13420.62,0.5,-0.84,-0.78
39718,130017,13598.42,13420.62,0.03,-0.47,0.37
39719,130017,13598.42,13420.62,0,-0.03,0.44
39720,130017,13596.5111285116,13419.914209387,1.68,1.68,1.71
39721,130017,13593.3995885134,13418.8453694364,3.29,1.61,-0.0699999999999998
39722,130017,13588.8788708261,13417.2924651922,4.78,1.49,-0.12
39723,130017,13583.1475843857,13415.3237204809,6.06,1.28,-0.210000000000001
39724,130017,13575.8179688886,13412.8059364029,7.75,1.69,0.410000000000001
39725,130017,13566.5079753999,13410.7229700899,9.55,1.8,0.11
39726,130017,13555.4549441229,13408.6813776747,11.25,1.7,-0.100000000000001
39727,130017,13543.1141805301,13406.4576827362,12.53,1.28,-0.42
39728,130017,13529.4615713892,13404.2497054614,13.84,1.31,0.0300000000000011
39729,130017,13518.0597177683,13402.4057331169,11.54,-2.3,-3.61
39730,130017,13509.9155366105,13401.0886100138,8.25,-3.29,-0.989999999999998
39731,130017,13504.3182630147,13400.1833872265,5.68,-2.57,0.719999999999999
39732,130017,13501.0803340211,13399.6597310109,3.28,-2.4,0.17
39733,130017,13493.7375793509,13396.6706077341,5.28,2,4.4
39734,130017,13486.8763964465,13395.3882001734,6.97,1.69,-0.310000000000001
39735,130017,13478.4227900026,13393.8081564739,8.6,1.63,-0.0599999999999996
39736,130017,13467.8066330731,13391.823915549,10.8,2.2,0.570000000000001
39737,130017,13455.2343509316,13389.4740598611,12.8,2,-0.200000000000001
39738,130017,13432.8210242263,13384.882228032,13.4,0.6,-1.4
39739,130017,13419.8025567212,13382.1703841582,13.31,-0.0899999999999999,-0.69
39740,130017,13406.3420963598,13380.0918253165,13.61,0.299999999999999,0.389999999999999
