"V1","V2","V3","V4","V5","acceleration","jerk"
43543,1300782,13953.6,13885.8,0,2.51,0
43544,1300782,13953.6096972876,13888.3099812674,2.51,2.51,0
43545,1300782,13953.6248034208,13892.2199520863,3.91,1.4,-1.11
43546,1300782,13953.6452797651,13897.5199125314,5.3,1.39,-0.0100000000000007
43547,1300782,13953.5777115711,13904.6388610339,7.11,1.81,0.420000000000001
43548,1300782,13953.3798146434,13912.596400654,7.97,0.859999999999999,-0.950000000000001
43549,1300782,13953.1945970415,13920.0440979116,7.45,-0.52,-1.38
43550,1300782,13952.999186256,13927.901668441,7.86,0.41,0.93
43551,1300782,13952.8060129987,13935.6692667888,7.77,-0.0900000000000007,-0.500000000000001
43552,1300782,13952.6518721756,13941.8673504125,6.2,-1.57,-1.48
43553,1300782,13952.5879783183,13944.4365560436,2.57,-3.63,-2.06
43554,1300782,13952.2710379558,13955.6489237733,4.95,2.38,6.01
43555,1300782,13952.0688325048,13962.1257681404,6.48,1.53,-0.85
43556,1300782,13951.8223166001,13970.0219209954,7.9,1.42,-0.11
43557,1300782,13951.596395695,13977.2583952574,7.24,-0.66,-2.08
43558,1300782,13951.3492556994,13985.1745383727,7.92,0.68,1.34
43559,1300782,13951.1813752478,13990.5519184183,5.38,-2.54,-3.22
43560,1300782,13951.1404991395,14007.2785972497,7.13,1.75,4.29
43561,1300782,13951.3645774884,14014.5051240014,7.23,0.100000000000001,-1.65
43562,1300782,13951.6094210508,14022.4013288892,7.9,0.67,0.569999999999999
43563,1300782,13951.86356247,14030.5973896588,8.21,0.31,-0.359999999999999
43564,1300782,13951.8642161661,14038.2915459319,7.7,-0.510000000000001,-0.820000000000001
43565,1300782,13951.503078831,14045.6526925698,7.37,-0.33,0.180000000000001
43566,1300782,13951.0958805604,14053.9527100137,8.32,0.95,1.28
43567,1300782,13950.7528735936,14060.9443011216,6.99,-1.33,-2.28
43568,1300782,13950.5411892941,14065.2591116339,4.32,-2.67,-1.34
43569,1300782,13943.129025566,14076.1048733992,5.93,1.61,4.28
43570,1300782,13935.6626327465,14077.6764580341,7.63,1.7,0.0900000000000007
43571,1300782,13926.0042713928,14079.7094253141,9.87,2.24,0.539999999999999
43572,1300782,13914.1832982264,14082.1975960075,12.08,2.21,-0.0299999999999985
43573,1300782,13901.3348398096,14084.9020398157,13.13,1.05,-1.16
43574,1300782,13888.4472390975,14087.6147225997,13.16,0.0299999999999994,-1.02
43575,1300782,13875.3149990402,14090.3788989825,13.43,0.27,0.24
43576,1300782,13861.9969086194,14092.9775194741,13.59,0.16,-0.109999999999999
43577,1300782,13848.4681723202,14092.7926028844,13.53,-0.0600000000000005,-0.220000000000001
43578,1300782,13835.8889985463,14092.6578108662,12.57,-0.959999999999999,-0.899999999999999
43579,1300782,13826.1791253937,14092.6081786149,9.71,-2.86,-1.9
43580,1300782,13820.4991995949,14092.579145537,5.68,-4.03,-1.17
43581,1300782,13818.1938956536,14092.5003938217,2.31,-3.37,0.660000000000001
43582,1300782,13812.2183449649,14097.2690329065,3.94,1.63,5
43583,1300782,13811.9817798767,14103.5846038989,6.32,2.38,0.75
43584,1300782,13811.6797102149,14111.6489485046,8.07,1.75,-0.63
43585,1300782,13812.0844319795,14121.5837159801,9.95,1.88,0.129999999999999
43586,1300782,13812.7015492521,14132.0855999193,10.52,0.57,-1.31
43587,1300782,13813.214835957,14140.8205319029,8.75,-1.77,-2.34
43588,1300782,13814.225204203,14148.286539791,7.54,-1.21,0.56
43589,1300782,13815.2335508262,14154.7280952777,6.52,-1.02,0.19
43590,1300782,13816.2101140722,14160.3724591274,5.74,-0.779999999999999,0.240000000000001
43591,1300782,13817.4484887571,14166.1819365686,5.94,0.2,0.98
43592,1300782,13818.8786655818,14172.8911983946,6.85,0.909999999999999,0.709999999999999
43593,1300782,13819.7834713281,14177.1358334274,4.34,-2.51,-3.42
43594,1300782,13821.0212111493,14183.6793386123,6.66,2.32,4.83
43595,1300782,13821.8400364585,14188.1550536516,4.55,-2.11,-4.43
43596,1300782,13822.3090164324,14194.3152468962,6.19,1.64,3.75
43597,1300782,13822.4861269615,14198.8417833051,4.53,-1.66,-3.3
43598,1300782,13814.6568820364,14207.2278475175,6.4,1.87,3.53
43599,1300782,13807.1571867527,14209.2594652601,7.77,1.37,-0.500000000000001
43600,1300782,13797.7849806775,14211.7983337646,9.71,1.94,0.570000000000002
43601,1300782,13787.2176376436,14214.9794931131,11.04,1.33,-0.610000000000003
43602,1300782,13775.6742657817,14218.802602588,12.17,1.13,-0.199999999999998
43603,1300782,13765.2130850318,14222.2672955496,11.02,-1.15,-2.28
43604,1300782,13754.5620461921,14225.7948686013,11.22,0.200000000000001,1.35
43605,1300782,13746.6164851326,14228.4264003698,8.37,-2.85,-3.05
43606,1300782,13727.1471011358,14237.2985719653,8.34,-0.0299999999999994,2.82
43607,1300782,13722.0302934743,14241.3070977986,6.5,-1.84,-1.81
43608,1300782,13718.2438558049,14244.2734069152,4.81,-1.69,0.149999999999999
43609,1300782,13714.21338577,14247.4308918792,5.12,0.31,2
43610,1300782,13710.6631084541,14250.2121921112,4.51,-0.61,-0.920000000000001
43611,1300782,13706.2564837117,14260.339292451,6.92,2.41,3.02
43612,1300782,13708.3198743274,14268.3683969569,8.29,1.37,-1.04
