"V1","V2","V3","V4","V5","acceleration","jerk"
53624,1303723,14400.9648304801,13323.7071201103,13.33,0.18,0
53625,1303723,14387.6394355032,13321.4813733347,13.51,0.18,0
53626,1303723,14374.807208364,13319.3380006071,13.01,-0.5,-0.68
53627,1303723,14361.4522233169,13317.1073113886,13.54,0.529999999999999,1.03
53628,1303723,14348.6199961777,13314.963938661,13.01,-0.529999999999999,-1.06
53629,1303723,14335.3636446981,13312.7497242521,13.44,0.43,0.959999999999999
53630,1303723,14324.1095546399,13310.8699484779,11.41,-2.03,-2.46
53631,1303723,14314.3842848788,13309.2455322524,9.85,-1.56,0.469999999999999
53632,1303723,14305.9116614256,13307.8303461086,8.59,-1.26,0.300000000000001
53633,1303723,14296.3836587996,13306.2388795022,9.66,1.07,2.33
53634,1303723,14286.2441280548,13304.5452690764,10.29,0.629999999999999,-0.440000000000001
53635,1303723,14275.6706096127,13302.7791694884,10.72,0.430000000000001,-0.199999999999998
53636,1303723,14264.1699356356,13300.8582066902,11.65,0.93,0.499999999999998
53637,1303723,14252.5804914477,13298.9224165634,11.75,0.0999999999999996,-0.83
53638,1303723,14238.8901522708,13296.6357129923,13.88,2.13,2.03
53639,1303723,14223.4479142046,13291.2263117525,13.5,-0.380000000000001,-2.51
53640,1303723,14208.6445079764,13289.3647092055,14.92,1.42,1.8
53641,1303723,14192.0452461669,13287.2772688161,16.73,1.81,0.390000000000001
53642,1303723,14173.5112228195,13284.9465224638,18.69,1.96,0.15
53643,1303723,14153.2408750151,13282.3974246063,20.42,1.73,-0.23
53644,1303723,14131.3511757945,13282.305141413,22.11,1.69,-0.0400000000000027
53645,1303723,14110.9321903218,13290.297193981,22.02,-0.0899999999999999,-1.78
53646,1303723,14095.824200357,13306.2382649247,22.07,0.0500000000000007,0.140000000000001
53647,1303723,14090.2110163578,13327.2334386622,22.05,-0.0199999999999996,-0.0700000000000003
53648,1303723,14093.4195238853,13347.5974555889,21.01,-1.04,-1.02
53649,1303723,14103.6152287207,13361.4713185582,17.41,-3.6,-2.56
53650,1303723,14120.3310325589,13376.7243802885,13.61,-3.8,-0.199999999999999
53651,1303723,14126.1650525372,13394.9602413104,13.54,-0.0700000000000003,3.73
53652,1303723,14120.6278971033,13406.4895088371,12.8,-0.739999999999998,-0.669999999999998
53653,1303723,14115.2492687813,13418.9212294741,9,-3.8,-3.06
53654,1303723,14114.1225042436,13424.3760715137,5.57,-3.43,0.370000000000001
53655,1303723,14107.9247274031,13440.6906910001,7.42,1.85,5.28
53656,1303723,14106.6694873186,13449.7541821779,9.15,1.73,-0.119999999999999
53657,1303723,14105.192008006,13460.4223570397,10.77,1.62,-0.110000000000001
53658,1303723,14103.5601136461,13473.255784631,12.94,2.17,0.550000000000001
53659,1303723,14102.4676158078,13486.6111748714,13.4,0.460000000000001,-1.71
53660,1303723,14101.3800097509,13499.906764857,13.33,-0.0700000000000003,-0.530000000000001
53661,1303723,14100.5764529754,13513.0507614381,13.18,-0.15,-0.0800000000000001
53662,1303723,14099.8868285941,13526.7634314265,13.72,0.540000000000001,0.690000000000001
53663,1303723,14099.2132770317,13540.1565053191,13.41,-0.31,-0.850000000000001
53664,1303723,14098.5217950049,13553.8690816181,13.73,0.32,0.630000000000001
53665,1303723,14082.2247386939,13554.7848135986,13.33,-0.4,-0.720000000000001
53666,1303723,14068.9854509673,13552.4707564486,13.44,0.109999999999999,0.51
53667,1303723,14055.3028835177,13550.0792197066,13.88,0.440000000000001,0.330000000000002
53668,1303723,14042.5235040834,13548.0491499117,12.95,-0.930000000000001,-1.37
53669,1303723,14029.7459958483,13546.0692046344,12.93,-0.0199999999999996,0.910000000000002
53670,1303723,14010.502410585,13543.2266758958,13.28,0.35,0.369999999999999
53671,1303723,13997.3413090849,13541.453597414,13.29,0.00999999999999979,-0.34
53672,1303723,13978.3941871117,13538.8082115825,12.9,-0.389999999999999,-0.399999999999999
53673,1303723,13965.3555429689,13536.8830729072,13.18,0.279999999999999,0.669999999999998
53674,1303723,13951.9904380852,13534.9097327325,13.51,0.33,0.0500000000000007
53675,1303723,13938.6649042003,13532.9422351637,13.47,-0.0399999999999991,-0.369999999999999
53676,1303723,13925.4580833122,13530.992265413,13.35,-0.120000000000001,-0.0800000000000018
53677,1303723,13922.4382760344,13543.4534940123,13.61,0.26,0.380000000000001
53678,1303723,13920.2144540795,13556.2212743955,12.97,-0.639999999999999,-0.899999999999999
53679,1303723,13917.9288592926,13569.3437153449,13.32,0.35,0.989999999999998
53680,1303723,13915.5677643776,13582.8996303196,13.76,0.44,0.0899999999999999
53681,1303723,13913.2135331105,13596.4161385647,13.72,-0.0399999999999991,-0.479999999999999
53682,1303723,13910.8421427235,13610.0311636338,13.82,0.0999999999999996,0.139999999999999
53683,1303723,13908.0248714854,13621.587821151,11.98,-1.84,-1.94
53684,1303723,13903.879130322,13630.1355009652,9.5,-2.48,-0.640000000000001
53685,1303723,13901.0338427026,13636.0019085851,6.52,-2.98,-0.5
53686,1303723,13899.5413758838,13639.0790733182,3.43,-3.09,-0.109999999999999
53687,1303723,13894.9198208473,13658.23906014,5.55,2.12,5.21
53688,1303723,13895.0966511018,13665.7469780312,7.51,1.96,-0.16
53689,1303723,13895.3160995669,13675.0643941092,9.32,1.81,-0.149999999999999
53690,1303723,13888.020015665,13691.9461315383,11.56,2.24,0.43
53691,1303723,13874.5901909825,13692.0147536713,13.43,1.87,-0.370000000000001
53692,1303723,13860.8303706079,13692.0850619773,13.76,0.33,-1.54
53693,1303723,13847.3405467086,13692.1539906872,13.49,-0.27,-0.6
53694,1303723,13834.0507201985,13692.2218974741,13.29,-0.200000000000001,0.0699999999999985
53695,1303723,13820.8708922525,13692.2892422033,13.18,-0.109999999999999,0.0900000000000016
53696,1303723,13807.3010693975,13692.3585796824,13.57,0.390000000000001,0.5
53697,1303723,13793.9312439318,13692.4268952385,13.37,-0.200000000000001,-0.590000000000002
53698,1303723,13780.4614197714,13692.4957217561,13.47,0.100000000000001,0.300000000000002
53699,1303723,13764.22789434,13703.3060284832,12.98,-0.49,-0.590000000000002
53700,1303723,13758.7166784474,13715.0910443672,13.01,0.0299999999999994,0.52
53701,1303723,13753.6231545188,13727.6284003673,13.59,0.58,0.550000000000001
53702,1303723,13750.6684154199,13740.7293322753,13.43,-0.16,-0.74
53703,1303723,13748.4309100859,13750.650142216,10.16,-3.27,-3.11
53704,1303723,13747.5802078709,13757.8010714371,7.21,-2.95,0.319999999999999
53705,1303723,13747.2740582227,13761.0064844203,3.22,-3.99,-1.04
53706,1303723,13740.8693768408,13769.8953471166,5.45,2.23,6.22
53707,1303723,13733.473621833,13768.918409112,7.46,2.01,-0.22
53708,1303723,13724.2636266558,13767.7018200957,9.29,1.83,-0.180000000000001
53709,1303723,13714.0594099906,13766.6377645267,10.26,0.970000000000001,-0.859999999999999
53710,1303723,13706.8361623323,13765.9081802155,7.26,-3,-3.97
53711,1303723,13703.6026148269,13765.5815756684,3.24,-4.02,-1.02
53712,1303723,13697.3909542963,13770.9599128789,5.59,2.35,6.37
53713,1303723,13697.449160675,13777.959670876,7,1.41,-0.94
53714,1303723,13697.520421913,13786.5293745953,8.57,1.57,0.16
53715,1303723,13697.6071494173,13796.9590140109,10.44,1.87,0.299999999999999
53716,1303723,13697.7077633004,13809.0585956915,12.09,1.65,-0.219999999999999
53717,1303723,13697.8176070523,13822.2681389974,13.21,1.12,-0.529999999999999
53718,1303723,13697.9382605601,13836.7776373599,14.51,1.3,0.179999999999998
53719,1303723,13695.1331928641,13860.6738309957,11.47,-3.04,-4.34
53720,1303723,13690.1709082344,13867.8175884018,8.75,-2.72,0.319999999999999
53721,1303723,13687.1192780084,13872.015641875,5.19,-3.56,-0.839999999999999
53722,1303723,13685.2186832887,13874.5900401925,3.2,-1.99,1.57
53723,1303723,13657.1654670665,13902.6072633924,5.53,2.33,4.32
53724,1303723,13655.401694769,13903.9222186321,2.2,-3.33,-5.66
