"V1","V2","V3","V4","V5","acceleration","jerk"
45493,1308114,14349.6032875404,14261.6063859565,19.32,-0.199999999999999,0
45494,1308114,14350.9520114894,14242.5340147429,19.12,-0.199999999999999,0
45495,1308114,14352.4586493092,14223.646364682,18.95,-0.170000000000002,0.0299999999999976
45496,1308114,14354.4562898977,14205.0835434503,18.67,-0.279999999999998,-0.109999999999996
45497,1308114,14356.4956594541,14186.1329610896,19.06,0.389999999999997,0.669999999999995
45498,1308114,14358.5211193545,14167.3116324385,18.93,-0.129999999999999,-0.519999999999996
45499,1308114,14360.4663364889,14148.3311335982,19.09,0.16,0.289999999999999
45500,1308114,14362.3827483912,14129.3074177303,19.12,0.0300000000000011,-0.129999999999999
45501,1308114,14364.3101856758,14110.1742557984,19.23,0.109999999999999,0.0799999999999983
45502,1308114,14366.1895122014,14091.5186766916,18.75,-0.48,-0.59
45503,1308114,14368.068838727,14072.8630975848,18.76,0.0100000000000016,0.490000000000002
45504,1308114,14369.7789918465,14054.374433531,18.57,-0.190000000000001,-0.200000000000003
45505,1308114,14370.9455412728,14035.0896840528,19.32,0.75,0.940000000000001
45506,1308114,14372.1145059153,14015.7650075571,19.35,0.0300000000000011,-0.719999999999999
45507,1308114,14372.5869209522,13993.6723462232,18.86,-0.490000000000002,-0.520000000000003
45508,1308114,14372.1153801827,13973.2677940521,20.41,1.55,2.04
45509,1308114,14371.6142670375,13951.5835835381,21.69,1.28,-0.27
45510,1308114,14371.0895884056,13928.8796452821,22.71,1.02,-0.260000000000002
45511,1308114,14370.6386096784,13909.3648555526,19.52,-3.19,-4.21
45512,1308114,14370.2687239498,13893.3591289353,16.01,-3.51,-0.319999999999997
45513,1308114,14369.9995691254,13881.7122385486,11.65,-4.36,-0.850000000000003
45514,1308114,14373.6990584974,13861.9904742391,8.3,-3.35,1.01
45515,1308114,14373.7580824439,13857.0708282992,4.91,-3.39,-0.0400000000000009
45516,1308114,14373.8017505669,13853.4310902461,3.64,-1.27,2.12
45517,1308114,14373.8168664557,13852.17118092,1.26,-2.38,-1.11
45518,1308114,14373.8187859336,13852.0111924342,0.16,-1.1,1.28
45519,1308114,14373.82,13851.91,0.12,-0.04,1.06
45520,1308114,14373.7543891377,13849.5609830483,2.24,2.12,2.16
45521,1308114,14373.118715161,13829.1414145128,3.9,1.66,-0.46
45522,1308114,14372.9265259893,13823.0344379022,6.11,2.21,0.550000000000001
45523,1308114,14372.6799199163,13815.1983173413,7.85,1.74,-0.470000000000001
45524,1308114,14371.9867395549,13792.3217133966,10.12,2.27,0.53
45525,1308114,14371.7138511279,13780.9149771453,11.4,1.28,-0.989999999999998
45526,1308114,14371.3991086476,13767.758741469,13.16,1.76,0.479999999999999
45527,1308114,14371.850109966,13753.2011535653,14.57,1.41,-0.35
45528,1308114,14372.5750309494,13736.9373013289,16.28,1.71,0.300000000000001
45529,1308114,14373.3823293173,13718.8252840657,18.13,1.85,0.139999999999997
45530,1308114,14371.4571435938,13689.1349410807,19.94,1.81,-0.0399999999999956
45531,1308114,14368.7372118665,13668.0093175065,21.3,1.36,-0.450000000000003
45532,1308114,14365.8704293652,13645.7431086219,22.45,1.15,-0.210000000000001
45533,1308114,14362.7801782948,13621.741226439,24.2,1.75,0.600000000000001
45534,1308114,14359.2862323205,13596.8357911932,25.17,0.970000000000002,-0.779999999999998
45535,1308114,14352.1120217116,13564.7707764283,26.47,1.3,0.329999999999995
45536,1308114,14344.6244594785,13538.0197043458,27.77,1.3,3.5527136788005e-15
45537,1308114,14334.9585604594,13502.176158365,27.01,-0.759999999999998,-2.06
45538,1308114,14331.1096948616,13475.1638630989,27.29,0.279999999999998,1.04
45539,1308114,14327.4845617632,13438.268203329,27.29,0,-0.279999999999998
45540,1308114,14329.0147300806,13386.4248878995,27.15,-0.140000000000001,-0.140000000000001
45541,1308114,14330.0601208483,13359.1949474269,27.25,0.100000000000001,0.240000000000002
45542,1308114,14331.5402382559,13331.8769413334,27.36,0.109999999999999,0.00999999999999801
45543,1308114,14331.6642696906,13304.1574682764,27.64,0.280000000000001,0.170000000000002
45544,1308114,14329.8470378432,13276.5773385717,27.64,0,-0.280000000000001
45568,1308114,14215.2275117056,13276.0405813101,7.08,-0.856666666666667,-0.0356944444444445
45569,1308114,14218.8290215764,13276.9312140349,3.71,-3.37,-2.51333333333333
45570,1308114,14221.2850377417,13277.5385727395,2.53,-1.18,2.19
45571,1308114,14229.0275468518,13278.9294189219,4.71,2.18,3.36
45572,1308114,14235.4062388294,13279.8858647672,6.45,1.74,-0.44
45573,1308114,14243.39691033,13281.084017082,8.07,1.62,-0.12
45574,1308114,14253.6028174941,13282.6143304346,10.32,2.25,0.63
45575,1308114,14265.1240208335,13284.3418644033,11.65,1.33,-0.92
45576,1308114,14278.5934448233,13286.3615221419,13.62,1.97,0.639999999999999
45577,1308114,14291.3607182234,13288.2758966943,12.9,-0.719999999999999,-2.69
45578,1308114,14305.0180416669,13290.3237288066,13.82,0.92,1.64
45579,1308114,14318.4373311648,13292.4627150415,13.58,-0.24,-1.16
45580,1308114,14331.2397068766,13294.7777260854,13.02,-0.56,-0.32
45581,1308114,14344.5636244121,13297.1870458037,13.53,0.51,1.07
45582,1308114,14357.3758405357,13299.5038362567,13.02,-0.51,-1.02
45583,1308114,14370.2077374828,13301.8241855275,13.04,0.0199999999999996,0.529999999999999
45584,1308114,14382.9904323711,13304.1356377535,13,-0.0399999999999991,-0.0599999999999987
45585,1308114,14396.1470629066,13306.5147075197,13.37,0.369999999999999,0.409999999999998
