"V1","V2","V3","V4","V5","acceleration","jerk"
64209,1308801,13411.6285330041,13630.6796911773,10.07,-3.83,0
64210,1308801,13417.1546786271,13633.599316933,6.24,-3.83,0
64211,1308801,13420.8151974878,13635.5332770336,4.14,-2.1,1.73
64212,1308801,13424.7321295054,13637.6027077692,4.43,0.29,2.39
64213,1308801,13427.1547917465,13638.8826717005,2.73,-1.7,-1.99
64214,1308801,13435.4917747559,13652.2779371551,4.82,2.09,3.79
64215,1308801,13435.2254034685,13659.2628599419,6.99,2.17,0.0799999999999996
64216,1308801,13434.8790064725,13668.3462573857,9.09,2.1,-0.0700000000000003
64217,1308801,13434.4807833032,13678.7886669882,10.45,1.36,-0.74
64218,1308801,13434.0196827914,13690.879878107,12.1,1.65,0.290000000000001
64219,1308801,13433.4922752639,13704.7098253701,13.85,1.75,0.0999999999999996
64220,1308801,13432.9823971773,13718.0801067559,13.38,-0.469999999999999,-2.22
64221,1308801,13432.6340948072,13727.213467882,9.14,-4.24,-3.77
64222,1308801,13432.3604830985,13734.3882526615,7.18,-1.96,2.28
64223,1308801,13432.0651501261,13742.1326234194,7.76,0.58,2.54
64224,1308801,13431.8433645907,13747.9483960401,5.82,-1.94,-2.52
