"V1","V2","V3","V4","V5","acceleration","jerk"
61900,1309602,13456.47,13903.93,0,1.79,0
61901,1309602,13458.243291927,13903.6860005294,1.79,1.79,0
61902,1309602,13461.9880089572,13903.1707390776,3.78,1.99,0.2
61903,1309602,13473.135571561,13901.5553033139,5.15,1.37,-0.619999999999999
61904,1309602,13480.2319231001,13900.3986292744,7.18,2.03,0.659999999999999
61905,1309602,13488.5521238615,13899.0424732032,8.43,1.25,-0.779999999999999
61906,1309602,13498.441615158,13897.4305296879,10.02,1.59,0.34
61907,1309602,13509.9676283584,13895.6178247286,11.67,1.65,0.0600000000000005
61908,1309602,13523.7377984457,13894.4452993477,13.81,2.14,0.49
61909,1309602,13536.5414660014,13893.3550713344,12.85,-0.960000000000001,-3.1
61910,1309602,13550.1074114944,13892.4203214721,13.6,0.75,1.71
61911,1309602,13563.919039483,13892.0597780873,13.81,0.210000000000001,-0.539999999999999
61912,1309602,13573.8089013101,13892.0074995888,9.9,-3.91,-4.12
61913,1309602,13580.488807984,13891.9721891369,6.68,-3.22,0.69
61914,1309602,13584.5587511221,13891.950675134,4.07,-2.61,0.610000000000001
61915,1309602,13591.2198141075,13891.8980254174,6.4,2.33,4.94
61916,1309602,13595.9949530401,13880.6993798449,8.25,1.85,-0.48
61917,1309602,13597.4264121525,13870.4993345112,10.3,2.05,0.200000000000001
61918,1309602,13599.5653866081,13858.5963903634,12.12,1.82,-0.230000000000002
61919,1309602,13604.0090281535,13845.7085991871,13.64,1.52,-0.299999999999997
61920,1309602,13606.9188356179,13833.1961037607,12.88,-0.76,-2.28
61921,1309602,13608.8209442778,13819.9761044363,13.37,0.489999999999998,1.25
61922,1309602,13609.3525436011,13806.2507205038,13.75,0.380000000000001,-0.109999999999998
61923,1309602,13609.4183803372,13792.5408785819,13.71,-0.0399999999999991,-0.42
61924,1309602,13609.4801352917,13779.6810268593,12.86,-0.850000000000001,-0.810000000000002
61925,1309602,13609.5440031684,13766.3811802101,13.31,0.450000000000001,1.3
61926,1309602,13596.2660075277,13760.3491657502,13.47,0.16,-0.290000000000001
61927,1309602,13583.113796598,13760.8018772057,13.16,-0.31,-0.470000000000001
61928,1309602,13569.2418983166,13761.2760423931,13.88,0.720000000000001,1.03
61929,1309602,13556.3095174611,13761.7143960897,12.94,-0.940000000000001,-1.66
61930,1309602,13542.6407847308,13762.2695046813,13.68,0.74,1.68
61931,1309602,13529.512895142,13761.9266959771,13.14,-0.539999999999999,-1.28
61932,1309602,13516.3274211073,13761.5850250964,13.19,0.0499999999999989,0.589999999999998
61933,1309602,13503.2815144613,13761.2581921354,13.05,-0.139999999999999,-0.189999999999998
61934,1309602,13489.6557897422,13760.9168332649,13.63,0.58,0.719999999999999
61935,1309602,13476.120036793,13760.5777284149,13.54,-0.0900000000000016,-0.670000000000002
61936,1309602,13462.2744080075,13760.2297897083,13.85,0.31,0.400000000000002
61937,1309602,13448.7287348926,13759.8873866346,13.55,-0.299999999999999,-0.609999999999999
61938,1309602,13434.9221118309,13759.1894393508,13.83,0.279999999999999,0.579999999999998
61939,1309602,13411.5887807678,13755.6500251966,13.65,-0.18,-0.459999999999999
