"V1","V2","V3","V4","V5","acceleration","jerk"
56115,1309272,14202.26,13862.8,0,2.54,0
56116,1309272,14206.668899922,13874.2286540083,2.54,2.54,0
56117,1309272,14207.8026892616,13878.1062978462,4.03,1.49,-1.05
56118,1309272,14209.3656798487,13883.2626156331,5.39,1.36,-0.130000000000001
56119,1309272,14211.8074227973,13889.5662250256,6.76,1.37,0.0100000000000007
56120,1309272,14214.1408043724,13895.5900884391,6.46,-0.3,-1.67
56121,1309272,14216.6678101945,13901.4783630952,6.42,-0.04,0.26
56122,1309272,14233.563028864,13919.166929943,8.55,2.13,2.17
56123,1309272,14240.9468828683,13923.9358711298,8.79,0.239999999999998,-1.89
56124,1309272,14249.8381717373,13930.2212648696,10.89,2.1,1.86
56125,1309272,14257.6861403802,13935.6967973562,9.57,-1.32,-3.42
56126,1309272,14265.9928071105,13941.3538096271,10.05,0.48,1.8
56127,1309272,14274.1997725926,13946.2758857082,9.58,-0.470000000000001,-0.950000000000001
56128,1309272,14283.5507931486,13951.5394411686,10.73,1.15,1.62
56129,1309272,14293.7370763708,13956.4312336946,11.3,0.57,-0.58
56130,1309272,14305.8135704048,13960.8644329471,12.88,1.58,1.01
56131,1309272,14318.0028273092,13964.9946770221,12.87,-0.0100000000000016,-1.59
56132,1309272,14330.6080416519,13967.8891083632,12.95,0.0800000000000001,0.0900000000000016
56133,1309272,14343.8589042987,13970.655537531,13.53,0.58,0.5
56134,1309272,14356.717316717,13972.6357723858,13.02,-0.51,-1.09
56135,1309272,14370.0064368604,13973.8751580059,13.36,0.34,0.85
56136,1309272,14382.963138299,13974.6525175305,12.98,-0.379999999999999,-0.719999999999999
56137,1309272,14396.4688525105,13975.462816018,13.53,0.549999999999999,0.929999999999998
