"V1","V2","V3","V4","V5","acceleration","jerk"
23322,1311997,14400.9451037666,13323.7038251484,10.24,-0.5,0
23323,1311997,14391.3381942866,13322.0991786944,9.74,-0.5,0
23324,1311997,14383.5362790928,13320.7960212558,7.91,-1.83,-1.33
23325,1311997,14375.211605991,13319.4055473264,8.44,0.529999999999999,2.36
23326,1311997,14366.0978643488,13317.8832749203,9.24,0.800000000000001,0.270000000000001
23327,1311997,14355.267898631,13316.0743408274,10.97,1.73,0.93
23328,1311997,14343.3628270269,13314.0858313099,12.07,1.1,-0.630000000000001
23329,1311997,14330.7870471635,13311.9852930872,12.76,0.69,-0.41
23330,1311997,14318.8326587756,13309.9885461649,12.11,-0.65,-1.34
23331,1311997,14306.4640094039,13307.9226050423,12.54,0.43,1.08
23332,1311997,14293.3062914919,13305.724865443,13.34,0.800000000000001,0.370000000000001
23333,1311997,14280.6811948446,13303.6160898155,12.8,-0.539999999999999,-1.34
23334,1311997,14267.7601974947,13301.4578897593,13.09,0.289999999999999,0.829999999999998
23335,1311997,14254.6715230799,13299.2716825267,13.27,0.18,-0.109999999999999
23336,1311997,14241.4447616705,13297.0624105607,13.42,0.15,-0.0299999999999994
23337,1311997,14225.9812260863,13294.3406719057,13.01,-0.41,-0.56
23338,1311997,14212.7076368326,13291.934029364,13.49,0.48,0.890000000000001
23339,1311997,14199.5816412326,13289.5541471174,13.34,-0.15,-0.630000000000001
23340,1311997,14185.9439876331,13287.0814958477,13.85,0.51,0.66
23341,1311997,14173.0639814559,13284.7462140929,13.09,-0.76,-1.27
23342,1311997,14160.1249378172,13282.4002282202,13.16,0.0700000000000003,0.83
23343,1311997,14147.343327409,13280.0827866622,12.99,-0.17,-0.24
23344,1311997,14134.109096463,13277.6832801991,13.45,0.459999999999999,0.629999999999999
23368,1311997,13831.6037365204,13279.0565219323,21.66,0.342083333333333,-0.0049131944444444
23369,1311997,13825.7576264159,13298.684394885,20.49,-1.17,-1.51208333333334
23370,1311997,13819.9344709695,13313.672871568,16.08,-4.41,-3.24
23371,1311997,13814.732357762,13327.0574753415,14.36,-1.72,2.69
23372,1311997,13809.5773388941,13340.3209093038,14.24,-0.119999999999999,1.6
23373,1311997,13803.9305833659,13355.5124821326,13.07,-1.17,-1.05
23374,1311997,13799.7028831381,13367.795260759,12.99,-0.0800000000000001,1.09
23375,1311997,13795.3254722017,13380.5129953644,13.46,0.470000000000001,0.550000000000001
23376,1311997,13790.9675887491,13393.1739965813,13.39,-0.0700000000000003,-0.540000000000001
23377,1311997,13786.7659251663,13405.3811306895,12.91,-0.48,-0.41
23378,1311997,13782.4739134694,13417.7683490143,13.11,0.199999999999999,0.68
23379,1311997,13777.9269867271,13430.0326002022,13.08,-0.0299999999999994,-0.229999999999999
23380,1311997,13773.2757726741,13442.578141555,13.38,0.300000000000001,0.33
23381,1311997,13768.6245586212,13455.1236829077,13.38,0,-0.300000000000001
23382,1311997,13763.8968672071,13467.8755037147,13.6,0.219999999999999,0.219999999999999
23383,1311997,13758.1557876727,13503.3428049917,13.23,-0.369999999999999,-0.589999999999998
23384,1311997,13765.9643129333,13521.5134405901,15.34,2.11,2.48
23385,1311997,13778.0982540812,13532.8416122087,16.6,1.26,-0.849999999999998
23386,1311997,13791.0362515703,13544.9204458019,17.7,1.1,-0.160000000000004
23387,1311997,13806.1189567537,13556.4563826216,18.99,1.29,0.190000000000001
23388,1311997,13822.5007843428,13568.9462074739,20.6,1.61,0.320000000000004
23389,1311997,13840.4451713239,13582.2103556637,22.32,1.72,0.109999999999996
23390,1311997,13855.2608228869,13591.6184665053,17.59,-4.73,-6.45
23391,1311997,13868.6652468046,13597.5545442874,14.66,-2.93,1.8
23392,1311997,13895.7388714484,13627.2201483756,13.74,-0.92,2.01
23393,1311997,13894.92,13640.16,13.01,-0.73,0.19
23394,1311997,13895.1508068389,13668.046340368,13.2,0.19,0.92
23395,1311997,13895.377083636,13677.6536760451,9.62,-3.58,-3.77
23396,1311997,13895.5572103267,13685.301555122,7.64,-1.98,1.6
23397,1311997,13896.7795050969,13701.7771381254,7.37,-0.27,1.71
23398,1311997,13897.5555549716,13709.900151519,8.16,0.79,1.06
23399,1311997,13898.2507663176,13717.1770176841,7.31,-0.850000000000001,-1.64
23400,1311997,13899.0058932789,13725.0810282655,7.94,0.630000000000001,1.48
23401,1311997,13899.7429504515,13732.7959000548,7.75,-0.19,-0.820000000000001
23402,1311997,13900.4476722127,13740.1723129526,7.4,-0.35,-0.159999999999999
23403,1311997,13901.1923377174,13747.9668221281,7.83,0.43,0.779999999999999
23404,1311997,13901.6621522248,13752.8844307266,4.94,-2.89,-3.32
23405,1311997,13901.8207880929,13755.2585158285,2.39,-2.55,0.339999999999999
23406,1311997,13893.0985858126,13763.5694684905,4.14,1.75,4.3
23407,1311997,13886.6282708028,13764.1899712503,6.49,2.35,0.600000000000001
23408,1311997,13878.6448975139,13764.9555761939,8.02,1.53,-0.820000000000001
23409,1311997,13868.401891137,13765.9378797937,10.28,2.26,0.73
23410,1311997,13856.6756894732,13767.0624217183,11.79,1.51,-0.75
23411,1311997,13843.348998039,13768.627293217,13.42,1.63,0.120000000000001
23412,1311997,13830.0803776743,13770.3501146282,13.38,-0.0399999999999991,-1.67
23413,1311997,13817.248094601,13772.0162812248,12.93,-0.450000000000001,-0.410000000000002
23414,1311997,13804.1959470489,13772.7616068445,13.08,0.15,0.600000000000001
23415,1311997,13790.6185475829,13773.3466912322,13.59,0.51,0.359999999999999
23416,1311997,13777.3808328717,13773.917137747,13.25,-0.34,-0.85
23417,1311997,13764.5457835358,13772.7090069846,12.91,-0.34,0
23418,1311997,13751.9586661096,13771.2621569921,12.67,-0.24,0.0999999999999996
23419,1311997,13735.4861396166,13769.1842514913,10.32,-2.35,-2.11
23420,1311997,13725.6218283127,13767.8812309624,9.95,-0.370000000000001,1.98
23421,1311997,13718.0391607665,13767.0397393538,7.63,-2.32,-1.95
23422,1311997,13710.2985455073,13766.2578983151,7.77,0.14,2.46
23423,1311997,13705.2442620219,13765.7473902846,5.08,-2.69,-2.83
23424,1311997,13702.0458166846,13765.4866597585,3.21,-1.87,0.819999999999999
23425,1311997,13697.4009325327,13772.1598713927,5.23,2.02,3.89
23426,1311997,13697.4637954217,13779.7196100296,7.57,2.34,0.319999999999999
23427,1311997,13697.5428729448,13789.2292812513,9.51,1.94,-0.4
23428,1311997,13697.6347558712,13800.2788992324,11.05,1.54,-0.399999999999999
23429,1311997,13697.739028441,13812.8184657014,12.54,1.49,-0.0500000000000025
23430,1311997,13697.8546096787,13826.7179851527,13.9,1.36,-0.129999999999997
23431,1311997,13697.9746811228,13841.1574859352,14.45,0.549999999999999,-0.810000000000002
23432,1311997,13692.8544924478,13864.2303079067,11.35,-3.1,-3.65
23433,1311997,13688.8832261159,13869.5890213703,6.66,-4.69,-1.59
23434,1311997,13686.2441560794,13873.2091688895,4.49,-2.17,2.52
23435,1311997,13685.2842658509,13874.5017286557,1.61,-2.88,-0.71
23436,1311997,13684.7238330466,13875.2563908795,0.94,-0.67,2.21
23437,1311997,13684.3482238268,13875.7621751358,0.63,-0.31,0.36
23438,1311997,13658.0473532153,13901.9497857725,2.98,2.35,2.66
23439,1311997,13654.9928202818,13904.2270491649,3.81,0.83,-1.52
23440,1311997,13641.9063259411,13909.8287540674,5.52,1.71,0.879999999999999
23441,1311997,13634.9946569293,13911.0572618903,7.02,1.5,-0.21
23442,1311997,13625.8184809763,13912.6882722762,9.32,2.3,0.800000000000001
23443,1311997,13609.2247141158,13914.7207671698,10.7,1.38,-0.920000000000002
23444,1311997,13596.9455088448,13914.8604736905,12.29,1.59,0.210000000000001
23445,1311997,13583.083622367,13915.2035064339,13.87,1.58,-0.00999999999999979
23446,1311997,13569.7531462465,13916.0912036797,13.36,-0.51,-2.09
23447,1311997,13556.0834214822,13917.001492023,13.7,0.34,0.85
23448,1311997,13543.2219067222,13917.8579603985,12.89,-0.809999999999999,-1.15
23449,1311997,13530.250635048,13918.7217376586,13,0.109999999999999,0.919999999999998
23450,1311997,13517.1596285584,13919.5934882472,13.12,0.119999999999999,0.00999999999999979
23451,1311997,13505.4384714422,13920.4853331577,11.76,-1.36,-1.48
23452,1311997,13495.7620577471,13922.0987512686,9.81,-1.95,-0.59
23453,1311997,13486.460469455,13923.6496720418,9.43,-0.380000000000001,1.57
23454,1311997,13477.4622224425,13925.0068118213,9.22,-0.209999999999999,0.170000000000002
23455,1311997,13460.1301101682,13927.3879215969,10.72,1.5,1.71
23456,1311997,13447.7154872267,13929.0843994831,12.53,1.81,0.309999999999999
23457,1311997,13434.6599818935,13930.9869539093,13.2,0.67,-1.14
23458,1311997,13423.5567483221,13933.9039051018,11.48,-1.72,-2.39
23459,1311997,13415.1326050811,13936.1170274787,8.7,-2.78,-1.06
23460,1311997,13406.2635587527,13938.4470311751,9.17,0.470000000000001,3.25
