"V1","V2","V3","V4","V5","acceleration","jerk"
26821,1311383,13488.4433375612,13278.967452312,13.5,-0.23,0
26822,1311383,13497.5522555415,13288.6173493698,13.27,-0.23,0
26823,1311383,13506.6405806402,13298.2454305338,13.23,-0.0399999999999991,0.190000000000001
26824,1311383,13515.4817911592,13307.6117209713,12.89,-0.34,-0.300000000000001
26825,1311383,13524.8378237193,13317.5234087556,13.63,0.74,1.08
26826,1311383,13534.3380064509,13327.5878077971,13.84,0.209999999999999,-0.530000000000001
26827,1311383,13543.522431664,13337.3176964658,13.38,-0.459999999999999,-0.669999999999998
26828,1311383,13552.0890704277,13346.3931083183,12.48,-0.9,-0.440000000000001
26829,1311383,13557.9237202267,13352.5742782498,8.5,-3.98,-3.08
26830,1311383,13560.8363406495,13356.1736024189,4.68,-3.82,0.16
26831,1311383,13562.0125669116,13358.9442687251,3,-1.68,2.14
26832,1311383,13562.5870029931,13360.2973848281,1.47,-1.53,0.15
26833,1311383,13562.6612498335,13360.4722773857,0.19,-1.28,0.25
26834,1311383,13562.6807884758,13360.5183017429,0.05,-0.14,1.14
26835,1311383,13562.6886039327,13360.5367114858,0.02,-0.03,0.11
26836,1311383,13562.6886039327,13360.5367114858,0,-0.02,0.01
26837,1311383,13562.6886039327,13360.5367114858,0,0,0.02
26838,1311383,13562.6886039327,13360.5367114858,0,0,0
26839,1311383,13562.6886039327,13360.5367114858,0,0,0
26840,1311383,13568.9750305561,13361.2479053899,2.46,2.46,2.46
26841,1311383,13572.338082065,13358.85066019,4.12,1.66,-0.8
26842,1311383,13577.2727290733,13355.3331527054,6.06,1.94,0.279999999999999
26843,1311383,13583.8766873632,13350.6257293226,8.12,2.06,0.12
26844,1311383,13592.2476727171,13344.6587364279,10.28,2.16,0.100000000000001
26845,1311383,13601.7912474591,13337.8559001706,11.71,1.43,-0.729999999999999
26846,1311383,13612.3038370426,13330.3623322455,12.92,1.21,-0.220000000000002
26847,1311383,13622.7919976805,13322.8861777238,12.87,-0.0500000000000007,-1.26
26848,1311383,13633.426731992,13315.3055427817,13.06,0.190000000000001,0.240000000000002
26849,1311383,13644.5114345833,13307.460888958,13.58,0.52,0.329999999999998
26850,1311383,13655.5866130119,13299.8115737746,13.46,-0.119999999999999,-0.639999999999999
26851,1311383,13666.5136835566,13292.2645525535,13.28,-0.180000000000001,-0.0600000000000023
26852,1311383,13677.7040570059,13284.5356753994,13.6,0.32,0.500000000000002
26853,1311383,13688.581758256,13277.0227521657,13.22,-0.379999999999999,-0.699999999999999
26895,1311383,14218.3636320454,13277.0556570409,13.39,0.00404761904761905,0.00914399092970519
26896,1311383,14232.5284103557,13279.4543519905,13.15,-0.24,-0.244047619047619
26897,1311383,14245.6319248833,13281.4191438433,13.26,0.109999999999999,0.35
26898,1311383,14258.9134494196,13283.4106272081,13.42,0.16,0.0500000000000007
26899,1311383,14271.7895067139,13285.3413132402,13.03,-0.390000000000001,-0.550000000000001
26900,1311383,14284.7545690125,13287.2853450281,13.11,0.0800000000000001,0.470000000000001
26901,1311383,14298.0954302184,13289.2857255636,13.49,0.380000000000001,0.300000000000001
26902,1311383,14311.4758492039,13291.2920375462,13.53,0.0399999999999991,-0.340000000000002
26903,1311383,14324.4793439911,13293.5552721368,13.2,-0.33,-0.369999999999999
26904,1311383,14337.8229423502,13295.968150673,13.56,0.360000000000001,0.690000000000001
26905,1311383,14350.6745201209,13298.2920587617,13.06,-0.5,-0.860000000000001
26906,1311383,14363.634342421,13300.6355403489,13.17,0.109999999999999,0.609999999999999
26907,1311383,14376.9287387212,13303.0395218403,13.51,0.34,0.23
26908,1311383,14389.6228699036,13305.3349593858,12.9,-0.609999999999999,-0.949999999999999
26909,1311383,14402.6417346743,13307.6891174267,13.23,0.33,0.94
