"V1","V2","V3","V4","V5","acceleration","jerk"
42240,13118,13493.4680006822,13284.2905304178,13.02,0.48,0
42241,13118,13502.727933128,13294.1004106974,13.5,0.48,0
42242,13118,13511.569143647,13303.4667011348,12.87,-0.630000000000001,-1.11
42243,13118,13520.4858613986,13312.9129831832,12.99,0.120000000000001,0.750000000000002
42244,13118,13529.6634223178,13322.6355998873,13.37,0.379999999999999,0.259999999999998
42245,13118,13539.1018264045,13332.6345512471,13.75,0.380000000000001,1.77635683940025e-15
42246,13118,13548.5402304911,13342.633502607,13.75,0,-0.380000000000001
42247,13118,13555.7889248297,13350.3126972514,10.57,-3.18,-3.18
42248,13118,13560.3056302035,13355.0976499748,6.57,-4,-0.82
42249,13118,13561.7781032049,13358.3919764382,3.63,-2.94,1.06
42250,13118,13569.2926068487,13361.0215311458,5.17,1.54,4.48
42251,13118,13574.5366871677,13357.283453885,6.45,1.28,-0.26
42252,13118,13581.0103577478,13352.6689019869,7.94,1.49,0.21
42253,13118,13589.2184834645,13346.8179984482,10.08,2.14,0.649999999999999
42254,13118,13598.4526248957,13340.2357319671,11.34,1.26,-0.88
42255,13118,13608.6476381867,13332.968538286,12.52,1.18,-0.0800000000000001
42256,13118,13619.4045172261,13325.3008363271,13.21,0.690000000000001,-0.489999999999998
42257,13118,13630.4952585218,13317.3951511884,13.62,0.409999999999998,-0.280000000000003
42258,13118,13641.7651454185,13309.3617677583,13.84,0.220000000000001,-0.189999999999998
42259,13118,13652.484575666,13301.9540639857,13.04,-0.800000000000001,-1.02
42260,13118,13663.8641980781,13294.0944778797,13.82,0.780000000000001,1.58
42261,13118,13674.7172146808,13286.5986036398,13.19,-0.630000000000001,-1.41
42262,13118,13685.4879491259,13279.1595593789,13.09,-0.0999999999999996,0.530000000000001
42304,13118,14214.5828161775,13276.4438307806,13.73,0.0152380952380953,0.00274376417233559
42305,13118,14229.4527929836,13278.9931819782,13.87,0.139999999999999,0.124761904761904
42306,13118,14243.0903375372,13281.038048367,13.79,-0.0800000000000001,-0.219999999999999
42307,13118,14256.0850681706,13282.9865287403,13.14,-0.649999999999999,-0.569999999999999
42308,13118,14269.5742710504,13285.0091522024,13.64,0.5,1.15
42309,13118,14282.9250217011,13287.0110155996,13.51,-0.130000000000001,-0.630000000000001
42310,13118,14295.721963436,13288.9298387374,12.94,-0.57,-0.44
42311,13118,14308.4595685013,13290.8397647046,12.87,-0.0700000000000003,0.5
42312,13118,14321.1336039895,13292.9502730938,12.85,-0.0199999999999996,0.0500000000000007
42313,13118,14334.4476811133,13295.3578134031,13.53,0.68,0.699999999999999
42314,13118,14347.8011198842,13297.7724713483,13.58,0.0500000000000007,-0.629999999999999
42315,13118,14360.5247723019,13300.0732471207,12.93,-0.65,-0.700000000000001
42316,13118,14373.7010836609,13302.4558757047,13.39,0.460000000000001,1.11
42317,13118,14386.9757991377,13304.8562983783,13.49,0.0999999999999996,-0.360000000000001
42318,13118,14400.6244502616,13307.3243385919,13.87,0.379999999999999,0.279999999999999
