"V1","V2","V3","V4","V5","acceleration","jerk"
18412,1311934,14398.2125760964,13995.6586367011,12.89,0.16,0
18413,1311934,14385.1986632247,13994.6888059077,13.05,0.16,0
18414,1311934,14371.9218258201,13993.7502844418,13.31,0.26,0.0999999999999996
18415,1311934,14358.6161632865,13992.798593071,13.33,0.0199999999999996,-0.24
18416,1311934,14334.2795667574,13990.1013406353,13.89,0.56,0.540000000000001
18417,1311934,14320.7954933153,13988.4900792012,13.57,-0.32,-0.880000000000001
18418,1311934,14307.5971049053,13986.6292367232,13.33,-0.24,0.0800000000000001
18419,1311934,14294.3456474926,13983.9206646391,13.53,0.199999999999999,0.44
18420,1311934,14281.5527081751,13981.4840530294,13.03,-0.5,-0.699999999999999
18421,1311934,14268.7903551589,13976.3401298681,13.76,0.73,1.23
18422,1311934,14256.4213181703,13972.0656438225,13.09,-0.67,-1.4
18423,1311934,14244.2264612979,13967.9833569803,12.86,-0.23,0.44
18424,1311934,14228.4685133976,13959.2732554862,12.36,-0.5,-0.27
18425,1311934,14215.4075169134,13955.0073475125,13.74,1.38,1.88
18426,1311934,14202.5416386394,13950.585204899,13.14,-0.6,-1.98
18427,1311934,14188.1364824254,13946.262841844,13.12,-0.0200000000000014,0.579999999999998
18428,1311934,14174.6644368536,13944.6726854694,13.57,0.450000000000001,0.470000000000002
18429,1311934,14160.8602956079,13943.1306886907,13.89,0.32,-0.130000000000001
18430,1311934,14147.73161726,13941.6671638913,13.21,-0.68,-1
18431,1311934,14134.9704405029,13939.9415824921,12.89,-0.32,0.359999999999999
18432,1311934,14121.6646268402,13936.9865490283,13.63,0.74,1.06
18433,1311934,14108.8791950551,13933.6650475243,13.21,-0.42,-1.16
18434,1311934,14096.8823956154,13928.5745066456,13.09,-0.120000000000001,0.299999999999999
18435,1311934,14085.6097413404,13920.5842784027,13.82,0.73,0.850000000000001
18436,1311934,14074.9406880324,13913.3315193737,12.93,-0.890000000000001,-1.62
18437,1311934,14063.367269614,13907.6336262445,12.9,-0.0299999999999994,0.860000000000001
18438,1311934,14053.9823841988,13902.8154874601,10.56,-2.34,-2.31
18439,1311934,14047.2903650281,13899.8517519808,7.32,-3.24,-0.9
18440,1311934,14043.259191815,13898.0883341273,4.39,-2.93,0.31
18441,1311934,14041.8023116548,13897.0499298131,1.88,-2.51,0.420000000000001
18442,1311934,14041.32,13896.23,1.31,-0.57,1.94
18443,1311934,14041.32,13896.23,0.44,-0.87,-0.3
18444,1311934,14041.32,13896.23,0.22,-0.22,0.65
18445,1311934,14041.32,13896.23,0.14,-0.08,0.14
18446,1311934,14041.32,13896.23,0.01,-0.13,-0.05
18447,1311934,14041.32,13896.23,0,-0.01,0.12
18448,1311934,14041.32,13896.23,0,0,0.01
18449,1311934,14041.32,13896.23,0,0,0
18450,1311934,14041.32,13896.23,0,0,0
18451,1311934,14041.32,13896.23,0,0,0
18452,1311934,14041.32,13896.23,0,0,0
18453,1311934,14041.32,13896.23,0,0,0
18454,1311934,14041.32,13896.23,0,0,0
18455,1311934,14041.32,13896.23,0,0,0
18456,1311934,14041.32,13896.23,0,0,0
18457,1311934,14041.32,13896.23,0,0,0
18458,1311934,14041.32,13896.23,0,0,0
18459,1311934,14041.32,13896.23,0,0,0
18460,1311934,14041.32,13896.23,0,0,0
18461,1311934,14041.32,13896.23,0,0,0
18462,1311934,14041.32,13896.23,0,0,0
18463,1311934,14041.32,13896.23,0,0,0
18464,1311934,14041.32,13896.23,0,0,0
18465,1311934,14041.32,13896.23,0,0,0
18466,1311934,14041.32,13896.23,0,0,0
18467,1311934,14041.32,13896.23,0,0,0
18468,1311934,14041.32,13896.23,0,0,0
18469,1311934,14041.32,13896.23,0,0,0
18470,1311934,14041.32,13896.23,0,0,0
18471,1311934,14041.32,13896.23,0,0,0
18472,1311934,14041.32,13896.23,0,0,0
18473,1311934,14041.32,13896.23,0,0,0
18474,1311934,14041.32,13896.23,0,0,0
18475,1311934,14041.32,13896.23,0,0,0
18476,1311934,14041.32,13896.23,0,0,0
18477,1311934,14041.32,13896.23,0,0,0
18478,1311934,14041.32,13896.23,0,0,0
18479,1311934,14041.32,13896.23,0,0,0
18480,1311934,14025.520157794,13886.6752480276,2.03,2.03,2.03
18481,1311934,14021.7604515096,13886.7222443561,3.75,1.72,-0.31
18482,1311934,14015.8909100496,13886.7956136244,5.87,2.12,0.4
18483,1311934,14008.6021956614,13885.3409212559,7.49,1.62,-0.5
18484,1311934,13999.5435340666,13882.8308116743,9.4,1.91,0.29
18485,1311934,13989.1792201923,13883.3833332182,10.78,1.38,-0.530000000000001
18486,1311934,13976.401537363,13881.3025047901,12.97,2.19,0.810000000000002
18487,1311934,13963.5934105852,13881.7360380633,12.9,-0.0700000000000003,-2.26
18488,1311934,13940.5817409244,13882.4078446078,13.55,0.65,0.720000000000001
18489,1311934,13927.1352620421,13882.1001017469,13.45,-0.100000000000001,-0.750000000000002
18490,1311934,13914.4348724794,13880.0994971599,12.87,-0.58,-0.479999999999999
18491,1311934,13901.0538126098,13877.7835444902,13.58,0.710000000000001,1.29
18492,1311934,13882.3838401355,13876.9716656525,12.86,-0.720000000000001,-1.43
18493,1311934,13869.0368394102,13874.9091341131,13.51,0.65,1.37
18494,1311934,13855.8081768205,13873.5334575205,13.3,-0.209999999999999,-0.859999999999999
18495,1311934,13842.1427809987,13872.1035891336,13.74,0.44,0.649999999999999
18496,1311934,13828.9030867703,13871.2466216123,13.28,-0.460000000000001,-0.9
18497,1311934,13815.1950832706,13871.0126556882,13.71,0.430000000000001,0.890000000000002
18498,1311934,13802.364416233,13871.5669766893,12.85,-0.860000000000001,-1.29
18499,1311934,13789.1500212484,13872.3899986766,13.24,0.390000000000001,1.25
18500,1311934,13775.8585036862,13871.0077182124,13.57,0.33,-0.0600000000000005
18501,1311934,13762.9451311275,13873.1398794369,13.09,-0.48,-0.81
18502,1311934,13740.2378407336,13874.4932344035,12.99,-0.0999999999999996,0.380000000000001
18503,1311934,13727.3444868224,13877.4587571097,13.23,0.24,0.34
18504,1311934,13715.2065218247,13881.7569727636,12.91,-0.32,-0.56
18505,1311934,13703.4004581847,13892.5169260476,10.69,-2.22,-1.9
18506,1311934,13696.4994465138,13892.1645939337,6.91,-3.78,-1.56
18507,1311934,13693.4234528892,13892.0075486499,3.08,-3.83,-0.0500000000000007
18508,1311934,13691.8554951,13891.9274963462,1.57,-1.51,2.32
18509,1311934,13690.8967438404,13891.8785471668,0.97,-0.6,0.91
18510,1311934,13690.467303172,13891.8566220135,0.42,-0.55,0.05
18511,1311934,13658.640622079,13901.5074826465,2.11,1.69,2.24
18512,1311934,13656.1312551284,13903.3783053284,3.12,1.01,-0.68
18513,1311934,13643.6785487647,13909.5137520616,5.15,2.03,1.02
18514,1311934,13636.7570340705,13910.7440098956,7.03,1.88,-0.15
18515,1311934,13627.9943767763,13912.3015198134,8.9,1.87,-0.00999999999999979
18516,1311934,13611.6632726991,13914.6596909963,10.48,1.58,-0.29
18517,1311934,13599.9153166343,13914.8266847356,11.75,1.27,-0.31
18518,1311934,13586.5961786693,13914.9782230789,13.32,1.57,0.300000000000001
18519,1311934,13573.1755663882,13915.8632993718,13.45,0.129999999999999,-1.44
18520,1311934,13559.7952007612,13916.7543188378,13.41,-0.0399999999999991,-0.169999999999998
18521,1311934,13545.9358958725,13917.677231618,13.88,0.470000000000001,0.51
18522,1311934,13532.3459943184,13918.5822044089,13.62,-0.260000000000002,-0.730000000000002
18523,1311934,13518.7560927644,13919.4871771998,13.62,0,0.260000000000002
18524,1311934,13505.8527521509,13920.416257153,12.94,-0.68,-0.68
18525,1311934,13493.0199140088,13922.5559686333,13.01,0.0700000000000003,0.75
18526,1311934,13480.3842630586,13924.6016221892,12.94,-0.0700000000000003,-0.140000000000001
18527,1311934,13460.8732041193,13927.2863766317,12.92,-0.0199999999999996,0.0500000000000007
18528,1311934,13448.0919881618,13929.032950034,12.89,-0.0299999999999994,-0.00999999999999979
18529,1311934,13434.6599818935,13930.9869539093,13.59,0.699999999999999,0.729999999999999
18530,1311934,13421.4096073353,13934.4679845136,13.69,0.0999999999999996,-0.6
18531,1311934,13410.035563189,13937.4560808571,11.76,-1.93,-2.03
