"V1","V2","V3","V4","V5","acceleration","jerk"
58261,1313170,14154.0587960453,13285.0726076728,13.51,-0.299999999999999,0
58262,1313170,14152.442321728,13298.1833327016,13.21,-0.299999999999999,0
58263,1313170,14150.7842424699,13311.6315025836,13.55,0.34,0.639999999999999
58264,1313170,14148.2947219243,13324.7051811673,13.34,-0.210000000000001,-0.550000000000001
58265,1313170,14144.812802299,13337.7898223822,13.54,0.199999999999999,0.41
58266,1313170,14141.932643677,13348.6952704153,11.28,-2.26,-2.46
58267,1313170,14140.5460038138,13355.5973592216,7.04,-4.24,-1.98
58268,1313170,14139.5257205054,13360.6758847921,5.18,-1.86,2.38
58269,1313170,14138.0087087488,13368.9136264735,3.36,-1.82,0.0400000000000005
58270,1313170,14133.5325723206,13382.2887037226,4.85,1.49,3.31
58271,1313170,14132.4009846447,13384.4165216969,2.41,-2.44,-3.93
58272,1313170,14127.4595087332,13392.264970794,4.49,2.08,4.52
58273,1313170,14124.7666935026,13397.8718546107,6.23,1.74,-0.34
58274,1313170,14121.3552169726,13404.9751093496,7.88,1.65,-0.0900000000000007
58275,1313170,14115.5345000197,13417.5403807711,9.26,1.38,-0.27
58276,1313170,14114.4036896489,13423.0148093171,5.59,-3.67,-5.05
58277,1313170,14113.7482646755,13426.1878233581,3.24,-2.35,1.32
58278,1313170,14107.9562798861,13440.4628655388,5.34,2.1,4.45
58279,1313170,14107.0412578791,13447.0698039165,6.67,1.33,-0.77
58280,1313170,14105.8107110422,13455.9549969072,8.97,2.3,0.970000000000001
58281,1313170,14104.3620405184,13466.4151572174,10.56,1.59,-0.710000000000001
58282,1313170,14106.4018089871,13478.9282510514,12.13,1.57,-0.0199999999999996
58283,1313170,14105.2870263265,13492.5326532661,13.65,1.52,-0.0500000000000007
58284,1313170,14104.2197330453,13506.1001099244,13.61,-0.0400000000000009,-1.56
58285,1313170,14103.5425624311,13519.5931281175,13.51,-0.0999999999999996,-0.0599999999999987
58286,1313170,14102.8638881071,13533.1161086011,13.54,0.0299999999999994,0.129999999999999
58287,1313170,14102.2187966337,13545.9699312618,12.87,-0.67,-0.699999999999999
58288,1313170,14102.3608558332,13567.3456220486,13.44,0.57,1.24
58289,1313170,14103.4068396133,13580.815069622,13.51,0.0700000000000003,-0.5
58290,1313170,14104.4295965145,13593.9854176933,13.21,-0.299999999999999,-0.369999999999999
58291,1313170,14105.468612231,13607.3651354161,13.42,0.209999999999999,0.509999999999998
58292,1313170,14106.4813041513,13620.4058737033,13.08,-0.34,-0.549999999999999
58293,1313170,14107.1207861961,13634.2770991139,13.89,0.81,1.15
58294,1313170,14107.4913148056,13647.7219943738,13.46,-0.43,-1.24
58295,1313170,14107.6652706097,13660.8185317016,13.1,-0.360000000000001,0.0699999999999985
58296,1313170,14107.5480302586,13671.0978631341,10.27,-2.83,-2.47
58297,1313170,14107.4758384859,13677.4274514578,6.34,-3.93,-1.1
58298,1313170,14107.4402558113,13680.5472485463,3.11,-3.23,0.7
58299,1313170,14107.4267982612,13681.7271718041,1.18,-1.93,1.3
58300,1313170,14107.4168761693,13682.597115223,0.88,-0.3,1.63
58301,1313170,14107.4129985701,13682.9370931109,0.34,-0.54,-0.24
58302,1313170,14097.0925063567,13691.9656055044,2.71,2.37,2.91
58303,1313170,14092.3183979287,13691.055947191,4.85,2.14,-0.23
58304,1313170,14085.8207402438,13690.0847361509,6.57,1.72,-0.419999999999999
58305,1313170,14077.5511054879,13688.85887278,8.36,1.79,0.0699999999999985
58306,1313170,14067.3030892115,13687.3397406602,10.36,2,0.210000000000001
58307,1313170,14055.7196654086,13685.6226521347,11.7,1.34,-0.66
58308,1313170,14042.1776439005,13683.6152275477,13.69,1.99,0.65
58309,1313170,14026.0552885711,13684.5664713515,15.67,1.98,-0.00999999999999979
58310,1313170,14009.2952657113,13680.8535991442,17.17,1.5,-0.479999999999999
58311,1313170,13992.1665105727,13674.2806945065,18.39,1.22,-0.280000000000003
58312,1313170,13975.134866113,13665.0011557243,19.41,1.02,-0.199999999999999
58313,1313170,13958.0973630482,13653.6726479092,20.46,1.05,0.0300000000000011
58314,1313170,13941.6427657579,13642.7317234504,19.76,-0.699999999999999,-1.75
58315,1313170,13927.7301375954,13634.9739735958,15.96,-3.8,-3.1
58316,1313170,13917.2508176478,13629.5713859347,11.78,-4.18,-0.380000000000001
58317,1313170,13909.6045781438,13625.1800109034,8.83,-2.95,1.23
58318,1313170,13904.4143091286,13622.5052086023,5.85,-2.98,-0.0300000000000011
58319,1313170,13895.9439788581,13626.1496200245,7.35,1.5,4.48
58320,1313170,13894.9742557067,13635.6025206359,9.53,2.18,0.68
58321,1313170,13894.9619681383,13660.0285638717,9.74,0.210000000000001,-1.97
58322,1313170,13895.1491586208,13667.9763597752,7.95,-1.79,-2
58323,1313170,13895.3309335296,13675.694219445,7.71,-0.24,1.55
58324,1313170,13895.5138857371,13683.4620652525,7.78,0.0700000000000003,0.31
58325,1313170,13896.6111707491,13700.0151609555,7.44,-0.34,-0.41
58326,1313170,13897.3891227068,13708.1580836956,8.18,0.739999999999999,1.08
58327,1313170,13898.0757746792,13715.3453578012,7.22,-0.96,-1.7
58328,1313170,13898.7643287346,13722.5525412533,7.24,0.0200000000000005,0.98
58329,1313170,13899.5166025714,13730.426687815,7.91,0.67,0.649999999999999
58330,1313170,13900.1870868381,13737.4447324749,7.05,-0.86,-1.53
58331,1313170,13900.7358377911,13743.1885789554,5.77,-1.28,-0.42
58332,1313170,13901.236085627,13748.4247370988,5.26,-0.51,0.77
58333,1313170,13901.7629626252,13753.9396260939,5.54,0.28,0.79
58334,1313170,13890.8489070553,13763.785212527,7.72,2.18,1.9
58335,1313170,13881.083708556,13764.7216943845,9.81,2.09,-0.089999999999999
58336,1313170,13869.6660911466,13765.8166431006,11.47,1.66,-0.430000000000001
58337,1313170,13856.8946847505,13767.0414200865,12.84,1.37,-0.290000000000001
58338,1313170,13843.1407461499,13768.6543330149,13.85,1.01,-0.359999999999999
58339,1313170,13829.9514598381,13770.3668535508,13.3,-0.549999999999999,-1.56
58340,1313170,13816.5440048806,13772.107701494,13.52,0.219999999999999,0.769999999999998
58341,1313170,13803.6864199166,13772.7835636538,12.88,-0.639999999999999,-0.859999999999998
58342,1313170,13790.5685939425,13773.3488438605,13.13,0.25,0.889999999999999
58343,1313170,13777.8803692759,13773.8956114634,12.7,-0.430000000000001,-0.680000000000001
58344,1313170,13766.2048589976,13772.8997125479,11.74,-0.959999999999999,-0.529999999999998
58345,1313170,13753.279965729,13771.4140362731,13.01,1.27,2.23
58346,1313170,13737.9348681514,13769.5077148789,9.18,-3.83,-5.1
58347,1313170,13730.8067879227,13768.5661352203,7.19,-1.99,1.84
58348,1313170,13723.9265547117,13767.6572947711,6.93,-0.260000000000001,1.73
58349,1313170,13716.8253367798,13766.9171370315,7.14,0.21,0.470000000000001
58350,1313170,13713.1241685582,13766.5433004423,3.72,-3.42,-3.63
58351,1313170,13709.1643165362,13766.1433354893,3.98,0.26,3.68
58352,1313170,13705.2741101527,13765.7504050958,3.91,-0.0699999999999998,-0.33
58353,1313170,13702.4752605423,13765.5085223549,2.81,-1.1,-1.03
58354,1313170,13697.3922847278,13771.1199073474,4.62,1.81,2.91
58355,1313170,13697.4445873167,13777.4096898905,6.29,1.67,-0.14
58356,1313170,13697.512106716,13785.5294091671,8.12,1.83,0.159999999999999
58357,1313170,13697.591516847,13795.079079006,9.56,1.44,-0.389999999999998
58358,1313170,13697.6893867152,13806.8486720953,11.76,2.2,0.759999999999998
58359,1313170,13697.8000619867,13820.158211944,13.31,1.55,-0.649999999999999
58360,1313170,13697.9193019111,13834.4977161837,14.34,1.03,-0.520000000000001
58361,1313170,13698.0066946311,13845.0073528336,10.5,-3.84,-4.87
58362,1313170,13693.3401545298,13863.5820546059,6.7,-3.8,0.04
58363,1313170,13690.2061871966,13867.7690559917,5.23,-1.47,2.33
58364,1313170,13687.8130975973,13871.0611711431,4.07,-1.16,0.31
58365,1313170,13685.5704443041,13874.1163692223,3.79,-0.28,0.88
58366,1313170,13684.7238330466,13875.2563908795,1.43,-2.36,-2.08
58367,1313170,13684.2587930601,13875.8825999587,0.77,-0.66,1.7
58368,1313170,13659.6427654299,13900.7603489875,0.84,0.07,0.73
58369,1313170,13659.5625939618,13900.8201196802,0.1,-0.74,-0.81
58370,1313170,13659.514491081,13900.8559820959,0.06,-0.04,0.7
58371,1313170,13657.5502901133,13902.3203640674,2.45,2.39,2.43
58372,1313170,13655.3936776222,13903.9281957013,2.7,0.25,-2.14
58373,1313170,13643.8459253647,13909.4840018721,4.05,1.35,1.1
58374,1313170,13641.9949370823,13909.8130039671,1.88,-2.17,-3.52
58375,1313170,13640.1931772117,13910.1332560064,1.83,-0.0499999999999998,2.12
58376,1313170,13637.2493181881,13910.6565093384,2.98,1.15,1.2
58377,1313170,13632.7892240822,13911.4492643865,4.54,1.56,0.41
58378,1313170,13626.6849010233,13912.5342712955,6.19,1.65,0.0900000000000003
58379,1313170,13612.2520023751,13914.6209951491,8.56,2.37,0.72
58380,1313170,13603.0651127746,13914.7908479652,9.19,0.629999999999999,-1.74
58381,1313170,13592.43580072,13914.9117828443,10.64,1.45,0.820000000000002
58382,1313170,13579.8408044485,13915.419450749,12.61,1.97,0.519999999999998
58383,1313170,13566.6699747485,13916.2965168899,13.2,0.59,-1.38
58384,1313170,13553.129962701,13917.1981674606,13.56,0.360000000000001,-0.229999999999999
58385,1313170,13539.9491550998,13918.0758980457,13.22,-0.34,-0.700000000000001
58386,1313170,13526.6186789792,13918.9635952914,13.36,0.139999999999999,0.479999999999999
58387,1313170,13515.1440924982,13919.7277059445,11.5,-1.86,-2
58388,1313170,13504.1759016635,13920.6958505055,11.01,-0.49,1.37
58389,1313170,13492.8127736545,13922.5905066357,11.53,0.52,1.01
58390,1313170,13481.761088976,13924.4107023287,11.32,-0.209999999999999,-0.729999999999999
58391,1313170,13463.5681581816,13926.918106891,11.59,0.27,0.479999999999999
58392,1313170,13454.8194653983,13928.1136296152,8.83,-2.76,-3.03
58393,1313170,13445.1790598739,13929.4310062978,9.73,0.9,3.66
58394,1313170,13435.8656156878,13930.7037031956,9.4,-0.33,-1.23
58395,1313170,13427.6866095895,13932.8189415485,8.46,-0.94,-0.609999999999999
58396,1313170,13418.9916557736,13935.1032090764,8.99,0.529999999999999,1.47
58397,1313170,13410.9543847825,13937.2146955233,8.3,-0.69,-1.22
