"V1","V2","V3","V4","V5","acceleration","jerk"
34413,1313856,13491.7725200936,13282.4943551553,13.49,0.369999999999999,0
34414,1313856,13501.2864314129,13292.573298126,13.86,0.369999999999999,0
34415,1313856,13510.6561925608,13302.4995298396,13.65,-0.209999999999999,-0.579999999999998
34416,1313856,13519.7582462472,13312.1421549329,13.27,-0.380000000000001,-0.170000000000002
34417,1313856,13529.1211431012,13322.0611146818,13.64,0.370000000000001,0.750000000000002
34418,1313856,13538.490904249,13331.9873463955,13.65,0.00999999999999979,-0.360000000000001
34419,1313856,13547.8743939847,13341.9281220383,13.67,0.0199999999999996,0.00999999999999979
34420,1313856,13555.0956311477,13349.5782288242,10.53,-3.14,-3.16
34421,1313856,13559.9075011584,13354.6758760266,7.01,-3.52,-0.379999999999999
34422,1313856,13561.7741954764,13358.3827715667,4.19,-2.82,0.7
34423,1313856,13570.1069050349,13360.4410843662,6.18,1.99,4.81
34424,1313856,13576.5561466694,13355.8439458715,7.92,1.74,-0.249999999999999
34425,1313856,13584.3164083837,13350.3122880616,9.53,1.61,-0.130000000000001
34426,1313856,13593.0945428307,13344.0550717771,10.78,1.25,-0.359999999999999
34427,1313856,13602.9801228109,13337.0084478723,12.13,1.35,0.100000000000001
34428,1313856,13613.8998614875,13329.2246565574,13.41,1.28,-0.0700000000000021
34429,1313856,13624.9743168195,13321.3305803544,13.6,0.19,-1.09
34430,1313856,13636.0243432059,13313.4539175547,13.56,-0.0399999999999991,-0.229999999999999
34431,1313856,13646.6754553313,13305.9662605084,13.02,-0.540000000000001,-0.500000000000002
34432,1313856,13657.6765798179,13298.3680923061,13.37,0.35,0.890000000000001
34433,1313856,13668.7106171676,13290.7471921122,13.41,0.0400000000000009,-0.309999999999999
34434,1313856,13679.5224926915,13283.2797328618,13.14,-0.27,-0.31
34435,1313856,13690.490704315,13275.7042966512,13.33,0.19,0.459999999999999
34476,1313856,14206.9224686226,13275.2042036841,12.97,-0.00878048780487804,-0.00484830458060677
34477,1313856,14220.4070494988,13277.3863307638,13.67,0.699999999999999,0.708780487804877
34478,1313856,14235.188671041,13279.8532418082,13.76,0.0899999999999999,-0.609999999999999
34479,1313856,14248.8064367048,13281.8951424733,13.77,0.00999999999999979,-0.0800000000000001
34480,1313856,14262.3154184743,13283.920731659,13.67,-0.0999999999999996,-0.109999999999999
34481,1313856,14275.2409229933,13285.8588319999,13.06,-0.609999999999999,-0.51
34482,1313856,14288.2257641817,13287.8058295114,13.14,0.0800000000000001,0.69
34483,1313856,14301.7149670615,13289.8284529735,13.64,0.5,0.42
34484,1313856,14314.6389322218,13291.7758631868,13.06,-0.58,-1.08
34485,1313856,14327.3330634042,13294.0713007323,12.91,-0.15,0.43
34486,1313856,14340.5388959985,13296.4592675432,13.41,0.5,0.65
34487,1313856,14353.8726539459,13298.8703666704,13.55,0.140000000000001,-0.359999999999999
34488,1313856,14366.5372638929,13301.1604659891,12.87,-0.680000000000001,-0.820000000000002
34489,1313856,14379.7726177226,13303.5537710269,13.45,0.58,1.26
34490,1313856,14392.9095674345,13305.9292819751,13.35,-0.0999999999999996,-0.68
