"V1","V2","V3","V4","V5","acceleration","jerk"
58355,1313887,13410.8034070535,13365.6823113504,13.08,0.289999999999999,0
58356,1313887,13423.9405379403,13368.1668016528,13.37,0.289999999999999,0
58357,1313887,13436.9204555929,13370.621559835,13.21,-0.159999999999998,-0.449999999999998
58358,1313887,13459.2857147515,13373.4430097184,13.37,0.159999999999998,0.319999999999997
58359,1313887,13472.1401244872,13374.2545208691,12.87,-0.5,-0.659999999999998
58360,1313887,13486.6323294079,13371.8624877823,13.88,1.01,1.51
58361,1313887,13499.5565169139,13372.67972539,12.95,-0.930000000000001,-1.94
58362,1313887,13512.3908838119,13373.4912833541,12.85,-0.0999999999999996,0.830000000000002
58363,1313887,13525.2204908724,13373.9141456476,12.87,0.0199999999999996,0.119999999999999
58364,1313887,13539.0272981428,13372.7010203459,13.86,0.99,0.970000000000001
58365,1313887,13551.8719511143,13370.3016119978,13.13,-0.729999999999999,-1.72
58366,1313887,13573.2093811243,13358.2295821358,12.98,-0.15,0.579999999999998
58367,1313887,13584.4629820572,13350.2078076412,13.81,0.83,0.98
58368,1313887,13595.5374373892,13342.3137314382,13.6,-0.210000000000001,-1.04
58369,1313887,13606.0825989002,13334.7969456419,12.95,-0.65,-0.44
58370,1313887,13617.0919103773,13326.9493051812,13.52,0.57,1.22
58371,1313887,13628.1582227275,13319.061033446,13.59,0.0700000000000003,-0.5
58372,1313887,13638.7848140571,13311.4862029717,13.05,-0.539999999999999,-0.609999999999999
58373,1313887,13649.711666951,13303.8692342805,13.32,0.27,0.809999999999999
58374,1313887,13660.8362146742,13296.1858211096,13.53,0.209999999999999,-0.0600000000000005
58375,1313887,13671.4177001564,13288.8774858007,12.86,-0.67,-0.879999999999999
58376,1313887,13682.6245300373,13281.1372426507,13.62,0.76,1.43
58418,1313887,14211.8681311548,13276.004529941,13.61,-0.000238095238095233,-0.0181009070294785
58419,1313887,14226.3573967216,13278.5290462424,13.49,-0.119999999999999,-0.119761904761904
58420,1313887,14240.0443884999,13280.58132694,13.84,0.35,0.469999999999999
58421,1313887,14253.622596384,13282.6172961581,13.74,-0.0999999999999996,-0.449999999999999
58422,1313887,14266.7458898014,13284.5850537345,13.27,-0.470000000000001,-0.370000000000001
58423,1313887,14280.2153137913,13286.6047114731,13.62,0.35,0.82
58424,1313887,14293.2298233145,13288.5561575699,13.16,-0.459999999999999,-0.809999999999999
58425,1313887,14306.2937800624,13290.5150179757,13.22,0.0600000000000005,0.52
58426,1313887,14319.5984997535,13292.6726852976,13.48,0.26,0.199999999999999
58427,1313887,14332.9224172891,13295.0820050159,13.54,0.0599999999999987,-0.200000000000001
58428,1313887,14345.9904841187,13297.4450601015,13.28,-0.26,-0.319999999999999
58429,1313887,14359.0979125953,13299.8152328229,13.32,0.0400000000000009,0.300000000000001
58430,1313887,14372.0183732484,13302.1515967743,13.13,-0.19,-0.23
58431,1313887,14384.958514725,13304.4915195435,13.14,0.00999999999999979,0.199999999999999
58432,1313887,14398.2037089664,13306.8866039902,13.46,0.32,0.31
