"V1","V2","V3","V4","V5","acceleration","jerk"
38779,1315772,14344.450013266,13300.5281720622,27.35,0.0899999999999999,0
38780,1315772,14344.7609457423,13328.2731150153,27.44,0.0899999999999999,0
38781,1315772,14343.5005264795,13355.3692409675,27.13,-0.310000000000002,-0.400000000000002
38782,1315772,14342.7867447397,13382.8093667692,27.45,0.32,0.630000000000003
38783,1315772,14341.9616364647,13409.8968029036,27.1,-0.349999999999998,-0.669999999999998
38784,1315772,14340.1214483233,13451.2033966693,27.5,0.399999999999999,0.749999999999996
38785,1315772,14342.1392132186,13478.1319945205,27.02,-0.48,-0.879999999999999
38786,1315772,14346.9709501811,13504.7981935403,27.12,0.100000000000001,0.580000000000002
38787,1315772,14354.0142354311,13530.8985052439,27.03,-0.0899999999999999,-0.190000000000001
38788,1315772,14361.7159080116,13557.0583435358,27.27,0.239999999999998,0.329999999999998
38789,1315772,14368.1641434773,13583.3499951404,27.08,-0.190000000000001,-0.43
38790,1315772,14374.1309005174,13609.9896188046,27.31,0.23,0.420000000000002
38791,1315772,14378.6255195283,13634.8431755358,25.29,-2.02,-2.25
38792,1315772,14380.9181235203,13656.0797846563,21.36,-3.93,-1.91
38793,1315772,14382.7051954522,13672.6336021589,16.65,-4.71,-0.780000000000001
38794,1315772,14384.1563193272,13686.0755008157,13.52,-3.13,1.58
38795,1315772,14385.2478821829,13696.1867515065,10.17,-3.35,-0.220000000000001
38796,1315772,14385.9466112086,13702.6591450165,6.51,-3.66,-0.31
38797,1315772,14382.1113322085,13707.4650968286,3.16,-3.35,0.31
38798,1315772,14367.1563635982,13706.6501253943,5.11,1.95,5.3
38799,1315772,14360.2902625048,13707.0872246681,6.88,1.77,-0.180000000000001
38800,1315772,14344.8824078075,13708.1783424444,9.17,2.29,0.52
38801,1315772,14327.4600009768,13708.7364640889,11.04,1.87,-0.420000000000001
38802,1315772,14314.486767496,13708.5985773268,12.98,1.94,0.0700000000000021
38803,1315772,14301.6350491732,13707.2720268559,12.93,-0.0500000000000007,-1.99
38804,1315772,14276.3156071143,13705.1027889939,13.1,0.17,0.220000000000001
38805,1315772,14263.5074695148,13703.9490077179,12.86,-0.24,-0.41
38806,1315772,14250.6694529007,13702.7925348837,12.89,0.0300000000000011,0.270000000000001
38807,1315772,14237.1840576366,13701.5777449554,13.54,0.649999999999999,0.619999999999997
38808,1315772,14224.3062023363,13700.417683377,12.93,-0.609999999999999,-1.26
38809,1315772,14210.5153250799,13699.2612038982,13.84,0.91,1.52
38810,1315772,14197.6042512978,13698.3964647499,12.94,-0.9,-1.81
38811,1315772,14184.0845411165,13697.4909612368,13.55,0.610000000000001,1.51
38812,1315772,14170.6246968105,13696.5894673334,13.49,-0.0600000000000005,-0.670000000000002
38813,1315772,14157.4924826582,13696.7615699501,13.14,-0.35,-0.289999999999999
38814,1315772,14147.7122976163,13697.1998398963,9.79,-3.35,-3
38815,1315772,14140.3996362775,13697.5275350961,7.32,-2.47,0.880000000000003
38816,1315772,14136.8032454551,13697.6886966698,3.59,-3.73,-1.26
38817,1315772,14123.6491674438,13702.2890769713,5.12,1.53,5.26
38818,1315772,14117.7985581901,13699.1490178381,6.64,1.52,-0.0100000000000007
38819,1315772,14110.2134909772,13695.6504423084,8.36,1.72,0.2
38820,1315772,14092.7113096179,13691.1309165478,10.11,1.75,0.0300000000000002
38821,1315772,14080.9539217033,13689.3632950283,11.89,1.78,0.0300000000000011
38822,1315772,14067.3327649343,13687.3441396914,13.78,1.89,0.109999999999998
38823,1315772,14051.556584653,13688.3469869432,15.32,1.54,-0.349999999999998
38824,1315772,14035.1855043522,13685.9200073837,16.55,1.23,-0.31
38825,1315772,14017.3879034144,13682.6972951621,18.1,1.55,0.32
38826,1315772,13998.5431523486,13677.1000595107,19.68,1.58,0.0299999999999976
38827,1315772,13979.6104096564,13667.7131051634,21.16,1.48,-0.0999999999999979
38828,1315772,13960.6205123291,13655.3503301516,22.68,1.52,0.0399999999999991
38829,1315772,13943.6163181657,13644.0439699568,20.42,-2.26,-3.78
38830,1315772,13929.3566987068,13635.8125431819,16.49,-3.93,-1.67000000000001
38831,1315772,13918.5751761484,13630.254155707,12.13,-4.36,-0.429999999999994
38832,1315772,13910.3794655163,13625.6377767385,9.42,-2.71,1.65
38833,1315772,13904.8360992402,13622.6887654101,6.29,-3.13,-0.419999999999999
38834,1315772,13895.964677771,13626.0415850533,7.69,1.4,4.53
38835,1315772,13894.9799695875,13635.1225546459,9.17,1.48,0.0799999999999992
38836,1315772,13894.9697383093,13660.3584723809,10.54,1.37,-0.11
38837,1315772,13895.2683012424,13673.0349569162,12.68,2.14,0.770000000000001
38838,1315772,13888.5400088768,13691.9434745384,13.07,0.390000000000001,-1.75
38839,1315772,13874.9601861525,13692.0128631137,13.58,0.51,0.119999999999999
38840,1315772,13861.7803582064,13692.0802078428,13.18,-0.4,-0.91
38841,1315772,13848.1805357431,13692.1496986104,13.6,0.42,0.82
38842,1315772,13834.9307087109,13692.2174010127,13.25,-0.35,-0.77
38843,1315772,13821.1208889889,13692.2879647995,13.81,0.56,0.91
38844,1315772,13808.1510583015,13692.3542365094,12.97,-0.84,-1.4
38845,1315772,13794.6312347939,13692.4233185078,13.52,0.549999999999999,1.39
38846,1315772,13780.8914141582,13692.4935246215,13.75,0.23,-0.319999999999999
38847,1315772,13757.0236290564,13691.1005124931,13.8,0.0500000000000007,-0.18
38848,1315772,13743.4089621659,13689.573801826,13.7,-0.100000000000001,-0.150000000000002
38849,1315772,13730.23155465,13688.0961242022,13.26,-0.44,-0.339999999999998
38850,1315772,13717.2727768214,13686.6429631,13.04,-0.220000000000001,0.219999999999999
38851,1315772,13708.6865927387,13685.6801324311,8.64,-4.4,-4.18
38852,1315772,13702.4953975031,13684.9858691131,6.23,-2.41,1.99
38853,1315772,13699.3948310287,13684.6381802605,3.12,-3.11,-0.7
38854,1315772,13697.8445477916,13684.4643358341,1.56,-1.56,1.55
38855,1315772,13697.5364786868,13684.4297898264,0.31,-1.25,0.31
38856,1315772,13697.4470392692,13684.4197603402,0.09,-0.22,1.03
38857,1315772,13697.3774752778,13684.4119596288,0.06,-0.03,0.19
38858,1315772,13697.3675375648,13684.4108452414,0.01,-0.05,-0.02
38859,1315772,13697.36,13684.41,0.01,0,0.05
38860,1315772,13697.36,13684.41,0,-0.01,-0.01
38861,1315772,13697.36,13684.41,0,0,0.01
38862,1315772,13697.36,13684.41,0,0,0
38863,1315772,13697.36,13684.41,0,0,0
38864,1315772,13697.36,13684.41,0,0,0
38865,1315772,13697.36,13684.41,0,0,0
38866,1315772,13697.36,13684.41,0,0,0
38867,1315772,13697.36,13684.41,0,0,0
38868,1315772,13697.36,13684.41,0,0,0
38869,1315772,13697.36,13684.41,0,0,0
38870,1315772,13697.36,13684.41,0,0,0
38871,1315772,13697.36,13684.41,0,0,0
38872,1315772,13697.36,13684.41,0,0,0
38873,1315772,13697.36,13684.41,0,0,0
38874,1315772,13697.36,13684.41,0,0,0
38875,1315772,13697.36,13684.41,0,0,0
38876,1315772,13697.36,13684.41,0,0,0
38877,1315772,13697.36,13684.41,0,0,0
38878,1315772,13697.36,13684.41,0,0,0
38879,1315772,13697.36,13684.41,0,0,0
38880,1315772,13697.36,13684.41,0,0,0
38881,1315772,13697.36,13684.41,0,0,0
38882,1315772,13697.36,13684.41,0,0,0
38883,1315772,13697.36,13684.41,0,0,0
38884,1315772,13697.36,13684.41,0,0,0
38885,1315772,13696.6643002217,13693.8215901287,1.63,1.63,1.63
38886,1315772,13697.4916049814,13697.1400184968,3.42,1.79,0.16
38887,1315772,13698.8728652673,13702.6804354507,5.71,2.29,0.5
38888,1315772,13700.7645387237,13710.2681868656,7.82,2.11,-0.18
38889,1315772,13701.108883355,13720.1943176536,10.06,2.24,0.13
38890,1315772,13700.1302949872,13731.4418269249,11.29,1.23,-1.01
38891,1315772,13698.9800852758,13744.6618843234,13.27,1.98,0.750000000000002
