"V1","V2","V3","V4","V5","acceleration","jerk"
26779,1321947,14348.7730322643,14273.3470663531,19.14,0.239999999999998,0
26780,1321947,14350.1400966017,14254.0153428113,19.38,0.239999999999998,0
26781,1321947,14351.5029285418,14234.7434698068,19.32,-0.0599999999999987,-0.299999999999997
26782,1321947,14353.2900187453,14215.9209698791,18.91,-0.41,-0.350000000000001
26783,1321947,14355.3497177989,14196.7814782503,19.25,0.34,0.75
26784,1321947,14357.426536429,14177.4829051327,19.41,0.16,-0.18
26785,1321947,14359.3908605625,14159.0070996684,18.58,-0.830000000000002,-0.990000000000002
26786,1321947,14361.3313278444,14139.744592388,19.36,0.780000000000001,1.61
26787,1321947,14363.2617720514,14120.5815815295,19.25,-0.109999999999999,-0.890000000000001
26788,1321947,14365.1611447266,14101.7270095788,18.96,-0.289999999999999,-0.18
26789,1321947,14367.0976027785,14082.5043008672,19.32,0.359999999999999,0.649999999999999
26790,1321947,14368.9969754537,14063.6497289166,18.95,-0.370000000000001,-0.73
26791,1321947,14370.3562285192,14044.8318763358,18.87,-0.0799999999999983,0.290000000000003
26792,1321947,14371.4829268781,14026.2059226472,18.66,-0.210000000000001,-0.130000000000003
26793,1321947,14372.6374002234,14007.1208082568,19.11,0.449999999999999,0.66
26794,1321947,14372.394469477,13985.3445696634,18.53,-0.579999999999998,-1.03
26795,1321947,14371.9245459466,13965.009998808,20.34,1.81,2.39
26796,1321947,14371.419043152,13943.1358390087,21.88,1.54,-0.27
26797,1321947,14370.9112300155,13921.1617059014,21.98,0.100000000000001,-1.44
26798,1321947,14370.4791960914,13902.4666972978,18.7,-3.28,-3.38
26799,1321947,14370.149741345,13888.2105035712,14.26,-4.44,-1.16
26800,1321947,14373.7070963113,13861.3205224546,15.46,1.2,5.64
26801,1321947,14373.0687019396,13827.5522012868,17.17,1.71,0.51
26802,1321947,14372.1144542088,13797.6601859278,17.14,-0.0300000000000011,-1.74
26803,1321947,14371.7217436065,13781.2448827511,16.41,-0.73,-0.699999999999999
26804,1321947,14371.3887966129,13763.5508777158,17.7,1.29,2.02
26805,1321947,14372.1898610166,13745.5787215897,17.99,0.289999999999999,-1
26806,1321947,14373.0247669404,13726.8473192904,18.75,0.760000000000002,0.470000000000002
26807,1321947,14372.6408885287,13698.3290504954,18.7,-0.0500000000000007,-0.810000000000002
26808,1321947,14370.0895159507,13678.5126204948,19.97,1.27,1.32
26809,1321947,14367.3236135463,13657.0299441278,21.66,1.69,0.420000000000002
26810,1321947,14364.4121373312,13634.4166005835,22.81,1.15,-0.540000000000003
26811,1321947,14361.3461485625,13610.6031629302,24.01,1.2,0.0500000000000043
26812,1321947,14356.8048930856,13585.4326400672,25.6,1.59,0.389999999999997
26813,1321947,14349.101568513,13553.703185933,26.28,0.68,-0.91
26814,1321947,14342.9637292726,13532.2021038797,22.35,-3.93,-4.61
26815,1321947,14334.6776282647,13500.7866410754,22.39,0.0399999999999991,3.97
26816,1321947,14331.8296257609,13480.3339791035,20.65,-1.74,-1.78
26817,1321947,14328.6525201635,13452.0989760181,18.63,-2.02,-0.279999999999998
26818,1321947,14328.0169706849,13434.5222413982,17.71,-0.919999999999998,1.1
26819,1321947,14328.7830177784,13392.4604416777,17.28,-0.43,0.489999999999998
26820,1321947,14329.4574386846,13374.8933828333,17.58,0.299999999999997,0.729999999999997
26821,1321947,14330.0543664037,13359.3448370075,15.56,-2.02,-2.31999999999999
26822,1321947,14330.7127480387,13344.9808399876,14.38,-1.18,0.839999999999998
26823,1321947,14334.9958021414,13329.4717185019,15.67,1.29,2.47
26824,1321947,14335.4567669686,13311.4907719567,17.53,1.86,0.570000000000002
26825,1321947,14334.1889072577,13292.4328987345,19.1,1.57,-0.290000000000001
