"V1","V2","V3","V4","V5","acceleration","jerk"
62261,"1321038#1",13945.8421597901,13286.5177868109,12.1,-4.1,0
62262,"1321038#1",13944.6820793946,13294.4231213058,8,-4.1,0
62263,"1321038#1",13949.3973185207,13301.7799048772,7.4,-0.6,3.5
62264,"1321038#1",13957.2849417214,13302.7738365869,7.95,0.55,1.15
62265,"1321038#1",13965.2420156924,13303.7765198965,8.02,0.0699999999999994,-0.48
62266,"1321038#1",13973.0006588911,13304.7541986348,7.82,-0.199999999999999,-0.269999999999999
62267,"1321038#1",13980.6204005492,13305.7143741732,7.68,-0.140000000000001,0.0599999999999987
62268,"1321038#1",13988.1014146127,13307.1556828074,7.63,-0.0499999999999998,0.0900000000000007
62269,"1321038#1",13995.9086945635,13308.8666443518,8,0.37,0.42
62270,"1321038#1",14003.1611494789,13309.7820664952,7.3,-0.7,-1.07
62271,"1321038#1",14010.889825784,13310.7575984374,7.79,0.49,1.19
62272,"1321038#1",14018.7077935997,13311.7444009669,7.88,0.0899999999999999,-0.4
62273,"1321038#1",14026.8928487368,13312.7775381328,8.25,0.37,0.28
62274,"1321038#1",14034.5719186472,13313.7468086376,7.75,-0.5,-0.87
62275,"1321038#1",14042.0227991416,13314.6872765305,7.51,-0.24,0.26
62276,"1321038#1",14049.8312465734,13315.6693881551,7.87,0.36,0.600000000000001
62277,"1321038#1",14057.0997785838,13316.446911411,7.31,-0.56,-0.920000000000001
62278,"1321038#1",14065.0238037053,13318.8461061714,7.3,-0.00999999999999979,0.550000000000001
62279,"1321038#1",14069.98722425,13326.173244528,8.85,1.55,1.56
62280,"1321038#1",14076.2237481433,13335.379773175,11.12,2.27,0.72
62281,"1321038#1",14081.7662694291,13347.0083064935,12.92,1.8,-0.469999999999999
62282,"1321038#1",14088.0192519283,13359.3888198053,13.87,0.949999999999999,-0.850000000000001
62283,"1321038#1",14094.1505109037,13371.5283281717,13.6,-0.27,-1.22
62284,"1321038#1",14099.6395080645,13383.4187939402,13.1,-0.5,-0.23
62285,"1321038#1",14104.1726576131,13393.6713377792,11.2,-1.9,-1.4
62286,"1321038#1",14107.6341884014,13401.5002204965,8.56,-2.64,-0.739999999999998
62287,"1321038#1",14109.7218292947,13406.2299831417,5.17,-3.39,-0.750000000000002
62288,"1321038#1",14116.7810418948,13406.8644438303,6.95,1.78,5.17
62289,"1321038#1",14120.5778247841,13398.9589179344,8.77,1.82,0.0399999999999991
62290,"1321038#1",14123.3096035791,13393.2709055737,6.31,-2.46,-4.28
62291,"1321038#1",14124.7469261781,13390.2781637294,3.32,-2.99,-0.53
62292,"1321038#1",14129.6669557048,13382.5371130307,3.96,0.64,3.63
62293,"1321038#1",14130.9342863962,13380.1530255913,2.7,-1.26,-1.9
62294,"1321038#1",14131.2534659778,13379.5525887547,0.69,-2.01,-0.75
62295,"1321038#1",14141.7601925441,13376.4893173246,3.2,2.51,4.52
62296,"1321038#1",14146.7164328839,13378.029376315,5.19,1.99,-0.52
62297,"1321038#1",14152.9427694958,13379.9640939677,6.52,1.33,-0.660000000000001
62298,"1321038#1",14161.2318188502,13382.5397610269,8.68,2.16,0.830000000000001
62299,"1321038#1",14171.4498866028,13385.7148344754,10.7,2.02,-0.140000000000001
62300,"1321038#1",14183.5761081892,13388.9311182078,12.55,1.85,-0.169999999999998
62301,"1321038#1",14196.4490294293,13392.1116053946,13.26,0.709999999999999,-1.14
62302,"1321038#1",14209.7199821708,13395.3904334371,13.67,0.41,-0.299999999999999
62303,"1321038#1",14231.3887603063,13400.8248758307,12.85,-0.82,-1.23
62304,"1321038#1",14244.2619124704,13404.0868312807,13.28,0.43,1.25
62305,"1321038#1",14257.7820767827,13406.7744932198,13.81,0.530000000000001,0.100000000000001
62306,"1321038#1",14271.5525530586,13408.5147182437,13.88,0.0700000000000003,-0.460000000000001
62307,"1321038#1",14284.906343453,13410.2022851616,13.46,-0.42,-0.49
62308,"1321038#1",14300.5297880861,13413.8362446822,10.88,-2.58,-2.16
62309,"1321038#1",14308.0885218607,13415.5015205527,7.74,-3.14,-0.56
62310,"1321038#1",14313.1081460986,13416.607401428,5.14,-2.6,0.54
62311,"1321038#1",14316.9265762096,13417.4486454401,3.91,-1.23,1.37
62312,"1321038#1",14318.4793393493,13417.7907369949,1.59,-2.32,-1.09
62313,"1321038#1",14321.3797837047,13418.429738201,2.97,1.38,3.7
62314,"1321038#1",14324.1142093596,13419.0321635805,2.8,-0.17,-1.55
62315,"1321038#1",14325.3154034865,13419.2968004437,1.22,-1.58,-1.41
62316,"1321038#1",14325.5986118579,13419.3591945008,0.29,-0.93,0.65
62317,"1321038#1",14325.8818202293,13419.421588558,0.29,0,0.93
62318,"1321038#1",14325.92,13419.43,0.04,-0.25,-0.25
62319,"1321038#1",14337.0054195626,13434.5960601113,2.5,2.46,2.71
62320,"1321038#1",14338.4498589873,13438.9689941092,4.67,2.17,-0.29
62321,"1321038#1",14339.4036168947,13445.7724671822,6.87,2.2,0.0300000000000002
62322,"1321038#1",14340.2712514066,13454.4399317048,8.72,1.85,-0.35
62323,"1321038#1",14340.7687455966,13465.1884246006,10.76,2.04,0.189999999999999
62324,"1321038#1",14342.1033138134,13477.8240801936,12.71,1.95,-0.0899999999999981
62325,"1321038#1",14344.4121266188,13492.4173866562,14.78,2.07,0.119999999999997
62326,"1321038#1",14347.8257545802,13508.2334387192,16.19,1.41,-0.659999999999997
62327,"1321038#1",14352.3790068194,13525.3442161456,17.71,1.52,0.109999999999998
62328,"1321038#1",14357.8551869197,13543.9448492399,19.39,1.68,0.16
62329,"1321038#1",14363.1223740714,13561.8356077344,18.65,-0.740000000000002,-2.42
62330,"1321038#1",14366.80991733,13577.4535070719,16.05,-2.6,-1.86
62331,"1321038#1",14369.8362210508,13590.6304523093,13.52,-2.53,0.0699999999999967
62332,"1321038#1",14372.1757883096,13601.0714106743,10.7,-2.82,-0.289999999999999
62333,"1321038#1",14373.9189003985,13609.0225841881,8.14,-2.56,0.260000000000002
62334,"1321038#1",14375.3450830167,13615.5280897902,6.66,-1.48,1.08
62335,"1321038#1",14376.3365583203,13620.0506860271,4.63,-2.03,-0.55
62336,"1321038#1",14377.1353062431,13623.6941598854,3.73,-0.9,1.13
62337,"1321038#1",14377.7711596138,13626.9291582793,3.3,-0.43,0.47
62338,"1321038#1",14377.9976293901,13629.0269693862,2.11,-1.19,-0.76
62339,"1321038#1",14378.1360872155,13630.3095174089,1.29,-0.82,0.37
62340,"1321038#1",14378.3840233213,13632.6061731706,2.31,1.02,1.84
62341,"1321038#1",14378.5181878808,13633.8489522624,1.25,-1.06,-2.08
62342,"1321038#1",14378.6866985675,13635.4098828016,1.58,0.33,1.39
62343,"1321038#1",14378.9035084955,13637.418213814,2.02,0.44,0.11
62344,"1321038#1",14379.0924121952,13639.1680467752,1.76,-0.26,-0.7
62345,"1321038#1",14379.2394565524,13640.5301326598,1.37,-0.39,-0.13
62346,"1321038#1",14379.2834625279,13640.9377642019,0.41,-0.96,-0.57
62347,"1321038#1",14379.389720859,13641.9220452426,0.99,0.58,1.54
62348,"1321038#1",14379.5743312928,13643.6321092729,1.72,0.73,0.15
62349,"1321038#1",14379.696689371,13644.7655238046,1.14,-0.58,-1.31
62350,"1321038#1",14379.8609067918,13646.286685413,1.54,0.4,0.98
62351,"1321038#1",14380.2580338878,13649.9653115247,3.7,2.16,1.76
62352,"1321038#1",14380.9052437226,13655.9604778635,6.03,2.33,0.17
62353,"1321038#1",14381.3141772998,13659.7484685352,3.81,-2.22,-4.55
62354,"1321038#1",14381.5084475819,13661.5480126601,1.81,-2,0.22
62355,"1321038#1",14384.7399475443,13660.8561346969,0.87,-0.94,1.06
62356,"1321038#1",14384.9992571905,13663.2521435674,2.41,1.54,2.48
62357,"1321038#1",14385.4188869084,13667.1295023204,3.9,1.49,-0.0500000000000003
62358,"1321038#1",14386.1010541935,13673.4326957805,6.34,2.44,0.95
62359,"1321038#1",14387.032847362,13682.0424206014,8.66,2.32,-0.12
62360,"1321038#1",14388.1432521541,13692.3025083787,10.32,1.66,-0.66
62361,"1321038#1",14389.8110337773,13711.9198572774,12.43,2.11,0.449999999999999
62362,"1321038#1",14390.0063086521,13726.3085322589,14.39,1.96,-0.149999999999999
62363,"1321038#1",14390.22533134,13742.4470461019,16.14,1.75,-0.210000000000001
62364,"1321038#1",14390.4606382425,13759.78544945,17.34,1.2,-0.550000000000001
62365,"1321038#1",14390.7126364652,13778.3537395408,18.57,1.23,0.0300000000000011
62366,"1321038#1",14390.975490831,13797.7219559683,19.37,0.800000000000001,-0.43
62367,"1321038#1",14391.2078122942,13814.8403795738,17.11,-2.26,-3.06
62368,"1321038#1",14391.1084153414,13831.5477834696,16.65,-0.460000000000001,1.8
62369,"1321038#1",14390.6954335787,13853.2694214566,16.1,-0.549999999999997,-0.0899999999999963
62370,"1321038#1",14390.5265781724,13868.528487216,15.26,-0.840000000000002,-0.290000000000004
62371,"1321038#1",14387.0511942805,13884.3375168548,15.84,0.58,1.42
62372,"1321038#1",14386.8635279836,13901.2964785377,16.96,1.12,0.540000000000001
62373,"1321038#1",14386.6546164456,13920.1753226752,18.88,1.92,0.799999999999997
62374,"1321038#1",14386.4338651117,13940.1241013057,19.95,1.07,-0.849999999999998
62375,"1321038#1",14386.2200848725,13959.4429185057,19.32,-0.629999999999999,-1.7
62376,"1321038#1",14386.00790679,13978.289248528,18.85,-0.469999999999999,0.16
62377,"1321038#1",14385.78923052,13997.508004489,19.22,0.369999999999997,0.839999999999996
62378,"1321038#1",14385.5776083232,14016.1068005803,18.6,-0.619999999999997,-0.989999999999995
62379,"1321038#1",14385.3668963293,14034.6256018497,18.52,-0.0800000000000018,0.539999999999996
62380,"1321038#1",14385.1490164869,14053.7743623415,19.15,0.629999999999999,0.710000000000001
62381,"1321038#1",14383.9337281215,14073.0041580163,19.28,0.130000000000003,-0.499999999999996
62382,"1321038#1",14382.2751259908,14092.0520828106,19.12,-0.16,-0.290000000000003
62383,"1321038#1",14380.6304033758,14110.9406107448,18.96,-0.16,0
62384,"1321038#1",14378.9848132911,14129.8391009827,18.97,0.00999999999999801,0.169999999999998
62385,"1321038#1",14377.3400906761,14148.7276289169,18.96,-0.00999999999999801,-0.019999999999996
62386,"1321038#1",14375.689696677,14167.605611148,18.95,-0.0100000000000016,-3.5527136788005e-15
62387,"1321038#1",14373.9882312682,14186.2280442721,18.7,-0.25,-0.239999999999998
62388,"1321038#1",14372.2922251067,14204.7907262739,18.65,-0.0500000000000007,0.199999999999999
62389,"1321038#1",14370.5580042142,14223.771666132,19.06,0.41,0.460000000000001
62390,"1321038#1",14368.8879610703,14242.8386329634,19.14,0.0800000000000018,-0.329999999999998
62391,"1321038#1",14367.272649598,14261.488811752,18.73,-0.41,-0.490000000000002
