"V1","V2","V3","V4","V5","acceleration","jerk"
59053,1321355,14393.9519838268,13322.5357611485,13.14,0.44,0
59054,1321355,14380.5575453526,13320.2984820062,13.58,0.44,0
59055,1321355,14367.0151565271,13318.0364906495,13.73,0.15,-0.289999999999999
59056,1321355,14353.5714012691,13315.7909741024,13.63,-0.0999999999999996,-0.25
59057,1321355,14340.7293107732,13313.6459538938,13.02,-0.610000000000001,-0.510000000000002
59058,1321355,14327.6011829314,13311.4531567374,13.31,0.290000000000001,0.900000000000002
59059,1321355,14314.453328376,13309.2570646191,13.33,0.0199999999999996,-0.270000000000001
59060,1321355,14301.2068402532,13307.0444976912,13.42,0.0899999999999999,0.0700000000000003
59061,1321355,14287.6249980006,13304.7759164107,13.77,0.35,0.26
59062,1321355,14274.6546838669,13302.6094789496,13.15,-0.619999999999999,-0.969999999999999
59063,1321355,14261.003798117,13300.3293653024,13.84,0.69,1.31
59064,1321355,14247.6488130698,13298.0986760839,13.55,-0.289999999999999,-0.979999999999999
59065,1321355,14232.0303179495,13292.3055920495,13.73,0.18,0.469999999999999
59066,1321355,14216.9788653703,13290.4127964304,15.17,1.44,1.26
59067,1321355,14200.4490565391,13288.3340901011,16.66,1.49,0.0500000000000007
59068,1321355,14182.5797974124,13286.0869411822,18.01,1.35,-0.139999999999999
59069,1321355,14163.291713158,13283.6613678905,19.44,1.43,0.0799999999999983
59070,1321355,14142.9056465401,13281.5697330394,20.5,1.06,-0.370000000000001
59071,1321355,14121.6631208154,13285.0845141768,21.83,1.33,0.27
59072,1321355,14103.3270199319,13296.9964068909,22.09,0.260000000000002,-1.07
59073,1321355,14091.8258438495,13315.431121154,22.01,-0.0799999999999983,-0.34
59074,1321355,14090.1102027986,13337.3098771615,22.04,0.0299999999999976,0.109999999999996
59075,1321355,14097.968695782,13355.4789769169,20.02,-2.02,-2.05
59076,1321355,14116.2113429621,13371.4914310602,15.26,-4.76,-2.74
59077,1321355,14123.7546092786,13382.918423339,13.84,-1.42,3.34
59078,1321355,14123.7969336769,13399.8910539274,11.83,-2.01,-0.59
59079,1321355,14119.5628930089,13408.7070223723,9.78,-2.05,-0.0400000000000009
59080,1321355,14114.2681542377,13423.6709572824,11.39,1.61,3.66
59081,1321355,14123.4426294007,13433.725546579,12.82,1.43,-0.180000000000001
59082,1321355,14136.4390287543,13436.2007241162,13.23,0.41,-1.02
59083,1321355,14150.0150105432,13438.7862837204,13.82,0.59,0.18
59084,1321355,14163.0408801902,13441.2670739051,13.26,-0.56,-1.15
59085,1321355,14175.701745924,13443.5006477848,12.86,-0.4,0.16
59086,1321355,14189.2409299941,13445.3134066536,13.66,0.800000000000001,1.2
59087,1321355,14202.571965358,13447.0983424178,13.45,-0.210000000000001,-1.01
59088,1321355,14215.7431354872,13448.8715816648,13.29,-0.16,0.0500000000000007
59089,1321355,14228.9546809635,13450.6445539866,13.33,0.0400000000000009,0.200000000000001
59090,1321355,14241.8808992734,13452.2858279444,13.04,-0.290000000000001,-0.330000000000002
59091,1321355,14255.5511439634,13454.0215727748,13.78,0.74,1.03
59092,1321355,14268.4178401629,13455.6552890629,12.97,-0.809999999999999,-1.55
59093,1321355,14281.6515893766,13457.3356109814,13.35,0.379999999999999,1.19
59094,1321355,14294.9648136896,13459.1026592559,13.43,0.0800000000000001,-0.299999999999999
59095,1321355,14306.8696281761,13460.6886895338,12.01,-1.42,-1.5
59096,1321355,14315.5529066858,13461.8455276049,8.75,-3.26,-1.84
59097,1321355,14321.351671444,13462.6180735771,5.85,-2.9,0.359999999999999
59098,1321355,14324.275834869,13463.0076480417,2.95,-2.9,8.88178419700125e-16
59099,1321355,14325.2274270345,13463.1344248166,0.96,-1.99,0.909999999999999
59100,1321355,14325.9708584137,13463.233469172,0.75,-0.21,1.78
59101,1321355,14326.1096322712,13463.2519574517,0.13,-0.62,-0.41
59102,1321355,14326.1591943631,13463.2585604087,0.05,-0.08,0.54
59103,1321355,14326.1691067815,13463.2598810001,0.01,-0.04,0.04
59104,1321355,14326.1691067815,13463.2598810001,0,-0.01,0.03
59105,1321355,14326.1691067815,13463.2598810001,0,0,0.01
59106,1321355,14329.1363646017,13457.8285828597,2.42,2.42,2.42
59107,1321355,14328.7795819203,13453.6036205973,4.24,1.82,-0.6
59108,1321355,14328.2494567098,13447.3259644056,6.3,2.06,0.239999999999999
59109,1321355,14327.5779647765,13439.3742665628,7.97,1.67,-0.39
59110,1321355,14327.9401060301,13413.9466171381,9.37,1.4,-0.27
59111,1321355,14327.8341526794,13404.4749631121,9.62,0.25,-1.15
59112,1321355,14329.0354460812,13385.8852854094,9.82,0.200000000000001,-0.0499999999999989
59113,1321355,14329.4075668315,13376.192425865,9.7,-0.120000000000001,-0.320000000000002
59114,1321355,14329.8525772133,13364.6009649666,11.6,1.9,2.02
59115,1321355,14330.3355669295,13352.0202328363,12.59,0.99,-0.91
59116,1321355,14330.9560162975,13341.1285133459,10.91,-1.68,-2.67
59117,1321355,14331.498643165,13332.5356293084,8.61,-2.3,-0.620000000000001
59118,1321355,14331.8219504624,13327.4158273208,5.13,-3.48,-1.18
59119,1321355,14331.9227185149,13323.7874200105,3.63,-1.5,1.98
59120,1321355,14331.9670019201,13321.9979678653,1.79,-1.84,-0.34
59121,1321355,14332.0283554647,13319.5187269044,2.48,0.69,2.53
59122,1321355,14332.1196243714,13315.4697599753,4.05,1.57,0.88
59123,1321355,14332.0758262459,13310.3437936156,5.02,0.97,-0.6
59124,1321355,14331.6377176547,13303.7583505126,6.6,1.58,0.61
59125,1321355,14331.0668488844,13295.1773185906,8.59,1.99,0.41
59126,1321355,14330.4043755904,13285.2193303834,9.99,1.4,-0.59
