"V1","V2","V3","V4","V5","acceleration","jerk"
53022,1322969,13645.5,13909.19,0,1.59,0
53023,1322969,13643.9345365059,13909.4682517718,1.59,1.59,0
53024,1322969,13640.3605538117,13910.103505817,3.63,2.04,0.45
53025,1322969,13634.8666630587,13911.0800120351,5.59,1.96,-0.0800000000000001
53026,1322969,13627.8860742704,13912.320769936,7.09,1.5,-0.46
53027,1322969,13613.1101507164,13914.5645910327,8.92,1.83,0.33
53028,1322969,13602.23516649,13914.8002906698,10.88,1.96,0.130000000000001
53029,1322969,13589.895965102,13914.9406797957,12.34,1.46,-0.500000000000002
53030,1322969,13577.0669478904,13915.6041661938,12.85,0.51,-0.949999999999999
53031,1322969,13563.6965601648,13916.4945212157,13.39,0.540000000000001,0.0300000000000011
53032,1322969,13550.8749570099,13917.3483318151,12.85,-0.540000000000001,-1.08
53033,1322969,13537.2451438508,13918.2559623822,13.66,0.81,1.35
53034,1322969,13523.595374889,13919.1649218374,13.68,0.0199999999999996,-0.790000000000001
53035,1322969,13510.1252081505,13920.0619212998,13.5,-0.18,-0.199999999999999
53036,1322969,13496.9358530883,13921.9030359218,13.33,-0.17,0.00999999999999979
53037,1322969,13483.3040450081,13924.1759654113,13.82,0.49,0.66
53038,1322969,13463.3006443592,13926.9546630785,13.55,-0.27,-0.76
53039,1322969,13450.0735720312,13928.76216346,13.36,-0.190000000000001,0.0799999999999983
53040,1322969,13437.0545660095,13930.5412312512,13.13,-0.229999999999999,-0.0399999999999974
53041,1322969,13423.788871672,13933.8429235438,13.68,0.549999999999999,0.779999999999998
53042,1322969,13411.0994618762,13937.1765820495,13.11,-0.57,-1.12
