"V1","V2","V3","V4","V5","acceleration","jerk"
54024,1322146,13446.7185025449,13285.1367610041,13.88,-0.99,0
54025,1322146,13447.3790228276,13298.0198395553,12.89,-0.99,0
54026,1322146,13448.0513198285,13311.1326164062,13.14,0.25,1.24
54027,1322146,13448.7620191714,13324.994409452,13.87,0.729999999999999,0.479999999999999
54028,1322146,13449.3488069575,13336.4393769091,11.46,-2.41,-3.14
54029,1322146,13449.7824974066,13344.8982664695,8.47,-2.99,-0.580000000000002
54030,1322146,13449.8379790089,13352.96562542,8.08,-0.390000000000001,2.6
54031,1322146,13449.7971559173,13358.9554863095,5.99,-2.09,-1.7
54032,1322146,13449.771243003,13363.0053819573,4.04,-1.95,0.14
54033,1322146,13456.07395174,13370.9467388324,6.07,2.03,3.98
54034,1322146,13463.3539294288,13372.3814251571,7.41,1.34,-0.69
54035,1322146,13471.9682426509,13374.0790728567,8.79,1.38,0.0399999999999991
54036,1322146,13482.1327398013,13376.0822198007,10.36,1.57,0.190000000000001
54037,1322146,13494.2987402516,13378.479808807,12.4,2.04,0.470000000000001
54038,1322146,13508.4858665832,13381.2757069546,14.46,2.06,0.0199999999999996
54039,1322146,13522.8495961471,13384.1064088136,14.63,0.17,-1.89
54040,1322146,13534.279749796,13386.3589823558,11.65,-2.98,-3.15
54041,1322146,13543.186361343,13391.4791709612,9.73,-1.92,1.06
54042,1322146,13551.8203185177,13393.1805772928,8.8,-0.93,0.99
54043,1322146,13562.0731426626,13395.2009973115,10.45,1.65,2.58
54044,1322146,13577.1853477951,13398.2453350345,12.54,2.09,0.440000000000001
54045,1322146,13591.2585047863,13399.317738793,14.1,1.56,-0.529999999999999
54046,1322146,13613.9785071933,13407.3250031454,15.65,1.55,-0.00999999999999979
54047,1322146,13628.7164602468,13415.3887426745,16.83,1.18,-0.370000000000003
54048,1322146,13644.7419837241,13424.7313920459,18.55,1.72,0.540000000000004
54049,1322146,13658.1412219524,13432.5429549436,15.51,-3.04,-4.76
54050,1322146,13669.0524004709,13438.904014866,12.64,-2.87,0.170000000000002
54051,1322146,13676.9658126031,13443.5174201621,9.16,-3.48,-0.610000000000001
54052,1322146,13683.5228866297,13447.3400998779,7.59,-1.57,1.91
54053,1322146,13689.2592465159,13450.6843150707,6.64,-0.95,0.62
54054,1322146,13692.4985703169,13452.9402586735,3.96,-2.68,-1.73
54055,1322146,13694.2304537954,13454.360885161,2.23,-1.73,0.95
54056,1322146,13695.0036160626,13454.9950934144,1.01,-1.22,0.51
54057,1322146,13695.653072367,13455.5278283472,0.84,-0.17,1.05
54058,1322146,13695.8077048204,13455.6546699978,0.2,-0.64,-0.47
54059,1322146,13695.8154364431,13455.6610120804,0.01,-0.19,0.45
54060,1322146,13695.8154364431,13455.6610120804,0,-0.01,0.18
54061,1322146,13695.8154364431,13455.6610120804,0,0,0.01
54062,1322146,13695.8154364431,13455.6610120804,0,0,0
54063,1322146,13695.8154364431,13455.6610120804,0,0,0
54064,1322146,13695.8154364431,13455.6610120804,0,0,0
54065,1322146,13695.8154364431,13455.6610120804,0,0,0
54066,1322146,13695.8154364431,13455.6610120804,0,0,0
54067,1322146,13695.8154364431,13455.6610120804,0,0,0
54068,1322146,13695.8154364431,13455.6610120804,0,0,0
54069,1322146,13695.8154364431,13455.6610120804,0,0,0
54070,1322146,13695.8154364431,13455.6610120804,0,0,0
54071,1322146,13695.8154364431,13455.6610120804,0,0,0
54072,1322146,13695.8154364431,13455.6610120804,0,0,0
54073,1322146,13695.8154364431,13455.6610120804,0,0,0
54074,1322146,13695.8154364431,13455.6610120804,0,0,0
54075,1322146,13695.8154364431,13455.6610120804,0,0,0
54076,1322146,13695.8154364431,13455.6610120804,0,0,0
54077,1322146,13695.8154364431,13455.6610120804,0,0,0
54078,1322146,13695.8154364431,13455.6610120804,0,0,0
54079,1322146,13695.8154364431,13455.6610120804,0,0,0
54080,1322146,13695.8154364431,13455.6610120804,0,0,0
54081,1322146,13695.8154364431,13455.6610120804,0,0,0
54082,1322146,13695.8154364431,13455.6610120804,0,0,0
54083,1322146,13695.8154364431,13455.6610120804,0,0,0
54084,1322146,13695.8154364431,13455.6610120804,0,0,0
54085,1322146,13695.8154364431,13455.6610120804,0,0,0
54086,1322146,13695.8154364431,13455.6610120804,0,0,0
54087,1322146,13695.8154364431,13455.6610120804,0,0,0
54088,1322146,13695.8154364431,13455.6610120804,0,0,0
54089,1322146,13695.8154364431,13455.6610120804,0,0,0
54090,1322146,13695.8154364431,13455.6610120804,0,0,0
54091,1322146,13695.8154364431,13455.6610120804,0,0,0
54092,1322146,13695.8154364431,13455.6610120804,0,0,0
54093,1322146,13695.8154364431,13455.6610120804,0,0,0
54094,1322146,13695.8154364431,13455.6610120804,0,0,0
54095,1322146,13695.8154364431,13455.6610120804,0,0,0
54096,1322146,13695.8154364431,13455.6610120804,0,0,0
54097,1322146,13695.8154364431,13455.6610120804,0,0,0
54098,1322146,13695.8154364431,13455.6610120804,0,0,0
54099,1322146,13695.8154364431,13455.6610120804,0,0,0
54100,1322146,13695.8154364431,13455.6610120804,0,0,0
54101,1322146,13695.8154364431,13455.6610120804,0,0,0
54102,1322146,13695.8154364431,13455.6610120804,0,0,0
54103,1322146,13695.8154364431,13455.6610120804,0,0,0
54104,1322146,13695.8154364431,13455.6610120804,0,0,0
54105,1322146,13695.8154364431,13455.6610120804,0,0,0
54106,1322146,13695.8154364431,13455.6610120804,0,0,0
54107,1322146,13695.8154364431,13455.6610120804,0,0,0
54108,1322146,13695.8154364431,13455.6610120804,0,0,0
54109,1322146,13695.8154364431,13455.6610120804,0,0,0
54110,1322146,13695.8154364431,13455.6610120804,0,0,0
54111,1322146,13695.8154364431,13455.6610120804,0,0,0
54112,1322146,13695.8154364431,13455.6610120804,0,0,0
54113,1322146,13695.8154364431,13455.6610120804,0,0,0
54114,1322146,13695.8154364431,13455.6610120804,0,0,0
54115,1322146,13695.8154364431,13455.6610120804,0,0,0
54116,1322146,13695.8154364431,13455.6610120804,0,0,0
54117,1322146,13695.8154364431,13455.6610120804,0,0,0
54118,1322146,13695.8154364431,13455.6610120804,0,0,0
54119,1322146,13695.8154364431,13455.6610120804,0,0,0
54120,1322146,13695.8154364431,13455.6610120804,0,0,0
54121,1322146,13695.8154364431,13455.6610120804,0,0,0
54122,1322146,13695.8154364431,13455.6610120804,0,0,0
54123,1322146,13695.8154364431,13455.6610120804,0,0,0
54124,1322146,13695.8154364431,13455.6610120804,0,0,0
54125,1322146,13696.12470135,13455.9146953817,0.39,0.39,0.39
54126,1322146,13696.5731354649,13456.2825361687,0.58,0.19,-0.2
54127,1322146,13698.1658497353,13457.5890051706,2.06,1.48,1.29
54128,1322146,13699.9827810632,13459.0793945659,2.36,0.3,-1.18
54129,1322146,13702.2172200153,13460.9122564181,2.88,0.52,0.22
54130,1322146,13706.1835424459,13464.1657447578,5.13,2.25,1.73
54131,1322146,13711.7039210335,13468.6939916867,7.13,2,-0.25
54132,1322146,13720.3607895884,13478.3892404767,7.71,0.58,-1.42
54133,1322146,13722.4218766135,13482.4007265199,4.52,-3.19,-3.77
54134,1322146,13723.7746077874,13485.0335421935,2.96,-1.56,1.63
54135,1322146,13727.526224517,13514.1666155509,4.52,1.56,3.12
54136,1322146,13726.1011255437,13520.6518829252,6.64,2.12,0.56
54137,1322146,13724.3691151951,13528.5338268576,8.07,1.43,-0.69
54138,1322146,13722.3216085377,13537.8515152237,9.55,1.48,0.0499999999999998
54139,1322146,13719.4243830833,13549.0004023074,11.51,1.96,0.479999999999999
54140,1322146,13716.1052002651,13561.5798746898,13.01,1.5,-0.459999999999999
54141,1322146,13715.4503237035,13577.0217439362,15.08,2.07,0.57
54142,1322146,13712.5162233468,13593.6379417958,16.91,1.83,-0.24
54143,1322146,13710.3048409416,13611.6224959426,18.12,1.21,-0.619999999999999
54144,1322146,13707.9482297802,13630.7881549146,19.32,1.2,-0.0100000000000016
54145,1322146,13704.1536932011,13651.2600302062,20.91,1.59,0.390000000000001
54146,1322146,13698.0262083495,13699.2843830271,22,1.09,-0.5
54147,1322146,13701.1123504529,13720.1544681965,21.34,-0.66,-1.75
54148,1322146,13699.6162977311,13737.3495089424,17.26,-4.08,-3.42
54149,1322146,13698.4686883431,13750.5396792481,13.24,-4.02,0.0599999999999969
