"V1","V2","V3","V4","V5","acceleration","jerk"
25096,1326360,14344.4577073905,13290.768175095,21.93,1.76,0
25097,1326360,14344.4798128992,13314.7794570679,23.69,1.76,0
25098,1326360,14344.1063354313,13339.6142386519,24.86,1.17,-0.590000000000003
25099,1326360,14343.3186503325,13365.3474660583,25.75,0.890000000000001,-0.279999999999998
25100,1326360,14342.4971956734,13392.314957826,26.98,1.23,0.34
25101,1326360,14339.6533059559,13432.5266132104,27.43,0.449999999999999,-0.780000000000001
25102,1326360,14343.7927838545,13459.3481716476,27.39,-0.0399999999999991,-0.489999999999998
25103,1326360,14346.7830951699,13486.8597151558,27.7,0.309999999999999,0.349999999999998
25104,1326360,14352.5200970025,13513.4206409262,27.19,-0.509999999999998,-0.819999999999997
25105,1326360,14360.1598945313,13540.0946951182,27.75,0.559999999999999,1.07
25106,1326360,14367.6656784133,13566.4816553406,27.44,-0.309999999999999,-0.869999999999997
25107,1326360,14373.8678017268,13593.4270847565,27.65,0.209999999999997,0.519999999999996
25108,1326360,14379.7566315321,13620.2481457511,27.46,-0.189999999999998,-0.399999999999995
25109,1326360,14383.2658636633,13647.2356693336,27.24,-0.220000000000002,-0.0300000000000047
25110,1326360,14386.1946638998,13674.2976450408,27.23,-0.00999999999999801,0.210000000000004
25111,1326360,14389.1277680308,13701.39938853,27.26,0.0300000000000011,0.0399999999999991
25112,1326360,14390.1349539483,13735.7876593488,27.14,-0.120000000000001,-0.150000000000002
25113,1326360,14390.4541245567,13759.305493648,23.52,-3.62,-3.5
25114,1326360,14390.7099224294,13778.1537579566,18.85,-4.67,-1.05
25115,1326360,14390.9172747634,13793.4323509877,15.29,-3.56,1.11
25116,1326360,14391.0769957694,13805.2012672165,11.77,-3.52,0.0400000000000027
25117,1326360,14391.1805362346,13812.8305646528,7.63,-4.14,-0.62
25118,1326360,14391.2557150258,13818.3700545345,5.54,-2.09,2.05
25119,1326360,14391.2897761749,13820.879823416,2.51,-3.03,-0.94
25120,1326360,14391.2500600201,13825.039327106,4.1,1.59,4.62
25121,1326360,14391.122249348,13830.8779263056,5.84,1.74,0.15
25122,1326360,14390.973585396,13838.0763913523,7.2,1.36,-0.38
25123,1326360,14390.7076053314,13852.1694888002,8.47,1.27,-0.0899999999999999
25124,1326360,14390.5982808613,13862.0488839315,9.88,1.41,0.14
25125,1326360,14390.4654981041,13874.0481492732,12,2.12,0.709999999999999
25126,1326360,14390.3160068499,13887.5573221703,13.5,1.5,-0.619999999999999
25127,1326360,14390.1453810068,13902.9763781343,15.42,1.92,0.42
25128,1326360,14389.9546164456,13920.2153226752,17.24,1.82,-0.100000000000001
25129,1326360,14389.7437131662,13939.2741557928,19.07,1.83,0.0100000000000033
25130,1326360,14389.5336951051,13958.2529938082,18.98,-0.0899999999999999,-1.92
25131,1326360,14389.3153021894,13977.6792906,19.43,0.449999999999999,0.539999999999999
25132,1326360,14389.1034524418,13996.2980853968,18.62,-0.809999999999999,-1.26
25133,1326360,14388.8823868889,14015.7268277653,19.43,0.809999999999999,1.62
25134,1326360,14388.6635968435,14034.9555830791,19.22,-0.210000000000001,-1.02
25135,1326360,14388.443896595,14054.2643332147,19.32,0.100000000000001,0.310000000000002
25136,1326360,14387.2195773901,14073.2236068572,19.01,-0.309999999999999,-0.41
25137,1326360,14385.6124482209,14091.7038567427,18.55,-0.460000000000001,-0.150000000000002
25138,1326360,14383.9905906442,14110.3534674089,18.72,0.169999999999998,0.629999999999999
25139,1326360,14382.3522719062,14129.1923636535,18.91,0.190000000000001,0.0200000000000031
25140,1326360,14380.7434099831,14147.6925383368,18.57,-0.34,-0.530000000000001
25141,1326360,14379.1276170448,14166.272412211,18.65,0.0799999999999983,0.419999999999998
25142,1326360,14377.4140703714,14185.0343238025,18.84,0.190000000000001,0.110000000000003
25143,1326360,14375.6965036486,14203.8360355478,18.88,0.0399999999999991,-0.150000000000002
25144,1326360,14373.9434575285,14223.0261301098,19.27,0.390000000000001,0.350000000000001
25145,1326360,14372.2466546188,14242.3417037961,19.38,0.109999999999999,-0.280000000000001
25146,1326360,14370.5774057485,14261.6095321171,19.34,-0.0399999999999991,-0.149999999999999
