"V1","V2","V3","V4","V5","acceleration","jerk"
66439,1327112,13412.7601213334,13913.7906943147,13.75,-0.24,0
66440,1327112,13425.8398014259,13910.408081615,13.51,-0.24,0
66441,1327112,13438.5612667417,13907.1181089374,13.13,-0.379999999999999,-0.139999999999999
66442,1327112,13451.784187317,13904.701448574,13.45,0.319999999999999,0.699999999999998
66443,1327112,13465.6039394229,13902.6731982577,13.4,-0.0499999999999989,-0.369999999999997
66444,1327112,13485.334584777,13899.5669178998,13.86,0.459999999999999,0.509999999999998
66445,1327112,13498.8462749815,13897.3645719193,13.68,-0.18,-0.639999999999999
66446,1327112,13511.5718232818,13895.481228067,12.88,-0.799999999999999,-0.619999999999999
66447,1327112,13525.3121015381,13894.3112479655,13.79,0.909999999999998,1.71
66448,1327112,13538.3648676845,13893.1998092905,13.11,-0.68,-1.59
66449,1327112,13552.7551593988,13895.5910928485,13.87,0.76,1.44
66450,1327112,13566.0801254846,13895.3490152661,13.33,-0.539999999999999,-1.3
66451,1327112,13579.4699366559,13895.2779041165,13.39,0.0600000000000005,0.6
66452,1327112,13602.449314314,13894.8964730716,13.54,0.149999999999999,0.0899999999999981
66453,1327112,13615.5083851475,13894.3620865413,13.07,-0.469999999999999,-0.619999999999997
66454,1327112,13628.892290954,13893.1955157159,13.47,0.4,0.869999999999999
66455,1327112,13638.1031850542,13891.2770420373,9.41,-4.06,-4.46
66456,1327112,13643.89782302,13889.6453034414,6.02,-3.39,0.67
66457,1327112,13647.2282960036,13888.7074603281,3.46,-2.56,0.830000000000001
66458,1327112,13648.2389886721,13888.422854759,1.05,-2.41,0.149999999999999
66459,1327112,13654.1899038556,13886.5130992255,0.83,-0.22,2.19
66460,1327112,13654.4194615912,13886.5273556628,0.23,-0.6,-0.38
66461,1327112,13655.5672502695,13886.5986378494,1.15,0.92,1.52
66462,1327112,13657.9426737948,13886.7461609835,2.38,1.23,0.31
66463,1327112,13660.6774050804,13886.9159985411,2.75,0.37,-0.86
66464,1327112,13661.8551360719,13886.989140263,1.18,-1.57,-1.94
66465,1327112,13661.9549437831,13886.995338714,0.1,-1.08,0.49
66466,1327112,13661.9848860964,13886.9971982493,0.04,-0.06,1.02
66467,1327112,13662.0148284098,13886.9990577846,0.03,-0.01,0.05
66468,1327112,13662.0148284098,13886.9990577846,0,-0.03,-0.02
66469,1327112,13662.0148284098,13886.9990577846,0,0,0.03
66470,1327112,13662.0148284098,13886.9990577846,0,0,0
66471,1327112,13688.1073173132,13878.2145842689,0.7,0.7,0.7
66472,1327112,13690.678378792,13876.7277948176,2.96,2.26,1.56
66473,1327112,13693.543770541,13875.0708005133,3.32,0.36,-1.9
66474,1327112,13697.794245915,13872.6128421948,4.91,1.59,1.23
66475,1327112,13701.6724800647,13870.3701429551,4.48,-0.43,-2.02
66476,1327112,13716.0664598935,13864.4560886791,6,1.52,1.95
66477,1327112,13723.6723300539,13863.2659662755,7.7,1.7,0.180000000000001
66478,1327112,13732.9831080178,13861.5367139205,9.47,1.77,0.0700000000000003
66479,1327112,13744.4372329681,13859.4093865777,11.65,2.18,0.409999999999999
66480,1327112,13758.0304822211,13857.4140742668,13.74,2.09,-0.0899999999999999
66481,1327112,13770.8773328841,13855.8217182305,12.95,-0.790000000000001,-2.88
66482,1327112,13783.9827679451,13854.7400196305,13.15,0.200000000000001,0.990000000000002
66483,1327112,13797.3197026017,13853.6675236567,13.38,0.23,0.0299999999999994
66484,1327112,13810.2687996309,13852.6374818475,12.99,-0.390000000000001,-0.620000000000001
66485,1327112,13823.4565442388,13852.2410260639,13.21,0.220000000000001,0.610000000000001
66486,1327112,13836.3439711293,13852.4985685677,12.89,-0.32,-0.540000000000001
66487,1327112,13849.2171272048,13853.7318396057,12.97,0.0800000000000001,0.4
66488,1327112,13862.6789701652,13855.801425098,13.61,0.639999999999999,0.559999999999999
66489,1327112,13875.8240214152,13857.6005734986,13.27,-0.34,-0.979999999999999
66490,1327112,13889.5938045938,13859.1793930627,13.86,0.59,0.93
66491,1327112,13902.4822136143,13861.7292294629,13.15,-0.709999999999999,-1.3
66492,1327112,13915.8688938026,13864.3282166079,13.64,0.49,1.2
66493,1327112,13929.3359215192,13866.6751432113,13.67,0.0299999999999994,-0.460000000000001
66494,1327112,13942.9644150508,13867.5619037418,13.66,-0.00999999999999979,-0.0399999999999991
66495,1327112,13956.2165111202,13866.9405154681,13.3,-0.359999999999999,-0.35
66496,1327112,13975.2446026077,13865.2233024586,12.85,-0.450000000000001,-0.0900000000000016
66497,1327112,13988.7986487997,13866.3459821212,13.72,0.870000000000001,1.32
66498,1327112,14002.1530607878,13868.9125141955,13.61,-0.110000000000001,-0.980000000000002
66499,1327112,14014.8663530525,13871.0395543434,12.89,-0.719999999999999,-0.609999999999998
66500,1327112,14027.6719193126,13873.2893712301,13.05,0.16,0.879999999999999
66501,1327112,14044.3315146433,13882.5121173621,13.12,0.0699999999999985,-0.0900000000000016
66502,1327112,14058.0994978169,13880.4642294541,13.52,0.4,0.330000000000002
66503,1327112,14071.0190509286,13881.3470970377,13.04,-0.48,-0.880000000000001
66504,1327112,14084.6451469797,13882.6661822024,13.69,0.65,1.13
66505,1327112,14098.4506878594,13883.329731681,13.83,0.140000000000001,-0.51
66506,1327112,14111.7233889443,13884.150048858,13.31,-0.52,-0.66
66507,1327112,14124.9434194711,13885.0407187581,13.25,-0.0600000000000005,0.459999999999999
66508,1327112,14138.0425422072,13885.725564799,13.12,-0.130000000000001,-0.0700000000000003
66509,1327112,14154.3142309024,13884.6977874141,13.06,-0.0599999999999987,0.0700000000000021
66510,1327112,14167.3226927071,13887.9133622422,13.4,0.34,0.399999999999999
66511,1327112,14180.4902853667,13891.8497001093,13.53,0.129999999999999,-0.210000000000001
66512,1327112,14192.8351635817,13896.5524150079,13.23,-0.299999999999999,-0.429999999999998
66513,1327112,14201.0726874661,13900.8474470513,9.29,-3.94,-3.64
66514,1327112,14206.0205220489,13903.4272402485,5.59,-3.7,0.240000000000002
66515,1327112,14208.8964431707,13905.0134415321,2.85,-2.74,0.96
66516,1327112,14210.3348978355,13905.8419632141,1.65,-1.2,1.54
66517,1327112,14210.8634865978,13906.1464199767,0.61,-1.04,0.16
66518,1327112,14211.262094517,13906.3760103223,0.46,-0.15,0.89
66519,1327112,14211.3660791915,13906.4359034559,0.12,-0.34,-0.19
66520,1327112,14211.4354023079,13906.4758322117,0.09,-0.03,0.31
66521,1327112,14228.581657505,13915.9496579024,2.03,1.94,1.97
66522,1327112,14232.2861849406,13918.3422666206,4.41,2.38,0.440000000000001
66523,1327112,14232.2861849406,13918.3422666206,0,-4.41,-6.79
66524,1327112,14234.1930505367,13919.5738361876,2.27,2.27,6.68
66525,1327112,14237.6035678584,13921.7765553251,4.06,1.79,-0.48
66526,1327112,14242.2776143353,13924.8057342612,5.57,1.51,-0.279999999999999
66527,1327112,14248.049652782,13928.9401716074,7.1,1.53,0.0199999999999987
66528,1327112,14255.4462332321,13934.1713741469,9.07,1.97,0.440000000000001
66529,1327112,14264.1744323039,13940.1154586822,10.56,1.49,-0.48
66530,1327112,14274.7746046368,13946.6200776909,12.43,1.87,0.379999999999999
66531,1327112,14286.5435772457,13952.9766757868,13.4,0.970000000000001,-0.899999999999999
66532,1327112,14298.8712818959,13958.512087254,13.53,0.129999999999999,-0.840000000000002
66533,1327112,14311.9792318226,13962.953624006,13.84,0.31,0.180000000000001
66534,1327112,14324.7662299855,13966.6109704776,13.32,-0.52,-0.83
66535,1327112,14338.2082581677,13969.551970027,13.76,0.44,0.959999999999999
66536,1327112,14351.7459243678,13971.8701627532,13.74,-0.0199999999999996,-0.459999999999999
66537,1327112,14365.3747654679,13973.597272937,13.76,0.0199999999999996,0.0399999999999991
66538,1327112,14376.5945901343,13974.2704255607,11.24,-2.52,-2.54
66539,1327112,14389.9705376903,13975.0729384752,13.4,2.16,4.68
66540,1327112,14400.8709367435,13975.7269266114,10.91,-2.49,-4.65
