"V1","V2","V3","V4","V5","acceleration","jerk"
27472,1328476,14402.0103462962,13323.881753092,13.81,-0.9,0
27473,1328476,14389.2767527246,13321.7548551739,12.91,-0.9,0
27474,1328476,14376.5234324395,13319.624662294,12.93,0.0199999999999996,0.92
27475,1328476,14362.9021367599,13317.3494910896,13.81,0.880000000000001,0.860000000000001
27476,1328476,14349.9515493397,13315.1863485905,13.13,-0.68,-1.56
27477,1328476,14337.2179557682,13313.0594506724,12.91,-0.220000000000001,0.459999999999999
27478,1328476,14323.6755669426,13310.7974593157,13.73,0.82,1.04
27479,1328476,14310.9222466575,13308.6672664358,12.93,-0.800000000000001,-1.62
27480,1328476,14298.0012493076,13306.5090663795,13.1,0.17,0.970000000000001
27481,1328476,14284.7942146117,13304.3030893754,13.39,0.290000000000001,0.120000000000001
27482,1328476,14271.6266333429,13302.1037022952,13.35,-0.0400000000000009,-0.330000000000002
27483,1328476,14258.5280955714,13299.9158475817,13.28,-0.0700000000000003,-0.0299999999999994
27484,1328476,14245.5084646539,13297.7411727158,13.19,-0.0899999999999999,-0.0199999999999996
27485,1328476,14229.8973776971,13295.0507117364,13.17,-0.0199999999999996,0.0700000000000003
27486,1328476,14216.88945702,13292.6922377259,13.21,0.0400000000000009,0.0600000000000005
27487,1328476,14204.2456006887,13290.3997724434,12.86,-0.350000000000001,-0.390000000000002
27488,1328476,14191.0900863579,13288.0145381378,13.37,0.51,0.860000000000001
27489,1328476,14178.0821656808,13285.6560641273,13.22,-0.149999999999999,-0.659999999999998
27490,1328476,14164.4937099659,13283.1923329559,13.81,0.59,0.739999999999998
27491,1328476,14151.3381956351,13280.8070986503,13.37,-0.440000000000001,-1.03
27492,1328476,14138.1236438429,13278.4111602266,13.43,0.0600000000000005,0.500000000000002
27493,1328476,14124.6658943549,13275.3609788323,13.82,0.390000000000001,0.33
27525,1328476,13741.9024641882,13275.0126542647,16.15,0.0728124999999999,-0.00991210937500002
27526,1328476,13733.1774142376,13289.0111496663,17.4,1.25,1.1771875
27527,1328476,13733.3909527074,13307.9339621927,19.09,1.69,0.440000000000001
27528,1328476,13746.3436117929,13322.5732737476,20.18,1.09,-0.600000000000001
27529,1328476,13763.4616844104,13323.5990279457,17.77,-2.41,-3.5
27530,1328476,13777.9984699556,13317.7774788816,15.72,-2.05,0.360000000000001
27531,1328476,13790.6681896604,13310.8290472168,14.46,-1.26,0.789999999999999
27532,1328476,13805.0502118479,13296.5742206407,13.35,-1.11,0.149999999999999
27533,1328476,13808.5362492593,13283.7495708144,13.29,-0.0600000000000005,1.05
