"V1","V2","V3","V4","V5","acceleration","jerk"
23921,1328715,14398.3709697693,13319.9308780315,12.95,0.690000000000001,0
23922,1328715,14384.9173132061,13317.68394121,13.64,0.690000000000001,0
23923,1328715,14371.9666892563,13315.521017422,13.12,-0.520000000000001,-1.21
23924,1328715,14359.1837428444,13313.3860979787,12.96,-0.159999999999998,0.360000000000003
23925,1328715,14346.3514795096,13311.2429419634,13.01,0.0499999999999989,0.209999999999997
23926,1328715,14333.6178500205,13309.116259092,12.92,-0.0899999999999999,-0.139999999999999
23927,1328715,14320.1740568419,13306.8709695848,13.63,0.710000000000001,0.800000000000001
23928,1328715,14307.065618739,13304.6816887667,13.29,-0.340000000000002,-1.05
23929,1328715,14293.8388200211,13302.472640176,13.41,0.120000000000001,0.460000000000003
23930,1328715,14281.0558736091,13300.3377207327,12.95,-0.460000000000001,-0.580000000000002
23931,1328715,14267.9770256599,13298.1533818578,13.26,0.31,0.770000000000001
23932,1328715,14255.1447623251,13296.0102258425,13.01,-0.25,-0.56
23933,1328715,14242.2434552982,13293.8555386265,13.08,0.0700000000000003,0.32
23934,1328715,14226.069554724,13291.0088760259,13.13,0.0500000000000007,-0.0199999999999996
23935,1328715,14212.4911721224,13288.5456411765,13.8,0.67,0.619999999999999
23936,1328715,14199.463796351,13286.1823636832,13.24,-0.56,-1.23
23937,1328715,14186.8004786638,13283.8851294432,12.86,-0.380000000000001,0.18
23938,1328715,14174.0781245305,13281.5771854864,12.94,0.0800000000000001,0.460000000000001
23939,1328715,14160.8441211978,13279.1764239846,13.44,0.5,0.42
23940,1328715,14147.6002784574,13276.7738775299,13.46,0.0200000000000014,-0.479999999999999
23967,1328715,13832.2317366292,13276.9480590175,20.82,0.272592592592593,0.00935528120713301
23968,1328715,13825.8718082538,13298.3010379914,22.28,1.46,1.18740740740741
23969,1328715,13818.4636785167,13317.4570979831,20.54,-1.74,-3.2
23970,1328715,13812.6457162526,13332.4262300585,16.06,-4.48,-2.74
23971,1328715,13807.8855653092,13344.6737017566,13.14,-2.92,1.56
23972,1328715,13802.2967838937,13360.2591756433,13.43,0.289999999999999,3.21
23973,1328715,13797.8249901193,13373.2511216269,13.74,0.31,0.0200000000000014
23974,1328715,13793.5875261497,13385.5622669475,13.02,-0.720000000000001,-1.03
23975,1328715,13786.0825665881,13397.2291306265,13.48,0.460000000000001,1.18
23976,1328715,13781.787105075,13409.7106774213,13.2,-0.280000000000001,-0.740000000000002
23977,1328715,13777.2853966903,13422.27779491,13.35,0.15,0.430000000000001
23978,1328715,13772.6446818791,13434.7952333877,13.36,0.00999999999999979,-0.140000000000001
23979,1328715,13767.9657289683,13447.4158118078,13.45,0.0899999999999999,0.0800000000000001
23980,1328715,13764.0098237584,13458.0861076786,11.39,-2.06,-2.15
23981,1328715,13761.6877282574,13464.3495150966,6.67,-4.72,-2.66
23982,1328715,13750.8072481588,13479.3783252192,4.95,-1.72,3
23983,1328715,13749.6130064915,13480.6161405689,1.72,-3.23,-1.51
23984,1328715,13748.9186799408,13481.335800656,1,-0.72,2.51
23985,1328715,13748.8145309582,13481.443749669,0.15,-0.85,-0.13
23986,1328715,13748.7798146306,13481.4797326734,0.04,-0.11,0.74
23987,1328715,13748.7728713651,13481.4869292743,0.01,-0.03,0.08
23988,1328715,13748.7728713651,13481.4869292743,0,-0.01,0.02
23989,1328715,13748.7728713651,13481.4869292743,0,0,0.01
23990,1328715,13748.7728713651,13481.4869292743,0,0,0
23991,1328715,13748.7728713651,13481.4869292743,0,0,0
23992,1328715,13748.7728713651,13481.4869292743,0,0,0
23993,1328715,13748.7728713651,13481.4869292743,0,0,0
23994,1328715,13748.7728713651,13481.4869292743,0,0,0
23995,1328715,13748.7728713651,13481.4869292743,0,0,0
23996,1328715,13748.7728713651,13481.4869292743,0,0,0
23997,1328715,13748.7728713651,13481.4869292743,0,0,0
23998,1328715,13748.7728713651,13481.4869292743,0,0,0
23999,1328715,13748.7728713651,13481.4869292743,0,0,0
24000,1328715,13748.7728713651,13481.4869292743,0,0,0
24001,1328715,13748.7728713651,13481.4869292743,0,0,0
24002,1328715,13748.7728713651,13481.4869292743,0,0,0
24003,1328715,13748.7728713651,13481.4869292743,0,0,0
24004,1328715,13748.7728713651,13481.4869292743,0,0,0
24005,1328715,13748.7728713651,13481.4869292743,0,0,0
24006,1328715,13748.7728713651,13481.4869292743,0,0,0
24007,1328715,13748.7728713651,13481.4869292743,0,0,0
24008,1328715,13748.7728713651,13481.4869292743,0,0,0
24009,1328715,13748.7728713651,13481.4869292743,0,0,0
24010,1328715,13748.7728713651,13481.4869292743,0,0,0
24011,1328715,13748.7728713651,13481.4869292743,0,0,0
24012,1328715,13748.7728713651,13481.4869292743,0,0,0
24013,1328715,13748.7728713651,13481.4869292743,0,0,0
24014,1328715,13748.7728713651,13481.4869292743,0,0,0
24015,1328715,13748.7728713651,13481.4869292743,0,0,0
24016,1328715,13748.7728713651,13481.4869292743,0,0,0
24017,1328715,13748.7728713651,13481.4869292743,0,0,0
24018,1328715,13748.7728713651,13481.4869292743,0,0,0
24019,1328715,13748.7728713651,13481.4869292743,0,0,0
24020,1328715,13748.7728713651,13481.4869292743,0,0,0
24021,1328715,13748.7728713651,13481.4869292743,0,0,0
24022,1328715,13748.7728713651,13481.4869292743,0,0,0
24023,1328715,13748.7728713651,13481.4869292743,0,0,0
24024,1328715,13748.7728713651,13481.4869292743,0,0,0
24025,1328715,13748.7728713651,13481.4869292743,0,0,0
24026,1328715,13748.7728713651,13481.4869292743,0,0,0
24027,1328715,13748.7728713651,13481.4869292743,0,0,0
24028,1328715,13748.7728713651,13481.4869292743,0,0,0
24029,1328715,13748.7728713651,13481.4869292743,0,0,0
24030,1328715,13748.7728713651,13481.4869292743,0,0,0
24031,1328715,13748.7728713651,13481.4869292743,0,0,0
24032,1328715,13748.7728713651,13481.4869292743,0,0,0
24033,1328715,13748.7728713651,13481.4869292743,0,0,0
24034,1328715,13748.7728713651,13481.4869292743,0,0,0
24035,1328715,13748.7728713651,13481.4869292743,0,0,0
24036,1328715,13747.5508566358,13482.7535310275,1.76,1.76,1.76
24037,1328715,13745.870586383,13484.4951084382,2.42,0.66,-1.1
24038,1328715,13715.0893320085,13496.4724052753,4.3,1.88,1.22
24039,1328715,13712.3516646126,13495.1279063986,3.05,-1.25,-3.13
24040,1328715,13712.3516646126,13495.1279063986,0,-3.05,-1.8
24041,1328715,13710.7723323046,13494.1303690765,1.88,1.88,4.93
24042,1328715,13709.1900747545,13492.842711884,2.04,0.16,-1.72
24043,1328715,13706.8709815806,13490.9554104108,2.99,0.95,0.79
24044,1328715,13698.5564869353,13489.8554478986,4.83,1.84,0.89
24045,1328715,13695.4055958302,13495.7002306356,6.65,1.82,-0.0199999999999996
24046,1328715,13691.7528499578,13502.7604420377,7.95,1.3,-0.52
24047,1328715,13687.4524876881,13511.3321970709,9.59,1.64,0.34
24048,1328715,13682.4929458003,13521.2178707588,11.06,1.47,-0.169999999999999
24049,1328715,13676.7396978419,13532.6856097657,12.83,1.77,0.299999999999999
24050,1328715,13670.6052916011,13544.9130976545,13.68,0.85,-0.92
24051,1328715,13664.7444224805,13556.5953539927,13.07,-0.609999999999999,-1.46
24052,1328715,13658.829742779,13568.3848689967,13.18,0.109999999999999,0.719999999999999
24053,1328715,13651.005804344,13586.6482994261,13.38,0.200000000000001,0.0900000000000016
24054,1328715,13647.8341008802,13599.152310668,12.9,-0.48,-0.680000000000001
24055,1328715,13644.5419218584,13612.1312804764,13.39,0.49,0.970000000000001
24056,1328715,13641.1268085939,13625.5949018834,13.89,0.5,0.00999999999999979
24057,1328715,13637.7731624507,13638.8161974911,13.65,-0.24,-0.74
24058,1328715,13634.4883594835,13651.7660882036,13.35,-0.300000000000001,-0.0600000000000005
24059,1328715,13631.2010978315,13664.7256719481,13.37,0.0199999999999996,0.32
