"V1","V2","V3","V4","V5","acceleration","jerk"
69190,1329980,13651.5,13584.7,0,1.85,0
69191,1329980,13651.0451433017,13586.4932109145,1.85,1.85,0
69192,1329980,13650.1059256868,13590.1959491273,3.82,1.97,0.12
69193,1329980,13648.60366924,13596.1183916612,6.11,2.29,0.320000000000001
69194,1329980,13646.5383739612,13604.2605385164,8.4,2.29,-4.44089209850063e-16
69195,1329980,13644.089523845,13613.914798359,9.96,1.56,-0.73
69196,1329980,13641.2644949458,13625.052092093,11.49,1.53,-0.0300000000000011
69197,1329980,13638.0460764697,13637.7402709424,13.09,1.6,0.0700000000000003
69198,1329980,13634.650632684,13651.1263480936,13.81,0.720000000000001,-0.879999999999999
69199,1329980,13631.4002513048,13663.9405363585,13.22,-0.59,-1.31
69200,1329980,13645.0595410729,13670.8169775343,12.58,-0.640000000000001,-0.0500000000000007
69201,1329980,13653.4544575551,13672.540426767,8.57,-4.01,-3.37
69202,1329980,13659.3710614701,13673.7550864363,6.04,-2.53,1.48
69203,1329980,13662.9660840477,13674.4931329572,3.67,-2.37,0.16
69204,1329980,13663.8085144064,13674.6660811883,0.86,-2.81,-0.44
69205,1329980,13664.3276866043,13674.7726655632,0.54,-0.32,2.49
69206,1329980,13664.5823748523,13674.8249522377,0.25,-0.29,0.0299999999999999
69207,1329980,13664.6803318707,13674.8450624971,0.1,-0.15,0.14
69208,1329980,13664.7195146781,13674.8531066009,0.04,-0.06,0.09
69209,1329980,13664.7195146781,13674.8531066009,0,-0.04,0.02
69210,1329980,13664.7195146781,13674.8531066009,0,0,0.04
69211,1329980,13664.7195146781,13674.8531066009,0,0,0
69212,1329980,13664.7195146781,13674.8531066009,0,0,0
69213,1329980,13664.7195146781,13674.8531066009,0,0,0
69214,1329980,13664.7195146781,13674.8531066009,0,0,0
69215,1329980,13664.7195146781,13674.8531066009,0,0,0
69216,1329980,13664.7195146781,13674.8531066009,0,0,0
69217,1329980,13664.7195146781,13674.8531066009,0,0,0
69218,1329980,13664.7195146781,13674.8531066009,0,0,0
69219,1329980,13664.7195146781,13674.8531066009,0,0,0
69220,1329980,13664.7195146781,13674.8531066009,0,0,0
69221,1329980,13664.7195146781,13674.8531066009,0,0,0
69222,1329980,13664.7195146781,13674.8531066009,0,0,0
69223,1329980,13664.7195146781,13674.8531066009,0,0,0
69224,1329980,13664.7195146781,13674.8531066009,0,0,0
69225,1329980,13664.7195146781,13674.8531066009,0,0,0
69226,1329980,13664.7195146781,13674.8531066009,0,0,0
69227,1329980,13664.7195146781,13674.8531066009,0,0,0
69228,1329980,13664.7195146781,13674.8531066009,0,0,0
69229,1329980,13664.7195146781,13674.8531066009,0,0,0
69230,1329980,13664.7195146781,13674.8531066009,0,0,0
69231,1329980,13664.7195146781,13674.8531066009,0,0,0
69232,1329980,13664.7195146781,13674.8531066009,0,0,0
69233,1329980,13664.7195146781,13674.8531066009,0,0,0
69234,1329980,13664.7195146781,13674.8531066009,0,0,0
69235,1329980,13664.7195146781,13674.8531066009,0,0,0
69236,1329980,13664.7195146781,13674.8531066009,0,0,0
69237,1329980,13664.7195146781,13674.8531066009,0,0,0
69238,1329980,13664.7195146781,13674.8531066009,0,0,0
69239,1329980,13664.7195146781,13674.8531066009,0,0,0
69240,1329980,13664.7195146781,13674.8531066009,0,0,0
69241,1329980,13664.7195146781,13674.8531066009,0,0,0
69242,1329980,13664.7195146781,13674.8531066009,0,0,0
69243,1329980,13664.7195146781,13674.8531066009,0,0,0
69244,1329980,13664.7195146781,13674.8531066009,0,0,0
69245,1329980,13664.7195146781,13674.8531066009,0,0,0
69246,1329980,13664.7195146781,13674.8531066009,0,0,0
69247,1329980,13664.7195146781,13674.8531066009,0,0,0
69248,1329980,13665.5717407387,13675.0280658579,0.88,0.88,0.88
69249,1329980,13666.5806980289,13675.23520153,1.03,0.15,-0.73
69250,1329980,13669.8818495511,13675.9129172726,3.37,2.34,2.19
69251,1329980,13674.1821626615,13676.7957576613,4.4,1.03,-1.31
69252,1329980,13680.8530356187,13678.1652663282,6.8,2.4,1.37
69253,1329980,13689.1978818108,13661.753899648,8.28,1.48,-0.92
69254,1329980,13688.6428674536,13652.3602816516,9.41,1.13,-0.349999999999999
69255,1329980,13688.4499228698,13641.5493038885,10.85,1.44,0.309999999999999
69256,1329980,13690.2540156416,13629.5339907727,12.15,1.3,-0.139999999999999
69257,1329980,13692.2927147163,13615.9561924945,13.73,1.58,0.279999999999999
69258,1329980,13694.3432925911,13602.2992810435,13.81,0.0800000000000001,-1.5
69259,1329980,13700.1318431693,13589.381665973,12.96,-0.85,-0.93
69260,1329980,13702.9793096629,13576.4825503917,13.23,0.27,1.12
69261,1329980,13706.5900703232,13564.0461157156,12.95,-0.280000000000001,-0.550000000000001
69262,1329980,13710.175736894,13551.6961118596,12.86,-0.0899999999999999,0.190000000000001
69263,1329980,13713.8199563404,13539.1444360899,13.07,0.210000000000001,0.300000000000001
69264,1329980,13719.8582094248,13526.7146455833,13.88,0.81,0.6
69265,1329980,13726.1766136143,13515.2619529524,13.08,-0.800000000000001,-1.61
69266,1329980,13740.3943301777,13476.1939795466,12.79,-0.290000000000001,0.51
69267,1329980,13745.4825077322,13463.453099885,13.72,0.930000000000001,1.22
69268,1329980,13750.1129932482,13450.9638643645,13.31,-0.41,-1.34
69269,1329980,13754.5001349309,13439.1309700501,12.63,-0.68,-0.27
69270,1329980,13759.1271441065,13426.6511108326,13.31,0.68,1.36
69271,1329980,13763.5594782153,13414.6963245799,12.76,-0.550000000000001,-1.23
69272,1329980,13768.3208856809,13402.0212109726,13.53,0.77,1.32
69273,1329980,13773.1443515434,13389.2839201667,13.62,0.0899999999999999,-0.68
69274,1329980,13777.9465686577,13376.6027407741,13.56,-0.0599999999999987,-0.149999999999999
69275,1329980,13782.8337807651,13363.6971157285,13.8,0.24,0.299999999999999
69276,1329980,13790.6736089266,13352.3231412876,13.48,-0.32,-0.56
69277,1329980,13797.5047401996,13334.0574147951,13.26,-0.220000000000001,0.0999999999999996
69278,1329980,13800.6855980014,13323.6461458666,10.89,-2.37,-2.15
69279,1329980,13802.6214446219,13317.0441084642,6.87,-4.02,-1.65
69280,1329980,13803.772260418,13313.1193507643,4.09,-2.78,1.24
69281,1329980,13807.676747669,13299.4803388599,5.55,1.46,4.24
69282,1329980,13809.5574766562,13292.5613968543,7.17,1.62,0.16
69283,1329980,13811.8815015971,13284.0116303035,8.86,1.69,0.0699999999999994
