"V1","V2","V3","V4","V5","acceleration","jerk"
53976,1330218,14344.4586455061,13289.5781754648,27.22,-0.109999999999999,0
53977,1330218,14344.5403503213,13316.9986315136,27.11,-0.109999999999999,0
53978,1330218,14343.8308920083,13344.3862959568,27.43,0.32,0.43
53979,1330218,14343.1164835817,13371.9843876794,27.6,0.170000000000002,-0.149999999999999
53980,1330218,14342.2767608428,13399.5516012803,27.58,-0.0200000000000031,-0.190000000000005
53981,1330218,14341.8140467111,13439.1967071148,27.31,-0.27,-0.249999999999996
53982,1330218,14344.1271725659,13466.5203808045,27.44,0.130000000000003,0.400000000000002
53983,1330218,14347.9281380877,13493.3596287488,27.12,-0.32,-0.450000000000003
53984,1330218,14354.2580841045,13520.0348662633,27.43,0.309999999999999,0.629999999999999
53985,1330218,14362.0199103473,13546.4167550012,27.5,0.0700000000000003,-0.239999999999998
53986,1330218,14369.1236820855,13572.8160239194,27.35,-0.149999999999999,-0.219999999999999
53987,1330218,14375.1483071651,13599.2068780486,27.07,-0.280000000000001,-0.130000000000003
53988,1330218,14380.9589761883,13625.9201381374,27.34,0.27,0.550000000000001
53989,1330218,14383.8888523984,13652.9920557901,27.23,-0.109999999999999,-0.379999999999999
53990,1330218,14386.7982851094,13679.8750764779,27.04,-0.190000000000001,-0.0800000000000018
53991,1330218,14389.8433308032,13714.2996381291,27.31,0.27,0.460000000000001
53992,1330218,14386.883041401,13739.3473299573,25,-2.31,-2.58
53993,1330218,14387.1972843186,13762.4751952152,23.13,-1.87,0.439999999999998
53994,1330218,14387.4464505577,13780.8135025576,18.34,-4.79,-2.92
53995,1330218,14387.6456205176,13795.4721495391,14.66,-3.68,1.11
53996,1330218,14387.7900391174,13806.1011684622,10.63,-4.03,-0.35
53997,1330218,14387.9030741833,13814.4204005827,8.32,-2.31,1.72
53998,1330218,14387.958912419,13818.5300212575,4.11,-4.21,-1.9
53999,1330218,14387.9939641582,13821.109783141,2.58,-1.53,2.68
54000,1330218,14387.9416136979,13825.6192714615,4.47,1.89,3.42
54001,1330218,14387.7965715109,13832.3577104992,6.74,2.27,0.380000000000001
54002,1330218,14387.464701917,13846.9698047033,9.07,2.33,0.0599999999999996
54003,1330218,14387.3409926482,13858.1491202466,11.19,2.12,-0.210000000000001
54004,1330218,14387.2013494485,13870.7683476309,12.62,1.43,-0.69
54005,1330218,14387.0415675306,13885.2074635921,14.44,1.82,0.390000000000001
54006,1330218,14386.8682860324,13900.8665048629,15.65,1.21,-0.609999999999999
54007,1330218,14386.6805090832,13917.8354659336,16.97,1.32,0.109999999999998
54008,1330218,14386.4712655883,13936.7443082345,18.91,1.94,0.620000000000003
54009,1330218,14386.2606942658,13955.7731431888,19.03,0.120000000000001,-1.82
54010,1330218,14386.0487521495,13974.6994808953,18.93,-0.100000000000001,-0.220000000000002
54011,1330218,14385.8381539311,13993.2082828119,18.51,-0.419999999999998,-0.319999999999997
54012,1330218,14385.6244837775,14011.9870672525,18.78,0.27,0.689999999999998
54013,1330218,14385.4069452612,14031.1058296862,19.12,0.34,0.0700000000000003
54014,1330218,14385.1902031725,14050.1545966506,19.05,-0.0700000000000003,-0.41
54015,1330218,14384.2954630005,14068.8498773472,18.73,-0.32,-0.25
54016,1330218,14382.6602825525,14087.62881994,18.85,0.120000000000001,0.440000000000001
54017,1330218,14381.0198972862,14106.4675363553,18.91,0.0599999999999987,-0.0600000000000023
54018,1330218,14379.4133433395,14124.9177229239,18.53,-0.379999999999999,-0.439999999999998
54019,1330218,14377.7599460272,14143.9058738957,19.05,0.52,0.899999999999999
54020,1330218,14376.1421149739,14162.4855704132,18.66,-0.390000000000001,-0.91
54021,1330218,14374.3940353176,14181.7865441794,19.38,0.719999999999999,1.11
54022,1330218,14372.6361576867,14201.0264055676,19.32,-0.0599999999999987,-0.779999999999998
54023,1330218,14370.9028466687,14219.9973869053,19.04,-0.280000000000001,-0.220000000000002
54024,1330218,14369.2132668529,14239.0826941796,19.17,0.130000000000003,0.410000000000004
54025,1330218,14367.5453196969,14258.3405978112,19.33,0.159999999999997,0.029999999999994
