"V1","V2","V3","V4","V5","acceleration","jerk"
57037,1331203,13901.57,13592.13,0,1.57,0
57038,1331203,13901.295376932,13593.6757949963,1.57,1.57,0
57039,1331203,13901.0539885028,13595.0345192605,1.38,-0.19,-1.76
57040,1331203,13900.7461307961,13596.7673849888,1.76,0.38,0.57
57041,1331203,13900.1282201642,13600.4453200764,3.74,1.98,1.6
57042,1331203,13905.4449636817,13612.1856872873,4.86,1.12,-0.86
57043,1331203,13911.7588230205,13614.9872282838,6.91,2.05,0.93
57044,1331203,13919.3471150894,13619.4434400693,8.8,1.89,-0.159999999999999
57045,1331203,13928.8379831327,13624.4242982824,10.72,1.92,0.0299999999999994
57046,1331203,13939.7366873343,13630.0608882733,12.27,1.55,-0.370000000000001
57047,1331203,13951.1416572183,13637.1624742267,13.45,1.18,-0.369999999999999
57048,1331203,13964.0104122017,13645.7302478686,15.46,2.01,0.830000000000002
57049,1331203,13977.2058939346,13658.4739293836,17.47,2.01,-3.5527136788005e-15
57050,1331203,13993.0994899595,13667.3661978939,18.23,0.760000000000002,-1.25
57051,1331203,14011.7026241079,13674.6459845752,20.03,1.8,1.04
57052,1331203,14032.1621012645,13678.8000272739,20.89,0.859999999999999,-0.940000000000001
57053,1331203,14051.3821238425,13681.648822125,19.43,-1.46,-2.32
57054,1331203,14068.6930036733,13684.2146435298,17.5,-1.93,-0.469999999999999
57055,1331203,14085.2718805856,13686.6719673438,16.76,-0.739999999999998,1.19
57056,1331203,14111.1042300606,13692.4494820495,17.6,0.84,1.58
57057,1331203,14126.0373677168,13699.8246230569,16.68,-0.920000000000002,-1.76
57058,1331203,14134.7151271534,13721.5545926675,17.31,0.629999999999999,1.55
57059,1331203,14139.0978224995,13738.013771772,17.05,-0.259999999999998,-0.889999999999997
57060,1331203,14143.2846591271,13755.5714737587,18.04,0.989999999999998,1.25
57061,1331203,14150.3098633772,13782.2026241652,18.85,0.810000000000002,-0.179999999999996
57062,1331203,14155.5236044771,13801.0964565913,19.6,0.75,-0.0600000000000023
57063,1331203,14176.4945379287,13824.5433589511,19.54,-0.0600000000000023,-0.810000000000002
57064,1331203,14190.2202251447,13847.7924854021,20.84,1.3,1.36
57065,1331203,14208.5127108034,13880.534624309,18.32,-2.52,-3.82
57066,1331203,14213.2125086064,13893.1935978861,13.52,-4.8,-2.28
57067,1331203,14230.1777124092,13916.9804870553,13.51,-0.00999999999999979,4.79
57068,1331203,14241.2744941381,13924.147462377,13.21,-0.299999999999999,-0.289999999999999
57069,1331203,14252.5290798019,13932.1487279141,13.8,0.59,0.889999999999999
57070,1331203,14263.4801437414,13939.642633776,13.27,-0.530000000000001,-1.12
57071,1331203,14275.2722204362,13946.9180349297,13.86,0.59,1.12
57072,1331203,14286.7328798543,13953.0675852055,13.02,-0.84,-1.43
57073,1331203,14299.3637771244,13958.6789658025,13.84,0.82,1.66
57074,1331203,14312.4433138648,13963.1108749459,13.81,-0.0299999999999994,-0.85
57075,1331203,14325.7040459052,13966.8161564927,13.79,-0.0200000000000014,0.00999999999999801
57076,1331203,14338.88231336,13969.6994474753,13.49,-0.299999999999999,-0.279999999999998
57077,1331203,14352.3982342983,13971.9706204784,13.71,0.220000000000001,0.52
57078,1331203,14365.5244962241,13973.6062562905,13.24,-0.470000000000001,-0.690000000000001
57079,1331203,14379.2897437463,13974.4321259241,13.79,0.549999999999999,1.02
57080,1331203,14393.0949194702,13975.2603911186,13.84,0.0500000000000007,-0.499999999999998
