"V1","V2","V3","V4","V5","acceleration","jerk"
62626,1331607,13456.47,13903.93,0,1.71,0
62627,1331607,13458.1640386565,13903.6969055337,1.71,1.71,0
62628,1331607,13461.3936094286,13903.2525266096,3.26,1.55,-0.16
62629,1331607,13472.9283067733,13901.5890865612,5.54,2.28,0.73
62630,1331607,13479.8272632766,13900.464587043,6.99,1.45,-0.83
62631,1331607,13488.7593886491,13899.0086899559,9.05,2.06,0.61
62632,1331607,13499.7345526429,13897.2197865736,11.13,2.08,0.0199999999999996
62633,1331607,13512.6678570803,13895.3879011553,13.06,1.93,-0.15
62634,1331607,13525.9199020991,13894.2594939509,13.3,0.24,-1.69
62635,1331607,13539.5206851448,13893.10139182,13.65,0.35,0.109999999999999
62636,1331607,13553.0434988007,13892.2686925502,13.56,-0.0899999999999999,-0.44
62637,1331607,13566.9401133567,13895.3444480078,13.36,-0.200000000000001,-0.110000000000001
62638,1331607,13579.899930592,13895.2756204873,12.96,-0.399999999999999,-0.199999999999998
62639,1331607,13602.9588878507,13894.8756209575,13.62,0.659999999999998,1.06
62640,1331607,13615.8780757526,13894.346958537,12.94,-0.68,-1.34
62641,1331607,13629.0392728632,13893.1655771393,13.25,0.31,0.99
62642,1331607,13640.6636064809,13890.5560412624,11.92,-1.33,-1.64
62643,1331607,13648.5662605837,13888.3306967652,8.21,-3.71,-2.38
62644,1331607,13658.5311323136,13890.0854891921,5.04,-3.17,0.539999999999998
62645,1331607,13655.9558787897,13899.3878079144,6.17,1.13,4.3
62646,1331607,13653.1564092009,13901.4718112784,3.48,-2.69,-3.82
62647,1331607,13641.6808082033,13906.5159657146,5.33,1.85,4.54
62648,1331607,13634.4344703239,13907.8044482859,7.35,2.02,0.169999999999999
62649,1331607,13625.2190188902,13909.4430619907,9.37,2.02,0
62650,1331607,13608.7946988484,13911.4324941183,10.9,1.53,-0.489999999999998
62651,1331607,13595.7354963912,13911.5768242315,13.06,2.16,0.629999999999999
62652,1331607,13582.2951170912,13911.9527360694,13.45,0.389999999999999,-1.77
62653,1331607,13568.4656088055,13912.8715943694,13.86,0.41,0.0200000000000014
62654,1331607,13555.3345605342,13913.7440456845,13.16,-0.699999999999999,-1.11
62655,1331607,13541.8343262553,13914.6410264059,13.53,0.369999999999999,1.07
62656,1331607,13528.0846419712,13915.5545810505,13.77,0.24,-0.129999999999999
62657,1331607,13514.7250206442,13919.7556125945,13.6,-0.17,-0.41
62658,1331607,13501.2068899181,13921.1908952062,13.61,0.00999999999999979,0.18
62659,1331607,13488.1471837689,13923.3684340225,13.24,-0.369999999999999,-0.379999999999999
62660,1331607,13467.9771822909,13926.3156067639,13.74,0.5,0.869999999999999
62661,1331607,13455.2058742529,13928.0608262333,12.89,-0.85,-1.35
62662,1331607,13441.6815643444,13929.9089446009,13.65,0.76,1.61
62663,1331607,13428.1701999019,13932.691896636,13.82,0.17,-0.59
62664,1331607,13414.9971997936,13936.1526000542,13.62,-0.200000000000001,-0.370000000000001
62665,1331607,13405.4607988343,13938.65792573,9.86,-3.76,-3.56
