"V1","V2","V3","V4","V5","acceleration","jerk"
46906,1332885,13417.2087602268,13753.2708480451,13.76,-0.48,0
46907,1332885,13439.9413440498,13756.2973761873,13.28,-0.48,0
46908,1332885,13452.933113731,13756.6957141071,13,-0.279999999999999,0.200000000000001
46909,1332885,13466.3089376514,13757.0299811408,13.38,0.380000000000001,0.66
46910,1332885,13480.0846218216,13757.3748370832,13.78,0.399999999999999,0.0199999999999978
46911,1332885,13493.3804554373,13757.7077161352,13.31,-0.469999999999999,-0.869999999999997
46912,1332885,13506.7162765226,13758.0415963271,13.34,0.0299999999999994,0.499999999999998
46913,1332885,13520.0620944752,13758.375726804,13.35,0.00999999999999979,-0.0199999999999996
46914,1332885,13533.5447177907,13758.8034047447,13.49,0.140000000000001,0.130000000000001
46915,1332885,13547.1820864977,13758.790029088,13.65,0.16,0.0199999999999996
46916,1332885,13560.7705130336,13758.2291444944,13.6,-0.0500000000000007,-0.210000000000001
46917,1332885,13573.3342142791,13757.8330381496,12.57,-1.03,-0.979999999999999
46918,1332885,13582.5688009084,13757.5167988209,9.24,-3.33,-2.3
46919,1332885,13589.7045718941,13757.2710907813,7.14,-2.1,1.23
46920,1332885,13596.3006627211,13757.0439657026,6.6,-0.54,1.56
46921,1332885,13601.3276834575,13756.8708688623,5.04,-1.56,-1.02
46922,1332885,13604.0960427894,13756.775545155,2.77,-2.27,-0.71
46923,1332885,13610.8613199295,13751.3368441632,4.79,2.02,4.29
46924,1332885,13612.0839506771,13744.9834140617,6.47,1.68,-0.34
46925,1332885,13613.7185342887,13736.4892609893,8.65,2.18,0.500000000000001
46926,1332885,13615.6346820136,13726.5319532259,10.14,1.49,-0.69
46927,1332885,13617.8739670769,13714.8954545082,11.85,1.71,0.219999999999999
46928,1332885,13620.4118234819,13701.7074226282,13.44,1.59,-0.119999999999999
46929,1332885,13622.7059096142,13689.7861488365,12.13,-1.31,-2.9
46930,1332885,13624.1364064858,13682.3525374194,7.57,-4.56,-3.25
46931,1332885,13625.081252504,13677.4426223487,5.01,-2.56,2
46932,1332885,13636.331570728,13669.0251534196,6.82,1.81,4.37
46933,1332885,13644.3346591363,13670.6681616146,8.17,1.35,-0.460000000000001
46934,1332885,13654.3948449323,13672.7334852575,10.27,2.1,0.75
46935,1332885,13665.8656117941,13675.0883966362,11.71,1.44,-0.659999999999998
46936,1332885,13679.1877663049,13677.823391918,13.6,1.89,0.449999999999998
46937,1332885,13703.7522541136,13681.8053187331,13.8,0.200000000000001,-1.69
46938,1332885,13716.5619662463,13683.241764025,12.9,-0.9,-1.1
46939,1332885,13730.0971314323,13684.7595595933,13.62,0.719999999999999,1.62
46940,1332885,13743.7714246012,13686.2929565846,13.76,0.140000000000001,-0.579999999999998
46941,1332885,13756.9090812648,13687.766176659,13.22,-0.539999999999999,-0.68
46942,1332885,13780.4399380036,13689.1957314655,13.84,0.619999999999999,1.16
46943,1332885,13793.9297619339,13689.1268088273,13.49,-0.35,-0.969999999999999
46944,1332885,13807.49958482,13689.057477456,13.57,0.0800000000000001,0.43
46945,1332885,13820.7594117522,13688.9897299259,13.26,-0.31,-0.390000000000001
46946,1332885,13834.6492304618,13688.9187636217,13.89,0.630000000000001,0.940000000000001
46947,1332885,13847.9390570024,13688.8508628166,13.29,-0.600000000000001,-1.23
46948,1332885,13861.2588831515,13688.7828087365,13.32,0.0300000000000011,0.630000000000003
46949,1332885,13874.3687120415,13688.7158275812,13.11,-0.210000000000001,-0.240000000000002
46950,1332885,13887.8985354497,13688.6467005765,13.53,0.42,0.630000000000001
46951,1332885,13891.9798945023,13673.6032970572,13.22,-0.309999999999999,-0.729999999999999
46952,1332885,13891.7136765882,13662.2964306468,11.3,-1.92,-1.61
46953,1332885,13891.6455072201,13637.9101472036,9.58,-1.72,0.199999999999999
46954,1332885,13891.8147833157,13630.148705475,7.77,-1.81,-0.0899999999999999
46955,1332885,13892.605325408,13626.0339584354,4.18,-3.59,-1.78
46956,1332885,13904.5282829975,13615.3815665912,5.47,1.29,4.88
46957,1332885,13910.6535446469,13618.1352763822,6.72,1.25,-0.04
46958,1332885,13917.6873143824,13622.2915948623,8.18,1.46,0.21
46959,1332885,13926.004367355,13626.6683441411,9.4,1.22,-0.239999999999999
46960,1332885,13935.9256347724,13631.8003372073,11.17,1.77,0.549999999999999
46961,1332885,13946.6155481625,13638.107455817,12.43,1.26,-0.51
46962,1332885,13958.2773371221,13645.8716543114,14.01,1.58,0.32
46963,1332885,13971.1627399127,13654.4505117484,15.48,1.47,-0.109999999999999
46964,1332885,13985.9410503113,13663.5972667717,17.4,1.92,0.449999999999998
46965,1332885,14002.5882845171,13671.5557586463,18.49,1.09,-0.829999999999998
46966,1332885,14021.5506329712,13676.8880196837,19.73,1.24,0.150000000000002
46967,1332885,14042.7761435837,13680.3732423409,21.52,1.79,0.549999999999997
46968,1332885,14065.7748839304,13683.7821193501,23.25,1.73,-0.0599999999999987
46969,1332885,14090.1683865949,13687.3977282554,24.66,1.41,-0.32
46970,1332885,14122.9257887297,13698.1575969002,25.79,1.13,-0.280000000000001
46971,1332885,14136.5486072897,13727.3235144405,26.9,1.11,-0.0199999999999996
46972,1332885,14142.8485786362,13753.7427491197,27.15,0.25,-0.859999999999999
46973,1332885,14151.9883688027,13788.2852814411,27.05,-0.0999999999999979,-0.349999999999998
46974,1332885,14171.6071365669,13821.5523377328,27.1,0.0500000000000007,0.149999999999999
46975,1332885,14188.175985068,13844.7335126472,22.89,-4.21,-4.26
46976,1332885,14207.4631137415,13876.9449243205,18.26,-4.63,-0.419999999999998
46977,1332885,14212.2191960164,13890.6292597457,14.5,-3.76,0.869999999999997
46978,1332885,14227.7080274521,13915.3854145765,13.31,-1.19,2.57
46979,1332885,14239.1744218957,13922.7911082283,13.65,0.34,1.53
46980,1332885,14250.4641533716,13930.6696475114,13.77,0.119999999999999,-0.220000000000001
46981,1332885,14261.0666644526,13937.9990043401,12.9,-0.869999999999999,-0.989999999999998
46982,1332885,14272.303684805,13945.1405658846,13.31,0.41,1.28
46983,1332885,14284.0105280551,13951.7602211852,13.46,0.15,-0.26
46984,1332885,14296.0718085429,13957.5524498576,13.38,-0.0800000000000001,-0.23
46985,1332885,14308.2855176092,13961.7020348924,12.9,-0.48,-0.4
46986,1332885,14320.7414366635,13965.7303804963,13.1,0.199999999999999,0.68
46987,1332885,14333.8415527917,13968.5965726443,13.41,0.31,0.110000000000001
46988,1332885,14346.8140659537,13971.1106414676,13.22,-0.19,-0.5
46989,1332885,14360.1765360456,13973.1685027464,13.52,0.299999999999999,0.489999999999998
46990,1332885,14373.0409801865,13974.0572206372,12.9,-0.619999999999999,-0.919999999999998
46991,1332885,14386.8761020617,13974.8872825024,13.86,0.959999999999999,1.58
46992,1332885,14399.7928752986,13975.6622464661,12.94,-0.92,-1.88
