"V1","V2","V3","V4","V5","acceleration","jerk"
64093,1332799,14344.0570798774,13277.8662950449,22.77,1.37,0
64094,1332799,14344.4488544173,13301.9981716054,24.14,1.37,0
64095,1332799,14344.7788092279,13327.9636301274,25.66,1.52,0.149999999999999
64096,1332799,14343.5117726344,13354.6793326229,26.75,1.09,-0.43
64097,1332799,14342.8217585595,13381.6598999222,26.99,0.239999999999998,-0.850000000000001
64098,1332799,14341.9783822046,13409.3470578898,27.7,0.710000000000001,0.470000000000002
64099,1332799,14343.1987255178,13449.0599857078,27.46,-0.239999999999998,-0.949999999999999
64100,1332799,14341.9678225099,13476.6619519275,26.13,-1.33,-1.09
64101,1332799,14346.587012612,13503.2552444345,27.01,0.880000000000003,2.21
64102,1332799,14353.2658147366,13528.3563867446,25.98,-1.03,-1.91
64103,1332799,14360.2444846839,13552.0604426374,24.71,-1.27,-0.239999999999998
64104,1332799,14365.9749977384,13573.8181516181,22.51,-2.2,-0.93
64105,1332799,14370.2749455547,13592.5407195183,19.22,-3.29,-1.09
64106,1332799,14373.7839912319,13608.407198523,16.25,-2.97,0.320000000000004
64107,1332799,14377.0410839681,13623.2643667225,15.21,-1.04,1.93
64108,1332799,14378.6791853521,13635.3402871725,12.2,-3.01,-1.97
64109,1332799,14379.9016928179,13646.6644902569,11.39,-0.809999999999999,2.2
64110,1332799,14381.0318950667,13657.1336613261,10.53,-0.860000000000001,-0.0500000000000025
64111,1332799,14381.8755218165,13664.9482562553,7.86,-2.67,-1.81
64112,1332799,14382.5302448667,13671.0130182232,6.1,-1.76,0.909999999999998
64113,1332799,14383.0776362692,13676.0835569177,5.1,-1,0.760000000000001
64114,1332799,14383.5144760748,13680.1300456406,4.07,-1.03,-0.0299999999999994
64115,1332799,14383.7291393699,13682.1184921874,2,-2.07,-1.04
64116,1332799,14383.9824420582,13684.4648591127,2.36,0.36,2.43
64117,1332799,14384.0296679831,13684.902317353,0.44,-1.92,-2.28
64118,1332799,14384.0618674774,13685.2005843351,0.3,-0.14,1.78
64119,1332799,14384.1488061119,13686.0059051865,0.81,0.51,0.65
64120,1332799,14384.2636509748,13687.0697240891,1.07,0.26,-0.25
64121,1332799,14384.4783142699,13689.058170636,2,0.93,0.67
64122,1332799,14384.6779511344,13690.9074259245,1.85,-0.15,-1.08
64123,1332799,14384.826068808,13692.2794540419,1.38,-0.47,-0.32
64124,1332799,14384.848608454,13692.4882409293,0.21,-1.17,-0.7
64125,1332799,14384.8700747835,13692.687085584,0.2,-0.00999999999999998,1.16
64126,1332799,14384.938767038,13693.323388479,0.64,0.44,0.45
64127,1332799,14385.1909964097,13695.6598131716,2.35,1.71,1.27
64128,1332799,14385.378826793,13697.3997039001,1.75,-0.6,-2.31
64129,1332799,14385.530164416,13698.8015587156,1.41,-0.34,0.26
64130,1332799,14385.597783354,13699.4279193779,0.63,-0.78,-0.44
64131,1332799,14385.6460825954,13699.8753198509,0.45,-0.18,0.6
64132,1332799,14385.683648672,13700.2232979966,0.35,-0.1,0.08
64133,1332799,14385.6900885709,13700.282951393,0.05,-0.3,-0.2
64134,1332799,14385.818886548,13701.4760193211,1.2,1.15,1.45
64135,1332799,14386.0024236653,13703.1761411187,1.71,0.51,-0.64
64136,1332799,14382.4409465692,13707.4491477467,2.32,0.61,0.0999999999999999
64137,1332799,14381.3622086614,13707.5013447422,1.08,-1.24,-1.85
64138,1332799,14380.6630266841,13707.5351761282,0.71,-0.37,0.87
64139,1332799,14368.7331716982,13706.5497450378,2.08,1.37,1.74
64140,1332799,14364.1524443699,13706.8413563266,4.59,2.51,1.14
64141,1332799,14357.6655756043,13707.2543134894,6.5,1.91,-0.6
64142,1332799,14343.3171707068,13708.3005423558,8.11,1.61,-0.300000000000001
64143,1332799,14327.2600010073,13708.7363535917,9.67,1.56,-0.0499999999999989
64144,1332799,14315.7500555974,13708.7289735418,11.51,1.84,0.279999999999999
64145,1332799,14302.5899756121,13707.3705940736,13.23,1.72,-0.119999999999999
64146,1332799,14276.753832662,13705.1422651807,13.63,0.4,-1.32
64147,1332799,14263.7066629456,13703.9669514391,13.09,-0.540000000000001,-0.940000000000001
64148,1332799,14250.7989286308,13702.8041983025,12.96,-0.129999999999999,0.410000000000002
64149,1332799,14237.5625251551,13701.6118380258,13.29,0.329999999999998,0.459999999999997
64150,1332799,14224.1767266063,13700.4060199582,13.45,0.16,-0.169999999999998
64151,1332799,14210.1962412761,13702.5402925383,13.73,0.280000000000001,0.120000000000001
64152,1332799,14196.6065986204,13701.6314402464,13.62,-0.110000000000001,-0.390000000000002
64153,1332799,14182.8972234302,13700.7145804453,13.74,0.120000000000001,0.230000000000002
64154,1332799,14169.4273133088,13699.8137356626,13.5,-0.24,-0.360000000000001
64155,1332799,14156.4239757358,13700.0947650898,13.02,-0.48,-0.24
64156,1332799,14146.8038484587,13700.5307136799,9.63,-3.39,-2.91
64157,1332799,14139.8509838847,13700.8457917887,6.96,-2.67,0.719999999999998
64158,1332799,14136.0548796632,13701.0178171929,3.8,-3.16,-0.489999999999999
64159,1332799,14130.484410152,13710.115283963,6.2,2.4,5.56
64160,1332799,14133.4355912127,13717.9128365284,8.34,2.14,-0.260000000000001
64161,1332799,14136.6599469894,13727.790422859,10.4,2.06,-0.0799999999999992
64162,1332799,14139.5663770694,13739.9786780331,12.53,2.13,0.0699999999999985
64163,1332799,14142.8880114466,13753.9081125179,14.32,1.79,-0.339999999999998
64164,1332799,14149.0197284622,13777.5273646108,15.71,1.39,-0.4
64165,1332799,14153.6828346602,13794.4257769796,17.53,1.82,0.43
64166,1332799,14170.3788891043,13820.800667479,19.28,1.75,-0.0700000000000003
64167,1332799,14186.4911075553,13830.6611196281,18.89,-0.390000000000001,-2.14
64168,1332799,14193.7415371126,13853.7379426616,16.04,-2.85,-2.46
64169,1332799,14209.1245080213,13882.627016281,13.59,-2.45,0.400000000000002
64170,1332799,14213.1619399655,13893.0630497626,11.19,-2.4,0.0499999999999989
64171,1332799,14216.1720580232,13900.5984029911,8.12,-3.07,-0.67
64172,1332799,14231.6645635568,13917.9407857926,7.3,-0.819999999999999,2.25
64173,1332799,14236.5115302923,13921.0712511678,5.78,-1.52,-0.7
64174,1332799,14240.5940707316,13923.7080036328,4.85,-0.930000000000001,0.589999999999999
64175,1332799,14243.7815961841,13925.8830172317,3.86,-0.99,-0.0599999999999992
64176,1332799,14246.1229300892,13927.5600847749,2.88,-0.98,0.00999999999999979
64177,1332799,14249.2040604713,13929.7670590766,3.79,0.91,1.89
64178,1332799,14251.3340239544,13931.2927246889,2.62,-1.17,-2.08
64179,1332799,14253.9088799865,13933.1244047117,3.16,0.54,1.71
64180,1332799,14256.4794007359,13934.8749826383,3.11,-0.0500000000000003,-0.59
64181,1332799,14259.1408402255,13936.6874781121,3.22,0.11,0.160000000000001
64182,1332799,14261.7692183551,13938.4774581143,3.18,-0.04,-0.15
64183,1332799,14263.2073875204,13939.4568811343,1.74,-1.44,-1.4
64184,1332799,14265.2158651477,13940.8246960416,2.42,0.68,2.12
64185,1332799,14267.7822446962,13942.4332647668,3.03,0.61,-0.0700000000000001
64186,1332799,14269.8842424698,13943.6918772409,2.45,-0.58,-1.19
64187,1332799,14272.8441985182,13945.4642090922,3.45,1,1.58
64188,1332799,14275.8041545667,13947.2365409436,3.45,0,-1
64189,1332799,14279.4075793213,13949.3941623277,4.2,0.75,0.75
64190,1332799,14281.9011561312,13950.7472305206,2.84,-1.36,-2.11
64191,1332799,14284.0285568749,13951.7688792251,2.36,-0.48,0.88
64192,1332799,14285.5249489235,13952.4874965342,1.66,-0.7,-0.22
64193,1332799,14287.6253064375,13953.496158179,2.33,0.67,1.37
64194,1332799,14289.5093181131,13954.4009233453,2.09,-0.24,-0.91
64195,1332799,14292.3488572414,13955.7645646247,3.15,1.06,1.3
64196,1332799,14294.3139986064,13956.7082909704,2.18,-0.97,-2.03
64197,1332799,14297.3464409001,13957.9954055943,3.3,1.12,2.09
64198,1332799,14299.3732481865,13958.6821750053,2.14,-1.16,-2.28
64199,1332799,14301.7031294596,13959.4716389078,2.46,0.32,1.48
64200,1332799,14302.8964832824,13959.8759984676,1.27,-1.19,-1.51
64201,1332799,14304.1277213535,13960.2931948388,1.3,0.03,1.22
64202,1332799,14306.6470238684,13961.1468427984,2.65,1.35,1.32
64203,1332799,14308.3612861059,13961.7277085152,1.81,-0.84,-2.19
64204,1332799,14310.2460274609,13962.3663398835,1.99,0.18,1.02
64205,1332799,14310.804820124,13962.5556828519,0.58,-1.41,-1.59
64206,1332799,14312.0834135056,13962.9889252374,1.35,0.77,2.18
64207,1332799,14314.7163687654,13963.8810836313,2.79,1.44,0.67
64208,1332799,14318.3911408547,13965.1262543392,3.88,1.09,-0.35
64209,1332799,14322.0797781323,13966.0231980386,3.8,-0.0800000000000001,-1.17
64210,1332799,14325.9189620535,13966.8631782878,3.93,0.13,0.21
64211,1332799,14329.279469099,13967.5984281752,3.44,-0.49,-0.620000000000001
64212,1332799,14334.1443891824,13968.6628306284,4.98,1.54,2.03
64213,1332799,14337.3583624905,13969.3660202008,3.3,-1.68,-3.22
64214,1332799,14341.4222314758,13970.2551595995,4.16,0.86,2.54
64215,1332799,14346.2111734421,13971.0177941762,4.85,0.69,-0.170000000000001
64216,1332799,14350.9058282451,13971.7407853799,4.75,-0.0999999999999996,-0.789999999999999
64217,1332799,14355.6795509185,13972.4759532776,4.82,0.0700000000000003,0.17
64218,1332799,14360.2358369483,13973.1776352669,4.61,-0.21,-0.28
64219,1332799,14365.1152321571,13973.5817017909,4.9,0.29,0.5
64220,1332799,14369.7968138017,13973.8625813109,4.69,-0.21,-0.5
64221,1332799,14373.629921161,13974.092555161,3.84,-0.850000000000001,-0.640000000000001
64222,1332799,14377.0437824029,13974.2973756213,3.42,-0.42,0.430000000000001
64223,1332799,14381.5357050897,13974.5668762269,4.5,1.08,1.5
64224,1332799,14385.6183637094,13974.8118223329,4.09,-0.41,-1.49
64225,1332799,14391.8271990675,13975.1843320588,6.21,2.12,2.53
64226,1332799,14395.5105756706,13975.4053225554,3.69,-2.52,-4.64
64227,1332799,14400.8210264914,13975.7239321603,5.33,1.64,4.16
