"V1","V2","V3","V4","V5","acceleration","jerk"
25002,133321,14396.8224183907,13319.672249673,13.78,-0.35,0
25003,133321,14383.5758929036,13317.4599064536,13.43,-0.35,0
25004,133321,14370.2899138782,13315.2409739765,13.46,0.0300000000000011,0.380000000000001
25005,133321,14356.7178967001,13312.9742693824,13.76,0.299999999999999,0.269999999999998
25006,133321,14343.4713712131,13310.7619261629,13.43,-0.33,-0.629999999999999
25007,133321,14332.6709651011,13308.958116911,10.95,-2.48,-2.15
25008,133321,14320.4206414564,13306.9121524444,12.42,1.47,3.95
25009,133321,14310.1134045733,13305.1907089118,10.45,-1.97,-3.44
25010,133321,14301.374445838,13303.7311883664,8.86,-1.59,0.380000000000001
25011,133321,14289.4990357842,13305.0889377929,10.83,1.97,3.56
25012,133321,14279.0142875529,13303.3376655335,10.63,-0.199999999999999,-2.17
25013,133321,14268.4703591811,13301.5765083883,10.69,0.0599999999999987,0.259999999999998
25014,133321,14257.7488903877,13299.7856965859,10.87,0.18,0.120000000000001
25015,133321,14245.5577814376,13297.7494101206,12.36,1.49,1.31
25016,133321,14229.6147802827,13295.3353476385,13.45,1.09,-0.4
25017,133321,14214.6132212453,13293.4465314885,15.11,1.66,0.57
25018,133321,14197.7364673283,13291.3216133198,17.02,1.91,0.25
25019,133321,14179.1829518522,13288.9855774729,18.7,1.68,-0.23
25020,133321,14159.3396197922,13286.4871434121,20,1.3,-0.379999999999999
25021,133321,14138.635624471,13284.5642058537,20.79,0.789999999999999,-0.510000000000002
25022,133321,14118.5223693819,13290.2779378944,21.14,0.350000000000001,-0.439999999999998
25023,133321,14102.0226782768,13303.7512842378,21.62,0.48,0.129999999999999
25024,133321,14093.9545714004,13322.4758435324,20.84,-0.780000000000001,-1.26
25025,133321,14094.1334592596,13340.480634554,18.17,-2.67,-1.89
25026,133321,14100.9439313719,13354.0475249363,15.23,-2.94,-0.270000000000003
25027,133321,14110.8125024108,13362.7362552047,13.26,-1.97,0.970000000000001
25028,133321,14127.5520789601,13372.7489306355,12.95,-0.31,1.66
25029,133321,14149.0178855273,13378.7445096805,13.56,0.610000000000001,0.920000000000002
25030,133321,14161.7188482478,13382.6910963034,13.3,-0.26,-0.870000000000001
25031,133321,14174.2001702596,13386.5694336839,13.07,-0.23,0.0299999999999994
25032,133321,14187.2263482995,13389.8329758113,13.43,0.359999999999999,0.59
25033,133321,14200.7011708344,13393.1621735603,13.88,0.450000000000001,0.0900000000000016
25034,133321,14217.1637282073,13393.2973428524,13.65,-0.23,-0.680000000000001
25035,133321,14220.2071011236,13379.98068106,13.66,0.00999999999999979,0.24
25036,133321,14223.2103710293,13366.8394950453,13.48,-0.18,-0.19
25037,133321,14226.2626557258,13353.4838386356,13.7,0.219999999999999,0.399999999999999
25038,133321,14230.9717240469,13331.1581958239,13.61,-0.0899999999999999,-0.309999999999999
25039,133321,14233.1433154477,13318.0164078638,13.32,-0.289999999999999,-0.199999999999999
25040,133321,14235.3928231688,13304.400985955,13.8,0.48,0.77
25041,133321,14237.5833853409,13291.1204348607,13.47,-0.33,-0.81
25042,133321,14239.7772024346,13277.8201504066,13.48,0.00999999999999979,0.34
