"V1","V2","V3","V4","V5","acceleration","jerk"
32883,1333464,14120.6129267772,14266.240836073,13.01,0.4,0
32884,1333464,14118.0397397435,14253.080030304,13.41,0.4,0
32885,1333464,14109.9916611952,14237.3326487733,13.59,0.18,-0.220000000000001
32886,1333464,14105.248692124,14224.3645413188,13.86,0.27,0.0899999999999999
32887,1333464,14097.1860594849,14218.1233619771,13.27,-0.59,-0.859999999999999
32888,1333464,14088.1774139808,14214.0425085482,13.14,-0.129999999999999,0.460000000000001
32889,1333464,14075.3381921246,14215.6032099041,12.93,-0.210000000000001,-0.0800000000000018
32890,1333464,14064.5400884419,14216.7610340948,10.86,-2.07,-1.86
32891,1333464,14057.5203267475,14217.5137264325,7.07,-3.79,-1.72
32892,1333464,14053.5132956388,14217.9433794241,4.03,-3.04,0.749999999999999
32893,1333464,14044.2261209823,14208.9509946538,5.46,1.43,4.47
32894,1333464,14044.515312533,14202.0838865809,6.89,1.43,0
32895,1333464,14044.3632302386,14193.895298731,8.19,1.3,-0.13
32896,1333464,14044.1745664888,14183.7370505557,10.15,1.96,0.660000000000001
32897,1333464,14043.7396178207,14171.7573348311,12,1.85,-0.110000000000001
32898,1333464,14042.9480593252,14158.3106127343,13.47,1.47,-0.379999999999999
32899,1333464,14033.7887480177,14140.6400745301,13.2,-0.270000000000001,-1.74
32900,1333464,14032.8642901323,14127.2394158377,13.46,0.260000000000002,0.530000000000003
32901,1333464,14031.0912807146,14114.1792153184,13.18,-0.280000000000001,-0.540000000000003
32902,1333464,14027.1933228534,14101.4458532413,13.55,0.370000000000001,0.650000000000002
32903,1333464,14023.8468380596,14089.1633935797,13.04,-0.510000000000002,-0.880000000000003
32904,1333464,14023.3983879326,14075.6940088827,13.47,0.430000000000001,0.940000000000003
32905,1333464,14023.3160864138,14062.114258279,13.59,0.119999999999999,-0.310000000000002
32906,1333464,14023.2333000554,14048.4545091444,13.66,0.0700000000000003,-0.0499999999999989
32907,1333464,14023.5471313142,14034.6202668478,13.84,0.18,0.109999999999999
32908,1333464,14023.021100812,14022.9266316359,11.71,-2.13,-2.31
32909,1333464,14023.2098569292,14014.0693622481,8.86,-2.85,-0.720000000000002
32910,1333464,14023.2543384735,14008.0495265865,6.02,-2.84,0.0100000000000016
32911,1333464,14028.3529407118,13991.2301020882,7.86,1.84,4.68
32912,1333464,14029.9065742553,13976.9639323915,9.66,1.8,-0.0400000000000009
32913,1333464,14027.6270758941,13965.8349842282,11.35,1.69,-0.11
32914,1333464,14026.445833823,13952.8835248636,13.05,1.7,0.0100000000000016
32915,1333464,14026.11608325,13939.2103620664,13.68,0.629999999999999,-1.07
32916,1333464,14026.8648635487,13926.5424724211,12.69,-0.99,-1.62
32917,1333464,14027.7525736966,13916.8474177479,9.75,-2.94,-1.95
32918,1333464,14028.9376469324,13910.4360215329,6.52,-3.23,-0.290000000000001
32919,1333464,14029.3920461792,13907.9776640885,2.49,-4.03,-0.799999999999999
32920,1333464,14029.6574153394,13906.541983341,1.46,-1.03,3
32921,1333464,14029.8482630231,13905.5094732143,1.05,-0.41,0.62
32922,1333464,14029.862803799,13905.4308057761,0.09,-0.96,-0.55
32923,1333464,14029.8700741869,13905.391472057,0.03,-0.06,0.9
32924,1333464,14029.8718917839,13905.3816386272,0.01,-0.02,0.04
32925,1333464,14029.8755269779,13905.3619717677,0.01,0,0.02
32926,1333464,14030.146348929,13903.8967907308,1.5,1.49,1.49
32927,1333464,14030.8006838445,13900.3567560109,3.6,2.1,0.61
32928,1333464,14024.5702462862,13889.9885043119,5.42,1.82,-0.28
32929,1333464,14016.7808836846,13890.0881550062,7.79,2.37,0.55
32930,1333464,14007.7196380063,13888.5243941285,9.28,1.49,-0.880000000000001
32931,1333464,13997.2930620839,13885.6332153837,10.82,1.54,0.0500000000000016
32932,1333464,13984.773018613,13882.3757716171,12.95,2.13,0.589999999999998
32933,1333464,13971.2038709264,13880.7822071584,13.68,0.73,-1.4
32934,1333464,13957.5804523495,13882.4896515291,13.74,0.0600000000000005,-0.67
32935,1333464,13934.2733928391,13882.263468589,13.8,0.0600000000000005,0
32936,1333464,13921.4505680811,13881.3137521679,12.88,-0.92,-0.98
32937,1333464,13907.8822916154,13878.9653966257,13.78,0.899999999999999,1.82
32938,1333464,13888.6835386294,13877.2841144537,13.48,-0.299999999999999,-1.2
32939,1333464,13875.2149207713,13875.7635699818,13.57,0.0899999999999999,0.389999999999999
32940,1333464,13862.3827226639,13874.2171584436,12.93,-0.640000000000001,-0.73
32941,1333464,13849.2239152864,13872.846513894,13.23,0.300000000000001,0.940000000000001
32942,1333464,13835.459463244,13871.4024017192,13.84,0.609999999999999,0.309999999999999
32943,1333464,13822.364039149,13871.1350142349,13.1,-0.74,-1.35
32944,1333464,13809.360859499,13871.1312226009,13.01,-0.0899999999999999,0.65
32945,1333464,13795.6075088277,13871.9878119502,13.78,0.77,0.859999999999999
32946,1333464,13782.3498400419,13870.0610649939,13.48,-0.299999999999999,-1.07
32947,1333464,13768.9879583583,13872.0518357527,13.51,0.0299999999999994,0.329999999999998
32948,1333464,13746.2410954647,13873.1124619265,12.97,-0.539999999999999,-0.569999999999999
32949,1333464,13733.113848512,13876.131780963,13.47,0.5,1.04
32950,1333464,13720.2088726446,13879.8041834061,13.45,-0.0200000000000014,-0.520000000000001
32951,1333464,13706.7053937367,13888.4109030267,11.63,-1.82,-1.8
32952,1333464,13698.397593482,13888.9568859129,8.44,-3.19,-1.37
32953,1333464,13693.2541102277,13888.69788782,5.15,-3.29,-0.0999999999999979
32954,1333464,13690.3677671976,13888.5525471426,2.89,-2.26,1.03
32955,1333464,13689.92,13888.53,0.67,-2.22,0.04
32956,1333464,13689.92,13888.53,0.29,-0.38,1.84
32957,1333464,13689.92,13888.53,0.05,-0.24,0.14
32958,1333464,13689.92,13888.53,0.01,-0.04,0.2
32959,1333464,13689.92,13888.53,0,-0.01,0.03
32960,1333464,13689.92,13888.53,0,0,0.01
32961,1333464,13689.92,13888.53,0,0,0
32962,1333464,13689.92,13888.53,0,0,0
32963,1333464,13689.92,13888.53,0,0,0
32964,1333464,13689.92,13888.53,0,0,0
32965,1333464,13689.92,13888.53,0,0,0
32966,1333464,13689.92,13888.53,0,0,0
32967,1333464,13689.92,13888.53,0,0,0
32968,1333464,13689.92,13888.53,0,0,0
32969,1333464,13689.92,13888.53,0,0,0
32970,1333464,13689.92,13888.53,0,0,0
32971,1333464,13689.92,13888.53,0,0,0
32972,1333464,13667.252699538,13881.4363834412,1.93,1.93,1.93
32973,1333464,13665.9805697254,13878.3589517621,3.33,1.4,-0.53
32974,1333464,13664.0093415472,13873.5903188899,5.16,1.83,0.43
32975,1333464,13664.6215804303,13863.7701673139,7.3,2.14,0.31
32976,1333464,13665.29687709,13855.0964152756,8.69,1.39,-0.75
32977,1333464,13666.0901566145,13844.9072490882,10.22,1.53,0.140000000000001
32978,1333464,13667.0347957351,13832.7739660645,12.18,1.96,0.429999999999998
32979,1333464,13668.1106131723,13818.9557817829,13.86,1.68,-0.279999999999999
32980,1333464,13669.3183851293,13803.4427264133,15.56,1.7,0.0200000000000014
32981,1333464,13669.9776682834,13784.0838487927,16.28,0.720000000000001,-0.98
32982,1333464,13670.2792640367,13771.2473913374,12.84,-3.44,-4.16
32983,1333464,13670.4749254561,13762.9196895771,8.33,-4.51,-1.07
32984,1333464,13664.3529683125,13756.5826506372,5.96,-2.37,2.14
32985,1333464,13661.0464651141,13756.2835911122,3.32,-2.64,-0.27
32986,1333464,13648.7820823075,13755.9010582873,4.89,1.57,4.21
32987,1333464,13641.5463652355,13756.1500531737,7.24,2.35,0.780000000000001
32988,1333464,13632.6720332924,13756.4626877,8.88,1.64,-0.71
32989,1333464,13624.9668468533,13757.0815592043,7.72,-1.16,-2.8
32990,1333464,13620.3517093096,13757.4522416189,4.64,-3.08,-1.92
32991,1333464,13603.9814382554,13760.0835933767,6.27,1.63,4.71
32992,1333464,13596.0261495776,13760.3574218862,7.96,1.69,0.0600000000000005
32993,1333464,13586.2619321929,13760.6935154211,9.77,1.81,0.119999999999999
32994,1333464,13575.2584088328,13761.0711004291,11.01,1.24,-0.569999999999999
32995,1333464,13562.3951652173,13761.4865964827,12.87,1.86,0.619999999999999
32996,1333464,13549.0754805483,13762.0081816309,13.33,0.460000000000001,-1.4
32997,1333464,13535.2074957269,13762.174736656,13.87,0.539999999999999,0.0799999999999983
32998,1333464,13521.9156677089,13761.7250248093,13.3,-0.569999999999999,-1.11
32999,1333464,13508.9097485162,13761.399193635,13.01,-0.290000000000001,0.279999999999998
33000,1333464,13495.1940520271,13761.0555807442,13.72,0.710000000000001,1
33001,1333464,13482.2181234245,13760.7305009101,12.98,-0.74,-1.45
33002,1333464,13468.3524739854,13760.3831313185,13.87,0.889999999999999,1.63
33003,1333464,13454.6268508614,13760.0364772719,13.73,-0.139999999999999,-1.03
33004,1333464,13441.3710851416,13759.701402382,13.26,-0.470000000000001,-0.330000000000002
33005,1333464,13418.0438832982,13756.7609488315,13.57,0.31,0.780000000000001
33006,1333464,13405.2223743028,13754.5543661613,13.02,-0.550000000000001,-0.860000000000001
