"V1","V2","V3","V4","V5","acceleration","jerk"
29081,1333146,14344.0623168838,13277.9961895166,8.56,-2.64,0
29082,1333146,14344.3008020966,13283.9113839177,5.92,-2.64,0
29083,1333146,14344.4598910714,13287.9981759557,4.09,-1.83,0.81
29084,1333146,14344.4578808237,13290.5481751633,2.54,-1.55,0.28
29085,1333146,14344.4550112936,13294.1881740323,3.65,1.11,2.66
29086,1333146,14344.4502576491,13300.2181721585,6.03,2.38,1.27
29087,1333146,14344.4445816556,13307.4181699213,7.2,1.17,-1.21
29088,1333146,14344.5381687925,13316.9186612633,9.2,2,0.829999999999999
29089,1333146,14344.7995539208,13327.604228322,10.69,1.49,-0.509999999999999
29090,1333146,14344.1351475049,13339.1150694778,11.53,0.84,-0.65
29091,1333146,14343.5455110989,13352.609607589,13.51,1.98,1.14
29092,1333146,14343.238879717,13367.9662513967,15.36,1.85,-0.130000000000001
29093,1333146,14342.729504756,13384.68849518,16.73,1.37,-0.479999999999999
29094,1333146,14342.1762864034,13402.8500713631,18.17,1.44,0.0700000000000003
29095,1333146,14341.0162707172,13435.1878961829,19.88,1.71,0.269999999999996
29096,1333146,14343.6381640046,13456.0317740988,21.07,1.19,-0.519999999999996
29097,1333146,14345.4594776136,13478.1330339819,22.19,1.12,-0.0700000000000003
29098,1333146,14349.5500577897,13501.5155257619,23.75,1.56,0.439999999999998
29099,1333146,14355.8245617644,13525.3592110813,24.65,0.899999999999999,-0.66
29100,1333146,14363.1404358085,13550.2253403935,25.92,1.27,0.370000000000005
29101,1333146,14369.9693242154,13576.4899576951,27.15,1.23,-0.0400000000000063
29102,1333146,14376.0383085285,13603.2705583477,27.46,0.310000000000002,-0.919999999999995
29103,1333146,14381.4184169308,13630.1653488747,27.45,-0.0100000000000016,-0.320000000000004
29104,1333146,14384.3762684554,13657.4957571109,27.49,0.0399999999999991,0.0500000000000007
29105,1333146,14387.3481076373,13684.9554106389,27.62,0.130000000000003,0.0900000000000034
29106,1333146,14389.908467662,13719.0991961493,27,-0.620000000000001,-0.750000000000004
29107,1333146,14390.2792049503,13746.4166805478,27.32,0.32,0.940000000000001
29108,1333146,14390.6531990815,13773.9741428473,27.56,0.239999999999998,-0.0800000000000018
29109,1333146,14391.0235292644,13801.2616300082,27.29,-0.27,-0.509999999999998
29110,1333146,14391.1701400468,13828.598429914,27.28,-0.00999999999999801,0.260000000000002
29111,1333146,14390.6030389101,13861.6189102568,27.39,0.109999999999999,0.119999999999997
29112,1333146,14390.3007368328,13888.9372376846,27.32,-0.0700000000000003,-0.18
29113,1333146,14389.9996519307,13916.1455718468,27.21,-0.109999999999999,-0.0399999999999991
29114,1333146,14389.7516801316,13938.5541998723,22.42,-4.79,-4.68
29115,1333146,14389.540334243,13957.6530305411,19.09,-3.33,1.46
29116,1333146,14389.332482271,13976.1693883367,18.52,-0.57,2.76
29117,1333146,14389.1146024285,13995.3181488286,19.16,0.640000000000001,1.21
29118,1333146,14388.9040042101,14013.8269507452,18.51,-0.649999999999999,-1.29
29119,1333146,14388.684417737,14033.1257015281,19.3,0.789999999999999,1.44
29120,1333146,14388.4640348363,14052.4944477802,19.37,0.0700000000000003,-0.719999999999999
29121,1333146,14387.3833226263,14071.3407134726,18.89,-0.48,-0.550000000000001
29122,1333146,14385.7068833042,14090.617955267,19.35,0.460000000000001,0.940000000000001
29123,1333146,14384.0434396357,14109.7457610785,19.2,-0.150000000000002,-0.610000000000003
29124,1333146,14382.4111855361,14128.514920531,18.84,-0.359999999999999,-0.209999999999997
29125,1333146,14380.7988581054,14147.0549448097,18.61,-0.23,0.129999999999999
29126,1333146,14379.154474729,14165.9635778463,18.97,0.359999999999999,0.59
29127,1333146,14377.4686540597,14184.4368117767,18.56,-0.41,-0.77
29128,1333146,14375.738351143,14203.3779429947,19.02,0.460000000000001,0.870000000000001
29129,1333146,14373.9925828479,14222.4883692866,19.19,0.170000000000002,-0.289999999999999
29130,1333146,14372.3674895939,14240.9469282196,18.52,-0.670000000000002,-0.840000000000003
29131,1333146,14367.4340081692,14259.6257864136,18.8,0.280000000000001,0.950000000000003
