"V1","V2","V3","V4","V5","acceleration","jerk"
60421,1334069,13474.47,14120.73,0,1.96,0
60422,1334069,13474.8303055812,14122.656598009,1.96,1.96,0
60423,1334069,13475.5123125743,14126.3033728116,3.7,1.74,-0.22
60424,1334069,13476.5013146288,14131.5916877546,5.38,1.68,-0.0600000000000005
60425,1334069,13477.9039327843,14139.0916585752,7.63,2.25,0.57
60426,1334069,13479.6319289392,14148.3314653529,9.4,1.77,-0.48
60427,1334069,13483.6491238588,14168.1567213031,10.8,1.4,-0.37
60428,1334069,13486.2710351166,14180.6750950536,12.8,2,0.6
60429,1334069,13488.9523954959,14193.4773099602,13.08,0.279999999999999,-1.72
60430,1334069,13491.6593113,14206.5091368817,13.31,0.23,-0.0499999999999989
60431,1334069,13494.4204657342,14219.846318975,13.62,0.309999999999999,0.0799999999999983
60432,1334069,13497.0843904507,14232.3557273272,12.79,-0.83,-1.14
60433,1334069,13498.8164547305,14240.3911708949,8.22,-4.57,-3.74
60434,1334069,13499.8826646156,14245.3375631641,5.06,-3.16,1.41
60435,1334069,13500.531661937,14248.3484106323,3.08,-1.98,1.18
60436,1334069,13500.8498391952,14249.8245079301,1.51,-1.57,0.409999999999999
60437,1334069,13500.8835533418,14249.9809155908,0.16,-1.35,0.22
60438,1334069,13500.9088389517,14250.0982213363,0.12,-0.04,1.31
60439,1334069,13500.9151603542,14250.1275477726,0.03,-0.09,-0.05
60440,1334069,13500.9172674883,14250.1373232514,0.01,-0.02,0.07
60441,1334069,13500.9172674883,14250.1373232514,0,-0.01,0.01
60442,1334069,13500.9172674883,14250.1373232514,0,0,0.01
60443,1334069,13500.9172674883,14250.1373232514,0,0,0
60444,1334069,13500.9172674883,14250.1373232514,0,0,0
60445,1334069,13500.9172674883,14250.1373232514,0,0,0
60446,1334069,13500.9172674883,14250.1373232514,0,0,0
60447,1334069,13500.9172674883,14250.1373232514,0,0,0
60448,1334069,13500.9172674883,14250.1373232514,0,0,0
60449,1334069,13500.9172674883,14250.1373232514,0,0,0
60450,1334069,13500.9172674883,14250.1373232514,0,0,0
60451,1334069,13500.9172674883,14250.1373232514,0,0,0
60452,1334069,13500.9172674883,14250.1373232514,0,0,0
60453,1334069,13500.9172674883,14250.1373232514,0,0,0
60454,1334069,13500.9172674883,14250.1373232514,0,0,0
60455,1334069,13500.9172674883,14250.1373232514,0,0,0
60456,1334069,13500.9172674883,14250.1373232514,0,0,0
60457,1334069,13500.9172674883,14250.1373232514,0,0,0
60458,1334069,13500.9172674883,14250.1373232514,0,0,0
60459,1334069,13500.9172674883,14250.1373232514,0,0,0
60460,1334069,13500.9172674883,14250.1373232514,0,0,0
60461,1334069,13500.9172674883,14250.1373232514,0,0,0
60462,1334069,13500.9172674883,14250.1373232514,0,0,0
60463,1334069,13500.9172674883,14250.1373232514,0,0,0
60464,1334069,13500.9172674883,14250.1373232514,0,0,0
60465,1334069,13500.9172674883,14250.1373232514,0,0,0
60466,1334069,13500.9172674883,14250.1373232514,0,0,0
60467,1334069,13500.9172674883,14250.1373232514,0,0,0
60468,1334069,13500.9172674883,14250.1373232514,0,0,0
60469,1334069,13500.9172674883,14250.1373232514,0,0,0
60470,1334069,13500.9172674883,14250.1373232514,0,0,0
60471,1334069,13500.9172674883,14250.1373232514,0,0,0
60472,1334069,13500.9172674883,14250.1373232514,0,0,0
60473,1334069,13500.9172674883,14250.1373232514,0,0,0
60474,1334069,13500.9172674883,14250.1373232514,0,0,0
60475,1334069,13500.9172674883,14250.1373232514,0,0,0
60476,1334069,13500.9172674883,14250.1373232514,0,0,0
60477,1334069,13500.9172674883,14250.1373232514,0,0,0
60478,1334069,13500.9172674883,14250.1373232514,0,0,0
60479,1334069,13500.9172674883,14250.1373232514,0,0,0
60480,1334069,13504.0140957506,14261.513575614,1.96,1.96,1.96
60481,1334069,13504.5028131588,14263.1000040854,1.66,-0.3,-2.26
60482,1334069,13504.8384383668,14264.1894790598,1.15,-0.51,-0.21
60483,1334069,13505.9248041717,14267.7159375294,3.69,2.54,3.05
60484,1334069,13507.7059730389,14273.4978003319,6.05,2.36,-0.18
