"V1","V2","V3","V4","V5","acceleration","jerk"
48473,133495,14396.5758337762,13319.6310668134,12.99,0.41,0
48474,133495,14383.3588984429,13317.4236655371,13.4,0.41,0
48475,133495,14369.6783840345,13315.1388404847,13.87,0.469999999999999,0.0599999999999987
48476,133495,14356.2444542404,13312.8951982919,13.62,-0.25,-0.719999999999999
48477,133495,14344.9409641079,13314.3494282633,13.82,0.200000000000001,0.450000000000001
48478,133495,14332.0692835417,13312.1994656118,13.04,-0.780000000000001,-0.980000000000002
48479,133495,14318.4085344351,13309.9177044836,13.85,0.81,1.59
48480,133495,14305.1127295284,13307.6969001509,13.49,-0.359999999999999,-1.17
48481,133495,14291.8563780488,13305.4826857421,13.44,-0.0500000000000007,0.309999999999999
48482,133495,14279.0044241961,13303.3360180525,13.03,-0.41,-0.359999999999999
48483,133495,14265.4028552301,13301.0641418101,13.79,0.76,1.17
48484,133495,14252.0675968964,13298.8367475535,13.52,-0.27,-1.03
48485,133495,14238.4857546438,13296.568166273,13.76,0.24,0.51
48486,133495,14223.299086394,13291.2075959092,13.24,-0.52,-0.76
48487,133495,14208.7040391006,13289.3721955429,14.72,1.48,2
48488,133495,14192.075011729,13287.2810119848,16.76,2.04,0.56
48489,133495,14173.5013009655,13284.9452747409,18.71,1.95,-0.0900000000000016
48490,133495,14153.2507968691,13282.3986723292,20.41,1.7,-0.25
48491,133495,14131.929975206,13282.1470552301,21.52,1.11,-0.59
48492,133495,14111.8676612115,13289.842777636,21.57,0.0500000000000007,-1.06
48493,133495,14096.8554055287,13304.9501981975,21.46,-0.109999999999999,-0.16
48494,133495,14090.3375798618,13325.3176146412,21.78,0.32,0.43
48495,133495,14092.9151675073,13346.3344335606,21.56,-0.220000000000002,-0.540000000000003
48496,133495,14103.1533861246,13361.0576744885,18.16,-3.4,-3.18
48497,133495,14120.3001039583,13376.6850938829,14.17,-3.99,-0.590000000000002
48498,133495,14126.2343210961,13394.8160127878,13.44,-0.73,3.26
48499,133495,14120.7231413719,13406.2911946185,12.72,-0.719999999999999,0.0100000000000016
48500,133495,14115.4252625241,13418.0692164446,8.35,-4.37,-3.65
48501,133495,14114.3612084006,13423.2204676346,5.26,-3.09,1.28
48502,133495,14113.784677174,13426.0115448002,2.85,-2.41,0.68
48503,133495,14108.0317314758,13439.9180655227,4.98,2.13,4.54
48504,133495,14107.1194531631,13446.5051929907,6.65,1.67,-0.46
48505,133495,14105.902624797,13455.291331433,8.87,2.22,0.549999999999999
48506,133495,14104.5225466276,13465.2562190012,10.06,1.19,-1.03
48507,133495,14103.2266572163,13477.3321686671,12.15,2.09,0.899999999999999
48508,133495,14102.1088851743,13490.9965268906,13.71,1.56,-0.529999999999999
48509,133495,14101.0131261485,13504.3917839676,13.44,-0.270000000000001,-1.83
48510,133495,14100.3217992527,13518.114362082,13.74,0.300000000000001,0.570000000000002
48511,133495,14099.6276543911,13531.9169184725,13.82,0.0800000000000001,-0.220000000000001
48512,133495,14098.941545939,13545.559676815,13.65,-0.17,-0.25
48513,133495,14090.6963067332,13556.2655346915,13.05,-0.6,-0.43
48514,133495,14077.7328375009,13553.9996870656,13.16,0.109999999999999,0.709999999999999
48515,133495,14064.9171281763,13551.7596659703,13.01,-0.15,-0.26
48516,133495,14051.4964178325,13549.4395523183,13.62,0.609999999999999,0.76
48517,133495,14038.3038629261,13547.3952932733,13.34,-0.279999999999999,-0.889999999999999
48518,133495,14025.4571802458,13545.4046290347,13,-0.34,-0.0600000000000005
48519,133495,14006.3598349623,13542.6685834219,13.13,0.130000000000001,0.470000000000001
48520,133495,13992.7131205302,13540.8300826166,13.77,0.639999999999999,0.509999999999998
48521,133495,13973.091673257,13538.0253023792,13.6,-0.17,-0.809999999999999
48522,133495,13959.4693568802,13536.0139852655,13.77,0.17,0.34
48523,133495,13946.4603909867,13534.0932285447,13.15,-0.619999999999999,-0.789999999999999
48524,133495,13933.6888510866,13532.2075274599,12.91,-0.24,0.379999999999999
48525,133495,13923.8195851962,13535.5228896848,13.88,0.970000000000001,1.21
48526,133495,13921.6094905373,13548.2118566088,12.88,-1,-1.97
48527,133495,13919.2363842383,13561.8367333603,13.83,0.949999999999999,1.95
48528,133495,13916.8752893232,13575.392648335,13.76,-0.0700000000000003,-1.02
48529,133495,13914.6600469284,13588.1111703062,12.91,-0.85,-0.779999999999999
48530,133495,13912.4207817655,13600.967615831,13.05,0.140000000000001,0.99
48531,133495,13910.1506301866,13614.0013916388,13.23,0.18,0.0399999999999991
48532,133495,13906.0960108599,13625.564741654,12.37,-0.860000000000001,-1.04
48533,133495,13902.5961325305,13632.7807829288,8.02,-4.35,-3.49
48534,133495,13900.2221502222,13637.6754543172,5.44,-2.58,1.77
48535,133495,13894.9219399848,13658.3290351879,7.22,1.78,4.36
48536,133495,13895.1230225912,13666.8666675169,8.54,1.32,-0.46
48537,133495,13895.3622496732,13677.0238507093,10.16,1.62,0.300000000000002
48538,133495,13885.9100432093,13691.9569128265,11.71,1.55,-0.0700000000000003
48539,133495,13872.3802198322,13692.026045921,13.53,1.82,0.269999999999998
48540,133495,13859.240391364,13692.0931862656,13.14,-0.389999999999999,-2.21
48541,133495,13845.450571381,13692.1636478601,13.79,0.649999999999999,1.04
48542,133495,13832.2807433044,13692.2309414931,13.17,-0.619999999999999,-1.27
48543,133495,13819.3009127475,13692.2972642992,12.98,-0.19,0.43
48544,133495,13806.2510831044,13692.3639447784,13.04,0.0599999999999987,0.249999999999998
48545,133495,13793.1112546362,13692.431085123,13.14,0.100000000000001,0.0400000000000027
48546,133495,13780.2014231655,13692.497050256,12.91,-0.23,-0.330000000000002
48547,133495,13763.8678225868,13704.0759949322,13.58,0.67,0.9
48548,133495,13758.0007710793,13716.6219188363,13.85,0.27,-0.4
48549,133495,13753.1985345292,13729.5111106117,13.83,-0.0199999999999996,-0.289999999999999
48550,133495,13750.3075984339,13742.3291482343,13.14,-0.69,-0.67
48551,133495,13748.1580972428,13751.8597591606,9.76,-3.38,-2.69
48552,133495,13747.577355545,13757.8309355332,6.01,-3.75,-0.369999999999999
48553,133495,13747.1799314675,13761.9919995921,4.18,-1.83,1.92
48554,133495,13747.019250441,13763.6743436734,1.69,-2.49,-0.66
48555,133495,13746.975514777,13764.1322598138,0.45,-1.24,1.25
48556,133495,13740.3141995212,13769.8220112878,2.87,2.42,3.66
48557,133495,13735.5555367816,13769.1934184699,4.8,1.93,-0.49
48558,133495,13729.4684140272,13768.3893434903,6.14,1.34,-0.59
48559,133495,13721.8398227575,13767.4236253137,7.68,1.54,0.2
48560,133495,13712.9152316425,13766.5221967639,8.97,1.29,-0.249999999999999
48561,133495,13705.9705665385,13765.8207506906,6.98,-1.99,-3.28
48562,133495,13702.8747432006,13765.5288596538,3.1,-3.88,-1.89
48563,133495,13697.3871293057,13770.499928782,4.4,1.3,5.18
48564,133495,13697.4344427764,13776.1897320682,5.69,1.29,-0.0100000000000002
48565,133495,13697.5007148962,13784.1594565306,7.97,2.28,0.989999999999999
48566,133495,13697.580623939,13793.7691242951,9.61,1.64,-0.64
48567,133495,13697.6776622875,13805.4387208416,11.67,2.06,0.420000000000001
48568,133495,13697.7903332062,13818.9882523931,13.55,1.88,-0.18
48569,133495,13697.9135644252,13833.8077400383,14.82,1.27,-0.610000000000001
48570,133495,13698.0199989462,13846.6072975187,12.8,-2.02,-3.29
48571,133495,13690.7799358997,13866.9993899078,9.36,-3.44,-1.42
48572,133495,13687.5308659001,13871.4494304239,5.51,-3.85,-0.409999999999998
48573,133495,13685.4631273841,13874.2608790098,3.49,-2.02,1.83
48574,133495,13684.68806074,13875.3045608086,1.3,-2.19,-0.170000000000001
48575,133495,13684.3839961334,13875.7140052066,0.51,-0.79,1.4
48576,133495,13684.2051346002,13875.9548548525,0.3,-0.21,0.58
48577,133495,13658.3680390876,13901.7107030017,2.34,2.04,2.25
48578,133495,13655.4979005306,13903.8504938008,3.58,1.24,-0.8
48579,133495,13642.182005047,13909.7797537554,5.87,2.29,1.05
48580,133495,13634.3054591646,13911.1797626703,8,2.13,-0.16
48581,133495,13624.7649929645,13912.8755234685,9.69,1.69,-0.44
48582,133495,13607.0648539053,13914.7453409552,11.8,2.11,0.420000000000002
48583,133495,13593.7157178818,13914.8972206011,13.34,1.54,-0.570000000000002
48584,133495,13580.0603182768,13915.4048329799,13.68,0.34,-1.2
48585,133495,13566.7098863537,13916.2938591138,13.38,-0.299999999999999,-0.639999999999999
48586,133495,13553.7485925808,13917.1569719298,12.99,-0.390000000000001,-0.0900000000000016
48587,133495,13540.6575860912,13918.0287225184,13.12,0.129999999999999,0.52
48588,133495,13526.9479497217,13918.9416686379,13.74,0.620000000000001,0.490000000000002
48589,133495,13513.3780039703,13919.8453125407,13.61,-0.130000000000001,-0.750000000000002
48590,133495,13499.9443201393,13921.401412554,13.53,-0.0800000000000001,0.0500000000000007
48591,133495,13487.0128437332,13923.5575707021,13.11,-0.42,-0.34
48592,133495,13467.5115100816,13926.3792416088,13.06,-0.0499999999999989,0.370000000000001
48593,133495,13454.1655427215,13928.2029891847,13.47,0.41,0.459999999999999
48594,133495,13440.5025219422,13930.0700626124,13.79,0.319999999999999,-0.0900000000000016
48595,133495,13427.3577681771,13932.9053320891,13.47,-0.319999999999999,-0.639999999999997
48596,133495,13414.4168914188,13936.3050539493,13.39,-0.0800000000000001,0.239999999999998
