"V1","V2","V3","V4","V5","acceleration","jerk"
27718,1336545,14404.9989433932,13324.3809398226,13.26,0.18,0
27719,1336545,14391.7425919135,13322.1667254137,13.44,0.18,0
27720,1336545,14378.8117312068,13320.0068778765,13.12,-0.32,-0.5
27721,1336545,14365.5455163705,13317.7910159866,13.45,0.33,0.65
27722,1336545,14352.0918977557,13315.5438519586,13.64,0.190000000000001,-0.139999999999999
27723,1336545,14338.9341798436,13313.3461123593,13.35,-0.290000000000001,-0.480000000000002
27724,1336545,14325.5890581532,13311.1170706218,13.53,0.18,0.470000000000001
27725,1336545,14312.4609303114,13308.9242734654,13.31,-0.219999999999999,-0.399999999999999
27726,1336545,14299.7174733831,13306.7957280664,12.92,-0.390000000000001,-0.170000000000002
27727,1336545,14286.155357844,13304.5304417478,13.75,0.83,1.22
27728,1336545,14272.7214659428,13302.2865726816,13.63,-0.119999999999999,-0.949999999999999
27729,1336545,14259.9878723712,13300.1596747636,12.91,-0.720000000000001,-0.600000000000001
27730,1336545,14246.9090613132,13297.975115012,13.26,0.35,1.07
27731,1336545,14231.2060414264,13295.2879863532,13.25,-0.00999999999999979,-0.359999999999999
27732,1336545,14218.7196183256,13293.0240653855,12.69,-0.56,-0.550000000000001
27733,1336545,14206.095441148,13290.7351681423,12.83,0.140000000000001,0.700000000000001
27734,1336545,14192.5660228946,13288.282141089,13.75,0.92,0.779999999999999
27735,1336545,14179.3121127947,13285.8790665866,13.47,-0.279999999999999,-1.2
27736,1336545,14166.599379425,13283.5741131664,12.91,-0.56,-0.280000000000001
27737,1336545,14153.2175548252,13281.1478464082,13.61,0.699999999999999,1.26
27738,1336545,14140.0718800714,13278.7643961223,13.35,-0.26,-0.959999999999999
27739,1336545,14127.3046832441,13276.0607596538,13.07,-0.279999999999999,-0.0199999999999996
27770,1336545,13732.5393088209,13276.9485950683,12.88,-0.0061290322580645,0.00883454734651403
27771,1336545,13722.1026299544,13284.6321354168,12.96,0.0800000000000001,0.0861290322580646
27772,1336545,13711.6977236789,13292.3250883867,12.93,-0.0300000000000011,-0.110000000000001
27773,1336545,13694.9848382012,13303.1223912451,13.82,0.890000000000001,0.920000000000002
27774,1336545,13684.2388952173,13309.8910476395,12.7,-1.12,-2.01
27775,1336545,13673.3152634123,13316.7716266987,12.91,0.210000000000001,1.33
27776,1336545,13662.4339384695,13323.6255575044,12.86,-0.0500000000000007,-0.260000000000002
27777,1336545,13651.3474060425,13330.8563434129,13.24,0.380000000000001,0.430000000000001
27778,1336545,13640.2944628614,13338.6597623454,13.53,0.289999999999999,-0.0900000000000016
27779,1336545,13629.34771943,13346.3882038602,13.4,-0.129999999999999,-0.419999999999998
27780,1336545,13618.5316833829,13354.0243654763,13.24,-0.16,-0.0300000000000011
27781,1336545,13607.4215557212,13361.8681568644,13.6,0.359999999999999,0.52
27782,1336545,13585.5760152505,13379.1569720042,13.67,0.0700000000000003,-0.289999999999999
27783,1336545,13573.840279754,13386.5206181669,13.36,-0.31,-0.380000000000001
27784,1336545,13555.2404699486,13393.8932796522,13.25,-0.109999999999999,0.200000000000001
27785,1336545,13541.5261782257,13395.2373788083,13.78,0.529999999999999,0.639999999999999
27786,1336545,13528.0109328269,13396.5619699941,13.59,-0.19,-0.719999999999999
27787,1336545,13514.9435416571,13397.8426682466,13.13,-0.459999999999999,-0.27
27788,1336545,13501.219297618,13399.1877428012,13.79,0.659999999999998,1.12
27789,1336545,13484.7728246104,13394.9950265086,13.35,-0.44,-1.1
27790,1336545,13471.8663301211,13392.5827039768,13.13,-0.219999999999999,0.220000000000001
27791,1336545,13459.0286440564,13390.1832422658,13.06,-0.0700000000000003,0.149999999999999
27792,1336545,13448.2353101618,13395.6706948896,11.07,-1.99,-1.92
27793,1336545,13447.2446567755,13403.447278171,7.84,-3.23,-1.24
27794,1336545,13446.5236371358,13408.4152285209,5.02,-2.82,0.41
27795,1336545,13436.5413047047,13417.6731271979,6.52,1.5,4.32
27796,1336545,13428.0267271848,13417.9770509666,8.53,2.01,0.51
27797,1336545,13418.2229706742,13418.3269913622,9.81,1.28,-0.729999999999999
27798,1336545,13410.8976357891,13418.5884656843,7.33,-2.48,-3.76
27799,1336545,13405.8108752754,13418.7700351659,5.09,-2.24,0.24
