"V1","V2","V3","V4","V5","acceleration","jerk"
12885,1336444,13947.153239386,13277.583472607,14.46,-3.47,0
12886,1336444,13945.5575843739,13288.4570178009,10.99,-3.47,0
12887,1336444,13944.4846189017,13295.768710156,7.39,-3.6,-0.13
12888,1336444,13942.681585375,13309.920807835,7.68,0.29,3.89
12889,1336444,13941.9382741382,13317.4240796817,7.54,-0.14,-0.43
12890,1336444,13941.2176368516,13324.6984718832,7.31,-0.23,-0.0900000000000007
12891,1336444,13940.4940420933,13332.0027179515,7.34,0.0300000000000002,0.260000000000001
12892,1336444,13939.7655182153,13339.3567204643,7.39,0.0499999999999998,0.0199999999999996
12893,1336444,13938.6197300345,13346.8940712747,7.67,0.28,0.23
12894,1336444,13935.6863989015,13354.2185281463,7.89,0.22,-0.0600000000000005
12895,1336444,13932.9947236919,13360.9395760233,7.25,-0.64,-0.859999999999999
12896,1336444,13930.291895132,13367.6884735463,7.26,0.00999999999999979,0.649999999999999
12897,1336444,13927.8961568196,13375.5042674739,8.19,0.93,0.92
12898,1336444,13925.9005466097,13383.2307116684,7.99,-0.199999999999999,-1.13
12899,1336444,13923.8609392266,13390.8318041767,7.86,-0.13,0.0699999999999994
12900,1336444,13921.9317287319,13398.0069729459,7.44,-0.42,-0.29
12901,1336444,13920.0336764148,13405.0662574282,7.31,-0.130000000000001,0.289999999999999
12902,1336444,13917.1931409038,13412.3184302466,7.91,0.600000000000001,0.730000000000001
12903,1336444,13912.5287358414,13418.444875008,7.7,-0.21,-0.81
12904,1336444,13907.9915418261,13424.4042349122,7.49,-0.21,0
12905,1336444,13905.5546667781,13431.7845814109,7.84,0.35,0.56
12906,1336444,13903.8216633191,13439.6910597456,8.11,0.27,-0.0800000000000001
12907,1336444,13903.8888304245,13447.704041648,8.05,-0.0599999999999987,-0.329999999999998
12908,1336444,13904.732411778,13452.9737109212,5.35,-2.7,-2.64
12909,1336444,13905.3203692155,13455.3521150188,2.45,-2.9,-0.199999999999998
12910,1336444,13907.436259562,13464.9744642218,4.18,1.73,4.63
12911,1336444,13906.3191026391,13470.9102506406,6.04,1.86,0.130000000000001
12912,1336444,13904.8246278152,13478.8508390949,8.09,2.05,0.19
12913,1336444,13902.9842782486,13488.6291627484,9.95,1.86,-0.19
12914,1336444,13901.5851442927,13499.6991750404,11.17,1.22,-0.639999999999999
12915,1336444,13900.4205887819,13512.556542985,12.91,1.74,0.52
12916,1336444,13899.1477864381,13526.6090187168,14.11,1.2,-0.540000000000001
12917,1336444,13899.5671541046,13542.3745738696,15.82,1.71,0.510000000000002
12918,1336444,13900.7256463543,13559.2247962927,16.88,1.06,-0.650000000000002
12919,1336444,13901.7023739823,13573.431259721,14.24,-2.64,-3.7
12920,1336444,13902.3793614604,13583.2780149203,9.87,-4.37,-1.73
12921,1336444,13900.518735899,13598.0473426291,6.89,-2.98,1.39
12922,1336444,13899.925175759,13601.9214206724,3.92,-2.97,0.00999999999999979
12923,1336444,13895.8423660129,13626.6799735195,6.16,2.24,5.21
12924,1336444,13895.0056820513,13632.9627076909,6.36,0.2,-2.04
12925,1336444,13894.9535428887,13637.3423973497,4.38,-1.98,-2.18
12926,1336444,13885.150230263,13651.170232684,5.89,1.51,3.49
12927,1336444,13876.9913694704,13650.0167204093,8.24,2.35,0.840000000000001
12928,1336444,13866.7461912418,13647.9260582716,10.46,2.22,-0.13
12929,1336444,13855.7655329326,13644.2597861412,11.64,1.18,-1.04
12930,1336444,13843.4400171537,13638.1201965145,13.78,2.14,0.959999999999999
12931,1336444,13831.3114231955,13632.0786976444,13.55,-0.229999999999999,-2.37
12932,1336444,13819.1380742781,13626.0149054205,13.6,0.0499999999999989,0.279999999999998
12933,1336444,13807.0803485043,13635.0887122692,13.03,-0.57,-0.619999999999999
12934,1336444,13794.7207730331,13654.5218968709,13.36,0.33,0.9
12935,1336444,13787.3634981417,13665.3607393448,13.09,-0.27,-0.6
12936,1336444,13781.4945269498,13674.0069915472,10.46,-2.63,-2.36
12937,1336444,13777.8383544656,13679.3933170819,6.5,-3.96,-1.33
12938,1336444,13775.3784411813,13683.0172964739,4.38,-2.12,1.84
12939,1336444,13766.4391585182,13698.5775286435,6,1.62,3.74
12940,1336444,13762.9146914755,13706.1141414148,8.32,2.32,0.7
12941,1336444,13758.8268180425,13714.8555252181,9.64,1.32,-1
12942,1336444,13754.1753805157,13725.1799015521,11.34,1.7,0.379999999999999
12943,1336444,13751.3086455597,13737.8906344456,13.03,1.69,-0.00999999999999979
12944,1336444,13748.9787358756,13748.2211533515,10.59,-2.44,-4.13
12945,1336444,13747.7960338651,13755.5413548309,7.43,-3.16,-0.720000000000001
12946,1336444,13747.3919543605,13759.7721017808,4.25,-3.18,-0.0199999999999996
12947,1336444,13741.9499898379,13770.038090069,5.59,1.34,4.52
12948,1336444,13734.4848376652,13769.0519850859,7.53,1.94,0.600000000000001
12949,1336444,13725.1856175616,13767.8236099541,9.38,1.85,-0.0899999999999999
12950,1336444,13714.9250057843,13766.7251940516,10.31,0.93,-0.920000000000001
12951,1336444,13707.9504925495,13766.0207331671,7.02,-3.29,-4.22
12952,1336444,13703.8513492504,13765.6066990951,4.12,-2.9,0.390000000000001
12953,1336444,13697.3956108066,13771.5198935187,6.4,2.28,5.18
12954,1336444,13697.4635459658,13779.6896110667,8.17,1.77,-0.510000000000001
12955,1336444,13697.5414593613,13789.0592871285,9.37,1.2,-0.57
12956,1336444,13697.6362526066,13800.4588930094,11.4,2.03,0.830000000000002
12957,1336444,13697.7476762458,13813.8584297467,13.4,2,-0.0300000000000011
12958,1336444,13697.8763954948,13829.3378945745,15.48,2.08,0.0800000000000001
12959,1336444,13697.9928914041,13843.3474102229,14.01,-1.47,-3.55
12960,1336444,13692.3508428812,13864.902570589,10,-4.01,-2.54
12961,1336444,13688.0365310243,13870.7537992125,7.27,-2.73,1.28
12962,1336444,13686.1010668528,13873.4018486062,3.28,-3.99,-1.26
12963,1336444,13658.4882962897,13901.6210469626,5.37,2.09,6.08
12964,1336444,13655.7464320817,13903.6652046534,3.42,-1.95,-4.04
12965,1336444,13643.1271905529,13909.6117526856,5.22,1.8,3.75
12966,1336444,13635.6247805999,13910.9452611771,7.62,2.4,0.600000000000001
12967,1336444,13626.3993762351,13912.5850216187,9.37,1.75,-0.650000000000001
12968,1336444,13609.2047154102,13914.7209947048,11.32,1.95,0.200000000000002
12969,1336444,13596.5655334374,13914.8647968565,12.64,1.32,-0.630000000000001
12970,1336444,13582.9539096503,13915.2121442065,13.62,0.979999999999999,-0.340000000000002
12971,1336444,13569.8728810619,13916.0832303511,13.11,-0.51,-1.49
12972,1336444,13556.1432888899,13916.9975053587,13.77,0.66,1.17
12973,1336444,13543.2318846235,13917.8572959545,12.93,-0.84,-1.5
12974,1336444,13529.8814527004,13918.7463220883,13.38,0.450000000000001,1.29
12975,1336444,13516.4013080605,13919.6439859947,13.51,0.129999999999999,-0.320000000000002
12976,1336444,13503.169791371,13920.8636065171,13.3,-0.209999999999999,-0.339999999999998
12977,1336444,13490.4060000137,13922.9918053299,12.93,-0.370000000000001,-0.160000000000002
12978,1336444,13477.0660135454,13925.0617527884,13.63,0.700000000000001,1.07
12979,1336444,13457.1081947675,13927.8008711223,13.37,-0.260000000000002,-0.960000000000003
12980,1336444,13444.1684521005,13929.5691074505,13.06,-0.309999999999999,-0.0499999999999972
12981,1336444,13431.1007571947,13931.9220044658,13.29,0.229999999999999,0.539999999999997
12982,1336444,13420.3457086482,13934.7474833212,11.12,-2.17,-2.4
12983,1336444,13412.3181094633,13936.8564288698,8.31,-2.81,-0.639999999999999
12984,1336444,13408.2075918084,13937.9363106266,4.25,-4.06,-1.25
