"V1","V2","V3","V4","V5","acceleration","jerk"
48313,"1338325#1",14349.9037877508,14257.3569978095,18.57,0.68,0
48314,"1338325#1",14351.261681894,14238.1549504318,19.25,0.68,0
48315,"1338325#1",14352.8866387229,14219.6693274604,18.56,-0.690000000000001,-1.37
48316,"1338325#1",14354.9195884381,14200.778400658,19.01,0.450000000000003,1.14
48317,"1338325#1",14356.992127174,14181.5195979125,19.37,0.359999999999999,-0.0900000000000034
48318,"1338325#1",14359.0540852491,14162.3501794443,19.28,-0.0899999999999999,-0.449999999999999
48319,"1338325#1",14360.9785156113,14143.246866439,19.2,-0.0800000000000018,0.00999999999999801
48320,"1338325#1",14362.9219898156,14123.954510232,19.39,0.190000000000001,0.270000000000003
48321,"1338325#1",14364.8554409451,14104.7616504469,19.29,-0.100000000000001,-0.290000000000003
48322,"1338325#1",14366.7377743931,14086.0762224135,18.78,-0.509999999999998,-0.409999999999997
48323,"1338325#1",14368.6110870738,14067.4803411598,18.69,-0.0899999999999999,0.419999999999998
48324,"1338325#1",14370.116518311,14048.7946328279,18.74,0.0499999999999972,0.139999999999997
48325,"1338325#1",14371.244424278,14030.1487156306,18.68,-0.0599999999999987,-0.109999999999996
48326,"1338325#1",14372.4061432719,14010.9438201875,19.24,0.559999999999999,0.619999999999997
48327,"1338325#1",14372.4677073133,13988.5137235283,19.2,-0.0399999999999991,-0.599999999999998
48328,"1338325#1",14371.9901596549,13967.8492407563,20.66,1.46,1.5
48329,"1338325#1",14371.4890465098,13946.1650302423,21.69,1.03,-0.43
48330,"1338325#1",14370.9634437411,13923.4211026631,22.75,1.06,0.0299999999999976
48331,"1338325#1",14370.4108099729,13899.5074873798,23.92,1.17,0.110000000000003
48332,"1338325#1",14373.691140651,13862.6504267432,25.44,1.52,0.349999999999998
48333,"1338325#1",14372.7985047244,13818.9664518457,27.08,1.64,0.119999999999997
48334,"1338325#1",14371.6600387737,13778.6656207417,27.55,0.470000000000002,-1.16999999999999
48335,"1338325#1",14371.9347137662,13751.3030381323,27.38,-0.170000000000002,-0.640000000000004
48336,"1338325#1",14373.1623594366,13723.7603841914,27.58,0.199999999999999,0.370000000000001
48337,"1338325#1",14371.0944860302,13686.3181912708,27.72,0.140000000000001,-0.0599999999999987
48338,"1338325#1",14367.5509130052,13658.7953718255,27.75,0.0300000000000011,-0.109999999999999
48339,"1338325#1",14364.0686342163,13631.7486227707,27.28,-0.469999999999999,-0.5
48340,"1338325#1",14360.5301690443,13604.2654758579,27.71,0.43,0.899999999999999
48341,"1338325#1",14355.1400356554,13577.781682628,27.04,-0.670000000000002,-1.1
48342,"1338325#1",14346.5487105105,13544.7604281917,27.74,0.699999999999999,1.37
48343,"1338325#1",14336.6751669309,13508.7869194575,27.18,-0.559999999999999,-1.26
48344,"1338325#1",14331.9909895831,13481.4927982079,27.73,0.550000000000001,1.11
48345,"1338325#1",14328.0466627801,13444.924511799,27,-0.73,-1.28
48346,"1338325#1",14328.7741942967,13392.6902723679,27.56,0.559999999999999,1.29
48347,"1338325#1",14329.839150176,13364.9507073213,27.76,0.200000000000003,-0.359999999999996
48348,"1338325#1",14331.1564290082,13337.9548349209,27.03,-0.73,-0.930000000000003
48349,"1338325#1",14332.0977316755,13310.6730657707,27.2,0.169999999999998,0.899999999999999
48350,"1338325#1",14330.2576755924,13283.0142047383,27.73,0.530000000000001,0.360000000000003
