"V1","V2","V3","V4","V5","acceleration","jerk"
32638,1338694,14404.0463991079,13996.093388436,13.01,0.880000000000001,0
32639,1338694,14390.1948090858,13995.0611317525,13.89,0.880000000000001,0
32640,1338694,14377.2988921957,13994.1234562407,12.93,-0.960000000000001,-1.84
32641,1338694,14364.0507583425,13993.2040273929,13.28,0.35,1.31
32642,1338694,14350.604557092,13992.0134557092,13.5,0.220000000000001,-0.129999999999999
32643,1338694,14326.3162185243,13989.1497709224,13.86,0.359999999999999,0.139999999999999
32644,1338694,14313.0866685113,13987.4460545831,13.33,-0.529999999999999,-0.889999999999999
32645,1338694,14299.4598226034,13985.0135769635,13.85,0.52,1.05
32646,1338694,14285.8788677869,13982.3567780015,13.83,-0.0199999999999996,-0.539999999999999
32647,1338694,14273.6782621643,13978.3102225324,12.92,-0.91,-0.890000000000001
32648,1338694,14260.6885697975,13973.4941267766,13.85,0.93,1.84
32649,1338694,14247.7256076322,13969.1547130027,13.67,-0.18,-1.11
32650,1338694,14230.4708138873,13963.392247711,12.87,-0.800000000000001,-0.620000000000001
32651,1338694,14219.1666114678,13959.7061783059,11.89,-0.979999999999999,-0.179999999999998
32652,1338694,14211.3706097992,13957.1640614748,8.2,-3.69,-2.71
32653,1338694,14205.723262249,13955.3225768435,5.93,-2.27,1.42
32654,1338694,14199.09,13952.81,2.81,-3.12,-0.85
32655,1338694,14196.802002447,13952.0134777178,4.15,1.34,4.46
32656,1338694,14191.3501170532,13950.4121155675,5.69,1.54,0.2
32657,1338694,14183.7347982346,13948.9936048421,7.76,2.07,0.529999999999999
32658,1338694,14174.4516393457,13947.9647408847,9.35,1.59,-0.48
32659,1338694,14163.4992543608,13946.7458679579,11.01,1.66,0.0700000000000003
32660,1338694,14151.2750187337,13945.38275999,12.3,1.29,-0.369999999999999
32661,1338694,14137.8084827379,13943.8811247895,13.56,1.26,-0.0300000000000011
32662,1338694,14125.155622524,13941.1347862395,12.95,-0.610000000000001,-1.87
32663,1338694,14111.6936595474,13937.804107657,13.87,0.92,1.53
32664,1338694,14099.0292871713,13933.3954606134,13.45,-0.42,-1.34
32665,1338694,14087.7174408826,13926.2711300502,13.41,-0.0399999999999991,0.380000000000001
32666,1338694,14076.9954519403,13918.2838994211,13.37,-0.0400000000000009,-1.77635683940025e-15
32667,1338694,14064.8627210024,13912.0496484361,13.67,0.300000000000001,0.340000000000002
32668,1338694,14052.6412869205,13905.8386764001,13.7,0.0299999999999994,-0.270000000000001
32669,1338694,14040.4928331114,13900.4783902467,13.29,-0.41,-0.44
32670,1338694,14016.2009311417,13890.0955744417,13.62,0.33,0.74
32671,1338694,14002.8918057169,13887.1856875193,13.71,0.0900000000000016,-0.239999999999998
32672,1338694,13990.0946774129,13883.6371797808,13.27,-0.440000000000001,-0.530000000000003
32673,1338694,13976.570157246,13881.3241227239,13.75,0.48,0.920000000000002
32674,1338694,13966.5899673297,13881.3604749169,10.06,-3.69,-4.17
32675,1338694,13958.8902056285,13882.3254981009,7.77,-2.29,1.4
32676,1338694,13953.6198195559,13890.9299617138,7.29,-0.48,1.81
32677,1338694,13953.6496841108,13898.6599040233,7.73,0.44,0.92
32678,1338694,13953.5476292492,13905.8484870314,7.19,-0.54,-0.98
32679,1338694,13953.3561962915,13913.5461070157,7.7,0.51,1.05
32680,1338694,13953.1709786895,13920.9938042733,7.45,-0.25,-0.76
32681,1338694,13952.9750706757,13928.8713686208,7.88,0.43,0.68
32682,1338694,13952.7702125495,13937.1088216949,8.24,0.36,-0.0699999999999994
32683,1338694,13952.6324802656,13942.64710932,5.54,-2.7,-3.06
32684,1338694,13952.5534209402,13945.8261264044,3.18,-2.36,0.34
32685,1338694,13952.2223588657,13957.2081640839,5.12,1.94,4.3
32686,1338694,13952.0192172784,13963.7149938416,6.52,1.4,-0.54
32687,1338694,13951.7911120552,13971.021434015,7.3,0.78,-0.619999999999999
32688,1338694,13951.5636309229,13978.307883928,7.3,0,-0.78
32689,1338694,13951.3305329725,13985.7742461845,7.47,0.17,0.17
32690,1338694,13951.1798150206,13990.6018940692,4.82,-2.65,-2.82
32691,1338694,13951.1256225686,14006.7988278388,6.6,1.78,4.43
32692,1338694,13951.3552796316,14014.2052681196,7.41,0.81,-0.969999999999999
32693,1338694,13951.5898955515,14021.7716315374,7.57,0.16,-0.65
32694,1338694,13951.8415575423,14029.8877307385,8.12,0.549999999999999,0.389999999999999
32695,1338694,13951.9107671116,14037.3426871386,7.46,-0.659999999999999,-1.21
32696,1338694,13951.534439468,14045.0134613828,7.68,0.22,0.879999999999999
32697,1338694,13951.1532117249,14052.7841154999,7.78,0.100000000000001,-0.119999999999999
32698,1338694,13950.7523835837,14060.9542891089,8.18,0.399999999999999,0.299999999999999
32699,1338694,13950.4985584282,14066.1280665288,5.18,-3,-3.4
32700,1338694,13941.5535481821,14076.4364921753,6.67,1.49,4.49
32701,1338694,13932.8737442097,14078.2634850602,8.87,2.2,0.709999999999999
32702,1338694,13922.3346812128,14080.4818292959,10.78,1.91,-0.289999999999999
32703,1338694,13910.5919926369,14082.9535220376,12,1.22,-0.69
32704,1338694,13897.802247663,14085.6456073822,13.07,1.07,-0.15
32705,1338694,13884.5427951461,14088.4365604363,13.55,0.48,-0.59
32706,1338694,13871.342056072,14091.2151550268,13.49,-0.0600000000000005,-0.540000000000001
32707,1338694,13858.5372317831,14092.9302311223,13,-0.49,-0.43
32708,1338694,13844.6485291078,14092.7403943573,13.88,0.880000000000001,1.37
32709,1338694,13833.2090335568,14092.6441121604,11.44,-2.44,-3.32
32710,1338694,13825.2391376735,14092.603373845,7.97,-3.47,-1.03
32711,1338694,13819.8792076943,14092.5759764334,5.36,-2.61,0.86
32712,1338694,13812.1696844246,14098.5681218765,6.92,1.56,4.17
32713,1338694,13811.8612514614,14106.8023473475,8.25,1.33,-0.23
32714,1338694,13811.774113503,14116.3028256723,9.51,1.26,-0.0700000000000003
32715,1338694,13812.408829177,14127.1041929938,10.82,1.31,0.0500000000000007
32716,1338694,13813.1362297644,14139.482839462,12.4,1.58,0.27
32717,1338694,13814.877845729,14152.455767422,13.1,0.699999999999999,-0.880000000000001
32718,1338694,13817.3108915699,14165.5364390751,13.31,0.210000000000001,-0.489999999999998
32719,1338694,13819.6854854523,14176.6761609699,11.39,-1.92,-2.13
32720,1338694,13821.5628955846,14186.6401962537,10.14,-1.25,0.67
32721,1338694,13822.3234824138,14194.684963998,8.1,-2.04,-0.790000000000001
32722,1338694,13822.4994200255,14199.1815233446,4.5,-3.6,-1.56
32723,1338694,13814.6472299189,14207.2304622122,6.07,1.57,5.17
32724,1338694,13807.2054473402,14209.2463917868,7.71,1.64,0.0699999999999994
32725,1338694,13798.2096738467,14211.6832872,9.32,1.61,-0.0299999999999994
32726,1338694,13788.1004777614,14214.6871006944,10.55,1.23,-0.38
32727,1338694,13776.7469639893,14218.4473300792,11.96,1.41,0.18
32728,1338694,13764.3302449141,14222.5596879684,13.08,1.12,-0.290000000000001
32729,1338694,13751.4104019009,14226.8386780961,13.61,0.529999999999999,-0.59
32730,1338694,13729.0521279882,14235.8061669628,10.97,-2.64,-3.17
32731,1338694,13720.8337476827,14242.2444761473,10.44,-0.530000000000001,2.11
32732,1338694,13714.2055137582,14247.437058842,8.42,-2.02,-1.49
32733,1338694,13710.6394924188,14250.2306929996,4.53,-3.89,-1.87
32734,1338694,13706.1170990622,14259.7969162721,6.34,1.81,5.7
32735,1338694,13708.2153358403,14267.9616148227,8.44,2.1,0.29
