"V1","V2","V3","V4","V5","acceleration","jerk"
62069,1339833,13417.2393238305,13366.8994700251,13.44,-0.389999999999999,0
62070,1339833,13430.071854076,13369.3263543445,13.05,-0.389999999999999,0
62071,1339833,13452.3096026356,13373.0026011048,13.36,0.309999999999999,0.699999999999998
62072,1339833,13466.0821844953,13373.8720773377,13.79,0.43,0.120000000000001
62073,1339833,13479.9246272774,13374.7459639572,13.87,0.0800000000000001,-0.35
62074,1339833,13492.7690568813,13375.5568450526,12.87,-1,-1.08
62075,1339833,13506.4617976867,13376.4212808436,13.72,0.850000000000001,1.85
62076,1339833,13519.9449557246,13377.2724854744,13.51,-0.210000000000001,-1.06
62077,1339833,13533.3894798079,13376.4872686432,13.48,-0.0299999999999994,0.180000000000001
62078,1339833,13546.3190283658,13375.359879908,12.98,-0.5,-0.470000000000001
62079,1339833,13570.9583173929,13363.8856651797,13.04,0.0599999999999987,0.559999999999999
62080,1339833,13581.5034789039,13356.3688793834,12.95,-0.0899999999999999,-0.149999999999999
62081,1339833,13592.219643034,13348.7301997634,13.16,0.210000000000001,0.300000000000001
62082,1339833,13602.8462343636,13341.1553692892,13.05,-0.109999999999999,-0.32
62083,1339833,13613.7496870765,13333.3831869099,13.39,0.34,0.449999999999999
62084,1339833,13624.6287108438,13325.6284179339,13.36,-0.0300000000000011,-0.370000000000001
62085,1339833,13635.3285890102,13318.0013472495,13.13,-0.229999999999999,-0.199999999999998
62086,1339833,13645.9031827236,13310.5090998892,12.96,-0.17,0.0599999999999987
62087,1339833,13656.8062395757,13302.9800992066,13.25,0.289999999999999,0.459999999999999
62088,1339833,13668.0137591475,13295.2408547314,13.63,0.380000000000001,0.0900000000000016
62089,1339833,13679.4269967731,13287.3595536394,13.87,0.239999999999998,-0.140000000000002
62090,1339833,13690.4946280683,13279.7169076635,13.45,-0.42,-0.659999999999998
62130,1339833,14191.0583528062,13275.9760912439,13.01,-0.011,0.010225
62131,1339833,14204.6904611761,13278.1855530319,13.82,0.81,0.821000000000001
62132,1339833,14217.8981085322,13280.3262191234,13.38,-0.44,-1.25
62133,1339833,14232.6119981615,13282.8003579735,12.99,-0.390000000000001,0.0499999999999989
62134,1339833,14246.130869376,13284.8274300209,13.66,0.67,1.06
62135,1339833,14259.5013989166,13286.8322591417,13.52,-0.140000000000001,-0.81
62136,1339833,14272.2785617616,13288.748116556,12.92,-0.6,-0.459999999999999
62137,1339833,14285.273292395,13290.6965969293,13.15,0.23,0.83
62138,1339833,14298.5647063762,13292.6895631559,13.44,0.289999999999999,0.0599999999999987
62139,1339833,14312.053909256,13294.712186618,13.63,0.190000000000001,-0.0999999999999979
62140,1339833,14325.5833751418,13297.1041753298,13.75,0.119999999999999,-0.0700000000000021
62141,1339833,14338.3069023587,13299.4056433742,12.93,-0.82,-0.94
62142,1339833,14351.4043615434,13301.7747493039,13.31,0.380000000000001,1.2
62143,1339833,14365.0233574199,13304.2381922841,13.84,0.529999999999999,0.149999999999999
62144,1339833,14378.2192197539,13306.6250976573,13.41,-0.43,-0.959999999999999
62145,1339833,14391.0313098054,13308.9425852008,13.02,-0.390000000000001,0.0399999999999991
62146,1339833,14404.6503056818,13311.406028181,13.84,0.82,1.21
