"V1","V2","V3","V4","V5","acceleration","jerk"
53677,1339372,14349.5510879734,14262.3445425829,19.09,-0.579999999999998,0
53678,1339372,14350.8567825495,14243.8806518317,18.51,-0.579999999999998,0
53679,1339372,14352.2970833055,14225.1476962332,18.79,0.279999999999998,0.859999999999996
53680,1339372,14354.3193332853,14206.3561953612,18.9,0.109999999999999,-0.169999999999998
53681,1339372,14356.3608427888,14187.3857278144,19.08,0.18,0.0700000000000003
53682,1339372,14358.3627632715,14168.7831362105,18.71,-0.369999999999997,-0.549999999999997
53683,1339372,14360.2628680704,14150.3509109628,18.53,-0.18,0.189999999999998
53684,1339372,14362.1201438314,14131.9142239842,18.53,0,0.18
53685,1339372,14364.0145049691,14113.1094002445,18.9,0.369999999999997,0.369999999999997
53686,1339372,14365.9589814809,14093.8070943954,19.39,0.490000000000002,0.120000000000005
53687,1339372,14367.8864187655,14074.6739324634,19.24,-0.150000000000002,-0.640000000000004
53688,1339372,14369.7107619888,14055.5023717769,19.26,0.0200000000000031,0.170000000000005
53689,1339372,14370.8610087057,14036.4871296672,19.05,-0.210000000000001,-0.230000000000004
53690,1339372,14371.9949527132,14017.741394926,18.78,-0.27,-0.0599999999999987
53691,1339372,14372.6241174559,13995.2819164827,19.23,0.449999999999999,0.719999999999999
53692,1339372,14372.1394077378,13974.3075164558,20.98,1.75,1.3
53693,1339372,14371.6142670375,13951.5835835381,22.73,1.75,0
53694,1339372,14371.0708746367,13928.069861487,23.52,0.789999999999999,-0.960000000000001
53695,1339372,14370.6335269263,13909.1449142749,18.93,-4.59,-5.38
53696,1339372,14370.2860515136,13894.1089287456,15.04,-3.89,0.699999999999999
53697,1339372,14369.9868622452,13881.1623853543,12.95,-2.09,1.8
53698,1339372,14362.7187232672,13859.423506106,13.1,0.15,2.24
53699,1339372,14351.5668152316,13852.610496649,13.48,0.380000000000001,0.23
53700,1339372,14341.1771842035,13849.4188249623,11.28,-2.2,-2.58
53701,1339372,14335.630635749,13849.430550044,7.47,-3.81,-1.61
53702,1339372,14331.0920717195,13849.5447277555,4.54,-2.93,0.88
53703,1339372,14306.4164615749,13847.5153434675,6.76,2.22,5.15
53704,1339372,14297.7714629191,13848.0067422593,8.75,1.99,-0.23
53705,1339372,14287.1918680144,13847.9141590348,10.58,1.83,-0.16
53706,1339372,14275.0323336061,13847.8077495821,12.16,1.58,-0.25
53707,1339372,14261.1528650544,13847.6862887924,13.87,1.71,0.129999999999999
53708,1339372,14247.923371615,13847.5705160079,13.24,-0.629999999999999,-2.34
53709,1339372,14234.8435671897,13847.7117919557,13.09,-0.15,0.479999999999999
53710,1339372,14224.9622451647,13849.5253594919,10.11,-2.98,-2.83
53711,1339372,14218.6060938825,13852.041607955,6.88,-3.23,-0.249999999999999
53712,1339372,14214.8802816747,13854.4381102796,4.43,-2.45,0.779999999999999
53713,1339372,14214.8504946417,13858.380562451,2.25,-2.18,0.27
53714,1339372,14211.0199119413,13861.1090945604,4.76,2.51,4.69
53715,1339372,14209.8680832349,13863.406525872,2.57,-2.19,-4.7
53716,1339372,14209.37,13864.4,1.59,-0.98,1.21
53717,1339372,14209.37,13864.4,0.35,-1.24,-0.26
53718,1339372,14209.37,13864.4,0.03,-0.32,0.92
53719,1339372,14209.37,13864.4,0,-0.03,0.29
53720,1339372,14209.37,13864.4,0,0,0.03
53721,1339372,14209.37,13864.4,0,0,0
53722,1339372,14209.37,13864.4,0,0,0
53723,1339372,14209.37,13864.4,0,0,0
53724,1339372,14209.37,13864.4,0,0,0
53725,1339372,14209.37,13864.4,0,0,0
53726,1339372,14206.9467344384,13875.1788687112,1.78,1.78,1.78
53727,1339372,14208.1534904186,13879.3060638851,4.3,2.52,0.74
53728,1339372,14210.2000624243,13885.4166596711,6.46,2.16,-0.359999999999999
53729,1339372,14213.2558531558,13893.3054962777,8.45,1.99,-0.170000000000001
53730,1339372,14227.4140173382,13915.1955249957,10.1,1.65,-0.339999999999999
53731,1339372,14237.141551965,13921.4781574124,11.59,1.49,-0.16
53732,1339372,14248.1715972562,13929.0275188753,13.37,1.78,0.289999999999999
53733,1339372,14258.8267573044,13936.4735811307,12.99,-0.379999999999999,-2.16
53734,1339372,14269.738389563,13943.6045449468,13.04,0.0499999999999989,0.429999999999998
53735,1339372,14281.143945697,13950.3835928461,13.27,0.23,0.180000000000001
53736,1339372,14293.0880388557,13956.1195442593,13.25,-0.0199999999999996,-0.25
53737,1339372,14305.7093887219,13960.8291317157,13.49,0.24,0.26
53738,1339372,14318.7794544002,13965.2578316563,13.8,0.31,0.0700000000000003
53739,1339372,14331.8389250465,13968.158415008,13.38,-0.42,-0.73
53740,1339372,14344.4321463589,13970.7438185622,12.86,-0.520000000000001,-0.100000000000001
53741,1339372,14357.8044999346,13972.8032019277,13.53,0.67,1.19
53742,1339372,14371.224247011,13973.9482226145,13.48,-0.0499999999999989,-0.719999999999999
53743,1339372,14384.9695304324,13974.7728944676,13.76,0.279999999999999,0.329999999999998
53744,1339372,14398.455280543,13975.5819951747,13.52,-0.24,-0.52
