"V1","V2","V3","V4","V5","acceleration","jerk"
68684,1341794,14400.5803679145,13320.2998764538,13.71,-0.630000000000001,0
68685,1341794,14387.6790608877,13318.1451892378,13.08,-0.630000000000001,0
68686,1341794,14374.6396664767,13315.9674396205,13.22,0.140000000000001,0.770000000000001
68687,1341794,14361.4128677588,13313.7583910298,13.41,0.19,0.0499999999999989
68688,1341794,14348.6792382698,13311.6317081583,12.91,-0.5,-0.69
68689,1341794,14337.8886955424,13309.8295462208,10.94,-1.97,-1.47
68690,1341794,14325.0958857459,13307.6929794631,12.97,2.03,4
68691,1341794,14316.7021454708,13306.2911149212,8.51,-4.46,-6.49
68692,1341794,14306.878214432,13304.6503897934,9.95,1.44,5.9
68693,1341794,14294.8153850755,13305.9769300298,11.03,1.08,-0.359999999999999
68694,1341794,14283.0977172497,13304.0197226505,11.88,0.850000000000001,-0.229999999999999
68695,1341794,14271.419502851,13302.0691051951,11.84,-0.0400000000000009,-0.890000000000002
68696,1341794,14258.6859092794,13299.942207277,12.91,1.07,1.11
68697,1341794,14246.4257568321,13297.894388445,12.43,-0.48,-1.55
68698,1341794,14231.0931085211,13295.521480976,12.85,0.42,0.9
68699,1341794,14216.3296694685,13293.6626460348,14.87,2.02,1.6
68700,1341794,14199.5719755438,13291.5527184704,16.9,2.03,0.00999999999999979
68701,1341794,14181.3756400448,13289.2616544366,18.33,1.43,-0.6
68702,1341794,14161.8398796317,13286.8019461038,19.69,1.36,-0.0699999999999967
68703,1341794,14141.178964444,13284.7483845219,20.78,1.09,-0.270000000000003
68704,1341794,14119.9970310744,13289.5603217766,22.04,1.26,0.169999999999998
68705,1341794,14102.8500387994,13302.7099511663,21.94,-0.0999999999999979,-1.36
68706,1341794,14093.9675951161,13322.3766952453,22.07,0.129999999999999,0.229999999999997
68707,1341794,14095.3206836111,13343.4522499967,21.46,-0.609999999999999,-0.739999999999998
68708,1341794,14104.6967004685,13358.0139255429,17.55,-3.91,-3.3
68709,1341794,14114.65,13365.22,14.03,-3.52,0.389999999999999
68710,1341794,14142.4286642662,13376.69703241,13.32,-0.709999999999999,2.81
68711,1341794,14154.7571927416,13380.5278920567,12.91,-0.41,0.299999999999999
68712,1341794,14167.1525683891,13384.379523212,12.98,0.0700000000000003,0.48
68713,1341794,14179.7511225417,13387.9860865701,13.11,0.129999999999999,0.0599999999999987
68714,1341794,14193.187112735,13391.3056900893,13.85,0.74,0.610000000000001
68715,1341794,14206.5842705867,13394.6156993787,13.8,-0.0499999999999989,-0.789999999999999
68716,1341794,14218.4247450965,13387.7796045109,13.24,-0.56,-0.510000000000002
68717,1341794,14221.4413826724,13374.5799265703,13.55,0.31,0.870000000000001
68718,1341794,14224.3978657324,13361.6434622961,13.27,-0.280000000000001,-0.590000000000002
68719,1341794,14227.4835696043,13348.1415760718,13.85,0.58,0.860000000000001
68720,1341794,14231.7444975634,13326.4816136219,12.87,-0.98,-1.56
68721,1341794,14233.9063070209,13313.3990229048,13.26,0.390000000000001,1.37
68722,1341794,14236.1235530464,13299.9708466969,13.61,0.35,-0.0400000000000009
68723,1341794,14238.3759587271,13286.3153617678,13.84,0.23,-0.119999999999999
68753,1341794,14242.9266512264,13279.0291216276,13.83,-0.000333333333333326,-0.00767777777777779
68754,1341794,14240.7874955942,13291.9938280717,13.14,-0.69,-0.689666666666666
68755,1341794,14238.602756737,13305.2347991889,13.42,0.279999999999999,0.969999999999999
68756,1341794,14236.4476747823,13318.2779591263,13.22,-0.199999999999999,-0.479999999999999
68757,1341794,14234.2206523698,13331.7551981304,13.66,0.44,0.639999999999999
