"V1","V2","V3","V4","V5","acceleration","jerk"
65688,1343358,14352.600205216,14265.9758537068,18.66,0.0300000000000011,0
65689,1343358,14353.919123164,14247.3324485606,18.69,0.0300000000000011,0
65690,1343358,14355.3035695887,14228.0223407939,19.36,0.669999999999998,0.639999999999997
65691,1343358,14357.3199178245,14209.2905512427,18.84,-0.52,-1.19
65692,1343358,14359.3041586043,14190.8570385951,18.53,-0.309999999999999,0.210000000000001
65693,1343358,14361.3172960945,14172.1550767343,18.82,0.289999999999999,0.599999999999998
65694,1343358,14363.2921651818,14153.1877224809,19.07,0.25,-0.0399999999999991
65695,1343358,14365.2152282897,14134.0943223572,19.19,0.120000000000001,-0.129999999999999
65696,1343358,14367.0701474207,14115.6774992051,18.51,-0.68,-0.800000000000001
65697,1343358,14369.0122507573,14096.3950555158,19.38,0.869999999999997,1.55
65698,1343358,14370.8100492021,14078.5453630604,17.94,-1.44,-2.31
65699,1343358,14372.7481440694,14059.3027180166,19.34,1.4,2.84
65700,1343358,14370.591712099,14040.9389921243,18.46,-0.879999999999999,-2.28
65701,1343358,14371.7322979511,14022.0834580849,18.89,0.43,1.31
65702,1343358,14372.7370931719,14000.1706112459,18.7,-0.190000000000001,-0.620000000000001
65703,1343358,14372.2729454962,13980.0859736605,20.09,1.39,1.58
65704,1343358,14371.8679425716,13962.560652761,17.53,-2.56,-3.95
65705,1343358,14371.5301705945,13947.9445551255,14.62,-2.91,-0.350000000000003
65706,1343358,14371.2448433773,13935.5978515824,12.35,-2.27,0.640000000000002
65707,1343358,14370.988395433,13924.5008143899,11.11,-1.24,1.03
65708,1343358,14370.7779232913,13915.3932460274,9.11,-2,-0.76
65709,1343358,14370.5974855936,13907.5853306695,7.81,-1.3,0.7
65710,1343358,14370.4438478612,13900.9371056848,6.65,-1.16,0.140000000000001
65711,1343358,14370.3315652478,13896.078402914,4.86,-1.79,-0.630000000000001
65712,1343358,14370.2550929329,13892.7692864178,3.32,-1.54,0.25
65713,1343358,14370.1804688915,13889.5401485681,3.23,-0.0899999999999999,1.45
65714,1343358,14370.1063069184,13886.33100538,3.21,-0.02,0.0699999999999998
65715,1343358,14370.0360725264,13883.2918168156,3.03,-0.18,-0.16
65716,1343358,14373.638115073,13867.0701086648,4.81,1.78,1.96
65717,1343358,14373.7164537662,13860.5405785861,6.53,1.72,-0.0599999999999992
65718,1343358,14373.7771572559,13855.4809427211,5.05,-1.48,-3.2
65719,1343358,14373.7968319047,13853.8410607411,1.64,-3.41,-1.93
65720,1343358,14373.7816520987,13850.4705745671,3.28,1.64,5.05
65721,1343358,14373.1196588067,13829.171399668,4.78,1.5,-0.139999999999999
65722,1343358,14372.8991602644,13822.1648684011,7.01,2.23,0.729999999999999
65723,1343358,14372.6368267633,13813.8289952535,8.35,1.34,-0.89
65724,1343358,14371.9570829687,13791.0820680897,9.99,1.64,0.300000000000001
65725,1343358,14371.6782153911,13779.4254033491,11.67,1.68,0.0399999999999991
65726,1343358,14371.3493621157,13765.679336438,13.75,2.08,0.4
65727,1343358,14371.9921552938,13750.0143176541,15.68,1.93,-0.15
65728,1343358,14372.7322159047,13733.410802656,16.61,0.93,-1
65729,1343358,14373.3110840118,13720.4236970619,13,-3.61,-4.54
65730,1343358,14365.0911986453,13710.0885568511,12.93,-0.0700000000000003,3.54
65731,1343358,14345.1523754048,13711.4671476695,13.75,0.82,0.890000000000001
65732,1343358,14324.8200013797,13712.0350055256,13.7,-0.0500000000000007,-0.870000000000001
65733,1343358,14311.024820136,13711.5445668359,13.82,0.120000000000001,0.170000000000002
65734,1343358,14297.5056748212,13710.1586339518,13.59,-0.23,-0.350000000000001
65735,1343358,14271.9820471216,13708.0282420439,13,-0.59,-0.359999999999999
65736,1343358,14258.3374821678,13706.7970445693,13.7,0.699999999999999,1.29
65737,1343358,14245.2406917194,13705.6152747305,13.15,-0.549999999999999,-1.25
65738,1343358,14231.5463290833,13704.3795838345,13.74,0.59,1.14
65739,1343358,14218.1109143952,13703.1672587299,13.5,-0.24,-0.83
65740,1343358,14205.0876531412,13702.1986388133,13.05,-0.449999999999999,-0.209999999999999
65741,1343358,14191.8272749551,13701.3118071716,13.3,0.25,0.699999999999999
65742,1343358,14178.9460497946,13700.4503326423,12.91,-0.390000000000001,-0.640000000000001
65743,1343358,14165.184984689,13699.6977485649,13.79,0.879999999999999,1.27
65744,1343358,14152.2682405881,13700.2830876376,12.93,-0.859999999999999,-1.74
65745,1343358,14143.8269035693,13700.6656178127,8.45,-4.48,-3.62
65746,1343358,14137.723167571,13700.9422165547,6.11,-2.34,2.14
65747,1343358,14135.4355152902,13701.0458844957,2.3,-3.81,-1.47
65748,1343358,14134.0968890647,13701.1065460856,1.34,-0.96,2.85
65749,1343358,14129.9617535097,13708.8380878018,2.87,1.53,2.49
65750,1343358,14131.5486602715,13712.7159515086,4.19,1.32,-0.21
65751,1343358,14133.5516113109,13718.2430475773,5.88,1.69,0.369999999999999
65752,1343358,14136.0907940327,13725.469952247,7.65,1.77,0.080000000000001
65753,1343358,14138.3648361425,13734.939958017,9.74,2.09,0.319999999999999
65754,1343358,14140.8630206566,13745.4162156567,10.77,1.03,-1.06
65755,1343358,14142.5447140389,13752.4684782275,7.25,-3.52,-4.55
65756,1343358,14143.4493490997,13756.2621091277,3.9,-3.35,0.169999999999999
65757,1343358,14133.699524923,13768.2108586109,6,2.1,5.45
65758,1343358,14125.9243251002,13769.4917441309,7.88,1.88,-0.22
65759,1343358,14116.8433596089,13769.3154387191,9.09,1.21,-0.67
65760,1343358,14105.6879609858,13768.995014677,11.16,2.07,0.86
65761,1343358,14092.7388247492,13767.3255403024,13.25,2.09,0.0199999999999996
65762,1343358,14080.3426981823,13761.7556079745,13.59,0.34,-1.75
65763,1343358,14067.864478062,13756.1487886774,13.68,0.0899999999999999,-0.25
65764,1343358,14055.6690246258,13750.6690244961,13.38,-0.299999999999999,-0.389999999999999
65765,1343358,14043.3910845054,13745.2280797811,13.43,0.0499999999999989,0.349999999999998
65766,1343358,14030.3512493179,13741.2375322652,13.83,0.4,0.350000000000001
65767,1343358,14017.1097999797,13741.2329190405,13.27,-0.56,-0.960000000000001
65768,1343358,14003.667123053,13742.6092522906,13.54,0.27,0.83
65769,1343358,13990.7405170814,13747.0864453905,13.68,0.140000000000001,-0.129999999999999
65770,1343358,13978.456461699,13751.3410879563,13,-0.68,-0.82
65771,1343358,13965.6697924685,13760.9698238367,13.44,0.44,1.12
65772,1343358,13965.5172386026,13774.0489341779,13.08,-0.359999999999999,-0.799999999999999
65773,1343358,13965.3608359007,13787.4580220736,13.41,0.33,0.69
65774,1343358,13965.2038500418,13800.9171065685,13.46,0.0500000000000007,-0.279999999999999
65775,1343358,13965.0373854606,13813.7857906259,12.87,-0.590000000000002,-0.640000000000002
65776,1343358,13964.54,13827.4852985256,13.71,0.840000000000002,1.43
65777,1343358,13964.54,13840.4052985256,12.92,-0.790000000000001,-1.63
65778,1343358,13964.54,13850.5552985256,10.16,-2.76,-1.97
65779,1343358,13964.54,13857.1052985256,6.55,-3.61,-0.850000000000001
65780,1343358,13964.54,13860.1552985256,3.05,-3.5,0.11
65781,1343358,13970.0223469191,13865.6541684742,4.98,1.93,5.43
65782,1343358,13977.0385072335,13865.0752950487,7.03,2.05,0.119999999999999
65783,1343358,13986.3449923092,13869.2243575819,9.16,2.13,0.0800000000000001
65784,1343358,13996.9060754835,13871.3353815478,10.77,1.61,-0.52
65785,1343358,14008.8517339788,13873.3797855084,12.13,1.36,-0.249999999999998
65786,1343358,14019.3067806569,13875.1267826346,10.6,-1.53,-2.89
65787,1343358,14026.4227634604,13877.6174578274,8.02,-2.58,-1.05
65788,1343358,14028.5656585834,13881.1713993705,4.15,-3.87,-1.29
65789,1343358,14025.5701538882,13886.6746230764,5.94,1.79,5.66
65790,1343358,14018.140734289,13886.7674908214,7.43,1.49,-0.300000000000001
65791,1343358,14008.6929135776,13888.7942731056,9.66,2.23,0.740000000000001
65792,1343358,13998.0639734275,13885.8469809101,11.04,1.38,-0.850000000000001
65793,1343358,13986.230484303,13882.5656800796,12.27,1.23,-0.149999999999999
65794,1343358,13973.3564606525,13880.9121103401,12.99,0.720000000000001,-0.51
65795,1343358,13964.0200726382,13881.6825638404,9.41,-3.58,-4.3
