"V1","V2","V3","V4","V5","acceleration","jerk"
29497,1344659,14396.1782173027,13995.5070309678,13.15,0.49,0
29498,1344659,14383.5344360418,13991.2561633657,13.64,0.49,0
29499,1344659,14370.6761966298,13990.3520533443,12.89,-0.75,-1.24
29500,1344659,14357.7319380662,13989.3964846078,12.98,0.0899999999999999,0.84
29501,1344659,14333.4484926461,13986.6834191175,13.26,0.279999999999999,0.19
29502,1344659,14320.6205238928,13985.1440628671,12.92,-0.34,-0.619999999999999
29503,1344659,14307.0972311289,13983.2226799915,13.67,0.75,1.09
29504,1344659,14293.5394053366,13980.4108132929,13.84,0.17,-0.58
29505,1344659,14280.5102010307,13977.5038436693,13.39,-0.449999999999999,-0.619999999999999
29506,1344659,14268.9243929786,13972.838101308,12.49,-0.9,-0.450000000000001
29507,1344659,14256.1604108354,13968.5080689982,13.48,0.99,1.89
29508,1344659,14244.0694016938,13964.4620835883,12.75,-0.73,-1.72
29509,1344659,14227.0901695183,13958.8230686913,13.22,0.470000000000001,1.2
29510,1344659,14214.571004766,13954.7341306991,13.17,-0.0500000000000007,-0.520000000000001
29511,1344659,14200.0572680727,13949.6571412317,12.98,-0.19,-0.139999999999999
29512,1344659,14186.93714418,13946.0522342659,13.63,0.65,0.84
29513,1344659,14174.0483171336,13944.6034287687,12.97,-0.66,-1.31
29514,1344659,14160.8006649719,13943.1240413411,13.33,0.359999999999999,1.02
29515,1344659,14147.5030331556,13941.6416823846,13.38,0.0500000000000007,-0.309999999999999
29516,1344659,14134.3261384473,13939.7984920969,13.32,-0.0600000000000005,-0.110000000000001
29517,1344659,14120.7818041323,13936.7663209975,13.89,0.57,0.630000000000001
29518,1344659,14107.0002594406,13936.5816120794,13.03,-0.860000000000001,-1.43
29519,1344659,14094.9249051485,13931.2314585535,13.26,0.23,1.09
29520,1344659,14085.1592400803,13924.3654258088,11.94,-1.32,-1.55
29521,1344659,14078.1101538573,13919.1142846548,8.79,-3.15,-1.83
29522,1344659,14072.1292453262,13915.6284225632,6.95,-1.84,1.31
29523,1344659,14068.190968563,13913.6888153511,4.39,-2.56,-0.720000000000002
29524,1344659,14066.2891128141,13912.7521485425,2.12,-2.27,0.290000000000001
29525,1344659,14064.7460977725,13911.9922113205,1.72,-0.4,1.87
29526,1344659,14063.4183871554,13911.3383118504,1.48,-0.24,0.16
29527,1344659,14061.0769515399,13910.1851512983,2.61,1.13,1.37
29528,1344659,14057.0572373633,13908.1408018716,4.51,1.9,0.77
29529,1344659,14051.7178676434,13905.3836017361,6.01,1.5,-0.4
29530,1344659,14044.4330493144,13902.2002195859,7.95,1.94,0.44
29531,1344659,14024.2502724694,13889.9925977936,9.87,1.92,-0.0200000000000014
29532,1344659,14012.296924109,13889.7936269416,11.99,2.12,0.200000000000002
29533,1344659,14000.8199814809,13886.6111926671,11.92,-0.0700000000000003,-2.19
29534,1344659,13987.7241250312,13882.9798507871,13.59,1.67,1.74
29535,1344659,13975.2013605488,13881.1486359678,12.67,-0.92,-2.59
29536,1344659,13962.005830853,13881.9350119156,13.3,0.630000000000001,1.55
29537,1344659,13939.4320419865,13882.3815320212,13.1,-0.200000000000001,-0.830000000000002
29538,1344659,13926.0055578683,13882.0742467705,13.43,0.33,0.530000000000001
29539,1344659,13914.5826750552,13880.1250783749,11.59,-1.84,-2.17
29540,1344659,13904.6601954613,13878.4077261375,10.07,-1.52,0.32
29541,1344659,13888.8334021784,13877.2905110686,10.06,-0.00999999999999979,1.51
29542,1344659,13881.318856241,13876.7921961443,7.54,-2.52,-2.51
29543,1344659,13871.7124110167,13875.1873724616,9.74,2.2,4.72
29544,1344659,13864.7797961106,13874.4664351796,6.97,-2.77,-4.97
29545,1344659,13859.0407447465,13873.8696190939,5.77,-1.2,1.57
29546,1344659,13854.8433796241,13873.4331262201,4.22,-1.55,-0.35
29547,1344659,13854.8433796241,13873.4331262201,0,-4.22,-2.67
29548,1344659,13854.8433796241,13873.4331262201,0,0,4.22
29549,1344659,13853.4011570109,13873.2831464413,1.45,1.45,1.45
29550,1344659,13849.5123322728,13872.8767734699,3.91,2.46,1.01
29551,1344659,13843.4754663843,13872.243409243,6.07,2.16,-0.3
29552,1344659,13836.0860242835,13871.4681380393,7.43,1.36,-0.800000000000001
29553,1344659,13827.1531694913,13867.9256525277,9.08,1.65,0.290000000000001
29554,1344659,13816.6148235441,13867.7389316185,10.54,1.46,-0.190000000000001
29555,1344659,13804.4702955681,13868.136880895,12.16,1.62,0.160000000000002
29556,1344659,13791.5351454921,13868.9390607447,12.97,0.81,-0.81
29557,1344659,13778.5500333947,13870.6152034633,13.09,0.119999999999999,-0.690000000000001
29558,1344659,13765.0118961413,13872.7677472322,13.72,0.630000000000001,0.510000000000002
29559,1344659,13743.8924195066,13873.652666743,11.33,-2.39,-3.02
29560,1344659,13736.3493689191,13875.3875983943,7.75,-3.58,-1.19
29561,1344659,13731.7397268934,13876.4478344034,4.73,-3.02,0.56
29562,1344659,13728.4554787694,13877.2032245409,3.37,-1.36,1.66
29563,1344659,13724.4566789274,13878.1459488679,4.11,0.74,2.1
29564,1344659,13719.8828348817,13879.9314601799,4.91,0.8,0.0599999999999996
29565,1344659,13715.2717293773,13881.7315174089,4.95,0.04,-0.76
29566,1344659,13710.8841926247,13883.4442991358,4.71,-0.24,-0.28
29567,1344659,13705.5372135193,13892.2285867672,3.87,-0.84,-0.6
29568,1344659,13702.751303686,13892.483783374,2.84,-1.03,-0.19
29569,1344659,13700.0648027606,13892.3466236944,2.69,-0.15,0.88
29570,1344659,13698.9662336089,13892.290536093,1.1,-1.59,-1.44
29571,1344659,13698.4069620408,13892.2619824051,0.56,-0.54,1.05
29572,1344659,13697.9475603955,13892.23852759,0.46,-0.1,0.44
29573,1344659,13697.857677465,13892.2339386044,0.09,-0.37,-0.27
29574,1344659,13697.8377034804,13892.2329188298,0.02,-0.07,0.3
29575,1344659,13697.8277164881,13892.2324089426,0.01,-0.01,0.06
29576,1344659,13697.8277164881,13892.2324089426,0,-0.01,0
29577,1344659,13697.8277164881,13892.2324089426,0,0,0.01
29578,1344659,13697.8277164881,13892.2324089426,0,0,0
29579,1344659,13697.8277164881,13892.2324089426,0,0,0
29580,1344659,13697.8277164881,13892.2324089426,0,0,0
29581,1344659,13697.8277164881,13892.2324089426,0,0,0
29582,1344659,13697.8277164881,13892.2324089426,0,0,0
29583,1344659,13697.8277164881,13892.2324089426,0,0,0
29584,1344659,13697.8277164881,13892.2324089426,0,0,0
29585,1344659,13697.8277164881,13892.2324089426,0,0,0
29586,1344659,13697.8277164881,13892.2324089426,0,0,0
29587,1344659,13697.8277164881,13892.2324089426,0,0,0
29588,1344659,13697.8277164881,13892.2324089426,0,0,0
29589,1344659,13697.8277164881,13892.2324089426,0,0,0
29590,1344659,13697.8277164881,13892.2324089426,0,0,0
29591,1344659,13696.4994465138,13892.1645939337,1.34,1.34,1.34
29592,1344659,13693.3735179277,13892.0049992135,3.13,1.79,0.45
29593,1344659,13658.7448449875,13901.4297807459,4.89,1.76,-0.03
29594,1344659,13656.1713408624,13903.348419982,3.2,-1.69,-3.45
29595,1344659,13643.7966969529,13909.4927519279,5.07,1.87,3.56
29596,1344659,13637.5643800234,13910.6005089818,6.33,1.26,-0.61
29597,1344659,13629.8355193763,13911.9742677295,7.85,1.52,0.26
29598,1344659,13620.6691891056,13913.6035281043,9.31,1.46,-0.0599999999999987
29599,1344659,13604.0150512932,13914.7800400503,10.69,1.38,-0.0800000000000018
29600,1344659,13591.4958615543,13914.9224769917,12.52,1.83,0.450000000000001
29601,1344659,13577.6656219677,13915.564299551,13.85,1.33,-0.5
29602,1344659,13564.4748364652,13916.4426945801,13.22,-0.629999999999999,-1.96
29603,1344659,13551.1942498511,13917.3270696056,13.31,0.0899999999999999,0.719999999999999
29604,1344659,13537.6043482971,13918.2320423965,13.62,0.309999999999999,0.219999999999999
29605,1344659,13524.3337395843,13919.115752978,13.29,-0.33,-0.639999999999999
29606,1344659,13510.6540369187,13920.0267057653,13.71,0.420000000000002,0.750000000000002
29607,1344659,13499.3919458611,13921.4935138937,11.37,-2.34,-2.76
29608,1344659,13490.9978295975,13922.8931253231,8.51,-2.86,-0.519999999999998
29609,1344659,13486.0067334408,13923.7253267136,5.06,-3.45,-0.590000000000001
29610,1344659,13479.0866789206,13924.7815538563,7.13,2.07,5.52
29611,1344659,13463.6276056977,13926.9099832938,8.83,1.7,-0.37
29612,1344659,13452.7090785775,13928.4020173166,11.02,2.19,0.489999999999999
29613,1344659,13439.9873101361,13930.1404671217,12.84,1.82,-0.369999999999999
29614,1344659,13428.489369508,13932.6080469937,11.78,-1.06,-2.88
29615,1344659,13417.1540125867,13935.5859797442,11.72,-0.0599999999999987,1
29616,1344659,13407.9851402647,13937.9947512864,9.49,-2.23,-2.17
