"V1","V2","V3","V4","V5","acceleration","jerk"
24706,1347330,14404.2493282797,13324.2557312697,13.62,0.140000000000001,0
24707,1347330,14390.6872127407,13321.9904449511,13.76,0.140000000000001,0
24708,1347330,14377.9832092394,13319.8684894759,12.88,-0.879999999999999,-1.02
24709,1347330,14364.4112303436,13317.6015556763,13.75,0.869999999999999,1.75
24710,1347330,14350.9280216585,13315.3494492054,13.67,-0.0800000000000001,-0.949999999999999
24711,1347330,14338.0957945194,13313.2060764778,13.02,-0.65,-0.57
24712,1347330,14324.7309461155,13310.9737397784,13.55,0.530000000000001,1.18
24713,1347330,14311.9776258304,13308.8435468984,12.93,-0.620000000000001,-1.15
24714,1347330,14298.8001812048,13306.6425123372,13.36,0.43,1.05
24715,1347330,14285.5734197954,13304.4332403712,13.41,0.0500000000000007,-0.379999999999999
24716,1347330,14272.8003727968,13302.2997525293,12.95,-0.460000000000001,-0.510000000000002
24717,1347330,14259.6919716685,13300.1102503348,13.29,0.34,0.800000000000001
24718,1347330,14246.8400178159,13297.9635826453,13.04,-0.25,-0.59
24719,1347330,14231.0978060804,13295.2683621368,13.29,0.25,0.5
24720,1347330,14218.3949122875,13292.9651927362,12.91,-0.379999999999999,-0.629999999999999
24721,1347330,14205.4263499181,13290.6138548044,13.18,0.27,0.649999999999999
24722,1347330,14191.8870920877,13288.1590437315,13.76,0.58,0.31
24723,1347330,14179.2235566025,13285.8630104096,12.87,-0.890000000000001,-1.47
24724,1347330,14165.9991652334,13283.4652879662,13.44,0.57,1.46
24725,1347330,14153.3356297482,13281.1692546443,12.86,-0.58,-1.15
24726,1347330,14140.1801154174,13278.7840203387,13.38,0.520000000000001,1.1
24727,1347330,14127.5173328982,13276.1171522475,12.94,-0.440000000000001,-0.960000000000003
24751,1347330,13828.7463360249,13288.6500281948,21.81,0.369583333333333,0.0337326388888889
24752,1347330,13821.7023200261,13309.1243432661,21.67,-0.139999999999997,-0.50958333333333
24753,1347330,13815.3119804035,13325.5661545868,17.64,-4.03,-3.89
24754,1347330,13809.9866973846,13339.2676640208,14.7,-2.94,1.09
24755,1347330,13804.2983509761,13354.4440033145,13.09,-1.61,1.33
24756,1347330,13799.9111762979,13367.1901046142,13.47,0.380000000000001,1.99
24757,1347330,13795.4231096204,13380.2293284215,13.79,0.319999999999999,-0.0600000000000023
24758,1347330,13791.114044877,13392.7484961669,13.25,-0.539999999999999,-0.859999999999998
24759,1347330,13786.8472896818,13405.1447415704,13.11,-0.140000000000001,0.399999999999999
24760,1347330,13783.3193242877,13415.3945737729,10.84,-2.27,-2.13
24761,1347330,13780.3985959884,13423.3660232951,8.49,-2.35,-0.0800000000000001
24762,1347330,13778.0347502813,13429.7419336986,6.8,-1.69,0.659999999999999
24763,1347330,13776.6963964619,13433.3518241476,3.85,-2.95,-1.26
24764,1347330,13775.8551454897,13435.6208981441,2.41,-1.44,1.51
24765,1347330,13775.4936161463,13436.5960373823,1.04,-1.37,0.0699999999999998
24766,1347330,13775.2016116766,13437.3836498439,0.84,-0.2,1.17
24767,1347330,13775.1181818281,13437.6086819758,0.24,-0.6,-0.4
24768,1347330,13775.1147055844,13437.6180583146,0.02,-0.22,0.38
24769,1347330,13775.1147055844,13437.6180583146,0,-0.02,0.2
24770,1347330,13775.1147055844,13437.6180583146,0,0,0.02
24771,1347330,13775.1147055844,13437.6180583146,0,0,0
24772,1347330,13775.1147055844,13437.6180583146,0,0,0
24773,1347330,13775.1147055844,13437.6180583146,0,0,0
24774,1347330,13775.1147055844,13437.6180583146,0,0,0
24775,1347330,13775.1147055844,13437.6180583146,0,0,0
24776,1347330,13775.1147055844,13437.6180583146,0,0,0
24777,1347330,13775.1147055844,13437.6180583146,0,0,0
24778,1347330,13775.1147055844,13437.6180583146,0,0,0
24779,1347330,13775.1147055844,13437.6180583146,0,0,0
24780,1347330,13775.1147055844,13437.6180583146,0,0,0
24781,1347330,13775.1147055844,13437.6180583146,0,0,0
24782,1347330,13775.1147055844,13437.6180583146,0,0,0
24783,1347330,13775.1147055844,13437.6180583146,0,0,0
24784,1347330,13775.1147055844,13437.6180583146,0,0,0
24785,1347330,13775.1147055844,13437.6180583146,0,0,0
24786,1347330,13775.1147055844,13437.6180583146,0,0,0
24787,1347330,13775.1147055844,13437.6180583146,0,0,0
24788,1347330,13775.1147055844,13437.6180583146,0,0,0
24789,1347330,13775.1147055844,13437.6180583146,0,0,0
24790,1347330,13775.1147055844,13437.6180583146,0,0,0
24791,1347330,13775.1147055844,13437.6180583146,0,0,0
24792,1347330,13775.1147055844,13437.6180583146,0,0,0
24793,1347330,13775.1147055844,13437.6180583146,0,0,0
24794,1347330,13775.1147055844,13437.6180583146,0,0,0
24795,1347330,13775.1147055844,13437.6180583146,0,0,0
24796,1347330,13775.1147055844,13437.6180583146,0,0,0
24797,1347330,13775.1147055844,13437.6180583146,0,0,0
24798,1347330,13775.1147055844,13437.6180583146,0,0,0
24799,1347330,13775.1147055844,13437.6180583146,0,0,0
24800,1347330,13775.1147055844,13437.6180583146,0,0,0
24801,1347330,13775.1147055844,13437.6180583146,0,0,0
24802,1347330,13775.1147055844,13437.6180583146,0,0,0
24803,1347330,13775.1147055844,13437.6180583146,0,0,0
24804,1347330,13775.1147055844,13437.6180583146,0,0,0
24805,1347330,13775.1147055844,13437.6180583146,0,0,0
24806,1347330,13775.1147055844,13437.6180583146,0,0,0
24807,1347330,13775.1147055844,13437.6180583146,0,0,0
24808,1347330,13775.1147055844,13437.6180583146,0,0,0
24809,1347330,13775.1147055844,13437.6180583146,0,0,0
24810,1347330,13775.1147055844,13437.6180583146,0,0,0
24811,1347330,13775.041704467,13437.81496143,0.21,0.21,0.21
24812,1347330,13774.920035938,13438.143133289,0.35,0.14,-0.07
24813,1347330,13774.920035938,13438.143133289,0,-0.35,-0.49
24814,1347330,13774.920035938,13438.143133289,0,0,0.35
24815,1347330,13774.920035938,13438.143133289,0,0,0
24816,1347330,13774.920035938,13438.143133289,0,0,0
24817,1347330,13774.1830722764,13440.1309171207,2.12,2.12,2.12
24818,1347330,13772.966386986,13443.4126357107,3.5,1.38,-0.74
24819,1347330,13771.1830739746,13448.2226975299,5.13,1.63,0.25
24820,1347330,13768.6419398396,13455.0768012136,7.31,2.18,0.55
24821,1347330,13765.7775150417,13462.8029044084,8.24,0.930000000000001,-1.25
24822,1347330,13756.0463759304,13495.2223073406,10.25,2.01,1.08
24823,1347330,13759.9105727336,13506.4061264633,11.93,1.68,-0.33
24824,1347330,13769.5759614497,13520.3565900064,13.63,1.7,0.0200000000000014
24825,1347330,13780.923497114,13530.9591526376,15.53,1.9,0.199999999999998
24826,1347330,13793.0820929577,13542.3195288245,16.64,1.11,-0.789999999999997
24827,1347330,13807.6423601496,13553.4827948121,18.35,1.71,0.6
24828,1347330,13823.1545141698,13565.2990157671,19.5,1.15,-0.560000000000002
24829,1347330,13839.7879773285,13577.7487000062,20.78,1.28,0.130000000000003
24830,1347330,13858.5844870934,13589.4825789075,22.23,1.45,0.169999999999998
24831,1347330,13882.3057612999,13599.7181655003,22.02,-0.210000000000001,-1.66
