"V1","V2","V3","V4","V5","acceleration","jerk"
44964,1347668,14344.4583151341,13287.8182099496,27.41,-0.0300000000000011,0
44965,1347668,14344.4997193488,13315.5091856019,27.38,-0.0300000000000011,0
44966,1347668,14343.9144470215,13342.9387053517,27.46,0.0800000000000018,0.110000000000003
44967,1347668,14343.1594135695,13370.5750413713,27.65,0.189999999999998,0.109999999999996
44968,1347668,14342.3242578505,13397.9923245139,27.43,-0.219999999999999,-0.409999999999997
44969,1347668,14338.4623536324,13439.0581225774,27.15,-0.280000000000001,-0.0600000000000023
44970,1347668,14340.805271657,13465.9775797481,27.04,-0.109999999999999,0.170000000000002
44971,1347668,14344.5645462109,13493.2840862973,27.59,0.550000000000001,0.66
44972,1347668,14350.76637204,13519.8666702472,27.31,-0.280000000000001,-0.830000000000002
44973,1347668,14358.4623961624,13546.0073227392,27.25,-0.0599999999999987,0.220000000000002
44974,1347668,14365.6660998734,13572.4731675628,27.44,0.190000000000001,0.25
44975,1347668,14371.7175254262,13598.9810530184,27.19,-0.25,-0.440000000000001
44976,1347668,14377.4950640207,13625.3351883256,26.98,-0.210000000000001,0.0399999999999991
44977,1347668,14380.0380040103,13647.9271538141,22.74,-4.24,-4.03
44978,1347668,14382.0257861231,13666.3401688381,18.52,-4.22,0.0200000000000031
44979,1347668,14383.6711802802,13681.5816116198,15.33,-3.19,1.03
44980,1347668,14384.850755087,13692.5081253948,10.99,-4.34,-1.15
44981,1347668,14385.620323,13699.6367062653,7.18,-3.81,0.529999999999999
44982,1347668,14386.0668226538,13703.7726750827,4.16,-3.02,0.790000000000001
44983,1347668,14381.7018113361,13707.4849123547,2.46,-1.7,1.32
44984,1347668,14380.692991626,13707.5337262116,1.01,-1.45,0.25
44985,1347668,14380.3633772653,13707.5496752936,0.32,-0.69,0.76
44986,1347668,14380.2135525559,13707.5569248763,0.15,-0.17,0.52
44987,1347668,14380.1636109861,13707.5593414039,0.05,-0.1,0.07
44988,1347668,14380.1636109861,13707.5593414039,0,-0.05,0.05
44989,1347668,14380.1636109861,13707.5593414039,0,0,0.05
44990,1347668,14380.1636109861,13707.5593414039,0,0,0
44991,1347668,14380.1636109861,13707.5593414039,0,0,0
44992,1347668,14380.1636109861,13707.5593414039,0,0,0
44993,1347668,14380.1636109861,13707.5593414039,0,0,0
44994,1347668,14380.1636109861,13707.5593414039,0,0,0
44995,1347668,14368.912808064,13706.538309301,1.4,1.4,1.4
44996,1347668,14366.0685656052,13706.7193751339,2.85,1.45,0.0500000000000003
44997,1347668,14361.4578988826,13707.0128923788,4.62,1.77,0.32
44998,1347668,14348.7506370757,13707.8763452111,6.46,1.84,0.0699999999999998
44999,1347668,14340.8646335934,13708.4920148285,7.91,1.45,-0.39
45000,1347668,14324.4300014392,13708.734790056,10.04,2.13,0.679999999999999
45001,1347668,14312.7957519272,13708.4240312122,11.66,1.62,-0.509999999999998
45002,1347668,14299.5958833403,13707.0615447766,13.27,1.61,-0.0100000000000016
45003,1347668,14274.0647213464,13704.9000249439,13.31,0.0400000000000009,-1.57
45004,1347668,14260.8980355716,13703.7139449696,13.22,-0.0899999999999999,-0.130000000000001
45005,1347668,14248.0102205998,13702.5529862051,12.94,-0.280000000000001,-0.190000000000001
45006,1347668,14234.7738171241,13701.3606259284,13.29,0.35,0.630000000000001
45007,1347668,14221.1987848161,13700.1377613256,13.64,0.350000000000001,1.77635683940025e-15
45008,1347668,14207.3226604502,13702.3481123179,13.62,-0.0200000000000014,-0.370000000000003
45009,1347668,14193.6232629713,13701.4319198093,13.73,0.110000000000001,0.130000000000003
45010,1347668,14180.1533528499,13700.5310750266,13.5,-0.23,-0.340000000000002
45011,1347668,14167.1923059998,13699.6642621579,12.98,-0.52,-0.289999999999999
45012,1347668,14154.1962619427,13700.1957168402,13.02,0.0399999999999991,0.559999999999999
45013,1347668,14145.3553350058,13700.5963549526,8.85,-4.17,-4.21
45014,1347668,14139.4613837146,13700.8634470275,5.9,-2.95,1.22
45015,1347668,14135.8251154603,13701.0282292568,3.64,-2.26,0.689999999999999
45016,1347668,14134.256725032,13701.0993029107,1.57,-2.07,0.19
45017,1347668,14132.9853693036,13707.5083670177,3.53,1.96,4.03
45018,1347668,14132.1991484513,13714.3937302075,5.49,1.96,6.66133814775094e-16
45019,1347668,14134.5792178955,13721.1677740102,7.18,1.69,-0.270000000000001
45020,1347668,14137.1795322551,13729.9693288119,9.2,2.02,0.33
45021,1347668,14139.8261697023,13741.0681310096,11.41,2.21,0.190000000000001
45022,1347668,14142.9181659486,13754.0345668812,13.33,1.92,-0.290000000000001
45023,1347668,14148.8494838549,13776.9104231438,14.94,1.61,-0.31
45024,1347668,14153.2705235018,13792.9316218643,16.62,1.68,0.0700000000000021
45025,1347668,14167.8712172014,13819.2660073774,17.9,1.28,-0.400000000000004
45026,1347668,14184.4013809696,13829.3822362102,19.37,1.47,0.190000000000005
45027,1347668,14193.038293912,13852.5505720367,17.11,-2.26,-3.73
45028,1347668,14209.7196603353,13884.1764524977,16.62,-0.489999999999998,1.77
45029,1347668,14214.7006714686,13897.0354426638,13.79,-2.83,-2.34
45030,1347668,14233.9326415786,13919.4056482732,13.86,0.0700000000000003,2.9
45031,1347668,14245.3831336122,13927.0301780165,13.76,-0.0999999999999996,-0.17
45032,1347668,14256.4876660759,13934.8806115062,13.6,-0.16,-0.0600000000000005
45033,1347668,14267.4648001345,13942.2431885973,13.23,-0.369999999999999,-0.209999999999999
45034,1347668,14279.0901347596,13949.2040861582,13.55,0.32,0.69
45035,1347668,14290.951623702,13955.0935665348,13.25,-0.300000000000001,-0.620000000000001
45036,1347668,14303.7867631185,13960.177663536,13.83,0.58,0.880000000000001
45037,1347668,14316.2506808233,13964.4009744938,13.16,-0.67,-1.25
45038,1347668,14328.9473259608,13967.5257581282,13.09,-0.0700000000000003,0.6
45039,1347668,14342.3862652131,13970.428746606,13.75,0.66,0.73
45040,1347668,14355.8278031754,13972.4987845788,13.6,-0.15,-0.81
45041,1347668,14369.4474420372,13973.8416201527,13.7,0.0999999999999996,0.25
45042,1347668,14382.8134075428,13974.6435341769,13.39,-0.309999999999999,-0.409999999999998
45043,1347668,14395.6702884773,13975.4149047992,12.88,-0.51,-0.200000000000001
