"V1","V2","V3","V4","V5","acceleration","jerk"
30001,1348867,14349.6173955315,14261.4068841655,18.89,0.349999999999998,0
30002,1348867,14350.9745842752,14242.2148118774,19.24,0.349999999999998,0
30003,1348867,14352.4618592298,14223.6165369028,18.66,-0.579999999999998,-0.929999999999996
30004,1348867,14354.4980188656,14204.6957823212,19.04,0.379999999999999,0.959999999999997
30005,1348867,14356.5470181838,14185.655716623,19.14,0.100000000000001,-0.279999999999998
30006,1348867,14358.5692681636,14166.8642157511,18.9,-0.240000000000002,-0.340000000000003
30007,1348867,14360.4923964834,14148.0724429012,18.9,0,0.240000000000002
30008,1348867,14362.4308591503,14128.8298349052,19.33,0.43,0.43
30009,1348867,14364.2921441412,14110.3533493578,18.57,-0.759999999999998,-1.19
30010,1348867,14366.1925191238,14091.488827765,18.96,0.390000000000001,1.15
30011,1348867,14368.1410048655,14072.1467233471,19.44,0.48,0.0899999999999999
30012,1348867,14369.8339380151,14053.4660938817,18.76,-0.68,-1.16
30013,1348867,14371.0041102658,14034.1214538771,19.37,0.609999999999999,1.29
30014,1348867,14372.1235629761,14015.6152812413,18.55,-0.82,-1.43
30015,1348867,14372.5714416619,13993.0025250594,19.38,0.829999999999998,1.65
30016,1348867,14372.0948181403,13972.3780316106,20.63,1.25,0.420000000000002
30017,1348867,14371.5856187987,13950.3439145184,22.04,1.41,0.16
30018,1348867,14371.0443057055,13926.9201684445,23.43,1.39,-0.0199999999999996
30019,1348867,14370.4706478266,13902.096796058,24.82,1.39,0
30020,1348867,14373.6723057737,13864.2203137606,26.46,1.64,0.25
30021,1348867,14372.8271286436,13819.8760015536,27.75,1.29,-0.350000000000001
30022,1348867,14371.7310710812,13781.6347711944,25.49,-2.26,-3.55
30023,1348867,14371.5905098841,13759.0253709203,22.62,-2.87,-0.609999999999996
30024,1348867,14372.4187365605,13740.4438198394,18.6,-4.02,-1.15
30025,1348867,14373.1018009269,13725.1190352382,15.34,-3.26,0.759999999999998
30026,1348867,14369.3024954624,13709.8176710478,13.41,-1.93,1.33
30027,1348867,14356.2694299574,13710.656004837,13.06,-0.35,1.58
30028,1348867,14329.6500006425,13712.0376740335,13.78,0.719999999999999,1.07
30029,1348867,14315.9100027395,13712.0300828744,13.74,-0.0399999999999991,-0.759999999999998
30030,1348867,14302.4696582738,13710.6675232154,13.51,-0.23,-0.190000000000001
30031,1348867,14276.6331506496,13708.4479276064,13.32,-0.19,0.0400000000000009
30032,1348867,14263.745510467,13707.2850301377,12.94,-0.380000000000001,-0.190000000000001
30033,1348867,14250.3009450538,13702.7593389994,13.81,0.870000000000001,1.25
30034,1348867,14237.1641382935,13701.5759505833,13.19,-0.620000000000001,-1.49
30035,1348867,14224.0771298909,13700.3970480975,13.14,-0.0499999999999989,0.570000000000002
30036,1348867,14210.4554592046,13699.2571942886,13.67,0.529999999999999,0.579999999999998
30037,1348867,14197.1951678163,13698.3690657506,13.29,-0.380000000000001,-0.91
30038,1348867,14183.7752340939,13697.4702449203,13.45,0.16,0.540000000000001
30039,1348867,14170.7344509153,13696.5968182844,13.07,-0.379999999999999,-0.539999999999999
30040,1348867,14158.2017708482,13696.7297853064,12.55,-0.52,-0.140000000000001
30041,1348867,14147.5124981262,13697.2087933171,10.69,-1.86,-1.34
30042,1348867,14140.7992352578,13697.5096282546,6.73,-3.96,-2.1
30043,1348867,14136.3437066278,13697.7092895376,4.46,-2.27,1.69
30044,1348867,14122.6006395806,13701.7263254098,5.84,1.38,3.65
30045,1348867,14116.0803822797,13698.226861918,7.4,1.56,0.180000000000001
30046,1348867,14107.7958404843,13694.6151326476,9.04,1.64,0.0799999999999983
30047,1348867,14089.0455021223,13690.5627642118,11.21,2.17,0.530000000000003
30048,1348867,14076.4629956516,13688.6975749681,12.71,1.5,-0.670000000000002
30049,1348867,14062.683568361,13686.6549581312,13.93,1.22,-0.280000000000001
30050,1348867,14046.8861919194,13684.3132071704,15.97,2.04,0.820000000000002
30051,1348867,14029.2687044789,13681.7016489604,17.81,1.84,-0.200000000000003
30052,1348867,14010.2458348551,13677.693760074,19.45,1.64,-0.199999999999998
30053,1348867,13990.9538789919,13669.9479087437,20.83,1.38,-0.260000000000002
30054,1348867,13971.5275530047,13658.65393644,22.51,1.68,0.300000000000004
30055,1348867,13952.6216910323,13646.0717075804,22.71,0.199999999999999,-1.48
30056,1348867,13936.9077482308,13636.0184049744,18.67,-4.04,-4.24
30057,1348867,13924.4620293405,13629.5853511658,14.02,-4.65,-0.610000000000003
30058,1348867,13915.0318346111,13624.5571271788,10.68,-3.34,1.31
30059,1348867,13908.17964884,13620.5721532893,7.93,-2.75,0.59
30060,1348867,13903.8354635507,13618.6759322652,4.75,-3.18,-0.43
30061,1348867,13896.970333783,13599.1925800732,7.17,2.42,5.6
30062,1348867,13899.0892603074,13583.5020750653,8.65,1.48,-0.94
30063,1348867,13898.3480995634,13572.6673955245,10.86,2.21,0.729999999999999
30064,1348867,13897.486824371,13560.0768194835,12.61,1.75,-0.459999999999999
30065,1348867,13896.5067996672,13545.7503003117,14.36,1.75,0
30066,1348867,13895.527227737,13530.217509231,15.57,1.21,-0.539999999999999
30067,1348867,13897.0378070236,13513.5056406874,16.78,1.21,0
30068,1348867,13898.6384089136,13495.7978324213,17.78,1,-0.210000000000001
30069,1348867,13900.8819097007,13481.9909797232,14,-3.78,-4.78
30070,1348867,13902.7360559056,13472.103323689,10.06,-3.94,-0.159999999999998
30071,1348867,13904.1957813472,13464.319006016,7.92,-2.14,1.8
30072,1348867,13901.2591115674,13452.5945244413,7.78,-0.14,2
30073,1348867,13900.258364308,13444.4864293258,8.19,0.409999999999999,0.549999999999999
30074,1348867,13900.8590602834,13436.5489941111,7.98,-0.209999999999999,-0.619999999999998
30075,1348867,13902.7556858831,13429.5514723116,7.25,-0.73,-0.520000000000001
30076,1348867,13905.6886193773,13421.9811734632,8.23,0.98,1.71
30077,1348867,13910.0422145992,13416.2590839284,7.19,-1.04,-2.02
30078,1348867,13914.4503054497,13410.4653687945,7.29,0.0999999999999996,1.14
30079,1348867,13917.2397971256,13402.739507567,8.31,1.02,0.920000000000001
30080,1348867,13919.1832140641,13395.5163828551,7.48,-0.83,-1.85
30081,1348867,13921.248744099,13387.8393987028,7.95,0.47,1.3
30082,1348867,13923.2948873024,13380.1366097527,7.97,0.0199999999999996,-0.45
30083,1348867,13925.3289767733,13372.2858403621,8.12,0.149999999999999,0.13
30084,1348867,13927.9328243935,13364.727004855,8,-0.119999999999999,-0.269999999999999
30085,1348867,13930.6360734063,13357.9675045203,7.28,-0.72,-0.600000000000001
30086,1348867,13933.5918237005,13350.5766222862,7.96,0.68,1.4
30087,1348867,13936.0736271956,13343.1310764566,7.9,-0.0599999999999996,-0.739999999999999
30088,1348867,13936.8112727867,13335.6975860933,7.47,-0.430000000000001,-0.370000000000001
30089,1348867,13937.5992797233,13327.7565883557,7.98,0.510000000000001,0.940000000000001
30090,1348867,13938.3438376559,13320.2534401175,7.53,-0.45,-0.960000000000001
30091,1348867,13939.127894683,13312.3522468798,7.94,0.41,0.86
30092,1348867,13940.836600679,13297.9314139121,7.79,-0.15,-0.56
30093,1348867,13942.2561568342,13288.2448789112,9.8,2.01,2.16
30094,1348867,13943.9381641274,13276.7674727816,11.6,1.8,-0.210000000000002
