"V1","V2","V3","V4","V5","acceleration","jerk"
61857,1349490,13408.6515509098,13365.2753529538,13.18,0.130000000000001,0
61858,1349490,13421.7297268337,13367.7486937112,13.31,0.130000000000001,0
61859,1349490,13434.9651159919,13370.2517665888,13.47,0.16,0.0299999999999994
61860,1349490,13457.1599466819,13373.308807952,13.23,-0.24,-0.4
61861,1349490,13471.5624273737,13370.9095697996,13.8,0.57,0.81
61862,1349490,13484.9756381909,13371.7577299114,13.44,-0.360000000000001,-0.930000000000001
61863,1349490,13498.3489287377,13372.6033657371,13.4,-0.0399999999999991,0.320000000000002
61864,1349490,13511.4427773925,13373.4313315604,13.11,-0.290000000000001,-0.250000000000002
61865,1349490,13525.1109130369,13373.9237736262,13.7,0.59,0.880000000000001
61866,1349490,13538.2303684302,13372.7710420083,13.17,-0.529999999999999,-1.12
61867,1349490,13551.4303651276,13370.4304600336,13.47,0.300000000000001,0.83
61868,1349490,13573.3478118159,13358.1309061832,13.61,0.139999999999999,-0.160000000000002
61869,1349490,13583.7382566715,13350.7244052751,12.76,-0.85,-0.989999999999998
61870,1349490,13594.9348567314,13342.7432620551,13.75,0.99,1.84
61871,1349490,13605.7324506801,13335.0465377571,13.25,-0.5,-1.49
61872,1349490,13616.9697656494,13327.0363721982,13.8,0.550000000000001,1.05
61873,1349490,13627.8813613442,13319.2583853511,13.4,-0.4,-0.950000000000001
61874,1349490,13638.7929570389,13311.4803985039,13.4,0,0.4
61875,1349490,13649.8844594822,13303.7498913245,13.52,0.119999999999999,0.119999999999999
61876,1349490,13660.4988578275,13296.4188240238,12.9,-0.619999999999999,-0.739999999999998
61877,1349490,13671.7632852188,13288.6387998885,13.7,0.799999999999999,1.42
61878,1349490,13682.7314968424,13281.0633636779,13.33,-0.369999999999999,-1.17
61920,1349490,14210.1011179946,13275.7185850309,13.69,0.00857142857142856,0.00901360544217685
61921,1349490,14222.16,13277.67,13.37,-0.32,-0.328571428571429
61922,1349490,14238.0566100697,13280.2832717231,13.73,0.360000000000001,0.680000000000001
61923,1349490,14251.0117829234,13282.2258206493,13.1,-0.630000000000001,-0.990000000000002
61924,1349490,14264.5504330277,13284.2558584203,13.69,0.59,1.22
61925,1349490,14278.2275353611,13286.3066562562,13.83,0.140000000000001,-0.449999999999999
61926,1349490,14291.7464065756,13288.3337283036,13.67,-0.16,-0.300000000000001
61927,1349490,14304.6521322046,13290.2688629209,13.05,-0.619999999999999,-0.459999999999999
61928,1349490,14317.8764276939,13292.3612887313,13.39,0.34,0.959999999999999
61929,1349490,14331.4463555237,13294.8150936734,13.79,0.399999999999999,0.0599999999999987
61930,1349490,14344.3766565885,13297.1532370337,13.14,-0.649999999999999,-1.05
61931,1349490,14357.8088186536,13299.5821302505,13.65,0.51,1.16
61932,1349490,14371.3197040128,13302.0252587388,13.73,0.0800000000000001,-0.43
61933,1349490,14384.446813313,13304.3989902781,13.34,-0.390000000000001,-0.470000000000001
61934,1349490,14397.5050397308,13306.7602659548,13.27,-0.0700000000000003,0.32
