"V1","V2","V3","V4","V5","acceleration","jerk"
46411,1350292,13415.4446940391,13752.9672521205,13.18,0.67,0
46412,1350292,13438.7360624695,13756.1906226759,13.85,0.67,0
46413,1350292,13451.97341336,13756.6717308221,13.26,-0.59,-1.26
46414,1350292,13465.8090937082,13757.0174898466,13.84,0.58,1.17
46415,1350292,13478.7850290622,13757.3423000331,12.98,-0.859999999999999,-1.44
46416,1350292,13492.5607123122,13757.687192765,13.78,0.799999999999999,1.66
46417,1350292,13505.596627376,13758.0135644069,13.04,-0.74,-1.54
46418,1350292,13518.8924609917,13758.3464434588,13.3,0.260000000000002,1
46419,1350292,13532.0961807072,13758.7382870226,13.21,-0.0899999999999999,-0.350000000000001
46420,1350292,13545.1538160997,13758.8738097096,13.08,-0.130000000000001,-0.0400000000000009
46421,1350292,13558.4025183054,13758.3265530383,13.26,0.18,0.31
46422,1350292,13571.8550735508,13757.8834634017,13.45,0.19,0.00999999999999979
46423,1350292,13582.4788542153,13757.5198959811,10.63,-2.82,-3.01
46424,1350292,13591.4435412939,13757.2112123514,8.97,-1.66,1.16
46425,1350292,13598.3694366623,13756.9727310188,6.93,-2.04,-0.380000000000001
46426,1350292,13602.4470200827,13756.8323264247,4.08,-2.85,-0.809999999999999
46427,1350292,13610.8102982445,13751.601979577,6.18,2.1,4.95
46428,1350292,13612.3466178702,13743.618457672,8.14,1.96,-0.139999999999999
46429,1350292,13614.2268614465,13733.8477266813,9.95,1.81,-0.150000000000002
46430,1350292,13616.4132351327,13722.4861832076,11.57,1.62,-0.189999999999998
46431,1350292,13618.9510915377,13709.2981513276,13.43,1.86,0.239999999999998
46432,1350292,13621.5229623993,13695.9333625051,13.61,0.18,-1.68
46433,1350292,13623.3313976783,13686.5357850597,9.57,-4.04,-4.22
46434,1350292,13624.6409542595,13679.7306427716,6.93,-2.64,1.4
46435,1350292,13625.2683320156,13676.4704591647,3.32,-3.61,-0.969999999999999
46436,1350292,13636.2336137095,13669.0050431601,5.74,2.42,6.03
46437,1350292,13643.590185796,13670.5153236429,7.5,1.76,-0.660000000000001
46438,1350292,13653.0234466738,13672.4519416256,9.63,2.13,0.370000000000001
46439,1350292,13661.1342878024,13674.1170711059,8.28,-1.35,-3.48
46440,1350292,13666.5415152215,13675.2271574262,5.52,-2.76,-1.41
46441,1350292,13669.4998171791,13675.8344872608,3.02,-2.5,0.26
46442,1350292,13670.5675486803,13676.0536890886,1.1,-1.92,0.58
46443,1350292,13671.7332372,13676.2930011757,1.19,0.0899999999999999,2.01
46444,1350292,13671.9487426406,13676.3372437465,0.22,-0.97,-1.06
46445,1350292,13672.0075168517,13676.3493099021,0.06,-0.16,0.81
46446,1350292,13672.0564953609,13676.3593650318,0.05,-0.01,0.15
46447,1350292,13672.0662910627,13676.3613760578,0.01,-0.04,-0.03
46448,1350292,13672.0662910627,13676.3613760578,0,-0.01,0.03
46449,1350292,13672.0662910627,13676.3613760578,0,0,0.01
46450,1350292,13672.0662910627,13676.3613760578,0,0,0
46451,1350292,13672.0662910627,13676.3613760578,0,0,0
46452,1350292,13672.0662910627,13676.3613760578,0,0,0
46453,1350292,13672.0662910627,13676.3613760578,0,0,0
46454,1350292,13672.0662910627,13676.3613760578,0,0,0
46455,1350292,13672.0662910627,13676.3613760578,0,0,0
46456,1350292,13672.0662910627,13676.3613760578,0,0,0
46457,1350292,13672.0662910627,13676.3613760578,0,0,0
46458,1350292,13672.0662910627,13676.3613760578,0,0,0
46459,1350292,13672.0662910627,13676.3613760578,0,0,0
46460,1350292,13672.0662910627,13676.3613760578,0,0,0
46461,1350292,13672.0662910627,13676.3613760578,0,0,0
46462,1350292,13672.0662910627,13676.3613760578,0,0,0
46463,1350292,13672.0662910627,13676.3613760578,0,0,0
46464,1350292,13672.0662910627,13676.3613760578,0,0,0
46465,1350292,13672.0662910627,13676.3613760578,0,0,0
46466,1350292,13672.0662910627,13676.3613760578,0,0,0
46467,1350292,13672.0662910627,13676.3613760578,0,0,0
46468,1350292,13672.0662910627,13676.3613760578,0,0,0
46469,1350292,13672.0662910627,13676.3613760578,0,0,0
46470,1350292,13672.0662910627,13676.3613760578,0,0,0
46471,1350292,13672.0662910627,13676.3613760578,0,0,0
46472,1350292,13672.0662910627,13676.3613760578,0,0,0
46473,1350292,13672.0662910627,13676.3613760578,0,0,0
46474,1350292,13672.0662910627,13676.3613760578,0,0,0
46475,1350292,13672.0662910627,13676.3613760578,0,0,0
46476,1350292,13672.0662910627,13676.3613760578,0,0,0
46477,1350292,13672.7617858938,13676.5041588997,0.72,0.72,0.72
46478,1350292,13674.8580660889,13676.9345184514,2.14,1.42,0.7
46479,1350292,13677.973099276,13677.5740247011,3.18,1.04,-0.38
46480,1350292,13683.066864236,13678.6197581912,5.2,2.02,0.98
46481,1350292,13700.2839922561,13681.4163975485,6.35,1.15,-0.870000000000001
46482,1350292,13708.9099271911,13682.3836857668,8.68,2.33,1.18
46483,1350292,13719.1060207894,13683.5270471861,10.26,1.58,-0.75
46484,1350292,13730.9219616162,13684.8520537432,11.9,1.64,0.0600000000000005
46485,1350292,13743.2149126699,13686.2305508931,12.37,0.469999999999999,-1.17
46486,1350292,13755.7364311239,13687.6346789519,12.6,0.23,-0.239999999999998
46487,1350292,13778.2399667177,13689.2069716288,12.83,0.23,0
46488,1350292,13791.2697966519,13689.1403992067,13.03,0.199999999999999,-0.0300000000000011
46489,1350292,13804.5596231925,13689.0724984016,13.29,0.26,0.0600000000000005
46490,1350292,13817.8494497332,13689.0045975965,13.29,0,-0.26
46491,1350292,13830.7092818861,13688.9388937324,12.85,-0.44,-0.44
46492,1350292,13844.1091069911,13688.8704309192,13.41,0.56,1
46493,1350292,13857.23893562,13688.8033475805,13.12,-0.290000000000001,-0.850000000000001
46494,1350292,13870.5587617691,13688.7352935005,13.33,0.210000000000001,0.500000000000002
46495,1350292,13883.6485909202,13688.6684145284,13.08,-0.25,-0.460000000000001
46496,1350292,13892.1234779927,13679.701606969,11.36,-1.72,-1.47
46497,1350292,13891.912339647,13670.7340922298,8.97,-2.39,-0.669999999999998
46498,1350292,13891.7718161326,13664.7657462996,5.97,-3,-0.610000000000002
46499,1350292,13891.6039882168,13657.6377217633,7.13,1.16,4.16
46500,1350292,13891.6494314078,13637.5701698503,5.26,-1.87,-3.03
46501,1350292,13891.7232984706,13631.1705961413,6.4,1.14,3.01
46502,1350292,13892.5958917315,13626.0830604287,5.17,-1.23,-2.37
46503,1350292,13893.1298378225,13623.3038876072,2.83,-2.34,-1.11
46504,1350292,13893.3109644117,13622.3611293355,0.96,-1.87,0.47
46505,1350292,13893.3279450294,13622.2727457476,0.09,-0.87,1
46506,1350292,13904.4091204724,13615.3296022515,1.51,1.42,2.29
46507,1350292,13907.2323556827,13616.5607573787,3.08,1.57,0.15
46508,1350292,13912.1257290101,13619.005203506,5.48,2.4,0.83
46509,1350292,13918.2813536869,13622.6426180877,7.15,1.67,-0.73
46510,1350292,13926.3152396554,13626.8291496535,9.07,1.92,0.25
46511,1350292,13935.9256347724,13631.8003372073,10.82,1.75,-0.17
46512,1350292,13946.3408593433,13637.9245731972,12.1,1.28,-0.470000000000001
46513,1350292,13957.8694658451,13645.6001013305,13.85,1.75,0.470000000000001
46514,1350292,13971.7849381748,13650.9063801982,15.1,1.25,-0.5
46515,1350292,13986.1265817375,13659.9860069515,16.99,1.89,0.639999999999999
46516,1350292,14002.3198123519,13667.9891720387,18.09,1.1,-0.789999999999997
46517,1350292,14021.4812080606,13673.4991746894,19.97,1.88,0.779999999999998
46518,1350292,14042.8053848622,13677.0550975186,21.63,1.66,-0.219999999999999
46519,1350292,14063.4404684268,13680.1100813617,20.86,-0.77,-2.43
46520,1350292,14080.2967399484,13682.6056194578,17.04,-3.82,-3.05
46521,1350292,14093.5006410689,13684.5736362436,13.34,-3.7,0.120000000000001
46522,1350292,14104.1797553768,13677.2504116736,13.63,0.290000000000001,3.99
46523,1350292,14104.3398032463,13663.6913562242,13.56,-0.0700000000000003,-0.360000000000001
46524,1350292,14104.2777065991,13650.6140214301,13.08,-0.48,-0.41
46525,1350292,14103.898241118,13637.0693359059,13.55,0.470000000000001,0.950000000000001
46526,1350292,14103.3969425412,13623.350884511,13.73,0.18,-0.290000000000001
46527,1350292,14102.3796158631,13610.2402954155,13.15,-0.58,-0.76
46528,1350292,14101.379309099,13597.3490469741,12.93,-0.220000000000001,0.359999999999999
46529,1350292,14100.3735869077,13584.3880083246,13,0.0700000000000003,0.290000000000001
46530,1350292,14099.6293524861,13574.796839724,9.62,-3.38,-3.45
46531,1350292,14099.1071505791,13568.067069656,6.75,-2.87,0.510000000000002
46532,1350292,14098.887438962,13565.2355812125,2.84,-3.91,-1.04
46533,1350292,14107.4097156796,13560.7465184343,4.52,1.68,5.59
46534,1350292,14113.7389442615,13563.1774165314,6.79,2.27,0.590000000000001
46535,1350292,14121.9818776506,13566.3433206902,8.82,2.03,-0.24
46536,1350292,14131.4511644071,13569.969599695,10.14,1.32,-0.71
46537,1350292,14142.1313984726,13573.7811873309,11.34,1.2,-0.120000000000001
46538,1350292,14154.0515278632,13577.9829254885,12.64,1.3,0.100000000000001
46539,1350292,14166.5073959971,13581.8081377744,13.03,0.389999999999999,-0.910000000000002
46540,1350292,14179.6515392695,13585.8447201943,13.75,0.720000000000001,0.330000000000002
46541,1350292,14191.01538739,13589.3029713867,11.88,-1.87,-2.59
46542,1350292,14199.3525532108,13590.9066440707,8.49,-3.39,-1.52
46543,1350292,14204.6848041421,13591.9323145858,5.43,-3.06,0.33
46544,1350292,14221.2023503711,13594.0229245558,6.92,1.49,4.55
46545,1350292,14230.3725475288,13594.6259038988,9.18,2.26,0.77
46546,1350292,14240.9696632867,13595.3227091896,10.63,1.45,-0.809999999999999
46547,1350292,14253.1558805334,13596.2089426102,12.22,1.59,0.139999999999999
46548,1350292,14266.186150411,13597.6526070161,13.11,0.889999999999999,-0.700000000000001
46549,1350292,14278.9747861471,13598.2462883886,12.88,-0.229999999999999,-1.12
46550,1350292,14292.3489052685,13596.3349962268,13.51,0.629999999999999,0.859999999999998
46551,1350292,14305.8519011192,13593.7504281846,13.8,0.290000000000001,-0.339999999999998
46552,1350292,14324.3702008431,13586.7220137098,13.47,-0.33,-0.620000000000001
46553,1350292,14335.2723972632,13581.5745125091,12.08,-1.39,-1.06
46554,1350292,14342.4011469844,13576.8178511365,8.57,-3.51,-2.12
46555,1350292,14346.1879746075,13574.2776507324,4.56,-4.01,-0.500000000000001
46556,1350292,14348.2140938105,13572.8649437652,2.47,-2.09,1.92
46557,1350292,14352.2335841133,13565.2247836776,3.91,1.44,3.53
46558,1350292,14350.6843101001,13559.4386061802,5.99,2.08,0.64
46559,1350292,14348.6294270329,13552.0492565443,7.67,1.68,-0.4
46560,1350292,14345.9859837465,13542.7891751412,9.64,1.97,0.290000000000001
46561,1350292,14343.0186294447,13532.3944212505,10.81,1.17,-0.800000000000001
46562,1350292,14337.2306135345,13510.9259797817,12.12,1.31,0.139999999999999
46563,1350292,14334.2169828234,13497.4785591875,13.81,1.69,0.380000000000003
46564,1350292,14332.0999446426,13482.2752487144,15.34,1.53,-0.160000000000002
46565,1350292,14328.9815343815,13455.9951086704,16.69,1.35,-0.179999999999998
46566,1350292,14327.4576347684,13437.9493382526,18.1,1.41,0.0599999999999987
46567,1350292,14327.970165896,13402.8305786056,19.2,1.1,-0.310000000000002
46568,1350292,14329.5030906117,13373.7042588273,20.36,1.16,0.0600000000000023
46569,1350292,14330.3497612262,13351.6505052042,22.07,1.71,0.550000000000001
46570,1350292,14331.786657658,13327.9747140875,23.72,1.65,-0.0600000000000023
46571,1350292,14331.7040977443,13304.7561449222,23.12,-0.599999999999998,-2.25
46572,1350292,14330.1919593037,13282.0263882729,22.78,-0.34,0.259999999999998
