"V1","V2","V3","V4","V5","acceleration","jerk"
67323,1351077,13412.7390950002,13366.0483880816,13.76,-0.51,0
67324,1351077,13425.7583159613,13368.5105792938,13.25,-0.51,0
67325,1351077,13438.9642276381,13371.0080773989,13.44,0.19,0.699999999999999
67326,1351077,13461.5711649297,13373.5872923687,13.57,0.130000000000001,-0.0599999999999987
67327,1351077,13474.485455456,13374.4025838508,12.94,-0.630000000000001,-0.760000000000002
67328,1351077,13488.1592797464,13371.9590417236,13.06,0.120000000000001,0.750000000000002
67329,1351077,13501.6223909014,13372.8103571929,13.49,0.43,0.309999999999999
67330,1351077,13514.9158409077,13373.6509444465,13.32,-0.17,-0.6
67331,1351077,13527.9400135165,13373.6751967245,13.05,-0.27,-0.0999999999999996
67332,1351077,13541.3184710664,13372.4997080664,13.43,0.379999999999999,0.649999999999999
67333,1351077,13554.2142767831,13369.6181571993,13.27,-0.16,-0.539999999999999
