"V1","V2","V3","V4","V5","acceleration","jerk"
55191,"1354255#1",13408.6840828394,13751.8037504204,13.33,0.0999999999999996,0
55192,"1354255#1",13421.9195068062,13754.0815678886,13.43,0.0999999999999996,0
55193,"1354255#1",13444.7456699412,13756.4911067075,13.31,-0.119999999999999,-0.219999999999999
55194,"1354255#1",13457.6216499184,13756.812882447,12.88,-0.43,-0.31
55195,"1354255#1",13470.7275539537,13757.1405703219,13.11,0.229999999999999,0.659999999999998
55196,"1354255#1",13483.8834314261,13757.4699453838,13.16,0.0500000000000007,-0.179999999999998
55197,"1354255#1",13496.8293746835,13757.7940644607,12.95,-0.210000000000001,-0.260000000000002
55198,"1354255#1",13509.8053085431,13758.1189343925,12.98,0.0300000000000011,0.240000000000002
55199,"1354255#1",13523.0111703524,13758.4495608794,13.22,0.24,0.209999999999999
55200,"1354255#1",13536.8014287508,13758.9498073475,13.79,0.569999999999999,0.329999999999998
55201,"1354255#1",13549.8697945621,13758.6790094465,13.09,-0.699999999999999,-1.27
55202,"1354255#1",13563.2995192095,13758.1582377792,13.43,0.34,1.04
55203,"1354255#1",13576.9820951291,13757.7086785751,13.69,0.26,-0.0800000000000001
55204,"1354255#1",13588.4053418827,13757.3158275392,11.44,-2.25,-2.51
55205,"1354255#1",13596.5605087234,13757.035018351,8.16,-3.28,-1.03
55206,"1354255#1",13601.5975235368,13756.8615773818,5.04,-3.12,0.159999999999999
55207,"1354255#1",13604.8655867192,13756.7490472292,3.27,-1.77,1.35
55208,"1354255#1",13611.1731191155,13749.7165721899,5.68,2.41,4.18
55209,"1354255#1",13612.6225129075,13742.1847624714,7.67,1.99,-0.419999999999999
55210,"1354255#1",13614.4838595634,13732.512229782,9.86,2.19,0.199999999999999
55211,"1354255#1",13616.7344827789,13720.8168120835,11.91,2.05,-0.139999999999999
55212,"1354255#1",13619.27800826,13707.5993207131,13.46,1.55,-0.5
55213,"1354255#1",13621.8574378898,13694.19525257,13.65,0.19,-1.36
55214,"1354255#1",13623.6337484041,13684.964612237,9.4,-4.25,-4.44
55215,"1354255#1",13624.7751223941,13679.0334348316,6.04,-3.36,0.89
55216,"1354255#1",13625.5058667371,13675.2534244775,3.85,-2.19,1.17
55217,"1354255#1",13637.4090979311,13669.2463662732,5.69,1.84,4.03
55218,"1354255#1",13645.1281109858,13670.8310547159,7.89,2.2,0.359999999999999
55219,"1354255#1",13654.7768773043,13672.8119152693,9.85,1.96,-0.239999999999999
55220,"1354255#1",13666.3553968864,13675.1889479333,11.81,1.96,8.88178419700125e-16
55221,"1354255#1",13676.0237546086,13677.1738305385,9.88,-1.93,-3.89
55222,"1354255#1",13681.92076712,13678.3844681559,6.02,-3.86,-1.93
55223,"1354255#1",13684.849681972,13678.9857649127,2.98,-3.04,0.820000000000002
55224,"1354255#1",13686.2700587397,13679.2773636744,1.46,-1.52,1.52
55225,"1354255#1",13686.5443383913,13679.3336724008,0.28,-1.18,0.34
55226,"1354255#1",13686.6716825154,13679.359815738,0.13,-0.15,1.03
55227,"1354255#1",13686.7500481301,13679.3759039456,0.08,-0.05,0.1
55228,"1354255#1",13686.7696395338,13679.3799259975,0.02,-0.06,-0.01
55229,"1354255#1",13686.7696395338,13679.3799259975,0,-0.02,0.04
55230,"1354255#1",13686.7696395338,13679.3799259975,0,0,0.02
55231,"1354255#1",13686.7696395338,13679.3799259975,0,0,0
55232,"1354255#1",13686.7696395338,13679.3799259975,0,0,0
55233,"1354255#1",13686.7696395338,13679.3799259975,0,0,0
55234,"1354255#1",13686.7696395338,13679.3799259975,0,0,0
55235,"1354255#1",13686.7696395338,13679.3799259975,0,0,0
55236,"1354255#1",13686.7696395338,13679.3799259975,0,0,0
55237,"1354255#1",13686.7696395338,13679.3799259975,0,0,0
55238,"1354255#1",13686.7696395338,13679.3799259975,0,0,0
55239,"1354255#1",13686.7696395338,13679.3799259975,0,0,0
55240,"1354255#1",13686.7696395338,13679.3799259975,0,0,0
55241,"1354255#1",13686.7696395338,13679.3799259975,0,0,0
55242,"1354255#1",13686.7696395338,13679.3799259975,0,0,0
55243,"1354255#1",13686.7696395338,13679.3799259975,0,0,0
55244,"1354255#1",13686.7696395338,13679.3799259975,0,0,0
55245,"1354255#1",13686.7696395338,13679.3799259975,0,0,0
55246,"1354255#1",13686.7696395338,13679.3799259975,0,0,0
55247,"1354255#1",13686.7696395338,13679.3799259975,0,0,0
55248,"1354255#1",13686.7696395338,13679.3799259975,0,0,0
55249,"1354255#1",13686.7696395338,13679.3799259975,0,0,0
55250,"1354255#1",13686.7696395338,13679.3799259975,0,0,0
55251,"1354255#1",13686.7696395338,13679.3799259975,0,0,0
55252,"1354255#1",13686.7696395338,13679.3799259975,0,0,0
55253,"1354255#1",13686.7696395338,13679.3799259975,0,0,0
55254,"1354255#1",13686.7696395338,13679.3799259975,0,0,0
55255,"1354255#1",13686.7696395338,13679.3799259975,0,0,0
55256,"1354255#1",13686.7696395338,13679.3799259975,0,0,0
55257,"1354255#1",13686.7696395338,13679.3799259975,0,0,0
55258,"1354255#1",13686.7696395338,13679.3799259975,0,0,0
55259,"1354255#1",13686.7696395338,13679.3799259975,0,0,0
55260,"1354255#1",13686.7696395338,13679.3799259975,0,0,0
55261,"1354255#1",13686.7696395338,13679.3799259975,0,0,0
55262,"1354255#1",13686.7696395338,13679.3799259975,0,0,0
55263,"1354255#1",13686.7696395338,13679.3799259975,0,0,0
55264,"1354255#1",13686.7696395338,13679.3799259975,0,0,0
55265,"1354255#1",13686.7696395338,13679.3799259975,0,0,0
55266,"1354255#1",13686.7696395338,13679.3799259975,0,0,0
55267,"1354255#1",13686.7696395338,13679.3799259975,0,0,0
55268,"1354255#1",13686.7696395338,13679.3799259975,0,0,0
55269,"1354255#1",13686.7696395338,13679.3799259975,0,0,0
55270,"1354255#1",13686.7696395338,13679.3799259975,0,0,0
55271,"1354255#1",13686.7696395338,13679.3799259975,0,0,0
55272,"1354255#1",13686.7696395338,13679.3799259975,0,0,0
55273,"1354255#1",13686.7696395338,13679.3799259975,0,0,0
55274,"1354255#1",13686.7696395338,13679.3799259975,0,0,0
55275,"1354255#1",13699.5585392028,13681.3350472721,1.84,1.84,1.84
55276,"1354255#1",13703.9013198095,13681.8220345433,4.37,2.53,0.69
55277,"1354255#1",13710.3409578716,13682.544157545,6.48,2.11,-0.42
55278,"1354255#1",13718.6190728495,13683.4724422061,8.33,1.85,-0.260000000000001
55279,"1354255#1",13728.2387790904,13684.5511691592,9.68,1.35,-0.5
55280,"1354255#1",13739.8261525169,13685.8505448073,11.66,1.98,0.630000000000001
55281,"1354255#1",13753.1327503025,13687.3427094666,13.4,1.74,-0.24
55282,"1354255#1",13775.979996215,13689.2185183421,13.19,-0.210000000000001,-1.95
55283,"1354255#1",13786.6498569515,13689.1640035498,10.67,-2.52,-2.31
55284,"1354255#1",13795.3697431392,13689.1194516295,8.72,-1.95,0.57
55285,"1354255#1",13802.8496455112,13689.081235074,7.48,-1.24,0.709999999999999
55286,"1354255#1",13810.3195480138,13689.0430696102,7.48,0,1.24
55287,"1354255#1",13818.8694364203,13688.999386248,8.54,1.06,1.06
55288,"1354255#1",13828.6993081204,13688.9491631544,9.83,1.29,0.230000000000002
55289,"1354255#1",13839.9491612869,13688.8916850463,11.25,1.42,0.129999999999999
55290,"1354255#1",13852.1590019235,13688.8293021396,12.21,0.960000000000001,-0.459999999999999
55291,"1354255#1",13865.298830422,13688.7621677093,13.13,0.92,-0.0400000000000009
55292,"1354255#1",13877.578670145,13688.699427161,12.28,-0.850000000000001,-1.77
55293,"1354255#1",13892.2131588285,13683.5105513566,13.62,1.34,2.19
55294,"1354255#1",13891.9073966088,13670.5241504131,13,-0.619999999999999,-1.96
55295,"1354255#1",13891.7016720668,13661.7865719492,8.74,-4.26,-3.64
55296,"1354255#1",13891.5536163038,13655.4983146794,6.29,-2.45,1.81
55297,"1354255#1",13891.6750540452,13635.35031772,5.34,-0.95,1.5
55298,"1354255#1",13891.7267609891,13630.8706161237,4.48,-0.859999999999999,0.0900000000000007
55299,"1354255#1",13892.5109886428,13626.5249783685,4.42,-0.0600000000000005,0.799999999999999
55300,"1354255#1",13905.0049330979,13615.5894239504,6.49,2.07,2.13
55301,"1354255#1",13912.762814641,13619.381663197,8.65,2.16,0.0899999999999999
55302,"1354255#1",13922.096258435,13624.6467891284,10.72,2.07,-0.0899999999999999
55303,"1354255#1",13932.6925628477,13630.1279598787,11.93,1.21,-0.860000000000001
55304,"1354255#1",13944.2931790549,13636.5612663952,13.28,1.35,0.140000000000001
55305,"1354255#1",13956.9538364479,13644.9904925979,15.21,1.93,0.580000000000002
55306,"1354255#1",13970.6799535032,13654.1290816894,16.49,1.28,-0.650000000000004
55307,"1354255#1",13986.1003233814,13663.6811243245,18.17,1.68,0.400000000000006
55308,"1354255#1",14004.0971999937,13672.0878996843,19.91,1.74,0.0599999999999952
55309,"1354255#1",14025.0608143483,13677.6871609105,21.73,1.82,0.0800000000000018
55310,"1354255#1",14048.0485429836,13681.1547182316,23.25,1.52,-0.300000000000001
55311,"1354255#1",14072.3233424722,13684.752732933,24.54,1.29,-0.23
55312,"1354255#1",14097.7008746297,13688.7252975294,25.69,1.15,-0.139999999999997
55313,"1354255#1",14130.5525827575,13710.2818747666,26.96,1.27,0.119999999999997
55314,"1354255#1",14138.7243705898,13736.4476831184,27.45,0.489999999999998,-0.780000000000001
55315,"1354255#1",14147.3332428207,13771.4157882036,27.32,-0.129999999999999,-0.619999999999997
55316,"1354255#1",14154.2760307139,13796.5754324036,26.1,-1.22,-1.09
55317,"1354255#1",14175.8207077235,13824.130984298,23.44,-2.66,-1.44
55318,"1354255#1",14190.3629121709,13848.0334011811,21.91,-1.53,1.13
55319,"1354255#1",14208.4032608424,13880.1602973049,17.65,-4.26,-2.73
55320,"1354255#1",14213.1402676908,13893.0071005668,13.7,-3.95,0.310000000000002
55321,"1354255#1",14229.9761054739,13916.8502770571,13.48,-0.219999999999999,3.73
55322,"1354255#1",14241.6105056969,13924.3644790408,13.84,0.359999999999999,0.579999999999998
55323,"1354255#1",14252.1388574843,13931.8692166569,12.94,-0.9,-1.26
55324,"1354255#1",14263.5710624817,13939.7045513233,13.86,0.92,1.82
55325,"1354255#1",14275.349436681,13946.9642696736,13.84,-0.0199999999999996,-0.94
55326,"1354255#1",14287.2106435806,13953.297023262,13.46,-0.379999999999999,-0.359999999999999
55327,"1354255#1",14299.6194958007,13958.7656142796,13.58,0.119999999999999,0.499999999999998
55328,"1354255#1",14312.0076450089,13962.9632516146,13.08,-0.5,-0.619999999999999
55329,"1354255#1",14324.8150745647,13966.6216572493,13.34,0.26,0.76
55330,"1354255#1",14338.3547919052,13969.5840303418,13.86,0.52,0.26
55331,"1354255#1",14351.8842931409,13971.8914719676,13.73,-0.129999999999999,-0.649999999999999
55332,"1354255#1",14365.1651424091,13973.5846962421,13.4,-0.33,-0.200000000000001
55333,"1354255#1",14378.0918976965,13974.3602590959,12.96,-0.44,-0.109999999999999
55334,"1354255#1",14390.9288145302,13975.1304319377,12.86,-0.100000000000001,0.339999999999998
55335,"1354255#1",14404.1749954308,13975.9251592791,13.27,0.41,0.510000000000002
