"V1","V2","V3","V4","V5","acceleration","jerk"
53815,135531,13405.1953709375,13751.2033428376,12.94,-0.0499999999999989,0
53816,135531,13417.8986185125,13753.3895727084,12.89,-0.0499999999999989,0
53817,135531,13440.5390043376,13756.3503118128,13.18,0.289999999999999,0.339999999999998
53818,135531,13454.1427360736,13756.7259430391,13.6,0.42,0.130000000000001
53819,135531,13467.9384279546,13757.0707408065,13.8,0.200000000000001,-0.219999999999999
53820,135531,13481.2142678356,13757.4031192884,13.28,-0.520000000000001,-0.720000000000002
53821,135531,13494.0902330213,13757.7254863703,12.89,-0.389999999999999,0.130000000000003
53822,135531,13506.9362076049,13758.0471025971,12.85,-0.0400000000000009,0.349999999999998
53823,135531,13520.5119535073,13758.3869896291,13.58,0.73,0.770000000000001
53824,135531,13533.7944655637,13758.8146319382,13.29,-0.290000000000001,-1.02
53825,135531,13547.1121461391,13758.7929180749,13.33,0.0400000000000009,0.330000000000002
53826,135531,13559.0219900526,13758.3009648681,11.92,-1.41,-1.45
53827,135531,13568.9767456472,13757.9815882166,9.95,-1.97,-0.56
53828,135531,13576.1026060475,13757.7386611575,7.13,-2.82,-0.849999999999999
53829,135531,13580.4100802741,13757.5911306649,4.31,-2.82,-8.88178419700125e-16
53830,135531,13583.138463298,13757.4971834732,2.73,-1.58,1.24
53831,135531,13586.2666094024,13757.3894711253,3.13,0.4,1.98
53832,135531,13591.8133221433,13757.1984795819,5.55,2.42,2.02
53833,135531,13594.4817407052,13757.1065971637,2.67,-2.88,-5.3
53834,135531,13596.8103606486,13757.0264151283,2.33,-0.34,2.54
53835,135531,13597.8497446578,13756.990625722,1.04,-1.29,-0.95
53836,135531,13598.4393952014,13756.9703221165,0.59,-0.45,0.84
53837,135531,13600.0384475231,13756.9152614913,1.6,1.01,1.46
53838,135531,13601.9373221551,13756.849876999,1.9,0.3,-0.71
53839,135531,13606.0948581916,13756.7067193736,4.16,2.26,1.96
53840,135531,13611.3639780112,13748.7247693456,5.46,1.3,-0.96
53841,135531,13612.701879973,13741.7723296054,7.08,1.62,0.32
53842,135531,13614.2778831315,13733.5825912674,8.34,1.26,-0.36
53843,135531,13616.222376237,13723.4779860519,10.29,1.95,0.69
53844,135531,13618.5315799056,13711.478153619,12.22,1.93,-0.0199999999999978
53845,135531,13620.5308740802,13701.0887733293,10.58,-1.64,-3.57
53846,135531,13621.8442100455,13694.263991381,6.95,-3.63,-1.99
53847,135531,13622.7229168425,13689.6977703652,4.65,-2.3,1.33
53848,135531,13623.0271572604,13688.1167777125,1.61,-3.04,-0.74
53849,135531,13623.2331336924,13687.046416227,1.1,-0.51,2.53
53850,135531,13623.3125007579,13686.6339833611,0.41,-0.69,-0.18
53851,135531,13623.3351770623,13686.5161453994,0.12,-0.29,0.4
53852,135531,13623.3370667544,13686.5063255693,0.01,-0.11,0.18
53853,135531,13623.3370667544,13686.5063255693,0,-0.01,0.1
53854,135531,13623.3521842907,13686.4277669281,0.08,0.08,0.09
53855,135531,13623.3748605951,13686.3099289664,0.12,0.04,-0.04
53856,135531,13623.4164338199,13686.0938927033,0.21,0.09,0.05
53857,135531,13623.5128081138,13685.5930813661,0.52,0.31,0.22
53858,135531,13623.8567320644,13683.8058722804,1.81,1.29,0.98
53859,135531,13624.1382961778,13682.3427175893,1.49,-0.32,-1.61
53860,135531,13624.3386035337,13681.3018155943,1.06,-0.43,-0.11
53861,135531,13624.3763973744,13681.1054189915,0.19,-0.87,-0.44
53862,135531,13624.4104118311,13680.9286620489,0.18,-0.01,0.86
53863,135531,13624.4104118311,13680.9286620489,0.01,-0.17,-0.16
53864,135531,13624.4104118311,13680.9286620489,0,-0.01,0.16
53865,135531,13624.4104118311,13680.9286620489,0,0,0.01
53866,135531,13624.4104118311,13680.9286620489,0,0,0
53867,135531,13624.610719187,13679.8877600539,1.06,1.06,1.06
53868,135531,13625.081252504,13677.4426223487,2.49,1.43,0.37
53869,135531,13625.8253930403,13673.6244668532,3.88,1.39,-0.0400000000000005
53870,135531,13638.6825391711,13669.5077996458,5.33,1.45,0.0600000000000005
53871,135531,13644.5403688751,13670.7103931594,5.98,0.65,-0.8
53872,135531,13650.0161662071,13671.8345566612,5.59,-0.390000000000001,-1.04
53873,135531,13655.2372752911,13672.9064334886,5.33,-0.26,0.130000000000001
53874,135531,13661.0461264858,13674.0989718725,5.93,0.6,0.859999999999999
53875,135531,13668.4810641871,13675.6253405628,7.59,1.66,1.06
53876,135531,13676.5919053157,13677.2904700432,8.27,0.68,-0.98
53877,135531,13681.4799605369,13678.2939719885,4.99,-3.28,-3.96
53878,135531,13684.1639828427,13678.8449930968,2.74,-2.25,1.03
53879,135531,13685.2513057477,13679.0682169764,1.11,-1.63,0.62
53880,135531,13685.9663919824,13679.2150218702,0.72,-0.39,1.24
53881,135531,13686.4267899692,13679.3095400895,0.47,-0.25,0.14
53882,135531,13686.7304567264,13679.3718818937,0.31,-0.16,0.09
53883,135531,13686.759843832,13679.3779149715,0.03,-0.28,-0.12
53884,135531,13686.7696395338,13679.3799259975,0.01,-0.02,0.26
53885,135531,13686.7696395338,13679.3799259975,0,-0.01,0.01
53886,135531,13686.7696395338,13679.3799259975,0,0,0.01
53887,135531,13686.7696395338,13679.3799259975,0,0,0
53888,135531,13686.7696395338,13679.3799259975,0,0,0
53889,135531,13686.7696395338,13679.3799259975,0,0,0
53890,135531,13686.7696395338,13679.3799259975,0,0,0
53891,135531,13686.7696395338,13679.3799259975,0,0,0
53892,135531,13686.7696395338,13679.3799259975,0,0,0
53893,135531,13686.7696395338,13679.3799259975,0,0,0
53894,135531,13686.7696395338,13679.3799259975,0,0,0
53895,135531,13686.7696395338,13679.3799259975,0,0,0
53896,135531,13686.7696395338,13679.3799259975,0,0,0
53897,135531,13686.7696395338,13679.3799259975,0,0,0
53898,135531,13686.7696395338,13679.3799259975,0,0,0
53899,135531,13686.7696395338,13679.3799259975,0,0,0
53900,135531,13686.7696395338,13679.3799259975,0,0,0
53901,135531,13686.7696395338,13679.3799259975,0,0,0
53902,135531,13686.7696395338,13679.3799259975,0,0,0
53903,135531,13686.7696395338,13679.3799259975,0,0,0
53904,135531,13686.7696395338,13679.3799259975,0,0,0
53905,135531,13686.7696395338,13679.3799259975,0,0,0
53906,135531,13686.7696395338,13679.3799259975,0,0,0
53907,135531,13686.7696395338,13679.3799259975,0,0,0
53908,135531,13686.7696395338,13679.3799259975,0,0,0
53909,135531,13686.7696395338,13679.3799259975,0,0,0
53910,135531,13686.7696395338,13679.3799259975,0,0,0
53911,135531,13686.7696395338,13679.3799259975,0,0,0
53912,135531,13686.7696395338,13679.3799259975,0,0,0
53913,135531,13686.7696395338,13679.3799259975,0,0,0
53914,135531,13686.7696395338,13679.3799259975,0,0,0
53915,135531,13686.7696395338,13679.3799259975,0,0,0
53916,135531,13686.7696395338,13679.3799259975,0,0,0
53917,135531,13686.7696395338,13679.3799259975,0,0,0
53918,135531,13686.7696395338,13679.3799259975,0,0,0
53919,135531,13686.7696395338,13679.3799259975,0,0,0
53920,135531,13686.7696395338,13679.3799259975,0,0,0
53921,135531,13686.7696395338,13679.3799259975,0,0,0
53922,135531,13686.7696395338,13679.3799259975,0,0,0
53923,135531,13686.7696395338,13679.3799259975,0,0,0
53924,135531,13686.7696395338,13679.3799259975,0,0,0
53925,135531,13686.7696395338,13679.3799259975,0,0,0
53926,135531,13686.7696395338,13679.3799259975,0,0,0
53927,135531,13686.7696395338,13679.3799259975,0,0,0
53928,135531,13686.7696395338,13679.3799259975,0,0,0
53929,135531,13686.7696395338,13679.3799259975,0,0,0
53930,135531,13686.7696395338,13679.3799259975,0,0,0
53931,135531,13686.7696395338,13679.3799259975,0,0,0
53932,135531,13686.7696395338,13679.3799259975,0,0,0
53933,135531,13686.7696395338,13679.3799259975,0,0,0
53934,135531,13686.7696395338,13679.3799259975,0,0,0
53935,135531,13686.7696395338,13679.3799259975,0,0,0
53936,135531,13686.7696395338,13679.3799259975,0,0,0
53937,135531,13686.7696395338,13679.3799259975,0,0,0
53938,135531,13686.7696395338,13679.3799259975,0,0,0
53939,135531,13686.7696395338,13679.3799259975,0,0,0
53940,135531,13686.7696395338,13679.3799259975,0,0,0
53941,135531,13686.7696395338,13679.3799259975,0,0,0
53942,135531,13686.7696395338,13679.3799259975,0,0,0
53943,135531,13686.7696395338,13679.3799259975,0,0,0
53944,135531,13686.7696395338,13679.3799259975,0,0,0
53945,135531,13686.7696395338,13679.3799259975,0,0,0
53946,135531,13686.7696395338,13679.3799259975,0,0,0
53947,135531,13686.7696395338,13679.3799259975,0,0,0
53948,135531,13686.7696395338,13679.3799259975,0,0,0
53949,135531,13686.7696395338,13679.3799259975,0,0,0
53950,135531,13686.7696395338,13679.3799259975,0,0,0
53951,135531,13686.7696395338,13679.3799259975,0,0,0
53952,135531,13686.7696395338,13679.3799259975,0,0,0
53953,135531,13686.7696395338,13679.3799259975,0,0,0
53954,135531,13686.7696395338,13679.3799259975,0,0,0
53955,135531,13689.2309113581,13662.312924736,1.69,1.69,1.69
53956,135531,13688.9831897534,13658.1202365761,4.2,2.51,0.82
53957,135531,13688.6458165203,13652.4101946059,5.71,1.51,-1
53958,135531,13688.1828130448,13644.5738607831,7.85,2.14,0.63
53959,135531,13689.3616207808,13635.4773678777,9.19,1.34,-0.8
53960,135531,13691.0112891508,13624.490526008,11.11,1.92,0.58
53961,135531,13692.9430790241,13611.6247462848,13.02,1.91,-0.00999999999999979
53962,135531,13695.0295855511,13598.2986979011,13.48,0.460000000000001,-1.45
53963,135531,13700.9483545407,13585.2108376164,13.15,-0.33,-0.790000000000001
53964,135531,13704.0722966736,13572.7180080033,12.89,-0.26,0.0700000000000003
53965,135531,13707.6774808696,13560.300780176,12.93,0.0399999999999991,0.299999999999999
53966,135531,13711.5475471217,13546.9712270251,13.88,0.950000000000001,0.910000000000002
53967,135531,13715.8681468403,13533.947003468,13.77,-0.110000000000001,-1.06
53968,135531,13722.3556214783,13522.1878549945,13.43,-0.34,-0.229999999999999
53969,135531,13737.6746996178,13482.9253397077,13.45,0.0199999999999996,0.359999999999999
53970,135531,13742.5707838352,13470.8070370486,13.06,-0.389999999999999,-0.409999999999998
53971,135531,13747.35973159,13458.3898962956,13.32,0.26,0.649999999999999
53972,135531,13752.0527912347,13445.7318873222,13.5,0.18,-0.0800000000000001
53973,135531,13756.7806142841,13432.9801153193,13.6,0.0999999999999996,-0.0800000000000001
53974,135531,13761.4180524812,13420.4721271929,13.33,-0.27,-0.369999999999999
53975,135531,13766.086225652,13407.9222612652,13.39,0.0600000000000005,0.33
53976,135531,13770.7786575668,13395.530990841,13.25,-0.140000000000001,-0.200000000000001
53977,135531,13775.5490015586,13382.9339785682,13.47,0.220000000000001,0.360000000000001
53978,135531,13780.2414334733,13370.542708144,13.25,-0.220000000000001,-0.440000000000001
53979,135531,13784.9055337237,13358.2262529375,13.17,-0.0800000000000001,0.140000000000001
53980,135531,13791.9302716375,13339.5805517108,13.75,0.58,0.66
53981,135531,13795.938915292,13328.1385919086,12.12,-1.63,-2.21
53982,135531,13798.4600688666,13319.5197645723,8.98,-3.14,-1.51
53983,135531,13800.1389662359,13313.7802782169,5.98,-3,0.139999999999999
53984,135531,13800.955954755,13310.9873174654,2.91,-3.07,-0.0700000000000003
53985,135531,13804.6593769538,13298.0120481983,5.16,2.25,5.32
53986,135531,13806.6161744774,13290.8132605607,7.45,2.29,0.04
53987,135531,13809.1865025943,13281.7013862809,9.48,2.03,-0.26
