"V1","V2","V3","V4","V5","acceleration","jerk"
44634,1356991,14393.4785427025,13322.4566820625,13.64,-0.15,0
44635,1356991,14380.1827377959,13320.2358777298,13.49,-0.15,0
44636,1356991,14367.2321503757,13318.0727352306,13.13,-0.359999999999999,-0.209999999999999
44637,1356991,14354.0842958204,13315.8766431123,13.33,0.199999999999999,0.559999999999999
44638,1356991,14341.3309755353,13313.7464502323,12.93,-0.4,-0.6
44639,1356991,14328.0647606989,13311.5305883425,13.45,0.52,0.92
44640,1356991,14314.7590924355,13309.3081365288,13.49,0.0400000000000009,-0.479999999999999
44641,1356991,14301.7493248747,13307.1351091439,13.19,-0.300000000000001,-0.340000000000002
44642,1356991,14288.5225634654,13304.9258371779,13.4,0.210000000000001,0.510000000000002
44643,1356991,14274.9209944993,13302.6539609355,13.8,0.4,0.19
44644,1356991,14262.1874009277,13300.5270630174,12.91,-0.890000000000001,-1.29
44645,1356991,14249.4735340696,13298.4034600613,12.89,-0.0199999999999996,0.870000000000001
44646,1356991,14233.6757752312,13295.7357752917,13.33,0.44,0.459999999999999
44647,1356991,14220.4907421697,13293.345188927,13.41,0.0800000000000001,-0.359999999999999
44648,1356991,14207.7878483768,13291.0420195264,12.91,-0.5,-0.58
44649,1356991,14195.0554358533,13288.7334980668,12.93,0.0199999999999996,0.52
44650,1356991,14181.506338446,13286.2769029742,13.78,0.85,0.83
44651,1356991,14168.823123807,13283.977301613,12.89,-0.889999999999999,-1.74
44652,1356991,14155.6085720148,13281.5813631893,13.43,0.539999999999999,1.43
44653,1356991,14142.7187262606,13279.2442974149,13.09,-0.34,-0.879999999999999
44654,1356991,14129.5278387185,13276.6503185878,13.45,0.359999999999999,0.699999999999999
44686,1356991,13726.3562585632,13281.4871801455,13.68,0.00718750000000001,-0.011025390625
44687,1356991,13715.4769400232,13289.5308937222,13.52,-0.16,-0.1671875
44688,1356991,13699.2916767672,13300.4095990367,13.43,-0.0899999999999999,0.0700000000000003
44689,1356991,13687.6149828162,13307.7645170085,13.8,0.370000000000001,0.460000000000001
44690,1356991,13675.9298274927,13315.1247646311,13.81,0.00999999999999979,-0.360000000000001
44691,1356991,13664.498513342,13322.3251227326,13.51,-0.300000000000001,-0.31
44692,1356991,13653.1773094221,13329.5644248314,13.44,-0.0700000000000003,0.23
44693,1356991,13642.3694425865,13337.1948189538,13.23,-0.209999999999999,-0.139999999999999
44694,1356991,13631.3655146745,13344.9636329243,13.47,0.24,0.449999999999999
44695,1356991,13620.4677865122,13352.657469477,13.35,-0.120000000000001,-0.360000000000001
44696,1356991,13609.2514591008,13360.5762382829,13.73,0.380000000000001,0.500000000000002
44697,1356991,13587.4526673402,13377.8446165134,13.62,-0.110000000000001,-0.490000000000002
44698,1356991,13575.469150824,13385.5231819347,13.74,0.120000000000001,0.230000000000002
44699,1356991,13556.5541756869,13393.764527048,13.84,0.0999999999999996,-0.0200000000000014
44700,1356991,13543.5962599952,13395.0344959168,13.02,-0.82,-0.92
44701,1356991,13530.210394707,13396.3464069219,13.45,0.43,1.25
44702,1356991,13516.9041479483,13397.6505147388,13.37,-0.0800000000000001,-0.51
44703,1356991,13503.7073766679,13398.943893172,13.26,-0.109999999999999,-0.0299999999999994
44704,1356991,13487.544821142,13395.5131338612,13.03,-0.23,-0.120000000000001
44705,1356991,13474.4220716042,13393.0603916069,13.35,0.32,0.550000000000001
44706,1356991,13461.2010243169,13390.5892767513,13.44,0.0899999999999999,-0.23
44707,1356991,13439.0785815434,13386.2249776077,13.08,-0.359999999999999,-0.449999999999999
44708,1356991,13425.6639430448,13383.3464582049,13.71,0.630000000000001,0.99
44709,1356991,13412.5880662192,13381.0563254545,13.29,-0.420000000000002,-1.05
