"V1","V2","V3","V4","V5","acceleration","jerk"
65868,1357165,14349.378970482,14264.7784644324,19.24,-0.639999999999997,0
65869,1357165,14350.6910136541,14246.2247978752,18.6,-0.639999999999997,0
65870,1357165,14352.0285199484,14227.6432870897,18.63,0.0299999999999976,0.669999999999995
65871,1357165,14354.0636096106,14208.7324751011,19.03,0.400000000000002,0.370000000000005
65872,1357165,14356.1211687171,14189.6128686584,19.23,0.199999999999999,-0.200000000000003
65873,1357165,14358.2011972678,14170.2844677616,19.44,0.210000000000001,0.0100000000000016
65874,1357165,14360.1997226991,14150.9777384208,19.41,-0.0300000000000011,-0.240000000000002
65875,1357165,14362.0680238424,14132.4316053781,18.64,-0.77,-0.739999999999998
65876,1357165,14363.9663942101,14113.5869830697,18.95,0.309999999999999,1.08
65877,1357165,14365.8306861234,14095.0806485957,18.59,-0.359999999999999,-0.669999999999998
65878,1357165,14367.7210380313,14076.3156234248,18.86,0.27,0.629999999999999
65879,1357165,14369.5918125907,14057.4687773914,18.93,0.0700000000000003,-0.199999999999999
65880,1357165,14370.7209261659,14038.8028966853,18.7,-0.23,-0.300000000000001
65881,1357165,14371.8645310383,14019.8974538738,18.95,0.25,0.48
65882,1357165,14372.6906553009,13998.1611477543,18.51,-0.439999999999998,-0.689999999999998
65883,1357165,14372.226276591,13978.0665128381,20.11,1.6,2.04
65884,1357165,14371.7374082576,13956.9121608567,21.16,1.05,-0.549999999999997
65885,1357165,14371.2247434032,13934.7280838025,22.19,1.03,-0.0199999999999996
65886,1357165,14370.7444233347,13913.9436330608,20.78,-1.41,-2.44
65887,1357165,14370.3572100422,13897.1881066332,16.76,-4.02,-2.61
65888,1357165,14370.0550173295,13884.1115979415,13.08,-3.68,0.339999999999998
65889,1357165,14363.8057364887,13861.3476948328,13.84,0.76,4.44
65890,1357165,14353.5964139242,13854.3759510231,13,-0.84,-1.6
65891,1357165,14343.7870137712,13849.448651586,11.36,-1.64,-0.800000000000001
65892,1357165,14337.4600569327,13849.3845268696,8.25,-3.11,-1.47
65893,1357165,14331.7818534773,13849.5273747553,5.68,-2.57,0.539999999999999
65894,1357165,14306.6678736907,13847.4168957758,7.18,1.5,4.07
65895,1357165,14299.8313840442,13848.0247688607,6.96,-0.22,-1.72
65896,1357165,14294.2115992272,13847.9755894919,5.61,-1.35,-1.13
65897,1357165,14290.1217558283,13847.9397988125,4.09,-1.52,-0.170000000000001
65898,1357165,14284.0519882412,13847.8866815939,6.07,1.98,3.5
65899,1357165,14279.5821593921,13847.8475656191,4.47,-1.6,-3.58
65900,1357165,14278.1622137622,13847.8351395153,1.42,-3.05,-1.45
65901,1357165,14277.2422489878,13847.8270888001,0.92,-0.5,2.55
65902,1357165,14276.9222612403,13847.8242885513,0.32,-0.6,-0.1
65903,1357165,14276.9122616231,13847.8242010436,0.01,-0.31,0.29
65904,1357165,14276.9122616231,13847.8242010436,0,-0.01,0.3
65905,1357165,14276.9122616231,13847.8242010436,0,0,0.01
65906,1357165,14274.492354282,13847.8030241624,2.42,2.42,2.42
65907,1357165,14271.8424557473,13847.7798346024,2.65,0.23,-2.19
65908,1357165,14270.7324982478,13847.7701212395,1.11,-1.54,-1.77
65909,1357165,14269.6725388339,13847.7608454155,1.06,-0.05,1.49
65910,1357165,14269.4225484061,13847.7586577211,0.25,-0.81,-0.76
65911,1357165,14269.412548789,13847.7585702134,0.01,-0.24,0.57
65912,1357165,14269.412548789,13847.7585702134,0,-0.01,0.23
65913,1357165,14269.412548789,13847.7585702134,0,0,0.01
65914,1357165,14269.412548789,13847.7585702134,0,0,0
65915,1357165,14269.412548789,13847.7585702134,0,0,0
65916,1357165,14269.412548789,13847.7585702134,0,0,0
65917,1357165,14269.412548789,13847.7585702134,0,0,0
65918,1357165,14269.412548789,13847.7585702134,0,0,0
65919,1357165,14269.412548789,13847.7585702134,0,0,0
65920,1357165,14269.412548789,13847.7585702134,0,0,0
65921,1357165,14269.412548789,13847.7585702134,0,0,0
65922,1357165,14269.412548789,13847.7585702134,0,0,0
65923,1357165,14267.8226096682,13847.7446564774,1.58,1.58,1.58
65924,1357165,14264.4527387014,13847.7151663577,3.37,1.79,0.21
65925,1357165,14262.362818725,13847.696877233,2.09,-1.28,-3.07
65926,1357165,14260.9728719464,13847.6847136525,1.39,-0.7,0.58
65927,1357165,14259.7029205731,13847.6736001652,1.26,-0.13,0.57
65928,1357165,14258.7329577133,13847.6651119112,0.97,-0.29,-0.16
65929,1357165,14258.7329577133,13847.6651119112,0,-0.97,-0.68
65930,1357165,14258.7329577133,13847.6651119112,0,0,0.97
65931,1357165,14258.7329577133,13847.6651119112,0,0,0
65932,1357165,14256.7430339079,13847.6476978642,1.99,1.99,1.99
65933,1357165,14256.7430339079,13847.6476978642,0,-1.99,-3.98
65934,1357165,14254.4731208235,13847.6278335996,2.28,2.28,4.27
65935,1357165,14250.8132609604,13847.5958057545,3.66,1.38,-0.899999999999999
65936,1357165,14245.2534738461,13847.5471514324,5.55,1.89,0.509999999999999
65937,1357165,14241.7636074739,13847.5166112194,3.5,-2.05,-3.94
65938,1357165,14241.7636074739,13847.5166112194,0,-3.5,-1.45
65939,1357165,14241.7636074739,13847.5166112194,0,0,3.5
65940,1357165,14241.7636074739,13847.5166112194,0,0,0
65941,1357165,14241.7636074739,13847.5166112194,0,0,0
65942,1357165,14241.7636074739,13847.5166112194,0,0,0
65943,1357165,14240.7236472943,13847.5075104109,1.04,1.04,1.04
65944,1357165,14240.7236472943,13847.5075104109,0,-1.04,-2.08
65945,1357165,14240.7236472943,13847.5075104109,0,0,1.04
65946,1357165,14239.6036901777,13847.4977095403,1.12,1.12,1.12
65947,1357165,14239.4236970697,13847.4961344003,0.18,-0.94,-2.06
65948,1357165,14239.4036978355,13847.4959593848,0.02,-0.16,0.78
65949,1357165,14239.3936982184,13847.495871877,0.01,-0.01,0.15
65950,1357165,14239.3936982184,13847.495871877,0,-0.01,0
65951,1357165,14241.3808325821,13850.813693409,0,0,0.01
65952,1357165,14239.9008901235,13850.80064277,1.47,1.47,1.47
65953,1357165,14236.186165439,13850.8994638749,3.73,2.26,0.79
65954,1357165,14233.1575940509,13851.1628179086,3.04,-0.69,-2.95
65955,1357165,14231.1153008451,13851.3404086222,2.04,-1,-0.31
65956,1357165,14228.1028748112,13851.9858644546,3.11,1.07,2.07
65957,1357165,14225.5988818456,13852.7901773466,2.62,-0.49,-1.56
65958,1357165,14223.7613508861,13853.3804145639,1.93,-0.69,-0.2
65959,1357165,14222.1904047289,13853.8850215113,1.66,-0.27,0.42
65960,1357165,14221.6096306951,13854.0715731707,0.61,-1.05,-0.78
65961,1357165,14220.7883666657,13854.5614966732,0.95,0.34,1.39
65962,1357165,14219.9726598404,13855.0863989262,0.97,0.02,-0.32
65963,1357165,14219.3924147791,13855.4597830031,0.7,-0.27,-0.29
65964,1357165,14217.8535039644,13856.4500625113,1.83,1.13,1.4
65965,1357165,14216.6341484009,13857.2347102091,1.45,-0.38,-1.51
65966,1357165,14215.7763070201,13857.7865326201,1.02,-0.43,-0.0499999999999998
65967,1357165,14215.1955701645,13858.1591513322,0.69,-0.33,0.0999999999999999
65968,1357165,14214.4465037856,13858.639775468,0.89,0.2,0.53
65969,1357165,14213.9835975964,13858.9367903834,0.54,-0.35,-0.55
65970,1357165,14213.3860277885,13859.3202096379,0.71,0.17,0.52
65971,1357165,14212.4265495053,13859.9358405534,1.14,0.43,0.26
65972,1357165,14210.3834929673,13862.3784924057,3.3,2.16,1.73
65973,1357165,14207.0758292642,13875.6203826135,5.35,2.05,-0.11
65974,1357165,14209.2428702921,13882.9455701903,7.65,2.3,0.250000000000001
65975,1357165,14211.6087602793,13889.0533573975,6.55,-1.1,-3.4
65976,1357165,14213.5484288642,13894.0608104209,5.37,-1.18,-0.0799999999999992
65977,1357165,14215.0979965046,13898.0611779199,4.29,-1.08,0.0999999999999996
65978,1357165,14216.3929377035,13900.9904644236,3.21,-1.08,0
65979,1357165,14226.5064626961,13918.5445508328,2.84,-0.37,0.71
65980,1357165,14228.9684843321,13920.133056251,2.93,0.0900000000000003,0.46
65981,1357165,14232.6153013629,13922.4859960173,4.34,1.41,1.32
65982,1357165,14235.2621846917,13924.1937748799,3.15,-1.19,-2.6
65983,1357165,14238.7661540508,13926.4545488028,4.16,1.01,2.2
65984,1357165,14241.8975925146,13928.587493301,3.8,-0.36,-1.37
65985,1357165,14244.1157612485,13930.1789163962,2.73,-1.07,-0.71
65986,1357165,14247.0733195603,13932.3008138564,3.64,0.91,1.98
65987,1357165,14248.6739761192,13933.4492034159,1.98,-1.66,-2.57
65988,1357165,14250.4046352413,13934.6908631935,2.13,0.15,1.81
65989,1357165,14251.7142480768,13935.6273020649,1.61,-0.52,-0.67
65990,1357165,14253.9550534953,13937.1514054329,2.71,1.1,1.62
65991,1357165,14256.0304858202,13938.5630288475,2.51,-0.2,-1.3
65992,1357165,14257.5601869362,13939.6034684161,1.85,-0.66,-0.46
65993,1357165,14259.2469924911,13940.7507639404,2.05,0.2,0.859999999999999
65994,1357165,14260.6692010962,13941.7180915392,1.72,-0.33,-0.53
65995,1357165,14262.0417977732,13942.6516751521,1.65,-0.0700000000000001,0.26
65996,1357165,14263.2820959753,13943.4952748023,1.5,-0.15,-0.0799999999999998
65997,1357165,14264.9020267147,13944.5430342772,1.93,0.43,0.58
65998,1357165,14267.5691478951,13946.1425856545,3.11,1.18,0.75
65999,1357165,14270.9137693111,13948.1484539412,3.9,0.79,-0.39
66000,1357165,14273.5723145393,13949.7428620665,3.1,-0.8,-1.59
66001,1357165,14276.2394357197,13951.3424134438,3.11,0.00999999999999979,0.81
66002,1357165,14278.3148161881,13952.587080432,2.42,-0.69,-0.7
66003,1357165,14280.0090288905,13953.4862457587,1.92,-0.5,0.19
66004,1357165,14281.5677330331,13954.2368064796,1.72,-0.2,0.3
66005,1357165,14283.0453485209,13954.9483206891,1.64,-0.0800000000000001,0.12
66006,1357165,14284.3878162507,13955.5947573793,1.5,-0.14,-0.0599999999999998
66007,1357165,14285.7122642794,13956.232517067,1.47,-0.03,0.11
66008,1357165,14286.4240424717,13956.5752586679,0.79,-0.68,-0.65
66009,1357165,14287.2439388704,13956.9700622841,0.91,0.12,0.8
66010,1357165,14287.9016579595,13957.2867728773,0.73,-0.18,-0.3
66011,1357165,14288.667495255,13957.6555454858,0.85,0.12,0.3
66012,1357165,14289.3252143441,13957.9722560791,0.73,-0.12,-0.24
66013,1357165,14290.2261993976,13958.4061062068,1,0.27,0.39
66014,1357165,14291.2353026576,13958.8920183498,1.12,0.12,-0.15
66015,1357165,14292.8210363518,13959.6555945745,1.76,0.64,0.52
66016,1357165,14294.1454843805,13960.2933542622,1.47,-0.29,-0.93
66017,1357165,14296.0668573257,13961.0272165494,2.06,0.59,0.88
66018,1357165,14298.2637252497,13961.7729854979,2.32,0.26,-0.33
66019,1357165,14300.8109557306,13962.6376917356,2.68,0.36,0.100000000000001
66020,1357165,14301.8052278513,13962.9752164752,1.05,-1.63,-1.99
66021,1357165,14303.1403932706,13963.4284639827,1.41,0.36,1.99
66022,1357165,14305.2425686117,13964.1420877179,2.22,0.81,0.45
66023,1357165,14309.3048804194,13965.5211173684,4.29,2.07,1.26
66024,1357165,14312.458143431,13966.5915529712,3.32,-0.97,-3.04
66025,1357165,14314.333056573,13967.2280281945,1.99,-1.33,-0.36
66026,1357165,14315.8481378999,13967.7423516073,1.6,-0.39,0.94
66027,1357165,14317.4105655183,13968.2727476267,1.65,0.0499999999999998,0.44
66028,1357165,14318.3466833674,13968.558593914,0.97,-0.68,-0.73
66029,1357165,14318.7568986974,13968.648723726,0.43,-0.54,0.14
66030,1357165,14319.0010744891,13968.7023724236,0.24,-0.19,0.35
66031,1357165,14319.2159491857,13968.7495832775,0.23,-0.00999999999999998,0.18
66032,1357165,14319.4796590408,13968.8075238709,0.26,0.03,0.04
66033,1357165,14319.8508062441,13968.8890698912,0.38,0.12,0.09
66034,1357165,14319.9582435925,13968.9126753182,0.11,-0.27,-0.39
66035,1357165,14320.4172940808,13969.0135348697,0.47,0.36,0.63
66036,1357165,14320.7200720625,13969.0800592547,0.31,-0.16,-0.52
66037,1357165,14321.0814522342,13969.1594593272,0.37,0.06,0.22
66038,1357165,14321.5307356909,13969.2581729308,0.46,0.09,0.03
66039,1357165,14322.351166351,13969.4384325548,0.84,0.38,0.29
66040,1357165,14322.9567223144,13969.5714813248,0.61,-0.23,-0.61
66041,1357165,14324.0213287661,13969.8053896464,1.09,0.48,0.71
66042,1357165,14324.9198956795,13970.0028168536,0.92,-0.17,-0.65
66043,1357165,14325.3594121045,13970.0993845093,0.46,-0.46,-0.29
66044,1357165,14326.1114735429,13970.2646224979,0.77,0.31,0.77
66045,1357165,14327.1760799947,13970.4985308195,1.09,0.32,0.0100000000000001
66046,1357165,14328.0551128447,13970.6916661309,0.9,-0.19,-0.51
66047,1357165,14329.2076225815,13970.9448879836,1.18,0.28,0.47
66048,1357165,14329.8522466715,13971.0865205453,0.66,-0.52,-0.8
66049,1357165,14331.571244245,13971.4642073765,1.76,1.1,1.62
66050,1357165,14332.6553847601,13971.7024075938,1.11,-0.65,-1.75
66051,1357165,14333.8567296552,13971.9663591861,1.23,0.12,0.77
66052,1357165,14334.9897053286,13972.215289143,1.17,-0.0600000000000001,-0.18
66053,1357165,14336.4547600787,13972.5371813286,1.5,0.33,0.39
66054,1357165,14338.6523422039,13973.0200196071,2.24,0.74,0.41
66055,1357165,14340.3615727457,13973.3955604904,1.75,-0.49,-1.23
66056,1357165,14341.7362931767,13973.6567419041,1.4,-0.35,0.14
66057,1357165,14343.6041409355,13973.945263567,1.9,0.5,0.85
66058,1357165,14345.1359737535,13974.181881862,1.55,-0.35,-0.85
66059,1357165,14345.9463627282,13974.3070605729,0.82,-0.73,-0.38
66060,1357165,14347.3398364531,13974.5223068928,1.41,0.59,1.32
66061,1357165,14348.8519036864,13974.7558720485,1.53,0.12,-0.47
66062,1357165,14350.0378387713,13974.9390604059,1.2,-0.33,-0.45
66063,1357165,14350.8877589155,13975.0703453953,0.86,-0.34,-0.0099999999999999
66064,1357165,14352.3800605641,13975.3008574117,1.51,0.65,0.99
66065,1357165,14353.3485742168,13975.4504612369,0.99,-0.52,-1.17
66066,1357165,14354.8112274883,13975.6763935444,1.48,0.49,1.01
66067,1357165,14355.9279830266,13975.8488959143,1.13,-0.35,-0.84
66068,1357165,14357.0052073954,13976.0152920056,1.09,-0.0399999999999998,0.31
66069,1357165,14358.418446705,13976.2335914648,1.43,0.34,0.38
66070,1357165,14359.6834441289,13976.4289923793,1.28,-0.15,-0.49
66071,1357165,14360.4345363494,13976.5450116723,0.76,-0.52,-0.37
66072,1357165,14361.5875773657,13976.6600702944,1.17,0.41,0.93
66073,1357165,14362.3362299502,13976.7050070029,0.75,-0.42,-0.83
66074,1357165,14363.613930361,13976.7816989853,1.28,0.53,0.95
66075,1357165,14364.9714870475,13976.8631842167,1.36,0.0800000000000001,-0.45
66076,1357165,14364.9714870475,13976.8631842167,0,-1.36,-1.44
66077,1357165,14366.3889359408,13976.9482643847,1.43,1.43,2.79
66078,1357165,14368.5151092807,13977.0758846368,2.12,0.69,-0.74
66079,1357165,14370.2719473456,13977.1813361127,1.76,-0.36,-1.05
66080,1357165,14370.4915521037,13977.1945175471,0.22,-1.54,-1.18
66081,1357165,14372.4480308577,13977.3119521453,1.97,1.75,3.29
66082,1357165,14373.0768990287,13977.3496989804,0.62,-1.35,-3.1
66083,1357165,14373.5760007517,13977.379656786,0.51,-0.11,1.24
66084,1357165,14373.7756414409,13977.3916399083,0.2,-0.31,-0.2
66085,1357165,14373.9054078888,13977.3994289378,0.13,-0.07,0.24
66086,1357165,14373.9353539922,13977.4012264061,0.02,-0.11,-0.04
66087,1357165,14374.7139526801,13977.4479605829,0.79,0.77,0.88
66088,1357165,14377.0697128125,13977.5893614256,2.36,1.57,0.8
66089,1357165,14380.53347877,13977.7972685967,3.47,1.11,-0.46
66090,1357165,14383.2885202809,13977.9626356839,2.76,-0.71,-1.82
66091,1357165,14384.9355559667,13978.0614964425,1.65,-1.11,-0.399999999999999
66092,1357165,14385.594370241,13978.101040746,0.66,-0.99,0.12
66093,1357165,14386.6524658937,13978.164551294,1.06,0.4,1.39
66094,1357165,14388.698782958,13978.2873782971,2.05,0.99,0.59
66095,1357165,14391.154363435,13978.4347707009,2.46,0.41,-0.58
66096,1357165,14392.4819740181,13978.5144584639,1.33,-1.13,-1.54
66097,1357165,14393.9193869803,13978.6007369442,1.44,0.11,1.24
66098,1357165,14394.8876443229,13978.6588550871,0.97,-0.47,-0.58
66099,1357165,14396.215254906,13978.7385428502,1.33,0.36,0.83
66100,1357165,14397.3631888689,13978.8074458031,1.15,-0.18,-0.54
66101,1357165,14399.1399910027,13978.9140955913,1.78,0.63,0.81
66102,1357165,14399.9585178284,13978.9632263925,0.83,-0.95,-1.58
66103,1357165,14401.3560026527,13979.0471082483,1.4,0.57,1.52
66104,1357165,14402.1246193061,13979.093243269,0.77,-0.63,-1.2
66105,1357165,14403.512122096,13979.1765259687,1.38,0.61,1.24
66106,1357165,14403.9213855088,13979.2010913693,0.42,-0.96,-1.57
66107,1357165,14404.9694991271,13979.2640027612,1.05,0.63,1.59
