"V1","V2","V3","V4","V5","acceleration","jerk"
76123,1360330,13414.4389630955,13366.3698666323,13.57,-0.0199999999999996,0
76124,1360330,13427.7529588708,13368.8878055701,13.55,-0.0199999999999996,0
76125,1360330,13440.1950574755,13367.885339171,12.89,-0.66,-0.640000000000001
76126,1360330,13463.5683932483,13370.4040815187,13.46,0.57,1.23
76127,1360330,13476.9416837952,13371.2497173444,13.39,-0.0700000000000003,-0.640000000000001
76128,1360330,13490.5445158962,13372.1098678149,13.63,0.24,0.31
76129,1360330,13504.1573280648,13372.9706493569,13.64,0.00999999999999979,-0.23
76130,1360330,13517.2012763817,13373.7954598227,13.07,-0.57,-0.58
76131,1360330,13530.9185383173,13373.4134907612,13.76,0.69,1.26
76132,1360330,13544.7054223449,13372.202116001,13.85,0.0899999999999999,-0.6
76133,1360330,13567.5418657485,13362.2694917221,13.45,-0.4,-0.49
76134,1360330,13578.6326070442,13354.3638065834,13.62,0.17,0.57
76135,1360330,13589.3976290654,13346.6903001566,13.22,-0.399999999999999,-0.569999999999999
76136,1360330,13600.0975072318,13339.0632294722,13.14,-0.0800000000000001,0.319999999999999
76137,1360330,13611.1475336182,13331.1865666726,13.56,0.42,0.5
76138,1360330,13621.822982839,13323.5769093915,13.12,-0.440000000000001,-0.860000000000001
76139,1360330,13632.5554329328,13315.9266208359,13.18,0.0600000000000005,0.500000000000002
76140,1360330,13643.1208661179,13308.4213156044,12.96,-0.219999999999999,-0.279999999999999
76141,1360330,13654.1384470361,13300.8117814063,13.39,0.43,0.649999999999999
76142,1360330,13665.0490611492,13293.276126181,13.26,-0.130000000000001,-0.56
76143,1360330,13676.4615964244,13285.3938080834,13.87,0.609999999999999,0.74
76144,1360330,13687.7260238157,13277.6137839481,13.69,-0.18,-0.789999999999999
76186,1360330,14217.6430065667,13276.9390426362,13.62,-0.00166666666666667,0.00424603174603174
76187,1360330,14232.3899581268,13279.4335919256,13.74,0.120000000000001,0.121666666666668
76188,1360330,14245.2561259761,13281.3627950959,13.01,-0.73,-0.850000000000001
76189,1360330,14258.2904143893,13283.3172069163,13.18,0.17,0.9
76190,1360330,14271.0774666792,13285.2345471923,12.93,-0.25,-0.42
76191,1360330,14283.8249611894,13287.1459560212,12.9,-0.0299999999999994,0.220000000000001
76192,1360330,14297.3537218489,13289.1745109304,13.68,0.779999999999999,0.809999999999999
76193,1360330,14310.9418191779,13291.2119630103,13.74,0.0600000000000005,-0.719999999999999
76194,1360330,14323.8397172261,13293.439610555,13.09,-0.65,-0.710000000000001
76195,1360330,14337.4588471147,13295.9023125418,13.84,0.75,1.4
76196,1360330,14350.2120207677,13298.208426541,12.96,-0.879999999999999,-1.63
76197,1360330,14363.545778715,13300.6195256683,13.55,0.59,1.47
76198,1360330,14376.2103886621,13302.909624987,12.87,-0.680000000000001,-1.27
76199,1360330,14389.1013280798,13305.2406507115,13.1,0.23,0.910000000000002
76200,1360330,14402.0316291446,13307.5787940718,13.13,0.0300000000000011,-0.199999999999999
