"V1","V2","V3","V4","V5","acceleration","jerk"
69193,1360711,14348.8449830189,14272.3296072194,19.07,-0.25,0
69194,1360711,14350.1725449812,14253.5564886922,18.82,-0.25,0
69195,1360711,14351.4895259503,14234.9329965082,18.68,-0.140000000000001,0.109999999999999
69196,1360711,14353.2889487718,14215.9309124722,19.08,0.399999999999999,0.539999999999999
69197,1360711,14355.2908692545,14197.3283208683,18.71,-0.369999999999997,-0.769999999999996
69198,1360711,14357.3173991285,14178.4970496242,18.95,0.239999999999998,0.609999999999996
69199,1360711,14359.2996505818,14159.9125171077,18.69,-0.259999999999998,-0.499999999999996
69200,1360711,14361.2280901739,14140.7694055336,19.24,0.549999999999997,0.809999999999995
69201,1360711,14363.131472079,14121.8750350142,18.99,-0.25,-0.799999999999997
69202,1360711,14365.0328493691,14103.0005637792,18.97,-0.0199999999999996,0.23
69203,1360711,14366.9532705014,14083.9370493426,19.17,0.200000000000003,0.220000000000002
69204,1360711,14368.8245785671,14065.3610673733,18.67,-0.5,-0.700000000000003
69205,1360711,14370.283168229,14046.0396686168,19.38,0.709999999999997,1.21
69206,1360711,14371.4473024391,14026.7948461561,19.28,-0.0999999999999979,-0.809999999999995
69207,1360711,14372.5957377439,14007.8095493096,19.02,-0.260000000000002,-0.160000000000004
69208,1360711,14372.4037108443,13985.7444628956,18.83,-0.190000000000001,0.0700000000000003
69209,1360711,14371.931245938,13965.2999214013,20.45,1.62,1.81
69210,1360711,14371.4257431433,13943.425761602,21.88,1.43,-0.190000000000001
69211,1360711,14370.9174679385,13921.4316338331,22,0.120000000000001,-1.31
69212,1360711,14370.507613296,13903.6963689867,17.74,-4.26,-4.38
69213,1360711,14370.1735378659,13889.240228644,14.47,-3.27,0.990000000000004
69214,1360711,14365.7495799117,13867.0441310155,12.89,-1.58,1.69
69215,1360711,14358.2343007785,13857.5715732574,13.35,0.459999999999999,2.04
69216,1360711,14347.061428193,13850.0518560944,13.74,0.390000000000001,-0.0699999999999985
69217,1360711,14337.8973983866,13849.3813416958,9.24,-4.5,-4.89
69218,1360711,14333.9411702843,13849.4730523199,5.89,-3.35,1.15
69219,1360711,14330.3123184281,13849.5643441905,3.62,-2.27,1.08
69220,1360711,14306.5747580923,13847.4533578839,5.81,2.19,4.46
69221,1360711,14299.0314146752,13848.0177682388,7.66,1.85,-0.339999999999999
69222,1360711,14289.1817918197,13847.9315730818,9.85,2.19,0.339999999999999
69223,1360711,14277.4022428616,13847.8284889245,11.78,1.93,-0.26
69224,1360711,14264.5127364041,13847.7156914043,12.89,1.11,-0.819999999999999
69225,1360711,14250.9132571316,13847.5966808322,13.61,0.719999999999999,-0.390000000000002
69226,1360711,14237.5339326386,13847.4839021765,13.38,-0.229999999999999,-0.949999999999998
69227,1360711,14224.3244670932,13849.7306376726,13.47,0.0899999999999999,0.319999999999999
69228,1360711,14215.4858312886,13854.0486110305,9.93,-3.54,-3.63
69229,1360711,14210.5649520107,13857.2120658347,5.84,-4.09,-0.549999999999999
69230,1360711,14208.1210900323,13859.5278199355,3.49,-2.35,1.74
69231,1360711,14207.2624399289,13861.2451201422,1.92,-1.57,0.779999999999999
69232,1360711,14207.0075281795,13861.7549436411,0.57,-1.35,0.22
69233,1360711,14206.8957247806,13861.9785504388,0.25,-0.32,1.03
69234,1360711,14206.8241706053,13862.1216587894,0.16,-0.09,0.23
69235,1360711,14206.8107541974,13862.1484916051,0.03,-0.13,-0.04
69236,1360711,14203.9373579822,13876.6557694635,2.35,2.32,2.45
69237,1360711,14205.0189085086,13880.3507320423,3.86,1.51,-0.81
69238,1360711,14206.8054831555,13885.7583314851,5.7,1.84,0.330000000000001
69239,1360711,14209.5382085119,13892.817871989,7.57,1.87,0.0299999999999998
69240,1360711,14213.0931884654,13901.783850038,9.65,2.08,0.21
69241,1360711,14233.6320406733,13923.1419999614,11.5,1.85,-0.23
69242,1360711,14244.3676412146,13930.3596274436,12.94,1.44,-0.41
69243,1360711,14255.4186053738,13938.1468530201,13.51,0.57,-0.869999999999999
69244,1360711,14268.7002600504,13942.9829445004,13.79,0.279999999999999,-0.290000000000001
69245,1360711,14280.582982158,13950.0979578745,13.85,0.0600000000000005,-0.219999999999999
69246,1360711,14292.5922463095,13955.8814481629,13.33,-0.52,-0.58
69247,1360711,14305.3873726109,13960.7200188186,13.7,0.369999999999999,0.889999999999999
69248,1360711,14317.8607613779,13964.9465389793,13.17,-0.529999999999999,-0.899999999999999
69249,1360711,14331.008567201,13967.9767398905,13.5,0.33,0.859999999999999
69250,1360711,14343.7304190094,13970.6357504033,13,-0.5,-0.83
69251,1360711,14356.4405791708,13972.5931539569,12.85,-0.15,0.35
69252,1360711,14369.8067958521,13973.8631802012,13.44,0.59,0.74
69253,1360711,14383.6518997777,13974.6938409567,13.87,0.43,-0.16
69254,1360711,14397.4371114007,13975.5209083707,13.81,-0.0599999999999987,-0.489999999999998
