"V1","V2","V3","V4","V5","acceleration","jerk"
27677,1362066,14397.887663925,13319.8501596266,13.24,0.65,0
27678,1362066,14384.197286132,13317.5636872598,13.89,0.65,0
27679,1362066,14370.6351323384,13315.29862998,13.75,-0.140000000000001,-0.790000000000001
27680,1362066,14357.2998363902,13313.0714609311,13.52,-0.23,-0.0899999999999999
27681,1362066,14343.915223519,13310.8360553102,13.57,0.0500000000000007,0.280000000000001
27682,1362066,14330.412250033,13308.5808819168,13.69,0.119999999999999,0.0699999999999985
27683,1362066,14317.5010796216,13306.4245473864,13.08,-0.609999999999999,-0.729999999999999
27684,1362066,14304.7773135171,13304.2995118293,12.91,-0.17,0.44
27685,1362066,14291.5011978763,13302.0822266667,13.45,0.539999999999999,0.709999999999999
27686,1362066,14278.4913936191,13299.9094189925,13.19,-0.26,-0.799999999999999
27687,1362066,14265.7676275146,13297.7843834355,12.9,-0.289999999999999,-0.0299999999999994
27688,1362066,14252.2942441823,13295.5341519851,13.66,0.76,1.05
27689,1362066,14238.7320903888,13293.2690947053,13.75,0.0899999999999999,-0.67
27690,1362066,14222.2125069126,13290.3091745325,13.49,-0.26,-0.35
27691,1362066,14209.0375400259,13287.9191227474,13.4,-0.0899999999999999,0.17
27692,1362066,14195.7051426163,13285.5005117176,13.55,0.15,0.24
27693,1362066,14182.8450367755,13283.1675784218,13.07,-0.48,-0.630000000000001
27694,1362066,14170.0636461961,13280.8489247483,12.99,-0.0800000000000001,0.4
27695,1362066,14156.7115699712,13278.426743813,13.57,0.58,0.66
27696,1362066,14143.9203399842,13276.1063051867,13,-0.57,-1.15
27729,1362066,13727.4772354249,13276.5721447564,13.01,0.000303030303030297,0.0172819100091827
27730,1362066,13716.6591696583,13284.5472776035,13.44,0.43,0.429696969696969
27731,1362066,13700.6708459381,13295.6422986254,13.61,0.17,-0.26
27732,1362066,13688.9264610076,13303.0398538029,13.89,0.280000000000001,0.110000000000001
27733,1362066,13677.9520609681,13309.9524107663,12.96,-0.93,-1.21
27734,1362066,13666.9184313216,13316.9022752847,13.04,0.0799999999999983,1.01
27735,1362066,13655.5125012882,13324.086644434,13.48,0.440000000000001,0.360000000000003
27736,1362066,13644.2025649469,13331.8652364597,13.73,0.25,-0.190000000000001
27737,1362066,13633.3358394736,13339.5336311736,13.29,-0.440000000000001,-0.690000000000001
27738,1362066,13622.5426482328,13347.1501344947,13.21,-0.0799999999999983,0.360000000000003
27739,1362066,13611.6514113487,13354.8358263395,13.33,0.119999999999999,0.199999999999998
27740,1362066,13590.0944953123,13371.9754785815,13.19,-0.140000000000001,-0.26
27741,1362066,13578.6530823079,13379.6980353587,13.51,0.32,0.460000000000001
27742,1362066,13571.4503974096,13387.3898675301,11.93,-1.58,-1.9
27743,1362066,13554.3049522258,13393.9849671128,11.64,-0.289999999999999,1.29
27744,1362066,13544.233208232,13394.9720704118,10.12,-1.52,-1.23
27745,1362066,13534.8282694235,13395.8938220101,9.45,-0.67,0.850000000000001
27746,1362066,13525.7019954686,13396.78826245,9.17,-0.279999999999999,0.390000000000001
27747,1362066,13515.839250115,13397.7548823801,9.91,0.74,1.02
27748,1362066,13505.956600129,13398.7234531073,9.93,0.0199999999999996,-0.720000000000001
27749,1362066,13493.265750154,13396.5824192485,9.47,-0.459999999999999,-0.479999999999999
27750,1362066,13485.3331217817,13395.0997503352,8.07,-1.4,-0.940000000000001
27751,1362066,13478.1770456292,13393.762224971,7.29,-0.78,0.62
27752,1362066,13469.5858223363,13392.15645963,8.74,1.45,2.23
27753,1362066,13460.4244720971,13390.4441332022,9.32,0.58,-0.87
27754,1362066,13452.5409925994,13388.9706505895,8.02,-1.3,-1.88
27755,1362066,13448.0251555288,13397.4382454632,6.25,-1.77,-0.469999999999999
27756,1362066,13447.2733826576,13403.2493518623,5.86,-0.39,1.38
27757,1362066,13446.4647490776,13408.8209774539,5.64,-0.220000000000001,0.169999999999999
27758,1362066,13435.0322657311,13417.7269916217,7.63,1.99,2.21
27759,1362066,13425.7981464489,13418.0565990891,9.24,1.61,-0.38
27760,1362066,13415.4347463455,13418.4265156949,10.37,1.13,-0.480000000000001
27761,1362066,13409.2486859173,13418.6473241607,6.19,-4.18,-5.31
27762,1362066,13405.6209961993,13418.7768128086,3.63,-2.56,1.62
