"V1","V2","V3","V4","V5","acceleration","jerk"
51885,1362292,13416.6174531248,13753.169084048,13.61,-0.459999999999999,0
51886,1362292,13439.2141906997,13756.2329711763,13.15,-0.459999999999999,0
51887,1362292,13452.0933759064,13756.6747287328,12.89,-0.26,0.199999999999999
51888,1362292,13464.9693558836,13756.9965044723,12.88,-0.00999999999999979,0.25
51889,1362292,13478.0652546108,13757.3242795129,13.11,0.229999999999999,0.239999999999998
51890,1362292,13491.7909535239,13757.6679208199,13.73,0.620000000000001,0.390000000000002
51891,1362292,13505.2767276198,13758.0055552869,13.49,-0.24,-0.860000000000001
51892,1362292,13519.0024265329,13758.3491965939,13.73,0.24,0.48
51893,1362292,13532.6855854515,13758.7647831992,13.69,-0.0400000000000009,-0.280000000000001
51894,1362292,13545.7632963671,13758.8486342519,13.09,-0.6,-0.559999999999999
51895,1362292,13558.6922712194,13758.3145843781,12.94,-0.15,0.449999999999999
51896,1362292,13572.5146903621,13757.8609764649,13.83,0.890000000000001,1.04
51897,1362292,13585.2472135473,13757.4245722738,12.75,-1.08,-1.97
51898,1362292,13594.7715689385,13757.0966174254,9.53,-3.22,-2.14
51899,1362292,13600.2583172173,13756.9076906554,5.48,-4.05,-0.829999999999998
51900,1362292,13603.5563626309,13756.794128116,3.3,-2.18,1.87
51901,1362292,13605.6950951111,13756.7204845299,2.14,-1.16,1.02
51902,1362292,13606.2347752697,13756.7019015689,0.55,-1.59,-0.43
51903,1362292,13606.2847456548,13756.7001809244,0.05,-0.5,1.09
51904,1362292,13612.8496459257,13765.139974229,2.09,2.04,2.54
51905,1362292,13612.8267474922,13769.7399172353,4.59,2.5,0.46
51906,1362292,13612.7935945429,13776.3998347184,6.66,2.07,-0.43
51907,1362292,13612.749539948,13785.2497250676,8.86,2.2,0.129999999999999
51908,1362292,13612.6984167062,13795.5195978231,10.27,1.41,-0.789999999999999
51909,1362292,13612.6414195185,13806.9694559585,11.45,1.18,-0.23
51910,1362292,13612.1541243893,13819.7270060769,12.79,1.34,0.16
51911,1362292,13610.3655118011,13832.7214203178,13.13,0.340000000000002,-0.999999999999998
51912,1362292,13607.5637371406,13845.6585054025,13.26,0.129999999999999,-0.210000000000003
51913,1362292,13602.966540091,13858.7257561715,13.85,0.59,0.460000000000001
51914,1362292,13600.8158067842,13870.1131744223,11.62,-2.23,-2.82
51915,1362292,13599.6414257947,13878.4609721263,8.43,-3.19,-0.959999999999999
51916,1362292,13598.9521143793,13883.3627421915,4.95,-3.48,-0.29
51917,1362292,13598.6596799574,13885.9049151873,2.56,-2.39,1.09
51918,1362292,13603.6682941469,13894.8465915439,4.62,2.06,4.45
51919,1362292,13610.4526163321,13894.5689722217,6.78,2.16,0.1
51920,1362292,13619.0254417148,13894.2181660679,8.59,1.81,-0.350000000000001
51921,1362292,13629.1078644208,13893.1516058036,10.16,1.57,-0.239999999999999
51922,1362292,13636.8293140513,13891.578832583,7.88,-2.28,-3.85
51923,1362292,13642.2614634615,13890.1060934103,5.63,-2.25,0.0300000000000002
51924,1362292,13654.3891325089,13889.8279282905,7.44,1.81,4.06
51925,1362292,13658.3814214773,13890.0761797619,3.99,-3.45,-5.26
51926,1362292,13660.8666213601,13890.2307163029,2.5,-1.49,1.96
51927,1362292,13661.7050020435,13890.2828491118,0.83,-1.67,-0.18
51928,1362292,13661.7748671004,13890.2871935126,0.07,-0.76,0.91
51929,1362292,13661.8048092677,13890.2890553986,0.03,-0.04,0.72
51930,1362292,13661.8147899901,13890.2896760273,0.01,-0.02,0.02
51931,1362292,13661.8147899901,13890.2896760273,0,-0.01,0.01
51932,1362292,13661.8147899901,13890.2896760273,0,0,0.01
51933,1362292,13661.8147899901,13890.2896760273,0,0,0
51934,1362292,13661.8147899901,13890.2896760273,0,0,0
51935,1362292,13661.8147899901,13890.2896760273,0,0,0
51936,1362292,13674.4947845734,13900.9383528218,1.91,1.91,1.91
51937,1362292,13675.6567596049,13904.3562343333,3.62,1.71,-0.2
51938,1362292,13677.5848012776,13910.0274560102,5.99,2.37,0.66
51939,1362292,13677.6610013461,13926.5418464217,7.84,1.85,-0.52
51940,1362292,13674.0626541153,13935.3987926904,9.57,1.73,-0.119999999999999
51941,1362292,13669.6926947691,13946.1549795292,11.61,2.04,0.309999999999999
51942,1362292,13664.6565142306,13958.5509984702,13.37,1.76,-0.279999999999999
51943,1362292,13660.1284684998,13969.6962980112,12.03,-1.34,-3.1
51944,1362292,13657.0382560767,13977.30252488,8.21,-3.82,-2.48
51945,1362292,13655.0584123075,13982.1756982455,5.26,-2.95,0.869999999999997
51946,1362292,13654.0571985382,13984.6400786926,2.66,-2.6,0.350000000000001
51947,1362292,13653.3564611139,13992.9241766358,4.73,2.07,4.67
51948,1362292,13654.4582633629,13999.7457696905,6.91,2.18,0.109999999999999
51949,1362292,13655.8534543439,14008.3838216773,8.75,1.84,-0.34
51950,1362292,13657.4559308421,14018.3052413878,10.05,1.3,-0.539999999999999
51951,1362292,13659.2864214092,14029.6383655945,11.48,1.43,0.129999999999999
51952,1362292,13663.9913473509,14045.6461844254,12.75,1.27,-0.16
51953,1362292,13664.7656579118,14059.9652641149,14.34,1.59,0.32
51954,1362292,13665.6258229909,14075.8720241884,15.94,1.6,0.00999999999999979
51955,1362292,13666.2818811022,14088.0042988208,12.15,-3.79,-5.39
51956,1362292,13666.7856689357,14097.3206874891,9.33,-2.82,0.969999999999999
51957,1362292,13667.0648311114,14102.4831450898,5.17,-4.16,-1.34
51958,1362292,13667.2559789068,14106.0179806617,3.55,-1.62,2.54
51959,1362292,13667.3040358384,14106.9066822603,0.89,-2.66,-1.04
51960,1362292,13667.3245545283,14107.2861278867,0.38,-0.51,2.15
51961,1362292,13667.3348138732,14107.4758506999,0.19,-0.19,0.32
51962,1362292,13667.339673563,14107.5657194008,0.1,-0.09,0.1
51963,1362292,13667.3434533216,14107.6356172794,0.07,-0.03,0.06
51964,1362292,13667.3445332527,14107.6555881018,0.01,-0.06,-0.03
51965,1362292,13667.3445332527,14107.6555881018,0,-0.01,0.05
51966,1362292,13667.3445332527,14107.6555881018,0,0,0.01
51967,1362292,13667.3666718391,14108.0649899618,0.42,0.42,0.42
51968,1362292,13667.4795246336,14110.1519409068,2.09,1.67,1.25
51969,1362292,13667.6183866057,14113.3386718677,3.19,1.1,-0.57
51970,1362292,13667.7180188452,14116.7872329324,3.45,0.26,-0.84
51971,1362292,13667.876275272,14122.2649473192,5.48,2.03,1.77
51972,1362292,13671.296956184,14139.0048405726,7.11,1.63,-0.4
51973,1362292,13674.4319454372,14146.7863825278,8.4,1.29,-0.34
51974,1362292,13677.5267171738,14156.7969039551,10.48,2.08,0.79
51975,1362292,13681.0595401042,14168.8498190441,12.56,2.08,0
51976,1362292,13684.9270811306,14182.0446902601,13.75,1.19,-0.890000000000001
51977,1362292,13689.0505830541,14196.112822044,14.66,0.91,-0.279999999999999
51978,1362292,13694.1568961526,14221.8118242204,16.33,1.67,0.759999999999998
51979,1362292,13703.1854476403,14250.2274719049,17.81,1.48,-0.189999999999998
