"V1","V2","V3","V4","V5","acceleration","jerk"
56098,1363226,13474.47,14120.73,0,2.44,0
56099,1363226,13474.9185436828,14123.1284179295,2.44,2.44,0
56100,1363226,13475.7108483027,14127.3649676329,4.31,1.87,-0.57
56101,1363226,13476.8781648541,14133.6067519987,6.35,2.04,0.17
56102,1363226,13478.277106422,14141.0870636559,7.6,1.25,-0.79
56103,1363226,13479.9095113002,14149.8157321863,8.88,1.28,0.0300000000000011
56104,1363226,13484.0222183459,14169.9380692488,11.11,2.23,0.949999999999998
56105,1363226,13486.5805805427,14182.1530265909,12.47,1.36,-0.869999999999997
56106,1363226,13489.2824406191,14195.0531177584,13.18,0.709999999999999,-0.650000000000002
56107,1363226,13491.9228576117,14207.7821425147,13,-0.18,-0.889999999999999
56108,1363226,13494.6495482973,14220.9528546406,13.45,0.449999999999999,0.629999999999999
56109,1363226,13497.1560330121,14232.6880936061,12,-1.45,-1.9
56110,1363226,13498.928132841,14240.9092712709,8.41,-3.59,-2.14
56111,1363226,13500.137627849,14246.5203960981,5.74,-2.67,0.92
56112,1363226,13500.6665185232,14248.9740412751,2.51,-3.23,-0.56
56113,1363226,13500.8287678536,14249.7267531421,0.77,-1.74,1.49
56114,1363226,13500.8814462076,14249.971140112,0.25,-0.52,1.22
56115,1363226,13500.9193746225,14250.1470987302,0.17,-0.08,0.44
56116,1363226,13500.9193746225,14250.1470987302,0,-0.17,-0.09
56117,1363226,13500.9193746225,14250.1470987302,0,0,0.17
56118,1363226,13500.9193746225,14250.1470987302,0,0,0
56119,1363226,13500.9193746225,14250.1470987302,0,0,0
56120,1363226,13500.9193746225,14250.1470987302,0,0,0
56121,1363226,13500.9193746225,14250.1470987302,0,0,0
56122,1363226,13500.9193746225,14250.1470987302,0,0,0
56123,1363226,13500.9193746225,14250.1470987302,0,0,0
56124,1363226,13500.9193746225,14250.1470987302,0,0,0
56125,1363226,13500.9193746225,14250.1470987302,0,0,0
56126,1363226,13500.9193746225,14250.1470987302,0,0,0
56127,1363226,13500.9193746225,14250.1470987302,0,0,0
56128,1363226,13500.9193746225,14250.1470987302,0,0,0
56129,1363226,13500.9193746225,14250.1470987302,0,0,0
56130,1363226,13500.9193746225,14250.1470987302,0,0,0
56131,1363226,13500.9193746225,14250.1470987302,0,0,0
56132,1363226,13500.9193746225,14250.1470987302,0,0,0
56133,1363226,13500.9193746225,14250.1470987302,0,0,0
56134,1363226,13500.9193746225,14250.1470987302,0,0,0
56135,1363226,13500.9193746225,14250.1470987302,0,0,0
56136,1363226,13500.9193746225,14250.1470987302,0,0,0
56137,1363226,13500.9193746225,14250.1470987302,0,0,0
56138,1363226,13500.9193746225,14250.1470987302,0,0,0
56139,1363226,13500.9193746225,14250.1470987302,0,0,0
56140,1363226,13500.9193746225,14250.1470987302,0,0,0
56141,1363226,13500.9193746225,14250.1470987302,0,0,0
56142,1363226,13500.9193746225,14250.1470987302,0,0,0
56143,1363226,13500.9193746225,14250.1470987302,0,0,0
56144,1363226,13500.9193746225,14250.1470987302,0,0,0
56145,1363226,13500.9193746225,14250.1470987302,0,0,0
56146,1363226,13500.9193746225,14250.1470987302,0,0,0
56147,1363226,13500.9193746225,14250.1470987302,0,0,0
56148,1363226,13500.9193746225,14250.1470987302,0,0,0
56149,1363226,13500.9193746225,14250.1470987302,0,0,0
56150,1363226,13500.9193746225,14250.1470987302,0,0,0
56151,1363226,13500.9193746225,14250.1470987302,0,0,0
56152,1363226,13500.9193746225,14250.1470987302,0,0,0
56153,1363226,13500.9193746225,14250.1470987302,0,0,0
56154,1363226,13500.9193746225,14250.1470987302,0,0,0
56155,1363226,13500.9193746225,14250.1470987302,0,0,0
56156,1363226,13500.9193746225,14250.1470987302,0,0,0
56157,1363226,13500.9193746225,14250.1470987302,0,0,0
56158,1363226,13500.9193746225,14250.1470987302,0,0,0
56159,1363226,13500.9193746225,14250.1470987302,0,0,0
56160,1363226,13507.2917879979,14252.4227480377,1.98,1.98,1.98
56161,1363226,13511.3043470798,14251.8733214147,4.05,2.07,0.0899999999999999
56162,1363226,13516.7733164952,14251.1244732767,5.52,1.47,-0.6
56163,1363226,13524.3030569946,14250.093450478,7.6,2.08,0.61
56164,1363226,13534.0719045372,14248.7558340575,9.86,2.26,0.18
56165,1363226,13545.3268850732,14247.2147262953,11.36,1.5,-0.76
56166,1363226,13558.1967967952,14245.4524912748,12.99,1.63,0.130000000000001
56167,1363226,13571.7899599073,14243.5912238013,13.72,0.73,-0.9
56168,1363226,13585.0759888675,14241.7720112052,13.41,-0.31,-1.04
56169,1363226,13598.7087821927,14239.9053172959,13.76,0.35,0.66
56170,1363226,13611.5786939148,14238.1430822755,12.99,-0.77,-1.12
56171,1363226,13624.3495301039,14236.3944133445,12.89,-0.0999999999999996,0.67
56172,1363226,13636.3321984439,14236.0909310534,12.02,-0.870000000000001,-0.770000000000001
56173,1363226,13663.1051767152,14236.0953978151,9.83,-2.19,-1.32
56174,1363226,13670.5386175117,14235.5989525259,7.45,-2.38,-0.19
56175,1363226,13677.4332585726,14235.1384911906,6.91,-0.54,1.84
56176,1363226,13680.6161681217,14234.9259193151,3.19,-3.72,-3.18
56177,1363226,13694.2536324683,14242.4019910032,4.89,1.7,5.42
56178,1363226,13698.357586447,14246.9689551743,6.15,1.26,-0.439999999999999
56179,1363226,13702.7034486008,14259.783877414,8.26,2.11,0.849999999999999
56180,1363226,13705.1822764534,14269.4201584641,9.95,1.69,-0.42
