"V1","V2","V3","V4","V5","acceleration","jerk"
36567,1363222,13405.1124481073,13500.9915883466,13.07,-2.31,0
36568,1363222,13415.6388483534,13503.1727343435,10.76,-2.31,0
36569,1363222,13423.2276485308,13504.7451884343,7.75,-3.01,-0.699999999999999
36570,1363222,13427.986560642,13505.7312693222,4.85,-2.9,0.109999999999999
36571,1363222,13444.5864181544,13509.7282510313,6.85,2,4.9
36572,1363222,13452.3557928606,13511.8731092258,8.06,1.21,-0.789999999999999
36573,1363222,13460.2601194848,13514.0552230216,8.2,0.139999999999999,-1.07
36574,1363222,13468.0873307273,13516.2160479024,8.13,-0.0699999999999985,-0.209999999999997
36575,1363222,13475.9338208153,13518.3821950119,8.14,0.00999999999999979,0.0799999999999983
36576,1363222,13483.250142654,13520.4019808303,7.58,-0.56,-0.57
36577,1363222,13490.8074500605,13522.4882945082,7.84,0.26,0.82
36578,1363222,13497.9117045996,13524.4495358101,7.37,-0.47,-0.73
36579,1363222,13505.2858629746,13526.4852883148,7.65,0.28,0.75
36580,1363222,13511.744276192,13528.2682349528,6.7,-0.95,-1.23
36581,1363222,13515.6964395041,13529.3592918508,4.1,-2.6,-1.65
36582,1363222,13530.6334876557,13533.7108466219,5.98,1.88,4.48
36583,1363222,13538.2580214798,13536.099692361,7.99,2.01,0.129999999999999
36584,1363222,13547.4379983744,13538.9758745899,9.63,1.64,-0.369999999999999
36585,1363222,13558.6505481158,13542.4888830297,11.74,2.11,0.469999999999999
36586,1363222,13571.1722263215,13547.1970542309,13.41,1.67,-0.44
36587,1363222,13583.4961203882,13552.7455733618,13.52,0.109999999999999,-1.56
36588,1363222,13595.9575114674,13557.9121807954,13.5,-0.0199999999999996,-0.129999999999999
36589,1363222,13608.4743275624,13563.1017679506,13.54,0.0399999999999991,0.0599999999999987
36590,1363222,13621.2036062185,13568.3794440392,13.78,0.24,0.200000000000001
36591,1363222,13631.5680841954,13572.676652001,11.23,-2.55,-2.79
36592,1363222,13638.5331611959,13575.5644370305,7.53,-3.7,-1.15
36593,1363222,13642.5237623421,13577.2189769944,4.32,-3.21,0.49
36594,1363222,13650.9836761803,13586.7355367138,6.45,2.13,5.34
36595,1363222,13648.9872240775,13594.6062786738,8.12,1.67,-0.460000000000001
36596,1363222,13646.5113284278,13604.3671618681,10.07,1.95,0.280000000000002
36597,1363222,13643.5043568493,13616.2217399679,12.23,2.16,0.209999999999999
36598,1363222,13640.0966196393,13629.656282279,13.86,1.63,-0.530000000000001
36599,1363222,13636.9224574906,13642.1699865529,12.91,-0.949999999999999,-2.58
36600,1363222,13633.7040390146,13654.8581654022,13.09,0.18,1.13
