"V1","V2","V3","V4","V5","acceleration","jerk"
22497,1367402,14400.3633734538,13320.2636355373,13.27,0.34,0
22498,1367402,14386.9393070444,13318.0216406589,13.61,0.34,0
22499,1367402,14374.1070437096,13315.8784846437,13.01,-0.6,-0.94
22500,1367402,14360.4363926857,13313.5953069056,13.86,0.85,1.45
22501,1367402,14346.7361515081,13311.3071872244,13.88,0.0200000000000014,-0.829999999999998
22502,1367402,14334.5449860874,13312.6129833325,11.16,-2.72,-2.74
22503,1367402,14323.093628894,13310.7002579392,11.61,0.449999999999999,3.17
22504,1367402,14311.0208802251,13308.6837412454,12.24,0.630000000000001,0.180000000000001
22505,1367402,14298.8692247021,13306.6540447039,12.32,0.0800000000000001,-0.550000000000001
22506,1367402,14286.520302044,13304.5913985433,12.51,0.19,0.109999999999999
22507,1367402,14273.6782115481,13302.4463783347,13.03,0.52,0.33
22508,1367402,14260.9051645495,13300.3128904928,12.95,-0.0800000000000001,-0.6
22509,1367402,14248.3589747562,13298.2172947129,12.71,-0.239999999999998,-0.159999999999998
22510,1367402,14232.04558846,13295.6414058109,13.84,1.13,1.37
22511,1367402,14216.2899828044,13293.6576491667,15.88,2.04,0.910000000000002
22512,1367402,14198.976675582,13291.4777654486,17.44,1.56,-0.48
22513,1367402,14180.6215934265,13289.1667139423,18.5,1.06,-0.500000000000002
22514,1367402,14160.5699063799,13286.6420463239,20.21,1.71,0.650000000000002
22515,1367402,14139.2340574058,13284.607542011,21.44,1.23,-0.48
22516,1367402,14118.8730511258,13290.107285281,21.35,-0.0899999999999999,-1.32
22517,1367402,14102.0102367652,13303.7669433817,22.04,0.689999999999998,0.779999999999998
22518,1367402,14093.7943796976,13323.6953674634,22.04,0,-0.689999999999998
22519,1367402,14095.9513965478,13345.0309207006,21.84,-0.199999999999999,-0.199999999999999
22520,1367402,14106.0459371502,13359.220433055,17.66,-4.18,-3.98
22521,1367402,14114.65,13365.22,13.52,-4.14,0.0399999999999991
22522,1367402,14143.9756988232,13377.1777444648,13.64,0.120000000000001,4.26
22523,1367402,14156.7148599278,13381.1362005211,13.34,-0.300000000000001,-0.420000000000002
22524,1367402,14169.3871738602,13385.0738850689,13.27,-0.0700000000000003,0.23
22525,1367402,14182.3140570872,13388.6193057385,13.42,0.15,0.220000000000001
22526,1367402,14195.0025247047,13391.7542203336,13.06,-0.359999999999999,-0.51
22527,1367402,14207.6230357245,13394.8723450265,13.01,-0.0500000000000007,0.309999999999999
22528,1367402,14229.411258016,13400.3237923127,12.97,-0.0399999999999991,0.0100000000000016
22529,1367402,14242.3910402056,13403.612766972,13.38,0.41,0.449999999999999
22530,1367402,14255.3811724176,13406.4710822286,13.32,-0.0600000000000005,-0.470000000000001
22531,1367402,14268.4869355015,13408.1273050359,13.22,-0.0999999999999996,-0.0399999999999991
22532,1367402,14281.5530142158,13409.7785127855,13.16,-0.0600000000000005,0.0399999999999991
22533,1367402,14300.0610294024,13413.73297176,13.8,0.640000000000001,0.700000000000001
22534,1367402,14311.0670926634,13416.1577339125,11.26,-2.54,-3.18
22535,1367402,14318.1473019483,13417.7175853416,7.26,-4,-1.46
22536,1367402,14322.8251229794,13418.7481630445,4.79,-2.47,1.53
22537,1367402,14327.538499514,13412.8052091452,6.79,2,4.47
22538,1367402,14327.8728958381,13404.0065626769,8.88,2.09,0.0900000000000007
22539,1367402,14329.0876197121,13384.5262865455,10.71,1.83,-0.260000000000001
22540,1367402,14329.5798165397,13371.7057310862,12.83,2.12,0.289999999999999
22541,1367402,14330.1452866283,13356.9765816343,14.74,1.91,-0.209999999999999
22542,1367402,14330.951604697,13341.1983741917,15.81,1.07,-0.84
22543,1367402,14331.9103488487,13324.2872669785,16.93,1.12,0.0499999999999989
22544,1367402,14331.7957022679,13306.1331012073,18.06,1.13,0.00999999999999979
22545,1367402,14330.5092561319,13286.7958455505,19.38,1.32,0.190000000000001
