"V1","V2","V3","V4","V5","acceleration","jerk"
62059,1368732,13601.92,13406.2,0,2.14,0
62060,1368732,13603.9159515675,13406.9718661413,2.14,2.14,0
62061,1368732,13607.2269927193,13408.2522982915,3.55,1.41,-0.73
62062,1368732,13611.8717772083,13410.0485101529,4.97,1.42,0.0100000000000002
62063,1368732,13618.3565168213,13413.1245183509,7.2,2.23,0.81
62064,1368732,13626.0605917442,13417.6204753771,8.92,1.72,-0.510000000000001
62065,1368732,13635.1638372249,13422.9329627154,10.54,1.62,-0.100000000000001
62066,1368732,13645.8476272245,13429.1678268874,12.37,1.83,0.210000000000001
62067,1368732,13659.1779134981,13433.1473311832,14.04,1.67,-0.16
62068,1368732,13672.6289863036,13440.9891128928,15.57,1.53,-0.139999999999999
62069,1368732,13685.4494050854,13448.46323239,14.84,-0.73,-2.26
62070,1368732,13694.686619533,13454.7350680305,11.21,-3.63,-2.9
62071,1368732,13700.4389468008,13459.4535774354,7.44,-3.77,-0.140000000000001
62072,1368732,13703.802202663,13462.2123833375,4.36,-3.08,0.69
62073,1368732,13706.2299321819,13464.203797253,3.13,-1.23,1.85
62074,1368732,13707.0417525625,13464.869715919,1.05,-2.08,-0.85
62075,1368732,13707.2505063746,13465.0409521474,0.27,-0.78,1.3
62076,1368732,13707.38194396,13465.1487675505,0.17,-0.1,0.68
62077,1368732,13707.4206020734,13465.1804779632,0.05,-0.12,-0.02
62078,1368732,13707.4360653187,13465.1931621282,0.02,-0.03,0.09
62079,1368732,13707.4979183001,13465.2438987885,0.08,0.06,0.09
62080,1368732,13707.5365764135,13465.2756092012,0.05,-0.03,-0.09
62081,1368732,13707.5752345268,13465.3073196139,0.04,-0.01,0.02
62082,1368732,13707.6370875082,13465.3580562741,0.09,0.05,0.06
62083,1368732,13707.7453302256,13465.4468454296,0.13,0.04,-0.00999999999999999
62084,1368732,13707.8613045657,13465.5419766676,0.15,0.02,-0.02
62085,1368732,13708.0004737738,13465.6561341532,0.18,0.03,0.01
62086,1368732,13708.1628378499,13465.7893178864,0.21,0.03,0
62087,1368732,13708.5030292474,13466.0683695179,0.44,0.23,0.2
62088,1368732,13708.6499300782,13466.188869086,0.19,-0.25,-0.48
62089,1368732,13708.9901214758,13466.4679207175,0.44,0.25,0.5
62090,1368732,13709.1215590612,13466.5757361206,0.16,-0.28,-0.53
62091,1368732,13709.2761915146,13466.7025777712,0.21,0.05,0.33
62092,1368732,13709.5467983081,13466.9245506599,0.34,0.13,0.08
62093,1368732,13710.0802802725,13467.3621543547,0.69,0.35,0.22
62094,1368732,13710.374081934,13467.603153491,0.39,-0.3,-0.65
62095,1368732,13710.7529314449,13467.9139155351,0.49,0.1,0.4
62096,1368732,13711.0853912198,13468.1866250841,0.42,-0.07,-0.17
62097,1368732,13711.2864134093,13468.3515192299,0.27,-0.15,-0.08
62098,1368732,13711.5492885801,13468.5671500361,0.34,0.07,0.22
62099,1368732,13711.8121637509,13468.7827808422,0.34,0,-0.07
62100,1368732,13712.5543995274,13469.3916207654,0.96,0.62,0.62
62101,1368732,13712.8095430756,13469.600909489,0.33,-0.63,-1.25
62102,1368732,13713.0105652651,13469.7658036349,0.26,-0.07,0.56
62103,1368732,13713.1342712278,13469.8672769555,0.16,-0.1,-0.03
62104,1368732,13713.1961242092,13469.9180136157,0.09,-0.07,0.03
62105,1368732,13713.2270506999,13469.9433819459,0.04,-0.05,0.02
62106,1368732,13713.2270506999,13469.9433819459,0,-0.04,0.01
62107,1368732,13713.2270506999,13469.9433819459,0,0,0.04
62108,1368732,13713.2270506999,13469.9433819459,0,0,0
62109,1368732,13713.2270506999,13469.9433819459,0,0,0
62110,1368732,13713.2270506999,13469.9433819459,0,0,0
62111,1368732,13713.2270506999,13469.9433819459,0,0,0
62112,1368732,13713.2270506999,13469.9433819459,0,0,0
62113,1368732,13713.2270506999,13469.9433819459,0,0,0
62114,1368732,13713.2270506999,13469.9433819459,0,0,0
62115,1368732,13713.2270506999,13469.9433819459,0,0,0
62116,1368732,13713.2270506999,13469.9433819459,0,0,0
62117,1368732,13713.2270506999,13469.9433819459,0,0,0
62118,1368732,13713.2270506999,13469.9433819459,0,0,0
62119,1368732,13713.2270506999,13469.9433819459,0,0,0
62120,1368732,13713.2270506999,13469.9433819459,0,0,0
62121,1368732,13713.2270506999,13469.9433819459,0,0,0
62122,1368732,13713.2270506999,13469.9433819459,0,0,0
62123,1368732,13713.2270506999,13469.9433819459,0,0,0
62124,1368732,13713.2270506999,13469.9433819459,0,0,0
62125,1368732,13713.2270506999,13469.9433819459,0,0,0
62126,1368732,13713.2270506999,13469.9433819459,0,0,0
62127,1368732,13713.2270506999,13469.9433819459,0,0,0
62128,1368732,13713.2270506999,13469.9433819459,0,0,0
62129,1368732,13713.2270506999,13469.9433819459,0,0,0
62130,1368732,13713.2270506999,13469.9433819459,0,0,0
62131,1368732,13713.2270506999,13469.9433819459,0,0,0
62132,1368732,13713.2270506999,13469.9433819459,0,0,0
62133,1368732,13713.2270506999,13469.9433819459,0,0,0
62134,1368732,13713.2270506999,13469.9433819459,0,0,0
62135,1368732,13713.2270506999,13469.9433819459,0,0,0
62136,1368732,13713.2270506999,13469.9433819459,0,0,0
62137,1368732,13713.2270506999,13469.9433819459,0,0,0
62138,1368732,13713.2270506999,13469.9433819459,0,0,0
62139,1368732,13713.2270506999,13469.9433819459,0,0,0
62140,1368732,13713.2270506999,13469.9433819459,0,0,0
62141,1368732,13713.2270506999,13469.9433819459,0,0,0
62142,1368732,13713.2270506999,13469.9433819459,0,0,0
62143,1368732,13713.2270506999,13469.9433819459,0,0,0
62144,1368732,13713.2270506999,13469.9433819459,0,0,0
62145,1368732,13713.2270506999,13469.9433819459,0,0,0
62146,1368732,13713.2270506999,13469.9433819459,0,0,0
62147,1368732,13713.2270506999,13469.9433819459,0,0,0
62148,1368732,13713.2270506999,13469.9433819459,0,0,0
62149,1368732,13713.2270506999,13469.9433819459,0,0,0
62150,1368732,13713.2270506999,13469.9433819459,0,0,0
62151,1368732,13713.2270506999,13469.9433819459,0,0,0
62152,1368732,13713.2270506999,13469.9433819459,0,0,0
62153,1368732,13713.2270506999,13469.9433819459,0,0,0
62154,1368732,13713.2270506999,13469.9433819459,0,0,0
62155,1368732,13713.2270506999,13469.9433819459,0,0,0
62156,1368732,13713.2270506999,13469.9433819459,0,0,0
62157,1368732,13713.2270506999,13469.9433819459,0,0,0
62158,1368732,13713.2270506999,13469.9433819459,0,0,0
62159,1368732,13713.2270506999,13469.9433819459,0,0,0
62160,1368732,13713.2270506999,13469.9433819459,0,0,0
62161,1368732,13713.2270506999,13469.9433819459,0,0,0
62162,1368732,13713.2270506999,13469.9433819459,0,0,0
62163,1368732,13713.2270506999,13469.9433819459,0,0,0
62164,1368732,13713.2270506999,13469.9433819459,0,0,0
62165,1368732,13713.2270506999,13469.9433819459,0,0,0
62166,1368732,13713.2270506999,13469.9433819459,0,0,0
62167,1368732,13713.2270506999,13469.9433819459,0,0,0
62168,1368732,13713.2270506999,13469.9433819459,0,0,0
62169,1368732,13713.2270506999,13469.9433819459,0,0,0
62170,1368732,13713.2270506999,13469.9433819459,0,0,0
62171,1368732,13713.2270506999,13469.9433819459,0,0,0
62172,1368732,13713.2270506999,13469.9433819459,0,0,0
62173,1368732,13713.2270506999,13469.9433819459,0,0,0
62174,1368732,13713.2270506999,13469.9433819459,0,0,0
62175,1368732,13713.2270506999,13469.9433819459,0,0,0
62176,1368732,13713.2270506999,13469.9433819459,0,0,0
62177,1368732,13713.2270506999,13469.9433819459,0,0,0
62178,1368732,13713.2270506999,13469.9433819459,0,0,0
62179,1368732,13713.2270506999,13469.9433819459,0,0,0
62180,1368732,13713.2270506999,13469.9433819459,0,0,0
62181,1368732,13713.2270506999,13469.9433819459,0,0,0
62182,1368732,13713.2270506999,13469.9433819459,0,0,0
62183,1368732,13713.2270506999,13469.9433819459,0,0,0
62184,1368732,13713.2270506999,13469.9433819459,0,0,0
62185,1368732,13713.2270506999,13469.9433819459,0,0,0
62186,1368732,13713.2270506999,13469.9433819459,0,0,0
62187,1368732,13713.2270506999,13469.9433819459,0,0,0
62188,1368732,13713.2270506999,13469.9433819459,0,0,0
62189,1368732,13713.2270506999,13469.9433819459,0,0,0
62190,1368732,13713.2270506999,13469.9433819459,0,0,0
62191,1368732,13713.2270506999,13469.9433819459,0,0,0
62192,1368732,13713.2270506999,13469.9433819459,0,0,0
62193,1368732,13713.2270506999,13469.9433819459,0,0,0
62194,1368732,13713.2270506999,13469.9433819459,0,0,0
62195,1368732,13713.2270506999,13469.9433819459,0,0,0
62196,1368732,13713.2270506999,13469.9433819459,0,0,0
62197,1368732,13713.2270506999,13469.9433819459,0,0,0
62198,1368732,13713.2270506999,13469.9433819459,0,0,0
62199,1368732,13713.2270506999,13469.9433819459,0,0,0
62200,1368732,13713.2270506999,13469.9433819459,0,0,0
62201,1368732,13713.2270506999,13469.9433819459,0,0,0
62202,1368732,13713.2270506999,13469.9433819459,0,0,0
62203,1368732,13713.2270506999,13469.9433819459,0,0,0
62204,1368732,13713.2270506999,13469.9433819459,0,0,0
62205,1368732,13713.2270506999,13469.9433819459,0,0,0
62206,1368732,13713.2270506999,13469.9433819459,0,0,0
62207,1368732,13713.2270506999,13469.9433819459,0,0,0
62208,1368732,13713.2270506999,13469.9433819459,0,0,0
62209,1368732,13713.2270506999,13469.9433819459,0,0,0
62210,1368732,13713.2270506999,13469.9433819459,0,0,0
62211,1368732,13713.2270506999,13469.9433819459,0,0,0
62212,1368732,13713.2270506999,13469.9433819459,0,0,0
62213,1368732,13713.2270506999,13469.9433819459,0,0,0
62214,1368732,13713.2270506999,13469.9433819459,0,0,0
62215,1368732,13713.2270506999,13469.9433819459,0,0,0
62216,1368732,13713.2270506999,13469.9433819459,0,0,0
62217,1368732,13713.2270506999,13469.9433819459,0,0,0
62218,1368732,13713.2270506999,13469.9433819459,0,0,0
62219,1368732,13713.2270506999,13469.9433819459,0,0,0
62220,1368732,13713.2270506999,13469.9433819459,0,0,0
62221,1368732,13713.2270506999,13469.9433819459,0,0,0
62222,1368732,13713.2270506999,13469.9433819459,0,0,0
62223,1368732,13713.2270506999,13469.9433819459,0,0,0
62224,1368732,13713.2270506999,13469.9433819459,0,0,0
62225,1368732,13713.2270506999,13469.9433819459,0,0,0
62226,1368732,13713.2270506999,13469.9433819459,0,0,0
62227,1368732,13713.2270506999,13469.9433819459,0,0,0
62228,1368732,13713.2270506999,13469.9433819459,0,0,0
62229,1368732,13713.2270506999,13469.9433819459,0,0,0
62230,1368732,13713.2270506999,13469.9433819459,0,0,0
62231,1368732,13713.2270506999,13469.9433819459,0,0,0
62232,1368732,13713.2270506999,13469.9433819459,0,0,0
62233,1368732,13713.2270506999,13469.9433819459,0,0,0
62234,1368732,13713.2270506999,13469.9433819459,0,0,0
62235,1368732,13713.2270506999,13469.9433819459,0,0,0
62236,1368732,13713.2270506999,13469.9433819459,0,0,0
62237,1368732,13713.2270506999,13469.9433819459,0,0,0
62238,1368732,13713.2270506999,13469.9433819459,0,0,0
62239,1368732,13713.2270506999,13469.9433819459,0,0,0
62240,1368732,13713.2270506999,13469.9433819459,0,0,0
62241,1368732,13713.2270506999,13469.9433819459,0,0,0
62242,1368732,13713.2270506999,13469.9433819459,0,0,0
62243,1368732,13713.2270506999,13469.9433819459,0,0,0
62244,1368732,13713.2270506999,13469.9433819459,0,0,0
62245,1368732,13713.2270506999,13469.9433819459,0,0,0
62246,1368732,13713.2270506999,13469.9433819459,0,0,0
62247,1368732,13713.2270506999,13469.9433819459,0,0,0
62248,1368732,13713.2270506999,13469.9433819459,0,0,0
62249,1368732,13713.2270506999,13469.9433819459,0,0,0
62250,1368732,13713.2270506999,13469.9433819459,0,0,0
62251,1368732,13713.2270506999,13469.9433819459,0,0,0
62252,1368732,13713.2270506999,13469.9433819459,0,0,0
62253,1368732,13713.2270506999,13469.9433819459,0,0,0
62254,1368732,13713.2270506999,13469.9433819459,0,0,0
62255,1368732,13713.2270506999,13469.9433819459,0,0,0
62256,1368732,13713.2270506999,13469.9433819459,0,0,0
62257,1368732,13713.2270506999,13469.9433819459,0,0,0
62258,1368732,13713.2270506999,13469.9433819459,0,0,0
62259,1368732,13713.2270506999,13469.9433819459,0,0,0
62260,1368732,13713.2270506999,13469.9433819459,0,0,0
62261,1368732,13713.2270506999,13469.9433819459,0,0,0
62262,1368732,13713.2270506999,13469.9433819459,0,0,0
62263,1368732,13713.2270506999,13469.9433819459,0,0,0
62264,1368732,13713.2270506999,13469.9433819459,0,0,0
62265,1368732,13713.2270506999,13469.9433819459,0,0,0
62266,1368732,13713.2270506999,13469.9433819459,0,0,0
62267,1368732,13713.2270506999,13469.9433819459,0,0,0
62268,1368732,13713.2270506999,13469.9433819459,0,0,0
62269,1368732,13713.2270506999,13469.9433819459,0,0,0
62270,1368732,13713.3739515306,13470.063881514,0.19,0.19,0.19
62271,1368732,13713.5981685881,13470.2478019075,0.29,0.1,-0.09
62272,1368732,13713.6832164375,13470.3175648153,0.11,-0.18,-0.28
62273,1368732,13713.8146540229,13470.4253802184,0.18,0.07,0.25
62274,1368732,13713.8301172683,13470.4380643835,0.02,-0.16,-0.23
62275,1368732,13713.8301172683,13470.4380643835,0,-0.02,0.14
62276,1368732,13713.8301172683,13470.4380643835,0,0,0.02
62277,1368732,13714.0311394577,13470.6029585293,0.26,0.26,0.26
62278,1368732,13714.3172094966,13470.8376155831,0.37,0.11,-0.15
62279,1368732,13714.6264744034,13471.0912988844,0.39,0.02,-0.09
62280,1368732,13715.2372725945,13471.5923234046,0.79,0.4,0.38
62281,1368732,13715.4537580293,13471.7699017155,0.28,-0.51,-0.91
62282,1368732,13722.9492345578,13476.2115259154,2.1,1.82,2.33
62283,1368732,13724.6288942377,13479.4745986022,3.67,1.57,-0.25
62284,1368732,13727.4206991553,13484.8982344033,6.1,2.43,0.86
62285,1368732,13758.2104773956,13516.3417542217,7.74,1.64,-0.789999999999999
62286,1368732,13767.6162832342,13523.0557097382,9.32,1.58,-0.0600000000000005
62287,1368732,13775.9638499757,13530.8489458758,11.42,2.1,0.52
62288,1368732,13787.4192853983,13537.0284882326,12.58,1.16,-0.94
62289,1368732,13798.4066622946,13546.4475986435,14.5,1.92,0.76
62290,1368732,13810.9754845263,13556.0217674173,15.8,1.3,-0.619999999999999
62291,1368732,13824.5307206546,13566.3473266518,17.04,1.24,-0.0600000000000023
62292,1368732,13839.5821662725,13577.6067781642,18.8,1.76,0.520000000000003
62293,1368732,13856.8288829267,13588.7052411368,20.56,1.76,-3.5527136788005e-15
62294,1368732,13876.24,13597.3,22.01,1.45,-0.309999999999995
62295,1368732,13898.6879688548,13577.6357844852,21.85,-0.16,-1.61
62296,1368732,13897.219296736,13556.1659590968,21.52,-0.330000000000002,-0.170000000000002
62297,1368732,13895.7205960051,13534.2571595834,21.96,0.440000000000001,0.770000000000003
62298,1368732,13896.8460588782,13515.6269922963,18.7,-3.26,-3.7
62299,1368732,13898.1675906974,13501.0065971699,14.68,-4.02,-0.759999999999998
62300,1368732,13899.6968043233,13488.3108234906,12.8,-1.88,2.14
62301,1368732,13901.7555332605,13477.3321835401,11.18,-1.62,0.259999999999998
62302,1368732,13903.3313732258,13468.9286587794,8.55,-2.63,-1.01
62303,1368732,13902.2778198572,13456.7309278816,8.22,-0.33,2.3
62304,1368732,13900.6755474132,13448.5852533348,8.31,0.0899999999999999,0.42
62305,1368732,13900.3761804255,13441.2617460169,7.37,-0.94,-1.03
62306,1368732,13901.6203265586,13433.7403336371,7.65,0.28,1.22
62307,1368732,13903.6869944534,13426.1154478142,7.89,0.239999999999999,-0.0400000000000009
62308,1368732,13907.7412880563,13419.2832758939,8.08,0.19,-0.0499999999999989
62309,1368732,13912.7246105426,13412.7335127686,8.23,0.15,-0.04
62310,1368732,13916.4265758666,13405.7620183087,8.03,-0.200000000000001,-0.350000000000001
62311,1368732,13918.5414707703,13397.9015590635,8.14,0.110000000000001,0.310000000000002
62312,1368732,13920.5160655206,13390.5625553455,7.6,-0.540000000000001,-0.650000000000002
62313,1368732,13922.4438935532,13383.3973701367,7.42,-0.18,0.360000000000001
62314,1368732,13924.2780723487,13376.3419098746,7.29,-0.13,0.0499999999999998
62315,1368732,13926.4512359923,13368.431731,8.2,0.909999999999999,1.04
62316,1368732,13929.206470563,13361.5422402742,7.42,-0.779999999999999,-1.69
62317,1368732,13932.184500382,13354.0956478725,8.02,0.6,1.38
62318,1368732,13935.0325663062,13346.9740314485,7.67,-0.35,-0.949999999999999
62319,1368732,13936.4863927338,13338.9715062131,8.2,0.529999999999999,0.879999999999999
62320,1368732,13937.2388504853,13331.388748975,7.62,-0.579999999999999,-1.11
62321,1368732,13937.9666213027,13324.0547698615,7.37,-0.25,0.329999999999999
62322,1368732,13938.7022919391,13316.6411817481,7.45,0.0800000000000001,0.33
62323,1368732,13939.4172255507,13309.4365672594,7.24,-0.21,-0.29
62324,1368732,13941.2730525715,13294.9532249077,7.87,0.63,0.84
62325,1368732,13942.7085587958,13285.157852435,9.9,2.03,1.4
