"V1","V2","V3","V4","V5","acceleration","jerk"
57139,1368270,14349.5553203707,14262.2846920457,18.18,0.34,0
57140,1368270,14350.8610149468,14243.8208012944,18.52,0.34,0
57141,1368270,14352.3184827762,14224.9488443721,18.93,0.41,0.0700000000000003
57142,1368270,14354.2476450585,14207.0223490959,18.02,-0.91,-1.32
57143,1368270,14356.2559853824,14188.3601019336,18.78,0.760000000000002,1.67
57144,1368270,14358.2942849653,14169.4194621659,19.04,0.259999999999998,-0.500000000000004
57145,1368270,14360.2348034609,14150.6295009442,18.89,-0.149999999999999,-0.409999999999997
57146,1368270,14362.1071138341,14132.0435693327,18.68,-0.210000000000001,-0.0600000000000023
57147,1368270,14363.9944588195,14113.3083930883,18.83,0.149999999999999,0.359999999999999
57148,1368270,14365.8697761152,14094.6926125503,18.71,-0.119999999999997,-0.269999999999996
57149,1368270,14367.7551164856,14075.9773355904,18.81,0.0999999999999979,0.219999999999995
57150,1368270,14369.5984544353,14057.3589780931,18.71,-0.0999999999999979,-0.199999999999996
57151,1368270,14370.7281718145,14038.6831156326,18.71,0,0.0999999999999979
57152,1368270,14371.8995516732,14019.3185121193,19.4,0.689999999999998,0.689999999999998
57153,1368270,14372.6620070621,13996.9214787345,19.17,-0.229999999999997,-0.919999999999995
57154,1368270,14372.188618019,13976.436947917,20.48,1.31,1.54
57155,1368270,14371.7357910183,13956.8421795411,19.6,-0.879999999999999,-2.19
57156,1368270,14371.3164639743,13938.6970241317,18.15,-1.45,-0.570000000000004
57157,1368270,14370.953278237,13922.9812201077,15.72,-2.43,-0.979999999999995
57158,1368270,14370.5970235252,13907.5653360079,15.42,-0.300000000000001,2.13
57159,1368270,14370.2553239671,13892.7792837487,14.79,-0.630000000000001,-0.33
57160,1368270,14366.6229362185,13869.657699247,13.68,-1.11,-0.479999999999999
57161,1368270,14360.5280112913,13858.206626077,13.73,0.0500000000000007,1.16
57162,1368270,14352.0346037779,13853.0174043486,10.19,-3.54,-3.59
57163,1368270,14344.999677088,13849.5169893998,8.07,-2.12,1.42
57164,1368270,14340.0372586452,13849.4057972417,4.96,-3.11,-0.990000000000001
57165,1368270,14337.4300664215,13849.3852813479,4.53,-0.43,2.68
57166,1368270,14332.4316478868,13849.5110277261,5,0.47,0.899999999999999
57167,1368270,14329.8524639229,13849.5759128573,2.58,-2.42,-2.89
57168,1368270,14307.0682707641,13847.2601087113,4.82,2.24,4.66
57169,1368270,14300.6613522645,13848.0320320059,6.56,1.74,-0.500000000000001
57170,1368270,14292.0316826967,13847.9565127973,8.63,2.07,0.330000000000002
57171,1368270,14281.1620988958,13847.8613918474,10.87,2.24,0.169999999999997
57172,1368270,14268.2025951185,13847.7479817728,12.96,2.09,-0.149999999999997
57173,1368270,14255.2230921069,13847.6343966826,12.98,0.0199999999999996,-2.07
57174,1368270,14241.413620875,13847.5135484473,13.81,0.83,0.81
57175,1368270,14230.2001957113,13848.1051128339,11.24,-2.57,-3.4
57176,1368270,14222.0779652292,13850.4537070849,8.48,-2.76,-0.19
57177,1368270,14217.0081157347,13853.0694531958,5.75,-2.73,0.0299999999999994
57178,1368270,14214.114934246,13854.9303940528,3.43,-2.32,0.410000000000001
57179,1368270,14211.1285753117,13856.8498107112,3.56,0.13,2.45
57180,1368270,14210.334192906,13862.4768260416,4.08,0.52,0.39
57181,1368270,14209.37,13864.4,2.3,-1.78,-2.3
57182,1368270,14209.37,13864.4,0.62,-1.68,0.100000000000001
57183,1368270,14209.37,13864.4,0.05,-0.57,1.11
57184,1368270,14206.8152263334,13862.1395473332,0.02,-0.03,0.54
57185,1368270,14206.8107541974,13862.1484916051,0.01,-0.01,0.02
57186,1368270,14206.8107541974,13862.1484916051,0,-0.01,0
57187,1368270,14203.7575677649,13876.0415419179,1.71,1.71,1.72
57188,1368270,14204.9430595106,13880.0916047965,4.22,2.51,0.8
57189,1368270,14206.6466457504,13885.3480015219,5.53,1.31,-1.2
57190,1368270,14209.2999524042,13892.2023770442,7.35,1.82,0.509999999999999
57191,1368270,14212.6463677349,13900.8472833152,9.27,1.92,0.100000000000001
57192,1368270,14232.5480789291,13922.4426238557,11.26,1.99,0.0700000000000003
57193,1368270,14243.603876156,13929.8116649126,13.29,2.03,0.0399999999999991
57194,1368270,14254.4677100855,13937.5000932883,13.31,0.0200000000000014,-2.01
57195,1368270,14265.6824383784,13945.0110702107,13.5,0.19,0.169999999999998
57196,1368270,14277.3543095251,13952.011036206,13.61,0.109999999999999,-0.0800000000000001
57197,1368270,14289.0459089775,13957.8377625395,13.07,-0.539999999999999,-0.649999999999999
57198,1368270,14301.3033571618,13962.8048468447,13.25,0.18,0.719999999999999
57199,1368270,14313.5281696181,13966.9547938815,12.9,-0.35,-0.529999999999999
57200,1368270,14326.0138032263,13970.2431630189,12.94,0.0399999999999991,0.389999999999999
57201,1368270,14339.3458014522,13973.1723819083,13.65,0.710000000000001,0.670000000000002
57202,1368270,14352.5579508268,13975.3283356653,13.39,-0.26,-0.970000000000001
57203,1368270,14366.1393850793,13976.9332854819,13.69,0.299999999999999,0.559999999999999
57204,1368270,14379.0361736011,13977.7073951798,12.92,-0.77,-1.07
57205,1368270,14391.9629082262,13978.4833023461,12.95,0.0299999999999994,0.799999999999999
