"V1","V2","V3","V4","V5","acceleration","jerk"
33007,137148,13446.6401617672,13283.6087679666,13.78,0.0200000000000014,0
33008,137148,13447.3462528291,13297.380679069,13.8,0.0200000000000014,0
33009,137148,13448.0252062359,13310.6232853937,13.26,-0.540000000000001,-0.560000000000002
33010,137148,13448.7144002673,13324.0656293704,13.46,0.200000000000001,0.740000000000002
33011,137148,13449.3221813337,13335.920059014,11.87,-1.59,-1.79
33012,137148,13449.7415349085,13344.0993158616,8.19,-3.68,-2.09
33013,137148,13449.843703783,13352.125644928,8.03,-0.16,3.52
33014,137148,13449.7985189588,13358.7554909543,6.64,-1.39,-1.23
33015,137148,13449.7753472541,13362.1554119934,3.4,-3.24,-1.85
33016,137148,13454.6807484626,13370.6721762204,5.49,2.09,5.33
33017,137148,13462.3924229416,13372.1919382841,7.86,2.37,0.28
33018,137148,13471.497300698,13373.9862629597,9.28,1.42,-0.950000000000001
33019,137148,13482.1817962548,13376.0918874983,10.89,1.61,0.190000000000002
33020,137148,13494.8972289835,13378.5977547177,12.96,2.07,0.459999999999999
33021,137148,13509.4768069425,13381.4709944462,14.86,1.9,-0.170000000000002
33022,137148,13524.1446865176,13384.3616360304,14.95,0.0899999999999999,-1.81
33023,137148,13535.6631417827,13386.6316114283,11.74,-3.21,-3.3
33024,137148,13544.6973038485,13391.7769170692,9.87,-1.87,1.34
33025,137148,13555.803712396,13393.9655443048,11.31,1.44,3.31
33026,137148,13571.3795203964,13397.0882835157,13.01,1.7,0.259999999999998
33027,137148,13585.2991893018,13400.8362811047,14.44,1.43,-0.27
33028,137148,13604.9512348573,13407.3722266164,12.84,-1.6,-3.03
33029,137148,13617.8728529248,13412.8422609591,14.06,1.22,2.82
33030,137148,13628.781201162,13419.2081732059,12.63,-1.43,-2.65
33031,137148,13640.9591671276,13426.3150111062,14.1,1.47,2.9
33032,137148,13652.9664033201,13429.5261102139,12.51,-1.59,-3.06
33033,137148,13662.2102362692,13434.9151316842,10.7,-1.81,-0.220000000000001
33034,137148,13673.0263847294,13441.2207904514,12.52,1.82,3.63
33035,137148,13684.9137811201,13448.1509713328,13.76,1.24,-0.58
33036,137148,13695.6839988577,13455.5531966773,13.11,-0.65,-1.89
33037,137148,13703.8485923991,13462.2504358327,10.56,-2.55,-1.9
33038,137148,13710.2194494806,13467.4763118403,8.24,-2.32,0.229999999999999
33039,137148,13713.7682642869,13470.3873277232,4.59,-3.65,-1.33
33040,137148,13722.2810320693,13474.9134098056,2.83,-1.76,1.89
33041,137148,13723.2055314027,13476.7094334643,2.02,-0.81,0.95
33042,137148,13723.7593156568,13477.7852694183,1.2,-0.82,-0.01
33043,137148,13723.9286546436,13478.1142440489,0.37,-0.83,-0.0099999999999999
33044,137148,13724.0156125017,13478.2831769673,0.19,-0.18,0.65
33045,137148,13724.0659565248,13478.3809802358,0.11,-0.08,0.1
33046,137148,13724.0842634423,13478.4165450607,0.04,-0.07,0.01
33047,137148,13724.0979936304,13478.4432186794,0.03,-0.01,0.06
33048,137148,13724.0979936304,13478.4432186794,0.01,-0.02,-0.01
33049,137148,13724.0979936304,13478.4432186794,0,-0.01,0.01
33050,137148,13724.0979936304,13478.4432186794,0,0,0.01
33051,137148,13724.0979936304,13478.4432186794,0,0,0
33052,137148,13724.0979936304,13478.4432186794,0,0,0
33053,137148,13724.0979936304,13478.4432186794,0,0,0
33054,137148,13724.0979936304,13478.4432186794,0,0,0
33055,137148,13724.0979936304,13478.4432186794,0,0,0
33056,137148,13724.0979936304,13478.4432186794,0,0,0
33057,137148,13724.0979936304,13478.4432186794,0,0,0
33058,137148,13724.0979936304,13478.4432186794,0,0,0
33059,137148,13724.0979936304,13478.4432186794,0,0,0
33060,137148,13724.0979936304,13478.4432186794,0,0,0
33061,137148,13724.0979936304,13478.4432186794,0,0,0
33062,137148,13724.0979936304,13478.4432186794,0,0,0
33063,137148,13724.0979936304,13478.4432186794,0,0,0
33064,137148,13724.0979936304,13478.4432186794,0,0,0
33065,137148,13724.0979936304,13478.4432186794,0,0,0
33066,137148,13724.0979936304,13478.4432186794,0,0,0
33067,137148,13724.0979936304,13478.4432186794,0,0,0
33068,137148,13724.0979936304,13478.4432186794,0,0,0
33069,137148,13724.0979936304,13478.4432186794,0,0,0
33070,137148,13724.0979936304,13478.4432186794,0,0,0
33071,137148,13724.0979936304,13478.4432186794,0,0,0
33072,137148,13724.0979936304,13478.4432186794,0,0,0
33073,137148,13724.0979936304,13478.4432186794,0,0,0
33074,137148,13724.0979936304,13478.4432186794,0,0,0
33075,137148,13724.0979936304,13478.4432186794,0,0,0
33076,137148,13724.0979936304,13478.4432186794,0,0,0
33077,137148,13724.0979936304,13478.4432186794,0,0,0
33078,137148,13724.0979936304,13478.4432186794,0,0,0
33079,137148,13724.0979936304,13478.4432186794,0,0,0
33080,137148,13724.0979936304,13478.4432186794,0,0,0
33081,137148,13724.0979936304,13478.4432186794,0,0,0
33082,137148,13724.0979936304,13478.4432186794,0,0,0
33083,137148,13724.0979936304,13478.4432186794,0,0,0
33084,137148,13724.0979936304,13478.4432186794,0,0,0
33085,137148,13724.0979936304,13478.4432186794,0,0,0
33086,137148,13724.0979936304,13478.4432186794,0,0,0
33087,137148,13724.0979936304,13478.4432186794,0,0,0
33088,137148,13724.0979936304,13478.4432186794,0,0,0
33089,137148,13724.0979936304,13478.4432186794,0,0,0
33090,137148,13724.0979936304,13478.4432186794,0,0,0
33091,137148,13724.0979936304,13478.4432186794,0,0,0
33092,137148,13724.0979936304,13478.4432186794,0,0,0
33093,137148,13724.0979936304,13478.4432186794,0,0,0
33094,137148,13724.0979936304,13478.4432186794,0,0,0
33095,137148,13724.0979936304,13478.4432186794,0,0,0
33096,137148,13724.0979936304,13478.4432186794,0,0,0
33097,137148,13724.0979936304,13478.4432186794,0,0,0
33098,137148,13724.0979936304,13478.4432186794,0,0,0
33099,137148,13724.0979936304,13478.4432186794,0,0,0
33100,137148,13724.0979936304,13478.4432186794,0,0,0
33101,137148,13724.0979936304,13478.4432186794,0,0,0
33102,137148,13724.0979936304,13478.4432186794,0,0,0
33103,137148,13724.0979936304,13478.4432186794,0,0,0
33104,137148,13724.0979936304,13478.4432186794,0,0,0
33105,137148,13724.0979936304,13478.4432186794,0,0,0
33106,137148,13724.0979936304,13478.4432186794,0,0,0
33107,137148,13724.0979936304,13478.4432186794,0,0,0
33108,137148,13724.0979936304,13478.4432186794,0,0,0
33109,137148,13724.0979936304,13478.4432186794,0,0,0
33110,137148,13724.0979936304,13478.4432186794,0,0,0
33111,137148,13724.6655080727,13479.5457282521,1.24,1.24,1.24
33112,137148,13725.773076581,13481.69740016,2.41,1.17,-0.0699999999999998
33113,137148,13752.1673196426,13512.3727311212,4.11,1.7,0.53
33114,137148,13757.3411988253,13515.770829737,6.19,2.08,0.38
33115,137148,13766.154362614,13521.6908697841,8.36,2.17,0.089999999999999
33116,137148,13773.5882289678,13528.6310809504,10.17,1.81,-0.359999999999999
33117,137148,13782.5132543543,13536.9634288699,12.21,2.04,0.23
33118,137148,13795.2405918843,13544.0358776486,14.14,1.93,-0.110000000000001
33119,137148,13807.4593962817,13553.3434240008,15.36,1.22,-0.710000000000001
33120,137148,13820.473695757,13563.256930402,16.36,1,-0.219999999999999
33121,137148,13835.055120536,13574.3641780997,18.33,1.97,0.969999999999999
33122,137148,13851.0252609871,13585.4976325764,19.47,1.14,-0.829999999999998
33123,137148,13869.8038949714,13594.4502530983,20.85,1.38,0.240000000000002
33124,137148,13898.1784018215,13592.3484859687,22.09,1.24,-0.140000000000004
33125,137148,13897.7093090879,13563.3292186827,21.91,-0.18,-1.42
33126,137148,13896.2140206992,13541.4703025926,21.92,0.0100000000000016,0.190000000000001
33127,137148,13896.456261005,13519.9394112947,21.6,-0.32,-0.330000000000002
33128,137148,13898.1378832382,13501.3352572784,18.68,-2.92,-2.6
33129,137148,13899.9972276149,13486.7087480099,14.76,-3.92,-0.999999999999998
33130,137148,13902.2034035664,13474.943813345,11.98,-2.78,1.14
33131,137148,13903.7165785507,13466.8744638379,8.2,-3.78,-1
33132,137148,13901.9980337776,13455.5948734156,7.3,-0.899999999999999,2.88
33133,137148,13900.6239058152,13448.0778746347,7.66,0.36,1.26
33134,137148,13900.4123919071,13440.8834753088,7.23,-0.43,-0.79
33135,137148,13901.6255586292,13433.7210301287,7.29,0.0599999999999996,0.489999999999999
33136,137148,13903.6686822063,13426.1830100937,7.81,0.52,0.46
33137,137148,13907.1842216301,13420.0154486856,7.22,-0.59,-1.11
33138,137148,13911.9071761129,13413.8078967564,7.8,0.58,1.17
33139,137148,13916.138181107,13406.8338991149,8.28,0.48,-0.100000000000001
33140,137148,13918.2400852557,13399.0217227888,8.09,-0.19,-0.669999999999999
33141,137148,13920.3315968005,13391.2481727981,8.05,-0.0399999999999991,0.15
33142,137148,13922.3165841548,13383.8705427448,7.63,-0.420000000000001,-0.380000000000002
33143,137148,13924.2329260966,13376.5161562976,7.6,-0.0300000000000002,0.390000000000001
33144,137148,13926.0488086822,13369.5075779513,7.24,-0.359999999999999,-0.329999999999999
33145,137148,13928.8091523702,13362.535738263,7.5,0.26,0.619999999999999
33146,137148,13931.7871821892,13355.0891458613,8.02,0.52,0.26
33147,137148,13934.5052842185,13348.2925054149,7.32,-0.699999999999999,-1.22
33148,137148,13936.2977845573,13340.8721710852,7.72,0.399999999999999,1.1
33149,137148,13937.1193657243,13332.5928350981,8.31,0.590000000000001,0.190000000000001
33150,137148,13937.8629361795,13325.0996379849,7.54,-0.77,-1.36
33151,137148,13938.6351434783,13317.3178582471,7.82,0.28,1.05
33152,137148,13939.3895761845,13309.715198759,7.64,-0.180000000000001,-0.460000000000001
33153,137148,13941.1759021502,13295.6161440549,7.48,-0.159999999999999,0.0200000000000014
33154,137148,13942.5548581294,13286.2066498917,9.51,2.03,2.19
33155,137148,13944.1513150516,13275.3130083841,11.01,1.5,-0.529999999999999
