"V1","V2","V3","V4","V5","acceleration","jerk"
64451,"1372482#1",13418.05767124,13363.6976153671,13.32,0.459999999999999,0
64452,"1372482#1",13431.5877115624,13366.2570897027,13.78,0.459999999999999,0
64453,"1372482#1",13454.5264520279,13369.8323307291,13.16,-0.619999999999999,-1.08
64454,"1372482#1",13467.5704003448,13370.6571411949,13.07,-0.0899999999999999,0.529999999999999
64455,"1372482#1",13480.9337108241,13371.5021459491,13.39,0.32,0.41
64456,"1372482#1",13493.9576990059,13372.3256942719,13.05,-0.34,-0.66
64457,"1372482#1",13507.1812885392,13373.1618640249,13.25,0.199999999999999,0.539999999999999
64458,"1372482#1",13520.6643598293,13374.0144416373,13.5,0.25,0.0500000000000007
64459,"1372482#1",13533.528483126,13373.1841698167,12.91,-0.59,-0.84
64460,"1372482#1",13546.7649131809,13371.7917675421,13.34,0.43,1.02
64461,"1372482#1",13568.7877419733,13361.3814081492,12.87,-0.470000000000001,-0.9
64462,"1372482#1",13579.8459113416,13353.4989408818,13.58,0.710000000000001,1.18
64463,"1372482#1",13590.6842201996,13345.7731942448,13.31,-0.27,-0.98
64464,"1372482#1",13601.62024484,13337.9777939943,13.43,0.119999999999999,0.389999999999999
64465,"1372482#1",13612.4911256254,13330.2288294862,13.35,-0.0800000000000001,-0.199999999999999
64466,"1372482#1",13623.5655809574,13322.3347532831,13.6,0.25,0.33
64467,"1372482#1",13634.4038898154,13314.6090066462,13.31,-0.289999999999999,-0.539999999999999
64468,"1372482#1",13645.2026047082,13306.9835171338,13.22,-0.0899999999999999,0.199999999999999
64469,"1372482#1",13656.1543599001,13299.419446919,13.31,0.0899999999999999,0.18
64470,"1372482#1",13667.2459947602,13291.7587657397,13.48,0.17,0.0800000000000001
64471,"1372482#1",13678.5433350146,13283.9560096128,13.73,0.25,0.0800000000000001
64472,"1372482#1",13689.6514263063,13276.2839624377,13.5,-0.23,-0.48
64514,"1372482#1",14218.5215773558,13277.0812163625,13.03,-0.0111904761904762,0.00520975056689343
64515,"1372482#1",14233.2701187252,13279.5655666237,13.75,0.720000000000001,0.731190476190477
64516,"1372482#1",14246.3934121427,13281.5333242001,13.27,-0.48,-1.2
64517,"1372482#1",14259.5265950051,13283.5025646382,13.29,0.0199999999999996,0.5
64518,"1372482#1",14273.2135867833,13285.5548453359,13.84,0.550000000000001,0.530000000000001
64519,"1372482#1",14286.2083174167,13287.5033257092,13.14,-0.699999999999999,-1.25
64520,"1372482#1",14299.1931586052,13289.4503232207,13.13,-0.00999999999999979,0.69
64521,"1372482#1",14312.1483314589,13291.3928721469,13.1,-0.0300000000000011,-0.0200000000000014
64522,"1372482#1",14325.3157789915,13293.7065218975,13.37,0.27,0.300000000000001
64523,"1372482#1",14338.7085794094,13296.1282974785,13.61,0.24,-0.0299999999999994
64524,"1372482#1",14351.6684017096,13298.4717790656,13.17,-0.44,-0.68
64525,"1372482#1",14365.0021596569,13300.8828781929,13.54,0.369999999999999,0.809999999999999
64526,"1372482#1",14378.0407052512,13303.2405950517,13.26,-0.279999999999999,-0.649999999999999
64527,"1372482#1",14391.5122289633,13305.6766059042,13.69,0.43,0.709999999999999
