"V1","V2","V3","V4","V5","acceleration","jerk"
28260,1376499,14211.3930200642,13275.0923335303,6.04,-0.73,0
28261,1376499,14216.5574493129,13276.3694672489,5.31,-0.73,0
28262,1376499,14219.4891365931,13277.0944566907,3.03,-2.28,-1.55
28263,1376499,14220.8287817742,13277.4257432568,1.38,-1.65,0.63
28264,1376499,14221.6733406927,13277.6345978311,0.87,-0.51,1.14
28265,1376499,14221.9160300371,13277.6946135134,0.25,-0.62,-0.11
28266,1376499,14222.0325209224,13277.7234210408,0.12,-0.13,0.49
28267,1376499,14222.1295966601,13277.7474273138,0.1,-0.02,0.11
28268,1376499,14222.1295966601,13277.7474273138,0,-0.1,-0.08
28269,1376499,14222.1295966601,13277.7474273138,0,0,0.1
28270,1376499,14227.0199895317,13278.6283979814,1.82,1.82,1.82
28271,1376499,14230.5703002603,13279.1607453589,3.59,1.77,-0.0500000000000003
28272,1376499,14235.9402688554,13279.9659393031,5.43,1.84,0.0700000000000001
28273,1376499,14242.6848702953,13280.9772510342,6.83,1.4,-0.44
28274,1376499,14251.3776923856,13282.280686535,8.79,1.96,0.559999999999999
28275,1376499,14262.1769662454,13283.8999715941,10.91,2.12,0.160000000000002
28276,1376499,14275.003576315,13285.8232433173,12.97,2.06,-0.0600000000000005
28277,1376499,14287.7510708253,13287.7346521462,12.89,-0.0800000000000001,-2.14
28278,1376499,14300.9534798021,13289.7142726168,13.36,0.469999999999999,0.549999999999999
28279,1376499,14314.3437198687,13291.7224809183,13.54,0.18,-0.289999999999999
28280,1376499,14327.5200312278,13294.1051095023,13.39,-0.149999999999999,-0.329999999999998
28281,1376499,14340.519215175,13296.4557087253,13.21,-0.18,-0.0300000000000011
28282,1376499,14353.6069628281,13298.8223226288,13.31,0.0999999999999996,0.279999999999999
28283,1376499,14366.8127954224,13301.2102894397,13.42,0.109999999999999,0.00999999999999979
28284,1376499,14379.8316601932,13303.5644474806,13.23,-0.19,-0.299999999999999
28285,1376499,14392.7127591991,13305.8936937961,13.09,-0.140000000000001,0.0499999999999989
