"V1","V2","V3","V4","V5","acceleration","jerk"
57980,1376192,14349.347227502,14265.227343462,18.89,-0.379999999999999,0
57981,1376192,14350.6529220781,14246.7634527107,18.51,-0.379999999999999,0
57982,1376192,14352.0135403189,14227.7824833924,19.03,0.52,0.899999999999999
57983,1376192,14354.0507699282,14208.8517862178,19.04,0.00999999999999801,-0.510000000000002
57984,1376192,14356.0912094581,14189.8912612639,19.07,0.0300000000000011,0.0200000000000031
57985,1376192,14358.0931299408,14171.2886696601,18.71,-0.359999999999999,-0.390000000000001
57986,1376192,14360.0223142751,14152.7388250885,18.64,-0.0700000000000003,0.289999999999999
57987,1376192,14361.9046477231,14134.0533970551,18.78,0.140000000000001,0.210000000000001
57988,1376192,14363.8491242349,14114.7510912059,19.4,0.619999999999997,0.479999999999997
57989,1376192,14365.5420215691,14097.9461455465,16.9,-2.5,-3.12
57990,1376192,14366.9552751163,14083.9171500582,14.09,-2.81,-0.309999999999999
57991,1376192,14368.5679878522,14067.908175774,16.1,2.01,4.82
57992,1376192,14369.7940869478,14054.1248896713,13.84,-2.26,-4.27
57993,1376192,14370.7493049563,14038.333754229,15.82,1.98,4.24
57994,1376192,14371.7963011805,14021.0253921197,17.34,1.52,-0.460000000000001
57995,1376192,14372.7846862138,14002.2300613915,15.57,-1.77,-3.29
57996,1376192,14372.463548698,13988.3337715739,13.9,-1.67,0.0999999999999996
57997,1376192,14372.1578904725,13975.1073029201,13.23,-0.67,1
57998,1376192,14371.8824977252,13963.1904846016,11.91,-1.32,-0.65
57999,1376192,14374.9206405565,13951.7835110063,11.33,-0.58,0.74
58000,1376192,14374.6112605339,13938.3970856432,13.39,2.06,2.64
58001,1376192,14374.2542835846,13922.9512102242,15.45,2.06,-1.77635683940025e-15
58002,1376192,14373.9315024855,13908.9849396998,13.97,-1.48,-3.54
58003,1376192,14373.6706436016,13897.697953714,11.29,-2.68,-1.2
58004,1376192,14373.4347384461,13887.490679408,10.22,-1.07,1.61
58005,1376192,14376.9561879119,13865.5702153966,10.6,0.379999999999999,1.45
58006,1376192,14377.067489549,13856.2208778829,9.35,-1.25,-1.63
58007,1376192,14376.4588021996,13830.3404725855,9.14,-0.209999999999999,1.04
58008,1376192,14376.1308929058,13819.8856142318,10.46,1.32,1.53
58009,1376192,14375.3538503555,13795.4307814975,11.72,1.26,-0.0600000000000005
58010,1376192,14375.0327883307,13781.8445745517,13.59,1.87,0.609999999999999
58011,1376192,14374.6751077527,13766.7088002205,15.14,1.55,-0.319999999999999
58012,1376192,14375.2661634892,13750.5234998798,16.2,1.06,-0.490000000000002
58013,1376192,14376.0567678513,13732.7811058829,17.75,1.55,0.490000000000002
58014,1376192,14376.9230494328,13713.3403971453,19.46,1.71,0.16
58015,1376192,14373.9526559708,13682.6844708255,20.61,1.15,-0.560000000000002
58016,1376192,14371.2002896334,13661.2907946677,21.57,0.960000000000001,-0.189999999999998
58017,1376192,14368.243760749,13638.3101977008,23.16,1.59,0.629999999999999
58018,1376192,14365.1162457313,13614.0005545562,24.51,1.35,-0.239999999999998
58019,1376192,14360.8631912487,13588.5876239658,25.79,1.28,-0.0700000000000038
58020,1376192,14353.1075289405,13555.7610629538,26.9,1.11,-0.169999999999998
58021,1376192,14345.6919957352,13529.7473976688,27.06,0.16,-0.949999999999999
58022,1376192,14336.9942389989,13493.5850779439,27.15,0.0899999999999999,-0.0700000000000003
58023,1376192,14332.4056439663,13457.2994428459,27.35,0.200000000000003,0.110000000000003
58024,1376192,14331.1006261156,13412.9872590494,27.48,0.129999999999999,-0.0700000000000038
58025,1376192,14332.6360802669,13378.1810516182,27.42,-0.0599999999999987,-0.189999999999998
58026,1376192,14333.6866021384,13350.811205002,27.39,-0.0300000000000011,0.0299999999999976
58027,1376192,14335.2223795257,13323.7171159936,27.14,-0.25,-0.219999999999999
58028,1376192,14334.4338497883,13296.1147601057,27.18,0.0399999999999991,0.289999999999999
