"V1","V2","V3","V4","V5","acceleration","jerk"
23928,1378741,14343.9462970505,13275.1185273755,15.26,-1.03,0
23929,1378741,14344.4588425892,13289.3281755424,14.23,-1.03,0
23930,1378741,14344.449185517,13301.5781717359,12.24,-1.99,-0.960000000000001
23931,1378741,14344.4590883763,13314.0197396901,12.13,-0.109999999999999,1.88
23932,1378741,14344.780863863,13325.8153516088,11.79,-0.340000000000002,-0.230000000000002
23933,1378741,14344.1605021296,13338.6758006045,12.89,1.1,1.44
23934,1378741,14343.5557793272,13351.9796912743,13.32,0.43,-0.670000000000002
23935,1378741,14343.2958152326,13366.0971183498,14.11,0.789999999999999,0.359999999999999
23936,1378741,14342.8394177034,13381.0801688167,14.99,0.880000000000001,0.0900000000000016
23937,1378741,14342.3340008264,13397.6724728695,16.6,1.61,0.73
23938,1378741,14340.586567998,13415.4548436795,18.23,1.63,0.0199999999999978
23939,1378741,14339.8464826479,13448.9315762218,19.21,0.98,-0.649999999999999
23940,1378741,14341.1375040089,13469.5401915281,20.66,1.45,0.469999999999999
23941,1378741,14344.2250662104,13491.3537098238,22.04,1.38,-0.0700000000000003
23942,1378741,14349.3856518735,13514.5022759666,23.73,1.69,0.310000000000002
23943,1378741,14356.3188063243,13538.7263116415,25.21,1.48,-0.210000000000001
23944,1378741,14363.7433225834,13564.1011291316,26.44,1.23,-0.25
23945,1378741,14369.7220631442,13590.1333929845,26.71,0.27,-0.960000000000001
23946,1378741,14375.1673455433,13614.7173435965,25.19,-1.52,-1.79
23947,1378741,14378.6995783652,13635.5291895945,21.14,-4.05,-2.53
23948,1378741,14380.6583809332,13653.6737643346,18.25,-2.89,1.16
23949,1378741,14382.2436693677,13668.3584420831,14.78,-3.47,-0.58
23950,1378741,14383.5037429101,13680.0306233132,11.74,-3.04,0.430000000000001
23951,1378741,14384.451481358,13688.8096148176,8.83,-2.91,0.129999999999999
23952,1378741,14385.1963629921,13695.7095243352,6.94,-1.89,1.02
23953,1378741,14385.8993852836,13702.2216867762,6.55,-0.390000000000001,1.5
23954,1378741,14382.6706777903,13707.4380317198,3.05,-3.5,-3.11
23955,1378741,14367.9447676482,13706.599935216,4.89,1.84,5.34
23956,1378741,14360.8591109966,13707.0510115015,7.09,2.2,0.36
23957,1378741,14345.3410123084,13708.1425386487,9.29,2.2,-8.88178419700125e-16
23958,1378741,14327.8600009157,13708.7366850834,11.1,1.81,-0.389999999999999
23959,1378741,14315.3123809796,13708.6837969004,12.55,1.45,-0.359999999999999
23960,1378741,14302.1821424455,13707.3284976577,13.2,0.649999999999999,-0.800000000000002
23961,1378741,14277.0825018228,13705.1718723207,12.88,-0.319999999999999,-0.969999999999997
23962,1378741,14263.7265822887,13703.9687458113,13.42,0.539999999999999,0.859999999999998
23963,1378741,14250.8387673169,13702.8077870467,12.94,-0.48,-1.02
23964,1378741,14237.2039769797,13701.5795393276,13.69,0.75,1.23
23965,1378741,14224.0074121902,13700.3907677951,13.25,-0.44,-1.19
23966,1378741,14210.1064418753,13702.5342869064,13.64,0.390000000000001,0.83
23967,1378741,14196.636531754,13701.6334421237,13.5,-0.140000000000001,-0.530000000000001
23968,1378741,14182.7774908958,13700.7065729361,13.89,0.390000000000001,0.530000000000001
23969,1378741,14169.0082494384,13699.7857093804,13.8,-0.0899999999999999,-0.48
23970,1378741,14158.8614742359,13699.9843066724,10.17,-3.63,-3.54
23971,1378741,14147.6629667825,13700.4917816148,11.21,1.04,4.67
23972,1378741,14140.8899176716,13700.7987111517,6.77,-4.44,-5.48
23973,1378741,14137.2736289132,13700.9625879842,3.62,-3.15,1.29
23974,1378741,14132.7691504404,13706.980968304,5.99,2.37,5.52
23975,1378741,14135.8025909367,13714.6936558765,8.28,2.29,-0.080000000000001
23976,1378741,14139.0270263423,13723.8844456312,9.74,1.46,-0.829999999999998
23977,1378741,14141.8356530999,13735.3315788933,11.79,2.05,0.589999999999998
23978,1378741,14142.0715203148,13750.484117449,13.69,1.9,-0.149999999999999
23979,1378741,14148.0780629779,13774.1149071216,15.69,2,0.0999999999999996
23980,1378741,14152.5656044245,13790.3770986026,16.87,1.18,-0.819999999999999
23981,1378741,14165.7559021268,13817.9714641625,18.07,1.2,0.0199999999999978
23982,1378741,14182.6784227233,13828.3278098819,19.84,1.77,0.57
23983,1378741,14194.7832159815,13849.0417635903,17.74,-2.1,-3.87
23984,1378741,14208.8553916518,13848.2575256301,14.27,-3.47,-1.37
23985,1378741,14233.7999847018,13835.4409934231,13.53,-0.74,2.73
23986,1378741,14247.3999320296,13835.4788441961,13.6,0.0700000000000003,0.81
23987,1378741,14261.0098793187,13835.5167228006,13.61,0.00999999999999979,-0.0600000000000005
23988,1378741,14274.2498280408,13835.5535716414,13.24,-0.369999999999999,-0.379999999999999
23989,1378741,14287.349777305,13835.590030842,13.1,-0.140000000000001,0.229999999999999
23990,1378741,14301.2197235871,13835.6286330642,13.87,0.77,0.91
23991,1378741,14321.8519421962,13855.1846458279,13.41,-0.459999999999999,-1.23
23992,1378741,14323.1388624302,13867.9985568738,13.09,-0.32,0.139999999999999
23993,1378741,14326.1738915495,13880.135279542,13.32,0.23,0.550000000000001
23994,1378741,14325.8895935953,13893.2521989469,13.12,-0.200000000000001,-0.430000000000001
23995,1378741,14325.5946778059,13906.859003299,13.61,0.49,0.690000000000001
23996,1378741,14325.2949948252,13920.6857559948,13.83,0.220000000000001,-0.27
23997,1378741,14324.994661773,13934.5425016466,13.86,0.0299999999999994,-0.190000000000001
23998,1378741,14324.6997459836,13948.1493059987,13.61,-0.25,-0.279999999999999
23999,1378741,14324.4037467416,13961.8060986108,13.66,0.0500000000000007,0.300000000000001
24000,1378741,14324.1101310953,13975.352917051,13.55,-0.109999999999999,-0.16
24001,1378741,14323.8201991877,13988.7297754075,13.38,-0.17,-0.0600000000000005
24002,1378741,14323.5298338991,14002.1266290679,13.4,0.0199999999999996,0.19
24003,1378741,14315.8348855856,14017.7076900186,13.03,-0.370000000000001,-0.390000000000001
24004,1378741,14307.6687046505,14022.1316164785,9.51,-3.52,-3.15
24005,1378741,14304.1647808124,14026.0555543482,5.34,-4.17,-0.65
24006,1378741,14302.6944025816,14028.2240533356,2.61,-2.73,1.44
24007,1378741,14293.5725367357,14035.0875517171,4.6,1.99,4.72
24008,1378741,14287.6697792998,14034.7950544457,5.91,1.31,-0.679999999999999
24009,1378741,14270.0700355514,14034.1795359154,8.11,2.2,0.889999999999999
24010,1378741,14259.8702710218,14034.1102283422,10.2,2.09,-0.109999999999999
24011,1378741,14249.7832908517,14033.404046486,10.14,-0.0599999999999987,-2.15
24012,1378741,14243.645921735,14029.7662378154,7.42,-2.72,-2.66
24013,1378741,14241.710245593,14026.1813894676,4.08,-3.34,-0.619999999999999
24014,1378741,14239.1582179402,14014.6628861863,6.27,2.19,5.53
24015,1378741,14238.7952700081,14006.3808351843,8.29,2.02,-0.17
24016,1378741,14238.3736549796,13996.7600690627,9.64,1.35,-0.669999999999998
24017,1378741,14237.9607962341,13987.3391111678,9.43,-0.210000000000001,-1.56
24018,1378741,14237.5921552402,13981.9320982688,5.41,-4.02,-3.81
24019,1378741,14237.3601014595,13978.8307677409,3.12,-2.29,1.73
24020,1378741,14237.2451937996,13977.2950606628,1.54,-1.58,0.71
24021,1378741,14237.2257938051,13977.0357854419,0.26,-1.28,0.3
24022,1378741,14237.2123630396,13976.856287212,0.18,-0.08,1.2
24023,1378741,14237.2108707324,13976.8363429642,0.02,-0.16,-0.08
24024,1378741,14237.2093784251,13976.8163987164,0.01,-0.01,0.15
24025,1378741,14237.2093784251,13976.8163987164,0,-0.01,0
24026,1378741,14237.2093784251,13976.8163987164,0,0,0.01
24027,1378741,14237.2093784251,13976.8163987164,0,0,0
24028,1378741,14237.2093784251,13976.8163987164,0,0,0
24029,1378741,14237.2093784251,13976.8163987164,0,0,0
24030,1378741,14237.2093784251,13976.8163987164,0,0,0
24031,1378741,14237.2093784251,13976.8163987164,0,0,0
24032,1378741,14237.2093784251,13976.8163987164,0,0,0
24033,1378741,14237.2093784251,13976.8163987164,0,0,0
24034,1378741,14237.2093784251,13976.8163987164,0,0,0
24035,1378741,14237.2093784251,13976.8163987164,0,0,0
24036,1378741,14237.2093784251,13976.8163987164,0,0,0
24037,1378741,14237.2093784251,13976.8163987164,0,0,0
24038,1378741,14237.2093784251,13976.8163987164,0,0,0
24039,1378741,14237.2093784251,13976.8163987164,0,0,0
24040,1378741,14237.1228246033,13975.6596323459,1.16,1.16,1.16
24041,1378741,14236.5948111938,13972.559345626,3.15,1.99,0.83
24042,1378741,14236.0568029075,13970.5513722207,2.08,-1.07,-3.06
24043,1378741,14235.8290941677,13969.7636230666,0.83,-1.25,-0.18
24044,1378741,14235.7874401299,13969.6195226115,0.15,-0.68,0.57
24045,1378741,14235.7541168997,13969.5042422475,0.12,-0.03,0.65
24046,1378741,14235.75,13969.49,0.01,-0.11,-0.08
24047,1378741,14235.75,13969.49,0,-0.01,0.1
24048,1378741,14235.75,13969.49,0,0,0.01
24049,1378741,14235.75,13969.49,0,0,0
24050,1378741,14235.75,13969.49,0,0,0
24051,1378741,14235.75,13969.49,0,0,0
24052,1378741,14232.4483362618,13964.0370773462,1.59,1.59,1.59
24053,1378741,14229.5010673383,13963.0760331783,3.1,1.51,-0.0800000000000001
24054,1378741,14224.2910564671,13961.377155101,5.49,2.39,0.88
24055,1378741,14218.7007528315,13959.5542713245,5.88,0.39,-2
24056,1378741,14213.8805420437,13957.9824990887,5.08,-0.8,-1.19
24057,1378741,14207.0352722859,13955.7503965053,7.19,2.11,2.91
24058,1378741,14197.2031914019,13954.7105312028,5.98,-1.21,-3.32
24059,1378741,14193.1185192448,13955.1082368652,4.11,-1.87,-0.66
24060,1378741,14188.7774907381,13959.6799825092,2.32,-1.79,0.0799999999999996
24061,1378741,14188.7556043987,13961.2498299502,1.57,-0.75,1.04
24062,1378741,14188.7289783424,13963.159644353,1.91,0.34,1.09
24063,1378741,14188.6964973417,13965.4894179438,2.34,0.43,0.0900000000000001
24064,1378741,14188.6787664895,13967.6290725698,2.13,-0.21,-0.64
24065,1378741,14188.744725889,13969.427863652,1.8,-0.33,-0.12
24066,1378741,14188.8367026073,13971.9361778834,2.51,0.71,1.04
24067,1378741,14188.8982647135,13973.6150495602,1.68,-0.83,-1.54
24068,1378741,14188.9928065195,13976.1933167781,2.58,0.9,1.73
24069,1378741,14189.0778208567,13978.5117586174,2.32,-0.26,-1.16
24070,1378741,14189.1741948682,13981.1399922543,2.64,0.32,0.580000000000001
24071,1378741,14189.6787970635,13993.3295580939,2.74,0.1,-0.22
24072,1378741,14189.7981584169,13995.8667519902,2.54,-0.2,-0.3
24073,1378741,14189.9255085223,13998.5737580764,2.71,0.17,0.37
24074,1378741,14190.0312420046,14000.8212723546,2.25,-0.46,-0.63
24075,1378741,14190.1421446794,14003.1786651086,2.36,0.11,0.57
24076,1378741,14190.2323705843,14005.0965439593,1.92,-0.44,-0.55
24077,1378741,14190.3357544337,14007.2941134758,2.19,0.27,0.71
24078,1378741,14190.4095329081,14008.8623789944,1.57,-0.62,-0.89
24079,1378741,14190.4819016026,14010.4006776559,1.54,-0.03,0.59
24080,1378741,14190.563668829,14012.1387553644,1.74,0.2,0.23
24081,1378741,14190.6745715038,14014.4961481184,2.36,0.62,0.42
24082,1378741,14190.7657372619,14016.4340048738,1.93,-0.43,-1.05
24083,1378741,14190.8648917719,14018.5416738191,2.11,0.18,0.61
24084,1378741,14190.9889523912,14021.1787572389,2.65,0.54,0.36
24085,1378741,14191.1097235244,14023.7459179922,2.56,-0.0899999999999999,-0.63
24086,1378741,14191.3493217021,14032.7299987892,2.53,-0.0300000000000002,0.0599999999999996
24087,1378741,14191.3435026197,14034.3599884022,1.64,-0.89,-0.86
24088,1378741,14191.3350417455,14036.7299732995,2.37,0.73,1.62
24089,1378741,14191.3255812742,14039.3799564126,2.65,0.28,-0.45
24090,1378741,14191.320047791,14040.9299465353,1.54,-1.11,-1.39
24091,1378741,14191.3124080142,14043.0699328983,2.14,0.6,1.71
24092,1378741,14191.3038757402,14045.4599176682,2.39,0.25,-0.35
24093,1378741,14191.2972355604,14047.3199058155,1.86,-0.53,-0.78
24094,1378741,14191.2898813827,14049.3798926883,2.06,0.2,0.73
24095,1378741,14191.2805280111,14051.9998759925,2.62,0.56,0.36
24096,1378741,14191.2722456363,14054.3198612084,2.32,-0.3,-0.86
24097,1378741,14191.2659267555,14056.0898499292,1.77,-0.55,-0.25
24098,1378741,14191.2583940784,14058.1998364834,2.11,0.34,0.89
24099,1378741,14191.2514325996,14060.1498240572,1.96,-0.15,-0.49
24100,1378741,14191.2426147264,14062.6198083173,2.46,0.5,0.65
24101,1378741,14191.2349749496,14064.7597946803,2.15,-0.31,-0.81
24102,1378741,14191.2294771663,14066.2997848667,1.54,-0.61,-0.3
24103,1378741,14191.2208377925,14068.7197694454,2.42,0.88,1.49
24104,1378741,14191.2144832119,14070.4997581025,1.78,-0.64,-1.52
24105,1378741,14191.207521733,14072.4497456763,1.95,0.17,0.81
24106,1378741,14191.1998105564,14074.6097319118,2.16,0.21,0.0400000000000003
24107,1378741,14191.1922778793,14076.719718466,2.11,-0.0500000000000003,-0.26
24108,1378741,14191.1828888079,14079.3497017065,2.64,0.53,0.580000000000001
24109,1378741,14191.1736782359,14081.9296852656,2.58,-0.0600000000000001,-0.59
24110,1378741,14191.1657171601,14084.1596710551,2.23,-0.35,-0.29
24111,1378741,14191.1597195783,14085.8396603494,1.68,-0.55,-0.2
24112,1378741,14191.1525082002,14087.8596474771,2.02,0.34,0.89
24113,1378741,14191.1457966206,14089.7396354969,1.88,-0.14,-0.48
24114,1378741,14191.1387994419,14091.6996230069,1.96,0.0800000000000001,0.22
24115,1378741,14191.1322663617,14093.5296113454,1.83,-0.13,-0.21
24116,1378741,14191.1263758796,14095.1796008309,1.65,-0.18,-0.0500000000000003
24117,1378741,14191.1194144008,14097.1295884046,1.95,0.3,0.48
24118,1378741,14191.1122030227,14099.1495755323,2.02,0.0700000000000001,-0.23
24119,1378741,14191.1024569523,14101.8795581356,2.73,0.71,0.64
24120,1378741,14191.0967092698,14103.489547876,1.62,-1.11,-1.82
24121,1378741,14191.0889623933,14105.6595340478,2.16,0.54,1.65
24122,1378741,14191.0821794139,14107.5595219402,1.9,-0.26,-0.8
24123,1378741,14191.17851528,14109.9868491059,2.44,0.54,0.8
24124,1378741,14191.2981726633,14112.1936073869,2.2,-0.24,-0.78
24125,1378741,14191.423785844,14114.5102043153,2.32,0.12,0.359999999999999
24126,1378741,14191.5412774828,14116.6770212699,2.18,-0.14,-0.259999999999999
