"V1","V2","V3","V4","V5","acceleration","jerk"
59135,"1378653#1",14395.5000977048,13995.4564957234,12.89,0.979999999999999,0
59136,"1378653#1",14381.6683821263,13994.4267015987,13.87,0.979999999999999,0
59137,"1378653#1",14368.7494564185,13993.5301200038,12.95,-0.92,-1.9
59138,"1378653#1",14355.0028535021,13992.4508972238,13.8,0.850000000000001,1.77
59139,"1378653#1",14331.6383564956,13989.7857327255,12.9,-0.9,-1.75
59140,"1378653#1",14318.5613868908,13988.2231176234,13.17,0.27,1.17
59141,"1378653#1",14305.0770338048,13986.2421689701,13.63,0.460000000000001,0.190000000000001
59142,"1378653#1",14292.4182504865,13983.5646579248,12.94,-0.690000000000001,-1.15
59143,"1378653#1",14279.4009160968,13980.6167636592,13.39,0.450000000000001,1.14
59144,"1378653#1",14266.926087022,13975.5887283017,13.44,0.0499999999999989,-0.400000000000002
59145,"1378653#1",14253.9368294451,13971.2339493025,13.7,0.26,0.210000000000001
59146,"1378653#1",14241.1730056891,13966.9611980665,13.46,-0.239999999999998,-0.499999999999998
59147,"1378653#1",14223.5399782575,13961.1322438453,13.25,-0.210000000000001,0.0299999999999976
59148,"1378653#1",14214.4129519138,13958.1561070674,9.61,-3.64,-3.43
59149,"1378653#1",14208.0335407923,13956.0759114654,6.71,-2.9,0.740000000000001
59150,"1378653#1",14197.5853803061,13952.2877387792,8.56,1.85,4.75
59151,"1378653#1",14187.8368420482,13949.5820560883,10.12,1.56,-0.290000000000002
59152,"1378653#1",14176.3102589519,13948.1707339896,11.62,1.5,-0.0599999999999987
59153,"1378653#1",14163.3004863018,13946.7237036007,13.09,1.47,-0.0299999999999994
59154,"1378653#1",14149.6948126648,13945.2065533502,13.69,0.6,-0.870000000000001
59155,"1378653#1",14136.0135774779,13943.5346225296,13.79,0.0999999999999996,-0.5
59156,"1378653#1",14122.8610007487,13940.6276265919,13.47,-0.319999999999999,-0.419999999999998
59157,"1378653#1",14109.9324248682,13937.3453567392,13.34,-0.130000000000001,0.189999999999998
59158,"1378653#1",14097.6625377164,13932.802083897,13.12,-0.220000000000001,-0.0899999999999999
59159,"1378653#1",14086.6829333481,13925.5004847614,13.21,0.0900000000000016,0.310000000000002
59160,"1378653#1",14076.0732165414,13917.5968900551,13.22,0.00999999999999979,-0.0800000000000018
59161,"1378653#1",14064.2347497646,13911.7403716597,13.22,0,-0.00999999999999979
59162,"1378653#1",14056.0463571414,13907.6138092938,9.16,-4.06,-4.06
59163,"1378653#1",14050.9664775767,13905.0552528854,5.69,-3.47,0.590000000000001
59164,"1378653#1",14048.0525502452,13903.7819000253,3.18,-2.51,0.96
59165,"1378653#1",14046.6047498729,13903.1492278495,1.58,-1.6,0.91
59166,"1378653#1",14045.8991762737,13902.8409002702,0.77,-0.81,0.79
59167,"1378653#1",14045.386031838,13902.6166620307,0.56,-0.21,0.6
59168,"1378653#1",14045.349378664,13902.6006450136,0.04,-0.52,-0.31
59169,"1378653#1",14045.3218887835,13902.5886322507,0.03,-0.01,0.51
59170,"1378653#1",14045.3218887835,13902.5886322507,0,-0.03,-0.02
59171,"1378653#1",14045.3218887835,13902.5886322507,0,0,0.03
59172,"1378653#1",14045.3218887835,13902.5886322507,0,0,0
59173,"1378653#1",14045.3218887835,13902.5886322507,0,0,0
59174,"1378653#1",14045.3218887835,13902.5886322507,0,0,0
59175,"1378653#1",14045.3218887835,13902.5886322507,0,0,0
59176,"1378653#1",14045.3218887835,13902.5886322507,0,0,0
59177,"1378653#1",14045.3218887835,13902.5886322507,0,0,0
59178,"1378653#1",14045.3218887835,13902.5886322507,0,0,0
59179,"1378653#1",14045.3218887835,13902.5886322507,0,0,0
59180,"1378653#1",14045.3218887835,13902.5886322507,0,0,0
59181,"1378653#1",14045.3218887835,13902.5886322507,0,0,0
59182,"1378653#1",14045.3218887835,13902.5886322507,0,0,0
59183,"1378653#1",14045.3218887835,13902.5886322507,0,0,0
59184,"1378653#1",14045.3218887835,13902.5886322507,0,0,0
59185,"1378653#1",14045.3218887835,13902.5886322507,0,0,0
59186,"1378653#1",14045.3218887835,13902.5886322507,0,0,0
59187,"1378653#1",14045.3218887835,13902.5886322507,0,0,0
59188,"1378653#1",14045.3218887835,13902.5886322507,0,0,0
59189,"1378653#1",14045.3218887835,13902.5886322507,0,0,0
59190,"1378653#1",14045.3218887835,13902.5886322507,0,0,0
59191,"1378653#1",14045.3218887835,13902.5886322507,0,0,0
59192,"1378653#1",14045.3218887835,13902.5886322507,0,0,0
59193,"1378653#1",14045.3218887835,13902.5886322507,0,0,0
59194,"1378653#1",14045.3218887835,13902.5886322507,0,0,0
59195,"1378653#1",14045.3218887835,13902.5886322507,0,0,0
59196,"1378653#1",14045.3218887835,13902.5886322507,0,0,0
59197,"1378653#1",14045.3218887835,13902.5886322507,0,0,0
59198,"1378653#1",14045.3218887835,13902.5886322507,0,0,0
59199,"1378653#1",14045.3218887835,13902.5886322507,0,0,0
59200,"1378653#1",14045.3218887835,13902.5886322507,0,0,0
59201,"1378653#1",14044.3963961405,13902.1842025687,1.01,1.01,1.01
59202,"1378653#1",14041.7573676138,13901.0309773369,2.88,1.87,0.86
59203,"1378653#1",14026.5300859138,13889.9634317367,4.67,1.79,-0.0799999999999998
59204,"1378653#1",14019.5106603087,13890.0532324907,7.02,2.35,0.56
59205,"1378653#1",14011.1020115264,13889.4622903756,8.5,1.48,-0.869999999999999
59206,"1378653#1",14001.0319821004,13886.6699781868,10.45,1.95,0.469999999999999
59207,"1378653#1",13989.1792201923,13883.3833332182,12.29,1.84,-0.109999999999999
59208,"1378653#1",13976.2527551133,13881.2834301427,13.13,0.840000000000002,-0.999999999999998
59209,"1378653#1",13965.8854788235,13881.4487695639,10.45,-2.68,-3.52
59210,"1378653#1",13957.8682011759,13882.4535875184,8.08,-2.37,0.310000000000002
59211,"1378653#1",13953.6268896899,13892.7599480562,8.1,0.0199999999999996,2.39
59212,"1378653#1",13953.6558270141,13900.2498921568,7.49,-0.609999999999999,-0.629999999999999
59213,"1378653#1",13953.495668875,13907.9378410272,7.69,0.2,0.81
59214,"1378653#1",13953.2967774903,13915.9353682836,8,0.31,0.109999999999999
59215,"1378653#1",13953.0921679784,13924.1628244486,8.24,0.24,-0.0699999999999994
59216,"1378653#1",13952.8922821368,13932.2003393413,8.03,-0.210000000000001,-0.450000000000001
59217,"1378653#1",13952.705075621,13939.7280118714,7.54,-0.489999999999999,-0.279999999999998
59218,"1378653#1",13952.6031437864,13943.8267445903,4.1,-3.44,-2.95
59219,"1378653#1",13952.2460743198,13956.448534189,6.35,2.25,5.69
59220,"1378653#1",13951.9989343242,13964.3646773044,7.92,1.57,-0.68
59221,"1378653#1",13951.7633400102,13971.9110006025,7.55,-0.37,-1.94
59222,"1378653#1",13951.5202566055,13979.6972070253,7.79,0.24,0.61
59223,"1378653#1",13951.2756129734,13987.533389099,7.84,0.0499999999999998,-0.19
59224,"1378653#1",13951.1598441119,13991.2415824018,3.71,-4.13,-4.18
59225,"1378653#1",13951.1085764978,14006.2490920554,5.41,1.7,5.83
59226,"1378653#1",13951.3252165613,14013.2357341017,6.99,1.58,-0.12
59227,"1378653#1",13951.581837409,14021.5117564398,8.28,1.29,-0.290000000000001
59228,"1378653#1",13951.8338093283,14029.637850837,8.13,-0.149999999999999,-1.44
59229,"1378653#1",13951.9058670121,14037.4425670116,7.81,-0.320000000000001,-0.170000000000003
59230,"1378653#1",13951.503078831,14045.6526925698,8.22,0.410000000000001,0.730000000000002
59231,"1378653#1",13951.141941496,14053.0138392077,7.38,-0.840000000000001,-1.25
59232,"1378653#1",13950.7401333349,14061.2039887913,8.19,0.81,1.65
59233,"1378653#1",13950.5402092742,14065.2790876085,4.08,-4.11,-4.92
59234,"1378653#1",13942.7669593349,14076.1810839254,6.28,2.2,6.31
59235,"1378653#1",13935.3494943845,14077.7423698405,7.58,1.3,-0.9
59236,"1378653#1",13925.8085599165,14079.7506201932,9.75,2.17,0.87
59237,"1378653#1",13914.9661441315,14082.0328164914,11.08,1.33,-0.84
59238,"1378653#1",13902.783104734,14084.5971977109,12.45,1.37,0.0399999999999991
59239,"1378653#1",13889.9150751695,14087.305761007,13.15,0.700000000000001,-0.669999999999998
59240,"1378653#1",13876.792620686,14090.0678776459,13.41,0.26,-0.440000000000001
59241,"1378653#1",13863.3276711189,14092.902085323,13.76,0.35,0.0899999999999999
59242,"1378653#1",13849.8480434283,14092.8114635566,13.5,-0.26,-0.609999999999999
59243,"1378653#1",13836.6889880955,14092.6619000321,13.16,-0.34,-0.0800000000000001
59244,"1378653#1",13827.3891095868,14092.6143634784,9.3,-3.86,-3.52
59245,"1378653#1",13821.3291887521,14092.5833880466,6.06,-3.24,0.619999999999998
59246,"1378653#1",13817.7578435646,14092.441584165,3.59,-2.47,0.770000000000001
59247,"1378653#1",13802.5532727317,14093.9569257318,5.22,1.63,4.1
59248,"1378653#1",13795.6194557293,14095.9695314501,7.22,2,0.37
59249,"1378653#1",13788.2918901159,14098.0964264128,7.63,0.41,-1.59
59250,"1378653#1",13780.9589306954,14099.3815199333,7.49,-0.14,-0.55
59251,"1378653#1",13773.6167227105,14100.0209586768,7.36,-0.13,0.00999999999999979
59252,"1378653#1",13765.9756460153,14100.6864261346,7.67,0.31,0.44
59253,"1378653#1",13758.1253612227,14101.3701136922,7.88,0.21,-0.0999999999999996
59254,"1378653#1",13750.9624744641,14101.9939352073,7.19,-0.69,-0.899999999999999
59255,"1378653#1",13743.0922650909,14102.6793580125,7.9,0.71,1.4
59256,"1378653#1",13734.305232624,14108.1511277867,7.96,0.0599999999999996,-0.65
59257,"1378653#1",13736.5653636852,14117.4709940726,9.59,1.63,1.57
59258,"1378653#1",13722.7692077387,14122.7360748671,11.49,1.9,0.27
59259,"1378653#1",13709.6432047142,14124.309747196,13.23,1.74,-0.16
59260,"1378653#1",13696.6959218518,14125.8619928215,13.03,-0.200000000000001,-1.94
59261,"1378653#1",13686.5982326869,14127.0726015646,10.17,-2.86,-2.66
59262,"1378653#1",13679.2707060362,14127.9510964048,7.38,-2.79,0.0699999999999994
59263,"1378653#1",13675.597013813,14128.3915341973,3.7,-3.68,-0.89
59264,"1378653#1",13673.5417319476,14128.6379412866,2.07,-1.63,2.05
59265,"1378653#1",13672.4098375869,14128.7736437416,1.14,-0.93,0.7
59266,"1378653#1",13672.2906908121,14128.7879282105,0.12,-1.02,-0.0900000000000001
59267,"1378653#1",13672.2311174247,14128.795070445,0.06,-0.06,0.96
59268,"1378653#1",13672.1914018331,14128.7998319347,0.03,-0.03,0.03
59269,"1378653#1",13672.1914018331,14128.7998319347,0,-0.03,0
59270,"1378653#1",13672.1914018331,14128.7998319347,0,0,0.03
59271,"1378653#1",13672.1914018331,14128.7998319347,0,0,0
59272,"1378653#1",13672.1914018331,14128.7998319347,0,0,0
59273,"1378653#1",13672.1914018331,14128.7998319347,0,0,0
59274,"1378653#1",13672.1914018331,14128.7998319347,0,0,0
59275,"1378653#1",13672.1914018331,14128.7998319347,0,0,0
59276,"1378653#1",13672.1914018331,14128.7998319347,0,0,0
59277,"1378653#1",13672.1914018331,14128.7998319347,0,0,0
59278,"1378653#1",13672.1914018331,14128.7998319347,0,0,0
59279,"1378653#1",13672.1914018331,14128.7998319347,0,0,0
59280,"1378653#1",13672.1914018331,14128.7998319347,0,0,0
59281,"1378653#1",13672.1914018331,14128.7998319347,0,0,0
59282,"1378653#1",13672.1914018331,14128.7998319347,0,0,0
59283,"1378653#1",13672.1914018331,14128.7998319347,0,0,0
59284,"1378653#1",13672.1914018331,14128.7998319347,0,0,0
59285,"1378653#1",13672.1914018331,14128.7998319347,0,0,0
59286,"1378653#1",13672.1914018331,14128.7998319347,0,0,0
59287,"1378653#1",13672.1914018331,14128.7998319347,0,0,0
59288,"1378653#1",13672.1914018331,14128.7998319347,0,0,0
59289,"1378653#1",13672.1914018331,14128.7998319347,0,0,0
59290,"1378653#1",13672.1914018331,14128.7998319347,0,0,0
59291,"1378653#1",13672.1914018331,14128.7998319347,0,0,0
59292,"1378653#1",13672.1914018331,14128.7998319347,0,0,0
59293,"1378653#1",13672.1914018331,14128.7998319347,0,0,0
59294,"1378653#1",13672.1914018331,14128.7998319347,0,0,0
59295,"1378653#1",13672.1914018331,14128.7998319347,0,0,0
59296,"1378653#1",13672.1914018331,14128.7998319347,0,0,0
59297,"1378653#1",13672.1914018331,14128.7998319347,0,0,0
59298,"1378653#1",13672.1914018331,14128.7998319347,0,0,0
59299,"1378653#1",13672.1914018331,14128.7998319347,0,0,0
59300,"1378653#1",13672.1914018331,14128.7998319347,0,0,0
59301,"1378653#1",13672.1914018331,14128.7998319347,0,0,0
59302,"1378653#1",13672.1914018331,14128.7998319347,0,0,0
59303,"1378653#1",13672.1914018331,14128.7998319347,0,0,0
59304,"1378653#1",13672.1914018331,14128.7998319347,0,0,0
59305,"1378653#1",13672.1914018331,14128.7998319347,0,0,0
59306,"1378653#1",13672.1914018331,14128.7998319347,0,0,0
59307,"1378653#1",13672.1914018331,14128.7998319347,0,0,0
59308,"1378653#1",13672.1914018331,14128.7998319347,0,0,0
59309,"1378653#1",13672.1914018331,14128.7998319347,0,0,0
59310,"1378653#1",13672.1914018331,14128.7998319347,0,0,0
59311,"1378653#1",13672.1914018331,14128.7998319347,0,0,0
59312,"1378653#1",13672.1914018331,14128.7998319347,0,0,0
59313,"1378653#1",13672.1914018331,14128.7998319347,0,0,0
59314,"1378653#1",13672.1914018331,14128.7998319347,0,0,0
59315,"1378653#1",13672.1914018331,14128.7998319347,0,0,0
59316,"1378653#1",13672.1914018331,14128.7998319347,0,0,0
59317,"1378653#1",13672.1914018331,14128.7998319347,0,0,0
59318,"1378653#1",13672.1914018331,14128.7998319347,0,0,0
59319,"1378653#1",13672.1914018331,14128.7998319347,0,0,0
59320,"1378653#1",13654.6547880989,14123.68606003,1.58,1.58,1.58
59321,"1378653#1",13654.0803949561,14119.8589236962,3.88,2.3,0.72
59322,"1378653#1",13653.1527574515,14113.6781479633,6.25,2.37,0.0700000000000003
59323,"1378653#1",13652.5738981051,14106.191647961,7.51,1.26,-1.11
59324,"1378653#1",13651.9189740454,14087.9503810296,9.13,1.62,0.360000000000001
59325,"1378653#1",13651.8022425671,14077.0710072534,10.88,1.75,0.129999999999999
59326,"1378653#1",13651.6666280556,14064.4317347781,12.64,1.76,0.00999999999999979
59327,"1378653#1",13651.5179241687,14050.5725325228,13.86,1.22,-0.540000000000001
59328,"1378653#1",13649.0667556201,14037.91043392,12.95,-0.91,-2.13
59329,"1378653#1",13646.0175942024,14025.252510921,13.02,0.0700000000000003,0.98
59330,"1378653#1",13639.4857361747,14012.2154511591,13.45,0.43,0.359999999999999
59331,"1378653#1",13636.3898817992,13999.3527692582,13.22,-0.229999999999999,-0.659999999999998
59332,"1378653#1",13637.7184170229,13981.3239391003,13.52,0.299999999999999,0.529999999999998
59333,"1378653#1",13641.5033600331,13966.9643880484,14.84,1.32,1.02
59334,"1378653#1",13645.6629741695,13951.1833864885,16.32,1.48,0.16
59335,"1378653#1",13650.1564789014,13934.1356501219,17.63,1.31,-0.170000000000002
59336,"1378653#1",13653.6432142805,13920.9074576378,13.68,-3.95,-5.26
59337,"1378653#1",13639.2184546588,13910.3065071096,12.85,-0.83,3.12
59338,"1378653#1",13629.1463216116,13912.0967685096,10.23,-2.62,-1.79
59339,"1378653#1",13621.7915968939,13913.4040268339,7.47,-2.76,-0.140000000000001
59340,"1378653#1",13616.5415849276,13922.468506553,7.61,0.140000000000001,2.9
59341,"1378653#1",13616.726050141,13929.9762407375,7.51,-0.100000000000001,-0.240000000000001
59342,"1378653#1",13616.9132172416,13937.5939417343,7.61,0.100000000000001,0.200000000000001
59343,"1378653#1",13617.1136481526,13945.7514798096,8.16,0.55,0.449999999999999
59344,"1378653#1",13617.415303017,13953.9953054529,8.25,0.0899999999999999,-0.46
59345,"1378653#1",13617.7999133669,13961.7057188581,7.72,-0.53,-0.62
59346,"1378653#1",13618.2084373137,13969.8955362056,8.21,0.490000000000001,1.02
59347,"1378653#1",13618.6099864614,13977.9455274032,8.06,-0.15,-0.640000000000001
59348,"1378653#1",13617.3824977194,13984.0008879534,7.55,-0.510000000000001,-0.36
59349,"1378653#1",13609.2054267035,13984.2197705719,8.18,0.63,1.14
59350,"1378653#1",13601.908040589,13984.4151059159,7.3,-0.88,-1.51
59351,"1378653#1",13593.7509624118,13984.633453369,8.16,0.86,1.74
59352,"1378653#1",13585.5439021379,13984.8531387355,8.21,0.0500000000000007,-0.81
59353,"1378653#1",13577.426809638,13985.0704158579,8.12,-0.0900000000000016,-0.140000000000002
59354,"1378653#1",13569.249738622,13985.2892984763,8.18,0.0600000000000005,0.150000000000002
59355,"1378653#1",13561.9123668303,13985.4857041511,7.34,-0.84,-0.9
59356,"1378653#1",13553.635331621,13985.7072625961,8.28,0.94,1.78
59357,"1378653#1",13546.1879992165,13985.9066116802,7.44,-0.839999999999999,-1.78
59358,"1378653#1",13537.9109640073,13986.1281701252,8.29,0.849999999999999,1.69
59359,"1378653#1",13530.3436745708,13986.3307302012,7.56,-0.73,-1.58
59360,"1378653#1",13522.1666035549,13986.5496128196,8.19,0.63,1.36
59361,"1378653#1",13514.8792138597,13986.7446805811,7.28,-0.909999999999999,-1.54
59362,"1378653#1",13507.2519459072,13986.948846153,7.63,0.35,1.26
59363,"1378653#1",13499.9345669541,13987.1447166624,7.32,-0.31,-0.659999999999999
59364,"1378653#1",13492.1973383889,13987.3518256437,7.74,0.42,0.73
59365,"1378653#1",13484.2301921791,13987.5650890262,7.97,0.23,-0.19
59366,"1378653#1",13476.4729707752,13987.7727331728,7.76,-0.21,-0.44
59367,"1378653#1",13473.8101725267,13982.205862722,8.15,0.390000000000001,0.600000000000001
59368,"1378653#1",13473.6086703557,13974.6285415017,7.58,-0.57,-0.960000000000001
59369,"1378653#1",13473.3986075885,13966.7613455289,7.87,0.29,0.86
59370,"1378653#1",13473.1947066653,13959.1740848629,7.59,-0.28,-0.57
59371,"1378653#1",13472.9616812291,13951.9679543197,7.22,-0.37,-0.0899999999999999
59372,"1378653#1",13472.6868938316,13944.6531137961,7.31,0.0899999999999999,0.46
59373,"1378653#1",13472.4136080045,13937.3782450786,7.28,-0.0299999999999994,-0.119999999999999
59374,"1378653#1",13472.2495614297,13933.0113252578,4.37,-2.91,-2.88
59375,"1378653#1",13472.159467201,13930.6130168894,2.41,-1.96,0.95
59376,"1378653#1",13465.5695578897,13926.6446124513,4.77,2.36,4.32
59377,"1378653#1",13459.6743458783,13927.4502025089,5.96,1.19,-1.17
59378,"1378653#1",13451.6489312074,13928.5468881337,8.09,2.13,0.94
59379,"1378653#1",13444.7926510193,13929.4838096797,6.92,-1.17,-3.3
59380,"1378653#1",13437.4310669446,13930.4897818021,7.43,0.51,1.68
59381,"1378653#1",13429.9981712825,13932.2116668665,7.63,0.2,-0.31
59382,"1378653#1",13422.5508804724,13934.16815852,7.71,0.0800000000000001,-0.12
59383,"1378653#1",13414.3105015501,13936.3330038301,8.52,0.81,0.73
