"V1","V2","V3","V4","V5","acceleration","jerk"
73332,137950,13945.81,13950.38,0,1.55,0
73333,137950,13944.2712064227,13950.5660492583,1.55,1.55,0
73334,137950,13941.2531854711,13950.9309458681,3.04,1.49,-0.0600000000000001
73335,137950,13935.7929501969,13951.5911206556,5.49,2.45,0.96
73336,137950,13928.5358011324,13952.4685529641,7.32,1.83,-0.62
73337,137950,13919.5909429832,13953.5500392979,9.01,1.69,-0.140000000000001
73338,137950,13909.2904346587,13954.9813839738,10.4,1.39,-0.299999999999999
73339,137950,13897.5922461287,13956.6739515845,11.81,1.41,0.0199999999999996
73340,137950,13894.0212503356,13947.488953175,13.71,1.9,0.49
73341,137950,13894.4783718342,13934.4269495027,13.07,-0.640000000000001,-2.54
73342,137950,13894.958926493,13920.6953557416,13.74,0.67,1.31
73343,137950,13895.4216439702,13907.4734499586,13.23,-0.51,-1.18
73344,137950,13895.2811270555,13896.5614560516,10.92,-2.31,-1.8
73345,137950,13894.9699836911,13888.7976882932,7.77,-3.15,-0.84
73346,137950,13895.2283638277,13883.9700934123,4.83,-2.94,0.210000000000001
73347,137950,13889.5027926972,13877.3190826151,6.32,1.49,4.43
73348,137950,13880.9638616095,13876.7323729749,8.57,2.25,0.76
73349,137950,13870.7177747317,13875.0839381313,10.37,1.8,-0.450000000000001
73350,137950,13858.4439629756,13873.8075584957,12.35,1.98,0.180000000000001
73351,137950,13844.6987522233,13872.3717515822,13.81,1.46,-0.52
73352,137950,13831.0627722232,13871.2834827644,13.69,-0.120000000000001,-1.58
73353,137950,13817.8247002804,13871.057537554,13.24,-0.449999999999999,-0.329999999999998
73354,137950,13804.4503743537,13871.437058566,13.39,0.15,0.6
73355,137950,13791.5054572124,13872.2432968722,12.97,-0.42,-0.57
73356,137950,13778.2135921811,13870.6642678069,13.54,0.569999999999999,0.989999999999998
73357,137950,13764.6477518294,13872.8333133825,13.74,0.200000000000001,-0.369999999999997
73358,137950,13741.4852702881,13874.2063206421,13.44,-0.300000000000001,-0.500000000000002
73359,137950,13728.9525014825,13877.0889073391,12.87,-0.57,-0.27
73360,137950,13715.9610663618,13881.4624179443,13.74,0.870000000000001,1.44
73361,137950,13704.419131398,13892.5689345506,10.48,-3.26,-4.13
73362,137950,13697.408262812,13892.2109936766,7.02,-3.46,-0.200000000000001
73363,137950,13693.103869136,13891.9912322568,4.31,-2.71,0.750000000000001
73364,137950,13657.5903758473,13902.290478721,6.05,1.74,4.45
73365,137950,13655.5219519711,13903.832562593,2.57,-3.48,-5.22
73366,137950,13643.0090423647,13909.6327528193,5.06,2.49,5.97
73367,137950,13636.6191945176,13910.7685100516,6.5,1.44,-1.05
73368,137950,13628.8804881881,13912.1440188105,7.86,1.36,-0.0800000000000001
73369,137950,13619.2711022115,13913.8520296867,9.76,1.9,0.539999999999999
73370,137950,13601.5752092035,13914.8077993264,11.7,1.94,0.04
73371,137950,13587.8360984198,13914.9641159058,13.75,2.05,0.110000000000001
73372,137950,13574.0735775041,13915.8034994077,13.79,0.0399999999999991,-2.01
73373,137950,13560.9626152119,13916.6765788844,13.14,-0.649999999999999,-0.689999999999998
73374,137950,13548.0112993403,13917.5390272563,12.98,-0.16,0.489999999999998
73375,137950,13534.2417955631,13918.4559600401,13.8,0.82,0.98
73376,137950,13521.0310542581,13919.3356839573,13.23,-0.57,-1.39
73377,137950,13507.3114399873,13920.2492945208,13.76,0.529999999999999,1.1
73378,137950,13494.4797603155,13922.3125579499,12.99,-0.77,-1.3
73379,137950,13481.8898568676,13924.3928465144,12.89,-0.0999999999999996,0.67
73380,137950,13461.7550089411,13927.1658766062,13.55,0.66,0.76
73381,137950,13448.8053583548,13928.9354668674,13.07,-0.48,-1.14
73382,137950,13435.3563519433,13930.8040092352,13.58,0.51,0.99
73383,137950,13422.0672901601,13934.2952034325,13.74,0.16,-0.35
73384,137950,13410.4707944701,13937.3417404358,11.99,-1.75,-1.91
