"V1","V2","V3","V4","V5","acceleration","jerk"
54960,137962,14395.8064897792,13319.5025762913,13.42,-0.140000000000001,0
54961,137962,14382.6980516762,13317.3132954733,13.28,-0.140000000000001,0
54962,137962,14370.4575914161,13315.2689783211,12.41,-0.869999999999999,-0.729999999999999
54963,137962,14358.680710231,13313.302084945,11.95,-0.460000000000001,0.409999999999998
54964,137962,14349.5570794972,13311.7783191386,9.25,-2.7,-2.24
54965,137962,14339.0821650763,13310.0288712614,10.62,1.37,4.07
54966,137962,14326.5655300479,13307.9384293065,12.69,2.07,0.700000000000001
54967,137962,14313.3781848683,13305.7359699733,13.37,0.68,-1.39
54968,137962,14300.6445553793,13303.6092871019,12.91,-0.459999999999999,-1.14
54969,137962,14287.4670735843,13301.4084750831,13.36,0.449999999999999,0.909999999999998
54970,137962,14274.6249468649,13299.2636717535,13.03,-0.33,-0.779999999999999
54971,137962,14261.2995143012,13297.0381500189,13.51,0.48,0.81
54972,137962,14248.102305737,13294.8340433714,13.38,-0.129999999999999,-0.609999999999999
54973,137962,14232.1011116333,13292.1030520859,12.94,-0.440000000000001,-0.310000000000002
54974,137962,14218.5227290317,13289.6398172364,13.8,0.860000000000001,1.3
54975,137962,14205.0919375453,13287.2033566788,13.66,-0.140000000000001,-1
54976,137962,14192.0744011815,13284.8418641383,13.23,-0.43,-0.289999999999999
54977,137962,14178.7124855489,13282.4178982502,13.57,0.34,0.77
54978,137962,14165.980292008,13280.1081693407,12.94,-0.630000000000001,-0.970000000000001
54979,137962,14152.4904640755,13277.6609990663,13.71,0.770000000000001,1.4
54980,137962,14139.866504019,13275.3709046374,12.83,-0.880000000000001,-1.65
55013,137962,13738.8010958373,13278.328240842,16.35,0.106666666666667,0.0298989898989899
55014,137962,13732.8989651372,13294.2610237781,18.12,1.77,1.66333333333333
55015,137962,13735.9984984352,13313.2120342277,19.83,1.71,-0.0600000000000023
55016,137962,13752.3874040877,13324.5567574879,20.59,0.760000000000002,-0.949999999999996
55017,137962,13770.7373688503,13321.1455674492,19.06,-1.53,-2.29
55018,137962,13785.2145110055,13313.8199984248,16.24,-2.82,-1.29
55019,137962,13796.9986655268,13307.357235686,13.45,-2.79,0.0300000000000011
55020,137962,13810.1345483119,13290.4384299907,13.4,-0.0499999999999989,2.74
55021,137962,13813.8957512687,13278.1271317007,12.88,-0.52,-0.470000000000001
