"V1","V2","V3","V4","V5","acceleration","jerk"
28854,1380044,14399.47546361,13323.4583504855,13.87,-0.0899999999999999,0
28855,1380044,14385.8837580007,13321.188121724,13.78,-0.0899999999999999,0
28856,1380044,14372.3610958886,13318.9294253293,13.71,-0.0699999999999985,0.0200000000000014
28857,1380044,14358.9469307009,13316.6888512251,13.6,-0.110000000000001,-0.0400000000000027
28858,1380044,14345.7398960051,13314.482874221,13.4,-0.199999999999999,-0.0899999999999981
28859,1380044,14332.4638178119,13312.2653648502,13.46,0.0600000000000005,0.26
28860,1380044,14319.6118639593,13310.1186971606,13.03,-0.430000000000001,-0.490000000000002
28861,1380044,14306.2174254851,13307.8814180183,13.58,0.550000000000001,0.980000000000002
28862,1380044,14292.7835335838,13305.6375489522,13.62,0.0399999999999991,-0.510000000000002
28863,1380044,14280.099256796,13303.518888439,12.86,-0.76,-0.799999999999999
28864,1380044,14266.4385076894,13301.2371273108,13.84,0.98,1.74
28865,1380044,14253.0342058584,13298.9982006875,13.59,-0.25,-1.23
28866,1380044,14239.4030468221,13296.7213820022,13.82,0.23,0.48
28867,1380044,14223.6984442428,13293.9267793411,13.27,-0.550000000000001,-0.780000000000001
28868,1380044,14210.2083842971,13291.4808883665,13.71,0.440000000000001,0.990000000000002
28869,1380044,14197.6334050041,13289.2009112217,12.79,-0.920000000000002,-1.36
28870,1380044,14184.1925429429,13286.7639403455,13.65,0.860000000000001,1.78
28871,1380044,14171.4207721117,13284.4482828072,12.98,-0.67,-1.53
28872,1380044,14158.589963819,13282.1219211508,13.05,0.0700000000000003,0.74
28873,1380044,14145.7099576417,13279.7866393961,13.09,0.0399999999999991,-0.0300000000000011
28874,1380044,14132.6429995031,13277.4174612675,13.28,0.19,0.15
28908,1380044,13720.9469432836,13281.3812236971,13.67,0.0114705882352941,-0.0052508650519031
28909,1380044,13710.1028178674,13289.3884294492,13.48,-0.19,-0.201470588235294
28910,1380044,13693.6817523123,13300.0445901071,13.73,0.25,0.44
28911,1380044,13682.0727493407,13307.3568708733,13.73,0,-0.25
28912,1380044,13670.3283644102,13314.7544260509,13.87,0.139999999999999,0.139999999999999
28913,1380044,13658.905511632,13321.9494545016,13.51,-0.359999999999999,-0.499999999999998
28914,1380044,13647.8547651624,13329.2879639506,13.27,-0.24,0.119999999999999
28915,1380044,13639.036404288,13339.5479563702,12.95,-0.32,-0.0800000000000001
28916,1380044,13628.5062906439,13346.982255708,12.89,-0.0599999999999987,0.260000000000002
28917,1380044,13617.567716424,13354.7049297291,13.39,0.5,0.559999999999999
28918,1380044,13606.2288508399,13362.7102109399,13.88,0.49,-0.00999999999999979
28919,1380044,13584.2566222966,13380.0796324148,13.82,-0.0600000000000005,-0.550000000000001
28920,1380044,13572.5603568683,13387.0198810439,13.13,-0.69,-0.629999999999999
28921,1380044,13554.1755721152,13393.9976472935,12.94,-0.190000000000001,0.499999999999998
28922,1380044,13540.4015664952,13395.3475988407,13.84,0.9,1.09
28923,1380044,13527.0057488908,13396.6604852443,13.46,-0.379999999999999,-1.28
28924,1380044,13515.2222065106,13397.8153570881,11.84,-1.62,-1.24
28925,1380044,13502.2045769218,13399.0911783481,13.07,1.23,2.85
28926,1380044,13488.301713812,13395.6546028901,10.75,-2.32,-3.55
28927,1380044,13479.4254270459,13393.9955570057,9.03,-1.72,0.6
28928,1380044,13471.9941171953,13392.6065883583,7.55,-1.48,0.240000000000001
28929,1380044,13465.9586353854,13391.4785106473,6.15,-1.4,0.0800000000000001
28930,1380044,13462.5771928078,13390.8464931675,3.44,-2.71,-1.31
28931,1380044,13462.5771928078,13390.8464931675,0,-3.44,-0.73
28932,1380044,13461.348470941,13390.6168356531,1.25,1.25,4.69
28933,1380044,13459.1662609055,13390.2089639074,2.21,0.96,-0.29
28934,1380044,13455.7160099034,13389.5640856068,3.51,1.3,0.34
28935,1380044,13448.518664723,13393.287480633,5.31,1.8,0.5
28936,1380044,13447.7028397153,13400.14915168,6.91,1.6,-0.199999999999999
28937,1380044,13446.7362086631,13406.9505738361,6.87,-0.04,-1.64
28938,1380044,13446.2105250213,13410.5726252864,3.66,-3.21,-3.17
28939,1380044,13444.5613291593,13425.5602622625,5.48,1.82,5.03
28940,1380044,13443.9576376844,13433.2566222205,7.71,2.23,0.409999999999999
28941,1380044,13443.174089941,13443.2459391608,10.02,2.31,0.0800000000000001
28942,1380044,13442.2615148746,13454.8802035015,11.67,1.65,-0.659999999999999
28943,1380044,13441.196452972,13468.458496588,13.62,1.95,0.299999999999999
28944,1380044,13440.1916038201,13481.2691475543,12.85,-0.77,-2.72
28945,1380044,13439.1062103393,13495.1066444736,13.88,1.03,1.8
28946,1380044,13437.9886106654,13515.6993917891,13.21,-0.67,-1.7
28947,1380044,13437.7575750145,13529.2574234504,13.56,0.35,1.02
28948,1380044,13437.529265448,13542.6554783369,13.4,-0.16,-0.51
28949,1380044,13437.3047042475,13555.8335651581,13.18,-0.220000000000001,-0.0600000000000005
28950,1380044,13437.0765650613,13569.2216214962,13.39,0.210000000000001,0.430000000000001
28951,1380044,13436.8525150016,13582.3697126721,13.15,-0.24,-0.450000000000001
28952,1380044,13436.6250573365,13595.7177748165,13.35,0.199999999999999,0.44
28953,1380044,13436.4015184176,13608.8358703472,13.12,-0.23,-0.43
28954,1380044,13436.1989362724,13620.7241444219,11.88,-1.24,-1.01
28955,1380044,13436.0532611386,13629.2729033233,8.55,-3.33,-2.09
28956,1380044,13435.9704563257,13634.1321978568,4.86,-3.69,-0.36
28957,1380044,13424.2399911191,13641.076323972,7.1,2.24,5.93
28958,1380044,13416.5564382449,13637.0168763213,8.69,1.59,-0.649999999999999
28959,1380044,13407.0956769383,13632.0184770276,10.7,2.01,0.42
