"V1","V2","V3","V4","V5","acceleration","jerk"
61950,"1381175#1",13828.04,13598.19,0,1.94,0
61951,"1381175#1",13827.1043251958,13599.8894448096,1.94,1.94,0
61952,"1381175#1",13825.4693058214,13602.8590932139,3.39,1.45,-0.49
61953,"1381175#1",13822.6574583428,13607.9661876674,5.83,2.44,0.99
61954,"1381175#1",13819.4501194521,13613.7916041538,6.65,0.82,-1.62
61955,"1381175#1",13817.0964632436,13618.0664962521,4.88,-1.77,-2.59
61956,"1381175#1",13810.5589162939,13629.3507974796,6.9,2.02,3.79
61957,"1381175#1",13806.1264640433,13636.6621494097,8.54,1.64,-0.380000000000002
61958,"1381175#1",13795.6081390124,13653.2146166336,9.94,1.4,-0.239999999999998
61959,"1381175#1",13788.8911155238,13663.1102315945,11.96,2.02,0.620000000000001
61960,"1381175#1",13782.6290075056,13672.3356585856,11.16,-0.800000000000001,-2.82
61961,"1381175#1",13778.3269673783,13678.6734855588,7.66,-3.5,-2.7
61962,"1381175#1",13775.7715780076,13682.4381216852,4.55,-3.11,0.39
61963,"1381175#1",13766.5154090071,13698.4144769249,6.51,1.96,5.07
61964,"1381175#1",13762.9146914755,13706.1141414148,8.5,1.99,0.0300000000000002
61965,"1381175#1",13758.5429967782,13715.4624399484,10.32,1.82,-0.17
61966,"1381175#1",13753.9135681905,13726.3407436198,11.86,1.54,-0.280000000000001
61967,"1381175#1",13750.9742298166,13739.3733907003,13.36,1.5,-0.0399999999999991
61968,"1381175#1",13748.5893175432,13749.9477839901,10.84,-2.52,-4.02
61969,"1381175#1",13747.6781377273,13756.7757374704,6.9,-3.94,-1.42
61970,"1381175#1",13747.218913255,13761.5838569452,4.83,-2.07,1.87
61971,"1381175#1",13754.1406335848,13768.2009657889,7.07,2.24,4.31
61972,"1381175#1",13763.1310447826,13769.2377909883,9.06,1.99,-0.25
61973,"1381175#1",13774.1281554964,13770.5060401549,11.07,2.01,0.0199999999999996
61974,"1381175#1",13786.337037449,13770.2417166796,12.23,1.16,-0.85
61975,"1381175#1",13799.4546130976,13769.6706570482,13.13,0.9,-0.26
61976,"1381175#1",13812.6021603585,13769.0982926348,13.16,0.0299999999999994,-0.870000000000001
61977,"1381175#1",13826.1452242597,13767.5341860751,13.63,0.470000000000001,0.440000000000001
61978,"1381175#1",13839.4137665114,13765.8107631685,13.38,-0.25,-0.720000000000001
61979,"1381175#1",13852.4481700371,13764.1524930846,13.14,-0.24,0.00999999999999979
61980,"1381175#1",13865.7274151455,13762.8807818945,13.34,0.199999999999999,0.44
61981,"1381175#1",13879.1758860161,13761.5928644898,13.51,0.17,-0.0299999999999994
61982,"1381175#1",13892.7139469962,13760.2963673244,13.6,0.0899999999999999,-0.0800000000000001
61983,"1381175#1",13915.5747388039,13760.6404478432,13.4,-0.199999999999999,-0.289999999999999
61984,"1381175#1",13928.5303666806,13761.250862719,12.97,-0.43,-0.23
61985,"1381175#1",13941.9884895119,13759.7918101626,13.55,0.58,1.01
61986,"1381175#1",13955.5861531224,13757.8296623238,13.75,0.199999999999999,-0.380000000000001
61987,"1381175#1",13972.9032668185,13749.7696274742,13.11,-0.640000000000001,-0.84
61988,"1381175#1",13985.8387860895,13745.2876144007,13.69,0.58,1.22
61989,"1381175#1",13998.1601280393,13741.0184069151,13.04,-0.65,-1.23
61990,"1381175#1",14010.7629727694,13738.4628567931,12.96,-0.0799999999999983,0.570000000000002
61991,"1381175#1",14024.1164191587,13737.7391192767,13.39,0.43,0.509999999999998
61992,"1381175#1",14037.0667144454,13738.9417669041,13.13,-0.26,-0.69
61993,"1381175#1",14049.7363368316,13744.3857139552,13.79,0.659999999999998,0.919999999999998
61994,"1381175#1",14062.2418626922,13750.0049597188,13.71,-0.0799999999999983,-0.739999999999997
61995,"1381175#1",14074.0085500445,13755.2922150324,12.9,-0.81,-0.730000000000002
61996,"1381175#1",14086.0488812888,13760.7024297719,13.2,0.299999999999999,1.11
61997,"1381175#1",14098.7446324786,13765.4926943224,13.71,0.510000000000002,0.210000000000003
61998,"1381175#1",14112.4789259657,13765.8886519074,13.74,0.0299999999999994,-0.480000000000002
61999,"1381175#1",14122.9347605183,13766.1838055993,10.47,-3.27,-3.3
62000,"1381175#1",14129.5167856189,13765.5532309705,6.63,-3.84,-0.570000000000001
62001,"1381175#1",14133.2957840929,13764.9302778953,3.84,-2.79,1.05
62002,"1381175#1",14147.4609262762,13771.8784943038,5.73,1.89,4.68
62003,"1381175#1",14149.3868183968,13778.857644649,7.24,1.51,-0.380000000000001
62004,"1381175#1",14151.6824605239,13787.1767147427,8.63,1.39,-0.119999999999999
62005,"1381175#1",14154.3106116498,13796.7007486391,9.89,1.26,-0.130000000000001
62006,"1381175#1",14166.2250244216,13818.25856044,12.05,2.16,0.9
62007,"1381175#1",14177.6716084138,13825.2637096111,13.42,1.37,-0.790000000000001
62008,"1381175#1",14186.5337550367,13830.6872192897,10.38,-3.04,-4.41
62009,"1381175#1",14189.7624270136,13847.064950391,8.21,-2.17,0.869999999999999
62010,"1381175#1",14193.7721129039,13853.7895674714,7.83,-0.380000000000001,1.79
62011,"1381175#1",14207.0000562142,13875.3612331491,5.96,-1.87,-1.49
62012,"1381175#1",14208.5435813052,13880.6402037205,5.5,-0.46,1.41
62013,"1381175#1",14209.5679544125,13883.7848081272,3.31,-2.19,-1.73
62014,"1381175#1",14211.0886256867,13887.7105766985,4.21,0.9,3.09
62015,"1381175#1",14212.3383935272,13890.9369803225,3.46,-0.75,-1.65
62016,"1381175#1",14213.6387300087,13894.29393207,3.6,0.14,0.89
62017,"1381175#1",14214.8054207963,13897.3058637767,3.23,-0.37,-0.51
62018,"1381175#1",14216.4420220768,13901.0775891864,4.12,0.89,1.26
62019,"1381175#1",14228.9512702196,13916.1883762325,3.52,-0.6,-1.49
62020,"1381175#1",14231.7737673134,13918.0113162083,3.36,-0.16,0.44
62021,"1381175#1",14234.0250447573,13919.4653278557,2.68,-0.68,-0.52
62022,"1381175#1",14236.2679219122,13920.9139140865,2.67,-0.0100000000000002,0.669999999999999
62023,"1381175#1",14237.9983814399,13922.031549905,2.07,-0.6,-0.59
62024,"1381175#1",14239.9472484809,13923.290246555,2.32,0.25,0.85
62025,"1381175#1",14242.6678366528,13925.0852455184,3.26,0.94,0.69
62026,"1381175#1",14244.2775037126,13926.2382294544,1.98,-1.28,-2.22
62027,"1381175#1",14245.935948562,13927.4261522975,2.04,0.0600000000000001,1.34
62028,"1381175#1",14247.5943934115,13928.6140751406,2.05,0.00999999999999979,-0.0500000000000003
62029,"1381175#1",14249.9763754747,13930.3202584399,2.93,0.88,0.870000000000001
62030,"1381175#1",14252.6672835393,13932.2477214844,3.31,0.38,-0.5
62031,"1381175#1",14254.2642896078,13933.3664460327,1.95,-1.36,-1.74
62032,"1381175#1",14256.4463393757,13934.8524671666,2.64,0.69,2.05
62033,"1381175#1",14258.4961437032,13936.2484264135,2.48,-0.16,-0.85
62034,"1381175#1",14259.9095168483,13937.2109628297,1.71,-0.77,-0.61
62035,"1381175#1",14261.7030956349,13938.4324271708,2.17,0.46,1.23
62036,"1381175#1",14263.9925948232,13939.9916235877,2.77,0.6,0.14
62037,"1381175#1",14266.0341338107,13941.3819539667,2.46,-0.31,-0.91
62038,"1381175#1",14268.2112238337,13942.6901244554,2.55,0.0899999999999999,0.4
62039,"1381175#1",14270.0558341247,13943.7946211164,2.14,-0.41,-0.5
62040,"1381175#1",14272.3294235533,13945.1559774659,2.66,0.52,0.93
62041,"1381175#1",14273.9852830239,13946.1474558639,1.93,-0.73,-1.25
62042,"1381175#1",14275.6154037462,13947.1235226806,1.9,-0.03,0.7
62043,"1381175#1",14277.5801281958,13948.2999400543,2.29,0.39,0.42
62044,"1381175#1",14278.6182577084,13948.9215405007,1.21,-1.08,-1.47
62045,"1381175#1",14279.999570531,13949.748628698,1.61,0.4,1.48
62046,"1381175#1",14282.0634155099,13950.8251528794,2.32,0.71,0.31
62047,"1381175#1",14284.1187009742,13951.8121694244,2.29,-0.0299999999999998,-0.74
62048,"1381175#1",14286.1830008485,13952.8035149894,2.28,-0.0100000000000002,0.0199999999999996
62049,"1381175#1",14287.5351623381,13953.4528679796,1.51,-0.77,-0.76
62050,"1381175#1",14289.0135255668,13954.1628272489,1.64,0.13,0.9
62051,"1381175#1",14290.3927302863,13954.8251672989,1.53,-0.11,-0.24
62052,"1381175#1",14291.4384018383,13955.3273336113,1.15,-0.38,-0.27
62053,"1381175#1",14293.2593126444,13956.201795638,2.03,0.88,1.26
62054,"1381175#1",14294.4492147553,13956.7732262694,1.32,-0.71,-1.59
62055,"1381175#1",14296.0087076734,13957.5221467181,1.73,0.41,1.12
62056,"1381175#1",14297.2043749689,13957.9472675514,1.27,-0.46,-0.87
62057,"1381175#1",14298.4545551642,13958.3708823284,1.32,0.05,0.51
62058,"1381175#1",14300.2161727121,13958.9677940595,1.86,0.54,0.49
62059,"1381175#1",14301.6178899008,13959.4427560821,1.48,-0.38,-0.92
62060,"1381175#1",14303.7962341805,13960.1808727389,2.3,0.82,1.2
62061,"1381175#1",14305.5294385422,13960.7681568614,1.83,-0.47,-1.29
62062,"1381175#1",14307.2437007798,13961.3490225783,1.81,-0.02,0.45
62063,"1381175#1",14310.6248699444,13962.4947079977,3.57,1.76,1.78
62064,"1381175#1",14315.6161196636,13964.1859579025,5.27,1.7,-0.0600000000000001
62065,"1381175#1",14320.2627597879,13965.6256501344,4.87,-0.399999999999999,-2.1
62066,"1381175#1",14326.5148659191,13966.9935569016,6.4,1.53,1.93
62067,"1381175#1",14332.9135057878,13968.3935239836,6.55,0.149999999999999,-1.38
62068,"1381175#1",14338.7846242017,13969.6780739321,6.01,-0.54,-0.69
62069,"1381175#1",14345.8850184769,13970.9675653136,7.22,1.21,1.75
62070,"1381175#1",14353.524951451,13972.1441383673,7.73,0.510000000000001,-0.699999999999999
62071,"1381175#1",14361.2340688117,13973.3313660281,7.8,0.0699999999999994,-0.440000000000001
62072,"1381175#1",14369.0880882222,13973.8200601043,7.87,0.0700000000000003,8.88178419700125e-16
62073,"1381175#1",14376.5346978318,13974.2668322193,7.46,-0.41,-0.48
62074,"1381175#1",14383.7217741306,13974.6980331883,7.19,-0.27,0.140000000000001
62075,"1381175#1",14390.2600171524,13975.090306292,6.55,-0.640000000000001,-0.370000000000001
62076,"1381175#1",14396.5087807121,13975.4652115789,6.27,-0.28,0.36
62077,"1381175#1",14402.5978314652,13975.830534622,6.1,-0.17,0.11
