"V1","V2","V3","V4","V5","acceleration","jerk"
64868,1383818,13412.0148427735,13362.5544950212,12.99,0.0600000000000005,0
64869,1383818,13424.8374300072,13364.9801406333,13.05,0.0600000000000005,0
64870,1383818,13437.5715856047,13367.389057655,12.97,-0.0800000000000001,-0.140000000000001
64871,1383818,13460.5943331118,13370.2160222082,13.15,0.18,0.26
64872,1383818,13474.1372848074,13371.0723862496,13.57,0.42,0.24
64873,1383818,13487.0614723135,13371.8896238573,12.95,-0.620000000000001,-1.04
64874,1383818,13499.9557196168,13372.7049682504,12.92,-0.0299999999999994,0.590000000000002
64875,1383818,13512.8300067851,13373.5190505006,12.9,-0.0199999999999996,0.00999999999999979
64876,1383818,13525.6687638357,13373.8747584625,12.87,-0.0300000000000011,-0.0100000000000016
64877,1383818,13538.7184878791,13372.7281537401,13.09,0.220000000000001,0.250000000000002
64878,1383818,13552.1215431938,13370.2287848471,13.7,0.609999999999999,0.389999999999999
64879,1383818,13573.3803837433,13358.1076883121,12.93,-0.77,-1.38
64880,1383818,13584.593269767,13350.1149361565,13.77,0.84,1.61
64881,1383818,13595.5700093167,13342.290513567,13.48,-0.289999999999999,-1.13
64882,1383818,13606.5956067575,13334.4312641707,13.53,0.0499999999999989,0.339999999999998
64883,1383818,13617.873636636,13326.3920762728,13.86,0.33,0.280000000000001
64884,1383818,13629.127237569,13318.3703017782,13.81,-0.0499999999999989,-0.379999999999999
64885,1383818,13639.67239908,13310.8535159819,12.95,-0.860000000000001,-0.810000000000002
64886,1383818,13650.8883018063,13303.0565655798,13.66,0.710000000000001,1.57
64887,1383818,13661.4615590728,13295.7539132687,12.85,-0.81,-1.52
64888,1383818,13672.1417831443,13288.3773819848,12.99,0.140000000000001,0.950000000000001
64889,1383818,13682.7973225686,13281.0178996946,12.95,-0.0400000000000009,-0.180000000000001
64931,1383818,14213.3291252761,13276.2409536656,13.37,0.01,0.00119047619047621
64932,1383818,14227.9792656896,13278.7722355737,13.65,0.280000000000001,0.270000000000001
64933,1383818,14241.0432224375,13280.7310959794,13.21,-0.44,-0.720000000000001
64934,1383818,14254.562093652,13282.7581680268,13.67,0.459999999999999,0.899999999999999
64935,1383818,14268.140301536,13284.7941372449,13.73,0.0600000000000005,-0.399999999999999
64936,1383818,14281.5602783013,13286.8063806746,13.57,-0.16,-0.220000000000001
64937,1383818,14295.2176017448,13288.8542127869,13.81,0.24,0.4
64938,1383818,14308.9441513027,13290.9124249316,13.88,0.0700000000000003,-0.17
64939,1383818,14321.7732307545,13293.0659346755,13.01,-0.870000000000001,-0.940000000000001
64940,1383818,14335.3825202314,13295.5268572534,13.83,0.82,1.69
64941,1383818,14348.5096295316,13297.9005887927,13.35,-0.48,-1.3
64942,1383818,14361.4891326553,13300.2476291978,13.19,-0.16,0.32
64943,1383818,14374.6064015437,13302.6195813281,13.33,0.140000000000001,0.300000000000001
64944,1383818,14387.3694156084,13304.9274747363,12.96,-0.369999999999999,-0.51
64945,1383818,14400.5358865557,13307.3083239114,13.39,0.43,0.799999999999999
