"V1","V2","V3","V4","V5","acceleration","jerk"
56683,"1385225#1",14199.02,13952.79,0,2.03,0
56684,"1385225#1",14197.1040276457,13952.1192169222,2.03,2.03,0
56685,"1385225#1",14193.7928650484,13950.9892483356,3.51,1.48,-0.55
56686,"1385225#1",14188.9365652492,13949.8418808006,4.99,1.48,4.44089209850063e-16
56687,"1385225#1",14182.5321620188,13948.860315186,6.49,1.5,0.0199999999999996
56688,"1385225#1",14174.3522479229,13947.9537252106,8.23,1.74,0.24
56689,"1385225#1",14163.9762977024,13946.7990624152,10.44,2.21,0.469999999999999
56690,"1385225#1",14152.3086126404,13945.4980146474,11.73,1.29,-0.919999999999998
56691,"1385225#1",14139.150167136,13944.0307342006,13.24,1.51,0.219999999999999
56692,"1385225#1",14125.8488912306,13941.2880131969,13.59,0.35,-1.16
56693,"1385225#1",14113.0678096818,13938.1620341972,13.16,-0.43,-0.779999999999999
56694,"1385225#1",14099.9924327603,13933.8136119908,13.82,0.66,1.09
56695,"1385225#1",14088.2788015602,13926.6893096643,13.76,-0.0600000000000005,-0.720000000000001
56696,"1385225#1",14077.3563266616,13918.552729173,13.62,-0.140000000000001,-0.0800000000000001
56697,"1385225#1",14065.5176052933,13912.3721799315,13.38,-0.239999999999998,-0.0999999999999979
56698,"1385225#1",14055.1950895862,13907.1700260704,11.56,-1.82,-1.58
56699,"1385225#1",14047.291996885,13903.4495469203,8.74,-2.82,-1
56700,"1385225#1",14042.29800193,13901.2672283393,5.45,-3.29,-0.47
56701,"1385225#1",14040.0346684366,13900.2781775329,2.47,-2.98,0.31
56702,"1385225#1",14039.4893906175,13899.6320929209,0.88,-1.59,1.39
56703,"1385225#1",14039.2116173727,13899.1573908833,0.55,-0.33,1.26
56704,"1385225#1",14039.1308106106,13899.019295745,0.17,-0.38,-0.05
56705,"1385225#1",14039.0651551164,13898.9070934452,0.13,-0.04,0.34
56706,"1385225#1",14039.0550542712,13898.889831553,0.02,-0.11,-0.07
56707,"1385225#1",14039.0550542712,13898.889831553,0,-0.02,0.09
56708,"1385225#1",14039.0550542712,13898.889831553,0,0,0.02
56709,"1385225#1",14039.0550542712,13898.889831553,0,0,0
56710,"1385225#1",14039.0550542712,13898.889831553,0,0,0
56711,"1385225#1",14039.0550542712,13898.889831553,0,0,0
56712,"1385225#1",14039.0550542712,13898.889831553,0,0,0
56713,"1385225#1",14039.0550542712,13898.889831553,0,0,0
56714,"1385225#1",14039.0550542712,13898.889831553,0,0,0
56715,"1385225#1",14039.0550542712,13898.889831553,0,0,0
56716,"1385225#1",14039.0550542712,13898.889831553,0,0,0
56717,"1385225#1",14039.0550542712,13898.889831553,0,0,0
56718,"1385225#1",14039.0550542712,13898.889831553,0,0,0
56719,"1385225#1",14039.0550542712,13898.889831553,0,0,0
56720,"1385225#1",14025.0402078295,13889.9824920107,2.54,2.54,2.54
56721,"1385225#1",14020.0906128516,13890.0458130552,4.95,2.41,-0.13
56722,"1385225#1",14012.8172892659,13889.9379186719,7.3,2.35,-0.0600000000000005
56723,"1385225#1",14003.5856259261,13887.3780764931,9.59,2.29,-0.0599999999999996
56724,"1385225#1",13992.2339563914,13884.2303791166,11.78,2.19,-0.100000000000001
56725,"1385225#1",13978.6927840085,13881.5962543601,13.83,2.05,-0.139999999999999
56726,"1385225#1",13965.7465655969,13881.466179776,13.05,-0.779999999999999,-2.83
56727,"1385225#1",13943.3310209932,13882.4707660106,12.97,-0.0800000000000001,0.699999999999999
56728,"1385225#1",13930.3044321578,13882.1726329639,13.03,0.0599999999999987,0.139999999999999
56729,"1385225#1",13917.1741468856,13880.5736023456,13.26,0.23,0.170000000000002
56730,"1385225#1",13904.2562017539,13878.3378041497,13.1,-0.16,-0.390000000000001
56731,"1385225#1",13885.0168771306,13877.1276106092,13.48,0.380000000000001,0.540000000000001
56732,"1385225#1",13871.6328401139,13875.1790977151,13.54,0.0599999999999987,-0.320000000000002
56733,"1385225#1",13858.8517638524,13873.8499665711,12.85,-0.69,-0.749999999999998
56734,"1385225#1",13845.8424747557,13872.4917464522,13.08,0.23,0.92
56735,"1385225#1",13832.3325872811,13871.3051557567,13.56,0.48,0.25
56736,"1385225#1",13818.7845604817,13871.0739202883,13.55,-0.00999999999999979,-0.49
56737,"1385225#1",13805.9275121616,13871.3450591293,12.87,-0.680000000000001,-0.670000000000002
56738,"1385225#1",13792.5833685858,13872.1761621482,13.37,0.5,1.18
56739,"1385225#1",13779.4406130776,13870.4853272595,13.4,0.0300000000000011,-0.469999999999999
56740,"1385225#1",13766.2617968878,13872.5426958512,13.34,-0.0600000000000005,-0.0900000000000016
56741,"1385225#1",13742.7229542992,13873.9216483944,13.81,0.470000000000001,0.530000000000001
56742,"1385225#1",13729.2838499579,13877.0126958712,13.79,-0.0200000000000014,-0.490000000000002
56743,"1385225#1",13716.7062955342,13881.1714996043,13.28,-0.51,-0.489999999999998
56744,"1385225#1",13704.0004946581,13889.2390178161,10.71,-2.57,-2.06
56745,"1385225#1",13696.1903899884,13888.845743042,7.82,-2.89,-0.320000000000002
56746,"1385225#1",13691.7759830012,13888.6234573001,4.41,-3.41,-0.52
56747,"1385225#1",13690.4976026972,13888.5590849585,1.29,-3.12,0.29
56748,"1385225#1",13689.92,13888.53,0.66,-0.63,2.49
56749,"1385225#1",13689.92,13888.53,0.35,-0.31,0.32
56750,"1385225#1",13689.92,13888.53,0.08,-0.27,0.0400000000000001
56751,"1385225#1",13689.92,13888.53,0.06,-0.02,0.25
56752,"1385225#1",13689.92,13888.53,0.01,-0.05,-0.03
56753,"1385225#1",13689.92,13888.53,0,-0.01,0.04
56754,"1385225#1",13689.92,13888.53,0,0,0.01
56755,"1385225#1",13689.92,13888.53,0,0,0
56756,"1385225#1",13689.92,13888.53,0,0,0
56757,"1385225#1",13689.92,13888.53,0,0,0
56758,"1385225#1",13689.92,13888.53,0,0,0
56759,"1385225#1",13689.92,13888.53,0,0,0
56760,"1385225#1",13689.92,13888.53,0,0,0
56761,"1385225#1",13689.92,13888.53,0,0,0
56762,"1385225#1",13689.92,13888.53,0,0,0
56763,"1385225#1",13689.92,13888.53,0,0,0
56764,"1385225#1",13689.92,13888.53,0,0,0
56765,"1385225#1",13689.92,13888.53,0,0,0
56766,"1385225#1",13689.92,13888.53,0,0,0
56767,"1385225#1",13689.92,13888.53,0,0,0
56768,"1385225#1",13689.92,13888.53,0,0,0
56769,"1385225#1",13689.92,13888.53,0,0,0
56770,"1385225#1",13689.92,13888.53,0,0,0
56771,"1385225#1",13689.92,13888.53,0,0,0
56772,"1385225#1",13689.92,13888.53,0,0,0
56773,"1385225#1",13689.92,13888.53,0,0,0
56774,"1385225#1",13689.92,13888.53,0,0,0
56775,"1385225#1",13689.92,13888.53,0,0,0
56776,"1385225#1",13689.92,13888.53,0,0,0
56777,"1385225#1",13689.92,13888.53,0,0,0
56778,"1385225#1",13689.92,13888.53,0,0,0
56779,"1385225#1",13689.92,13888.53,0,0,0
56780,"1385225#1",13690.09,13885.23,0,0,0
56781,"1385225#1",13690.09,13885.23,0,0,0
56782,"1385225#1",13690.09,13885.23,0,0,0
56783,"1385225#1",13690.09,13885.23,0,0,0
56784,"1385225#1",13690.09,13885.23,0,0,0
56785,"1385225#1",13690.09,13885.23,0,0,0
56786,"1385225#1",13690.09,13885.23,0,0,0
56787,"1385225#1",13690.09,13885.23,0,0,0
56788,"1385225#1",13690.09,13885.23,0,0,0
56789,"1385225#1",13690.09,13885.23,0,0,0
56790,"1385225#1",13690.09,13885.23,0,0,0
56791,"1385225#1",13690.09,13885.23,0,0,0
56792,"1385225#1",13689.92,13888.53,0,0,0
56793,"1385225#1",13689.92,13888.53,0,0,0
56794,"1385225#1",13667.2297782801,13881.3809342218,2,2,2
56795,"1385225#1",13665.843042178,13878.0262564454,3.63,1.63,-0.37
56796,"1385225#1",13663.949586315,13872.8215226943,5.59,1.96,0.33
56797,"1385225#1",13664.6549571617,13863.341464627,6.94,1.35,-0.609999999999999
56798,"1385225#1",13665.3341348368,13854.6178634391,8.74,1.8,0.449999999999999
56799,"1385225#1",13666.1801961691,13843.7507488164,10.91,2.17,0.37
56800,"1385225#1",13667.156659615,13831.2087027657,12.58,1.67,-0.5
56801,"1385225#1",13668.2712872051,13816.8920269876,14.35,1.77,0.0999999999999996
56802,"1385225#1",13669.3439998302,13803.1137220256,13.82,-0.529999999999999,-2.3
56803,"1385225#1",13668.7990880054,13786.8259419909,13.44,-0.380000000000001,0.149999999999999
56804,"1385225#1",13664.8536763172,13774.0595569216,13.42,-0.0199999999999996,0.360000000000001
56805,"1385225#1",13659.2080123722,13761.8803985768,13.5,0.0800000000000001,0.0999999999999996
56806,"1385225#1",13641.3264953797,13756.1576193167,13.61,0.109999999999999,0.0299999999999994
56807,"1385225#1",13630.8778113532,13756.606797494,10.46,-3.15,-3.26
56808,"1385225#1",13623.3719829074,13757.209656799,7.52,-2.94,0.209999999999997
56809,"1385225#1",13619.8234106275,13757.4946739471,3.56,-3.96,-1.02
56810,"1385225#1",13604.6710298619,13760.0598569858,5.06,1.5,5.46
56811,"1385225#1",13597.2454274905,13760.315453195,7.43,2.37,0.870000000000001
56812,"1385225#1",13588.0208904935,13760.632970424,9.23,1.8,-0.569999999999999
56813,"1385225#1",13576.7775277671,13761.0193542853,11.25,2.02,0.219999999999999
56814,"1385225#1",13563.6846565863,13761.450374815,13.1,1.85,-0.17
56815,"1385225#1",13550.7940639032,13761.9383872758,12.9,-0.199999999999999,-2.05
56816,"1385225#1",13537.0857148672,13762.2565465641,13.73,0.83,1.03
56817,"1385225#1",13523.3952034818,13761.7620909228,13.69,-0.0400000000000009,-0.870000000000001
56818,"1385225#1",13509.8894411226,13761.423737413,13.51,-0.18,-0.139999999999999
56819,"1385225#1",13496.4536568067,13761.0871370301,13.44,-0.0700000000000003,0.109999999999999
56820,"1385225#1",13482.6979728643,13760.7425223523,13.77,0.33,0.4
56821,"1385225#1",13469.2721854118,13760.4061724162,13.43,-0.34,-0.67
56822,"1385225#1",13458.5156086782,13760.1347760141,10.76,-2.67,-2.33
56823,"1385225#1",13451.018003633,13759.9452540175,7.5,-3.26,-0.59
56824,"1385225#1",13445.4897695131,13759.8055131321,5.53,-1.97,1.29
56825,"1385225#1",13443.2704784197,13759.7494146211,2.22,-3.31,-1.34
56826,"1385225#1",13442.3807626211,13759.7269246775,0.88,-1.34,1.97
56827,"1385225#1",13441.8409350578,13759.7132790938,0.54,-0.34,1
56828,"1385225#1",13441.7909510242,13759.7120156138,0.06,-0.48,-0.14
56829,"1385225#1",13441.7909510242,13759.7120156138,0,-0.06,0.42
56830,"1385225#1",13441.7909510242,13759.7120156138,0,0,0.06
56831,"1385225#1",13441.7909510242,13759.7120156138,0,0,0
56832,"1385225#1",13441.7909510242,13759.7120156138,0,0,0
56833,"1385225#1",13441.1511553936,13759.6958430701,0.64,0.64,0.64
56834,"1385225#1",13438.9385619671,13759.5193761694,2.21,1.57,0.93
56835,"1385225#1",13435.2710118238,13759.2171665026,3.68,1.47,-0.0999999999999996
56836,"1385225#1",13420.1233132736,13757.1188188879,5.34,1.66,0.19
56837,"1385225#1",13413.1261792331,13755.914611589,7.11,1.77,0.110000000000001
