"V1","V2","V3","V4","V5","acceleration","jerk"
35478,1385493,13412.9650890244,13366.0911280045,12.97,-0.0300000000000011,0
35479,1385493,13425.6797093442,13368.4957132336,12.94,-0.0300000000000011,0
35480,1385493,13438.3746780097,13370.8965819477,12.91,-0.0299999999999994,1.77635683940025e-15
35481,1385493,13461.0821384723,13373.5564196618,13.7,0.789999999999999,0.819999999999999
35482,1385493,13475.2949726458,13371.145590545,13.6,-0.0999999999999996,-0.889999999999999
35483,1385493,13488.8479044089,13372.0025856579,13.58,-0.0199999999999996,0.0800000000000001
35484,1385493,13501.9018327934,13372.8280271952,13.08,-0.5,-0.48
35485,1385493,13515.4847047593,13373.6869155227,13.61,0.529999999999999,1.03
35486,1385493,13528.8764059288,13373.5929212712,13.43,-0.18,-0.709999999999999
35487,1385493,13541.9360915937,13372.445441278,13.11,-0.32,-0.140000000000001
35488,1385493,13554.7326603327,13369.4669008094,13.19,0.0800000000000001,0.4
35489,1385493,13576.0024239028,13356.2386496816,13.43,0.24,0.16
35490,1385493,13587.0198783618,13348.3852047532,13.53,0.0999999999999996,-0.140000000000001
35491,1385493,13597.6871846007,13340.7813519399,13.1,-0.43,-0.529999999999999
35492,1385493,13608.1509162931,13333.3226108216,12.86,-0.24,0.19
35493,1385493,13618.7042207859,13325.8000205575,12.96,0.100000000000001,0.340000000000002
35494,1385493,13629.6158164807,13318.0220337104,13.4,0.44,0.339999999999998
35495,1385493,13640.7228437402,13310.1047396362,13.64,0.24,-0.199999999999999
35496,1385493,13651.3819947526,13302.7155857053,12.96,-0.68,-0.92
35497,1385493,13662.4242603181,13295.0890025135,13.42,0.459999999999999,1.14
35498,1385493,13673.2855051366,13287.5874452757,13.2,-0.220000000000001,-0.68
35499,1385493,13684.6486711172,13279.7392251655,13.81,0.610000000000001,0.830000000000002
