"V1","V2","V3","V4","V5","acceleration","jerk"
54084,1385476,14279.87,13708.74,0,2.25,0
54085,1385476,14277.6291042959,13708.5377960352,2.25,2.25,0
54086,1385476,14273.8245613672,13708.1944986372,3.83,1.58,-0.67
54087,1385476,14267.7990418073,13707.6507946429,6.05,2.22,0.64
54088,1385476,14259.6023432985,13706.9111774739,8.23,2.18,-0.0399999999999991
54089,1385476,14249.4834542525,13705.9981142372,10.16,1.93,-0.250000000000001
54090,1385476,14237.482212815,13704.9151996701,12.04,1.88,-0.0500000000000007
54091,1385476,14224.0766767363,13703.7055706185,13.46,1.42,-0.459999999999997
54092,1385476,14211.3334920429,13699.3160018968,13.09,-0.370000000000001,-1.79
54093,1385476,14198.1829547595,13698.4352243099,13.18,0.0899999999999999,0.460000000000001
54094,1385476,14184.8328645583,13697.5410813575,13.39,0.210000000000001,0.120000000000001
54095,1385476,14171.2931990851,13696.6342413078,13.57,0.18,-0.0300000000000011
54096,1385476,14158.1718009247,13696.7311283195,13.13,-0.44,-0.619999999999999
54097,1385476,14147.5025081517,13697.2092409881,10.68,-2.45,-2.01
54098,1385476,14140.2997365324,13697.5320118065,7.21,-3.47,-1.02
54099,1385476,14137.0330148688,13697.678400236,3.27,-3.94,-0.47
54100,1385476,14123.7813348215,13702.3600120421,5.19,1.92,5.86
54101,1385476,14117.2610775207,13698.8605485503,7.4,2.21,0.29
54102,1385476,14108.4852845412,13694.9103730452,9.63,2.23,0.0200000000000005
54103,1385476,14090.1830714966,13690.7313937425,10.8,1.17,-1.06
54104,1385476,14078.2138632973,13688.957117811,12.09,1.29,0.119999999999999
54105,1385476,14065.1268695389,13687.0171450362,13.23,1.14,-0.149999999999999
54106,1385476,14049.696909066,13688.0712937968,14.97,1.74,0.6
54107,1385476,14033.1477747195,13685.6179180851,16.73,1.76,0.0199999999999996
54108,1385476,14014.8626104444,13682.1219731517,18.63,1.9,0.139999999999999
54109,1385476,13995.9867429064,13676.2006870831,19.82,1.19,-0.709999999999997
54110,1385476,13977.374889732,13666.4905831936,20.99,1.17,-0.0200000000000031
54111,1385476,13958.8967766818,13654.2041907978,22.2,1.21,0.0400000000000027
54112,1385476,13942.0341453493,13642.9919579896,20.25,-1.95,-3.16
54113,1385476,13928.325654505,13635.280990876,15.75,-4.5,-2.55
54114,1385476,13917.695233252,13629.8005033079,11.96,-3.79,0.710000000000001
54115,1385476,13910.4397345342,13625.6733807479,8.34,-3.62,0.169999999999998
54116,1385476,13905.8172197174,13623.1157345066,5.29,-3.05,0.570000000000001
54117,1385476,13902.5987777784,13621.7151162554,3.51,-1.78,1.27
54118,1385476,13895.8875272775,13626.4442608551,5.66,2.15,3.93
54119,1385476,13894.9973493084,13633.662658093,7.31,1.65,-0.500000000000001
54120,1385476,13894.8960394149,13657.2293401573,8.88,1.57,-0.0799999999999983
54121,1385476,13895.1522195973,13668.1063237333,10.87,1.99,0.419999999999997
54122,1385476,13895.437361326,13680.2129662983,12.12,1.25,-0.739999999999998
54123,1385476,13880.9701076969,13691.9821543259,13.45,1.33,0.0800000000000001
54124,1385476,13867.3402856252,13692.051798382,13.63,0.180000000000001,-1.15
54125,1385476,13853.6304645979,13692.1218512072,13.71,0.0800000000000001,-0.100000000000001
54126,1385476,13839.9206435705,13692.1919040325,13.71,0,-0.0800000000000001
54127,1385476,13826.250822021,13692.2617524732,13.67,-0.0400000000000009,-0.0400000000000009
54128,1385476,13813.2509917252,13692.3281774716,12.99,-0.68,-0.639999999999999
54129,1385476,13800.1811623432,13692.3949601431,13.08,0.0899999999999999,0.77
54130,1385476,13786.4213419686,13692.4652684491,13.76,0.68,0.59
54131,1385476,13766.6933268146,13698.0340229148,13.11,-0.65,-1.33
54132,1385476,13760.8644005516,13710.4984209596,13.76,0.65,1.3
54133,1385476,13755.3743653504,13722.2381446996,12.96,-0.799999999999999,-1.45
54134,1385476,13752.0412800496,13734.6422276509,12.89,-0.0700000000000003,0.729999999999999
54135,1385476,13749.306551308,13746.7676620229,12.44,-0.450000000000001,-0.380000000000001
54136,1385476,13747.801738517,13755.4816266387,8.86,-3.58,-3.13
54137,1385476,13747.3301539657,13760.4191571967,4.96,-3.9,-0.319999999999999
54138,1385476,13740.4728216125,13769.8429643818,6.44,1.48,5.38
54139,1385476,13732.3731810745,13768.7730470229,8.17,1.73,0.249999999999999
54140,1385476,13722.5064310124,13767.4909560972,9.95,1.78,0.0499999999999998
54141,1385476,13713.2634598354,13766.5573695613,9.28,-0.67,-2.45
54142,1385476,13707.2241880329,13765.9473727611,6.07,-3.21,-2.54
54143,1385476,13703.2043163937,13765.5456379255,4.04,-2.03,1.18
54144,1385476,13697.4012651406,13772.1998700099,6.43,2.39,4.42
54145,1385476,13697.4721937706,13780.729575112,8.53,2.1,-0.29
54146,1385476,13697.5607506182,13791.3792069218,10.66,2.13,0.0300000000000011
54147,1385476,13694.359867766,13803.3287948254,11.91,1.25,-0.880000000000001
54148,1385476,13694.4767794352,13817.3883087452,14.06,2.15,0.9
54149,1385476,13694.6042514046,13832.7177787588,15.33,1.27,-0.880000000000001
54150,1385476,13694.7112679894,13845.5873338191,12.87,-2.46,-3.73
54151,1385476,13688.1126776495,13865.0564298007,9.22,-3.65,-1.19
54152,1385476,13684.4575996225,13870.0643737095,6.21,-3.01,0.639999999999998
54153,1385476,13682.2728560988,13873.0256377722,3.67,-2.54,0.470000000000001
54154,1385476,13669.646370035,13878.5865306403,6.1,2.43,4.97
54155,1385476,13663.9802121255,13872.4126681239,7.97,1.87,-0.56
54156,1385476,13664.8707416116,13860.5698519067,9.31,1.34,-0.529999999999999
54157,1385476,13665.7276697868,13849.563159665,11.04,1.73,0.389999999999998
54158,1385476,13666.694818796,13837.1407515734,12.47,1.43,-0.299999999999997
54159,1385476,13667.8047891678,13822.8838947749,14.3,1.83,0.399999999999999
54160,1385476,13668.8705159653,13809.1953182823,13.73,-0.57,-2.4
54161,1385476,13669.9872118206,13793.0027098998,13.25,-0.48,0.0899999999999999
54162,1385476,13667.3657319836,13780.3785423093,12.91,-0.34,0.140000000000001
54163,1385476,13662.4820002322,13768.0936913057,13.22,0.31,0.65
54164,1385476,13648.372324849,13755.9151588265,13.65,0.43,0.119999999999999
54165,1385476,13636.0096425036,13756.34058241,12.36,-1.29,-1.72
54166,1385476,13626.9205551872,13756.9246396508,9.11,-3.25,-1.96
54167,1385476,13621.6375683661,13757.3489629332,5.3,-3.81,-0.56
54168,1385476,13618.687070066,13757.5859434834,2.96,-2.34,1.47
54169,1385476,13603.8615092803,13760.0877214446,4.73,1.77,4.11
54170,1385476,13597.4553031968,13760.3082290761,6.41,1.68,-0.0900000000000007
54171,1385476,13589.0003104563,13760.5992578688,8.46,2.05,0.370000000000001
54172,1385476,13579.0062292028,13760.9432635341,10,1.54,-0.510000000000002
54173,1385476,13567.5828605331,13761.332554629,11.43,1.43,-0.109999999999999
54174,1385476,13554.0513788667,13761.8061026261,13.54,2.11,0.68
54175,1385476,13540.6224484651,13762.3514724704,13.44,-0.0999999999999996,-2.21
54176,1385476,13527.7438390304,13761.8710352432,12.89,-0.549999999999999,-0.449999999999999
54177,1385476,13514.0981205846,13761.5291754793,13.65,0.76,1.31
54178,1385476,13500.5423739088,13761.1895697359,13.56,-0.0899999999999999,-0.85
54179,1385476,13487.4364860828,13760.8612340945,13.11,-0.450000000000001,-0.360000000000001
54180,1385476,13474.4205700269,13760.5351524736,13.02,-0.0899999999999999,0.360000000000001
54181,1385476,13460.9348359061,13760.195928445,13.49,0.470000000000001,0.56
54182,1385476,13450.1182910276,13759.9225113779,10.82,-2.67,-3.14
54183,1385476,13442.7706380834,13759.7367798213,7.36,-3.46,-0.79
54184,1385476,13437.9821015536,13759.4370143005,4.79,-2.57,0.89
54185,1385476,13436.3177118026,13759.3003479578,1.67,-3.12,-0.55
54186,1385476,13435.1414203979,13759.2068678462,1.18,-0.49,2.63
54187,1385476,13428.4946709576,13749.1120000017,3.59,2.41,2.9
54188,1385476,13428.7082149916,13743.5260802972,5.59,2,-0.41
54189,1385476,13428.9740945043,13736.5711605935,6.96,1.37,-0.63
54190,1385476,13429.2869613448,13728.3871387008,8.19,1.23,-0.140000000000001
54191,1385476,13429.6506356208,13718.8740876118,9.51,1.32,0.0900000000000007
54192,1385476,13430.086509937,13707.4724160861,11.41,1.9,0.58
54193,1385476,13430.5731916888,13694.7417153641,12.74,1.33,-0.57
54194,1385476,13431.0923443581,13681.1616350807,13.59,0.85,-0.48
54195,1385476,13431.5847562719,13668.2810438478,12.89,-0.699999999999999,-1.55
54196,1385476,13432.0935946497,13654.9707664839,13.32,0.43,1.13
54197,1385476,13420.1108551096,13638.8947796073,13.87,0.549999999999999,0.119999999999999
54198,1385476,13408.4750028858,13632.7472156162,13.16,-0.709999999999999,-1.26
