"V1","V2","V3","V4","V5","acceleration","jerk"
55901,1388886,14373.2,13831.48,0,2.17,0
55902,1388886,14373.1240624866,13829.3113303923,2.17,2.17,0
55903,1388886,14372.9856611191,13824.9135076285,4.4,2.23,0.0600000000000005
55904,1388886,14372.7711389995,13818.0968823447,6.82,2.42,0.19
55905,1388886,14372.0857542866,13796.4605291792,8.88,2.06,-0.359999999999999
55906,1388886,14371.8212366702,13785.403692813,11.06,2.18,0.119999999999999
55907,1388886,14371.5229966451,13772.9372597671,12.47,1.41,-0.77
55908,1388886,14371.6158910241,13758.4559362904,14.48,2.01,0.6
55909,1388886,14372.3421478571,13742.1621138103,16.31,1.83,-0.180000000000001
55910,1388886,14373.1147141386,13724.8293228827,17.36,1.05,-0.779999999999998
55911,1388886,14372.389326768,13696.3751782681,18.64,1.28,0.23
55912,1388886,14369.7868756599,13676.1620229421,20.38,1.74,0.459999999999997
55913,1388886,14367.0069266597,13654.5702471107,21.77,1.39,-0.349999999999998
55914,1388886,14364.1695143132,13632.5321552882,22.22,0.449999999999999,-0.940000000000001
55915,1388886,14361.5402469769,13612.1107191665,20.59,-1.63,-2.08
55916,1388886,14358.5207806285,13593.3181096119,19.05,-1.54,0.0899999999999999
55917,1388886,14354.7466785359,13575.9739851487,17.75,-1.3,0.239999999999998
55918,1388886,14348.8654977729,13552.8762212386,17.45,-0.300000000000001,1
55919,1388886,14343.8229169659,13535.2118707325,18.37,0.920000000000002,1.22
55920,1388886,14336.1750136545,13506.8607972651,19.25,0.879999999999999,-0.0400000000000027
55921,1388886,14332.8529758131,13487.6830712019,19.49,0.239999999999998,-0.640000000000001
55922,1388886,14329.0875594236,13457.2506399087,20.88,1.39,1.15
55923,1388886,14327.9578868247,13434.7548550209,22.64,1.76,0.370000000000001
55924,1388886,14329.0273898587,13386.0951308222,23.88,1.24,-0.520000000000003
55925,1388886,14329.9642134384,13361.6931071033,24.43,0.550000000000001,-0.689999999999998
55926,1388886,14331.3045327409,13335.609506525,26.11,1.68,1.13
55927,1388886,14331.9516954784,13308.4779180698,27.06,0.949999999999999,-0.73
55928,1388886,14330.15213125,13281.4277116271,27.1,0.0400000000000027,-0.909999999999997
