"V1","V2","V3","V4","V5","acceleration","jerk"
43833,1390625,14216.3827129849,13276.3262559577,6.67,-3.16,0
43834,1390625,14219.7900713802,13277.1688761367,3.51,-3.16,0
43835,1390625,14227.8012556809,13278.7455440617,5.02,1.51,4.67
43836,1390625,14234.0118270947,13279.6767812569,6.28,1.26,-0.249999999999999
43837,1390625,14242.0915035997,13280.8882793276,8.17,1.89,0.629999999999999
43838,1390625,14251.9018329667,13282.3592782092,9.91,1.74,-0.149999999999999
43839,1390625,14263.3340313018,13284.0734664219,11.56,1.65,-0.0899999999999999
43840,1390625,14276.2397569308,13286.0086010392,13.05,1.49,-0.16
43841,1390625,14289.7091809207,13288.0282587778,13.62,0.569999999999999,-0.920000000000002
43842,1390625,14303.4456199236,13290.0879537843,13.89,0.270000000000001,-0.299999999999997
43843,1390625,14316.2035576931,13292.0587892098,12.91,-0.98,-1.25
43844,1390625,14329.1043375226,13294.3915943433,13.11,0.199999999999999,1.18
43845,1390625,14342.1920851758,13296.7582082468,13.3,0.190000000000001,-0.00999999999999801
43846,1390625,14355.1322266523,13299.098131016,13.15,-0.15,-0.340000000000002
43847,1390625,14368.6529524233,13301.5430389134,13.74,0.59,0.74
43848,1390625,14381.8095829588,13303.9221086795,13.37,-0.370000000000001,-0.960000000000001
43849,1390625,14394.6119586706,13306.2371197235,13.01,-0.359999999999999,0.0100000000000016
