"V1","V2","V3","V4","V5","acceleration","jerk"
72328,1392638,14040.8467099296,14267.0444683033,12.21,0.949999999999999,0
72329,1392638,14041.5147820001,14253.9014367066,13.16,0.949999999999999,0
72330,1392638,14042.943729159,14231.1405269493,13.33,0.17,-0.779999999999999
72331,1392638,14044.225374629,14208.9609667627,13.12,-0.210000000000001,-0.380000000000001
72332,1392638,14044.4011115427,14195.9349469866,13.05,-0.0699999999999985,0.140000000000002
72333,1392638,14044.1496836714,14182.3972816035,13.54,0.489999999999998,0.559999999999997
72334,1392638,14043.6103358096,14169.5611367158,12.85,-0.69,-1.18
72335,1392638,14042.8281796421,14156.2741381183,13.31,0.460000000000001,1.15
72336,1392638,14033.7764737706,14138.8901175755,12.9,-0.41,-0.870000000000001
72337,1392638,14032.6423276483,14125.6044134965,13.36,0.459999999999999,0.869999999999999
72338,1392638,14030.90294891,14112.7919406047,12.94,-0.42,-0.879999999999999
72339,1392638,14026.593934852,14100.3148651672,13.41,0.470000000000001,0.890000000000001
72340,1392638,14023.7807606635,14087.8550611381,13.08,-0.33,-0.800000000000001
72341,1392638,14023.3903274746,14074.3640333081,13.5,0.42,0.75
72342,1392638,14023.3116016477,14061.374271869,12.98,-0.52,-0.94
72343,1392638,14023.2293001289,14047.7945212653,13.59,0.609999999999999,1.13
72344,1392638,14023.5363381691,14034.9400847773,12.86,-0.73,-1.34
72345,1392638,14023.0458296273,14022.177039423,12.78,-0.0800000000000001,0.65
72346,1392638,14023.2098569292,14014.0693622481,8.11,-4.67,-4.59
72347,1392638,14023.2456194997,14009.229494374,4.84,-3.27,1.4
72348,1392638,14023.2652741356,14006.5695669886,2.66,-2.18,1.09
72349,1392638,14027.8644284091,13992.5421065585,4.98,2.32,4.5
72350,1392638,14029.6540908348,13985.9788320767,6.85,1.87,-0.450000000000001
72351,1392638,14029.0979141852,13973.0158988441,8.22,1.37,-0.499999999999998
72352,1392638,14027.001016485,13962.778442127,10.45,2.23,0.859999999999998
72353,1392638,14026.3808590698,13950.6544716382,12.16,1.71,-0.519999999999998
72354,1392638,14026.2464854927,13937.0042126483,13.65,1.49,-0.220000000000001
72355,1392638,14027.0477807218,13923.4478736898,13.58,-0.0700000000000003,-1.56
72356,1392638,14028.4923356705,13912.8452118284,10.72,-2.86,-2.79
72357,1392638,14029.7392072038,13906.099479001,6.87,-3.85,-0.990000000000001
72358,1392638,14030.591660191,13901.4876004353,4.69,-2.18,1.67
72359,1392638,14031.0460594378,13899.0292429909,2.5,-2.19,-0.0100000000000007
72360,1392638,14031.1732912269,13898.3409029064,0.69,-1.81,0.38
72361,1392638,14031.2078255697,13898.1540677407,0.19,-0.5,1.31
72362,1392638,14031.2314543305,13898.0262331536,0.14,-0.05,0.45
72363,1392638,14031.2387247185,13897.9868994345,0.03,-0.11,-0.06
72364,1392638,14031.2387247185,13897.9868994345,0,-0.03,0.08
72365,1392638,14041.5433787193,13887.2162158599,1.45,1.45,1.48
72366,1392638,14044.7749701986,13885.898294576,3.49,2.04,0.59
72367,1392638,14049.9603318847,13883.7835784758,5.6,2.11,0.0699999999999994
72368,1392638,14056.9698297353,13880.9249354616,7.57,1.97,-0.139999999999999
72369,1392638,14065.8341601531,13880.836207963,9.05,1.48,-0.49
72370,1392638,14076.651772961,13881.902112808,10.87,1.82,0.339999999999998
72371,1392638,14088.762269911,13882.9920637276,12.16,1.29,-0.529999999999998
72372,1392638,14101.6562109809,13883.4717953265,12.9,0.74,-0.550000000000001
72373,1392638,14113.7289189454,13880.98212028,13.41,0.51,-0.23
72374,1392638,14126.7894175201,13881.8604579034,13.09,-0.32,-0.83
72375,1392638,14140.4518294669,13882.4791160434,13.69,0.6,0.92
72376,1392638,14159.0429788609,13882.1154374976,13.72,0.0300000000000011,-0.569999999999999
72377,1392638,14171.3239110308,13879.7260217012,12.74,-0.98,-1.01
72378,1392638,14179.354564619,13874.6147371901,9.54,-3.2,-2.22
72379,1392638,14184.3492567205,13870.9245948065,6.21,-3.33,-0.129999999999998
72380,1392638,14192.0200520597,13863.9529207221,3.88,-2.33,0.999999999999999
72381,1392638,14193.1218515758,13862.778979571,1.61,-2.27,0.0600000000000005
72382,1392638,14193.2997819325,13862.5893990124,0.26,-1.35,0.919999999999999
72383,1392638,14205.8165841366,13855.020507184,2.35,2.09,3.44
72384,1392638,14209.2184629613,13852.2010719807,4.43,2.08,-0.0100000000000002
72385,1392638,14213.9475369772,13848.3480395448,6.1,1.67,-0.41
72386,1392638,14232.0999909384,13838.7363998758,8.26,2.16,0.49
72387,1392638,14241.8999533309,13835.4635368982,9.79,1.53,-0.630000000000001
72388,1392638,14252.9599058718,13832.1959447771,11.05,1.26,-0.269999999999998
72389,1392638,14265.1698561183,13832.2308013021,12.21,1.16,-0.100000000000001
72390,1392638,14278.8598003341,13832.2698828605,13.69,1.48,0.319999999999999
72391,1392638,14291.9097471578,13832.3071373774,13.05,-0.639999999999999,-2.12
72392,1392638,14305.0496936148,13832.344648822,13.14,0.0899999999999999,0.729999999999999
72393,1392638,14333.223632161,13834.4118100359,13.84,0.699999999999999,0.609999999999999
72394,1392638,14346.079152993,13830.6734790406,13.4,-0.44,-1.14
72395,1392638,14357.5321228389,13825.0530404355,12.45,-0.950000000000001,-0.510000000000002
72396,1392638,14363.1565072156,13818.4986704865,8.67,-3.78,-2.83
72397,1392638,14365.8304315283,13814.4284089752,4.87,-3.8,-0.0200000000000005
72398,1392638,14367.4666316211,13811.9377766747,2.97,-1.9,1.9
72399,1392638,14372.0718826575,13795.8806950841,4.29,1.32,3.22
72400,1392638,14371.9142722513,13789.2925801063,6.59,2.3,0.98
72401,1392638,14371.7116986337,13780.8250028891,8.47,1.88,-0.419999999999999
72402,1392638,14371.4593784842,13770.278020641,10.56,2.09,0.209999999999999
72403,1392638,14371.6341476337,13758.0463429601,12.23,1.67,-0.42
72404,1392638,14372.2646685873,13743.9003879437,14.16,1.93,0.26
72405,1392638,14372.9606461654,13728.285890987,15.63,1.47,-0.459999999999999
72406,1392638,14373.0495167694,13701.5028530981,16.93,1.3,-0.170000000000002
72407,1392638,14370.688411716,13683.1642249343,18.49,1.56,0.26
72408,1392638,14368.1204386157,13663.218859203,20.11,1.62,0.0600000000000023
72409,1392638,14365.3404896156,13641.6270833715,21.77,1.66,0.0399999999999991
72410,1392638,14362.3626113113,13618.4979969044,23.32,1.55,-0.109999999999999
72411,1392638,14358.7334060985,13594.2952433845,24.5,1.18,-0.370000000000001
72412,1392638,14351.5869755936,13562.8098515001,25.9,1.4,0.219999999999999
72413,1392638,14344.2813334029,13536.8177207785,27,1.1,-0.299999999999997
72414,1392638,14334.6141860782,13500.3310369831,27.65,0.649999999999999,-0.450000000000003
72415,1392638,14330.8793721409,13473.509822155,27.08,-0.57,-1.22
72416,1392638,14327.5122960459,13436.5091494254,27.39,0.310000000000002,0.880000000000003
72417,1392638,14329.0833997861,13384.6362055712,27.16,-0.23,-0.540000000000003
72418,1392638,14330.1245706278,13357.5161841244,27.13,-0.0300000000000011,0.199999999999999
72419,1392638,14331.6511584983,13330.1204400667,27.44,0.310000000000002,0.340000000000003
72420,1392638,14331.5766479723,13302.8403796559,27.21,-0.23,-0.540000000000003
72421,1392638,14329.8017165993,13275.7986563613,27.09,-0.120000000000001,0.109999999999999
72445,1392638,14215.3245874434,13276.064587583,6.91,-0.840833333333333,-0.0300347222222222
72446,1392638,14219.3532305603,13277.0608479086,4.16,-2.75,-1.90916666666667
72447,1392638,14220.7802439053,13277.4137401203,1.47,-2.69,0.0599999999999996
72448,1392638,14221.5665573812,13277.6081909309,0.81,-0.66,2.03
72449,1392638,14222.0713512175,13277.73302355,0.52,-0.29,0.37
72450,1392638,14222.1295966601,13277.7474273138,0.05,-0.47,-0.18
72451,1392638,14222.1393042339,13277.749827941,0.01,-0.04,0.43
72452,1392638,14222.1393042339,13277.749827941,0,-0.01,0.03
72453,1392638,14222.1393042339,13277.749827941,0,0,0.01
72454,1392638,14222.1393042339,13277.749827941,0,0,0
72455,1392638,14222.1393042339,13277.749827941,0,0,0
72456,1392638,14222.1393042339,13277.749827941,0,0,0
72457,1392638,14222.1393042339,13277.749827941,0,0,0
72458,1392638,14222.1393042339,13277.749827941,0,0,0
72459,1392638,14227.2771150998,13278.6669523876,2.07,2.07,2.07
72460,1392638,14230.8373152733,13279.2007826268,3.6,1.53,-0.54
72461,1392638,14236.3852938771,13280.032668083,5.61,2.01,0.48
72462,1392638,14244.1682870342,13281.1996803005,7.87,2.26,0.25
72463,1392638,14253.1380135826,13282.5446359311,9.07,1.2,-1.06
72464,1392638,14263.5911568699,13284.1120208281,10.57,1.5,0.3
72465,1392638,14276.0617469222,13285.9819095273,12.61,2.04,0.539999999999999
72466,1392638,14289.264155899,13287.9615299979,13.35,0.74,-1.3
72467,1392638,14302.0808765237,13289.8833188592,12.96,-0.389999999999999,-1.13
72468,1392638,14314.8751021043,13291.8185690016,12.94,-0.0200000000000014,0.369999999999997
72469,1392638,14328.2187004634,13294.2314475378,13.55,0.610000000000001,0.630000000000003
72470,1392638,14341.2178844106,13296.5820467607,13.21,-0.34,-0.950000000000001
72471,1392638,14354.3449937108,13298.9557783,13.34,0.129999999999999,0.469999999999999
72472,1392638,14367.9936448348,13301.4238185137,13.87,0.529999999999999,0.4
72473,1392638,14381.4848493704,13303.8633881842,13.71,-0.159999999999998,-0.689999999999998
72474,1392638,14395.0350963767,13306.3136343083,13.77,0.0599999999999987,0.219999999999997
