"V1","V2","V3","V4","V5","acceleration","jerk"
69281,1394682,14395.3624438429,13322.7713509256,13.08,0.35,0
69282,1394682,14382.1060923632,13320.5571365168,13.43,0.35,0
69283,1394682,14368.5834302512,13318.298440122,13.71,0.280000000000001,-0.0699999999999985
69284,1394682,14355.2580352743,13316.0726933464,13.51,-0.200000000000001,-0.480000000000002
69285,1394682,14342.2877211406,13313.9062558853,13.15,-0.359999999999999,-0.159999999999998
69286,1394682,14329.5639909257,13311.7810054483,12.9,-0.25,0.109999999999999
69287,1394682,14316.6528569326,13309.6244528729,13.09,0.19,0.44
69288,1394682,14302.992107826,13307.3426917448,13.85,0.76,0.57
69289,1394682,14290.2782409679,13305.2190887886,12.89,-0.959999999999999,-1.72
69290,1394682,14277.1797031963,13303.0312340751,13.28,0.389999999999999,1.35
69291,1394682,14263.7951280789,13300.7956024138,13.57,0.290000000000001,-0.0999999999999979
69292,1394682,14250.8149505884,13298.6275174717,13.16,-0.41,-0.700000000000001
69293,1394682,14237.4796922547,13296.4001232152,13.52,0.359999999999999,0.77
69294,1394682,14222.5351036329,13291.1115212469,12.99,-0.529999999999999,-0.889999999999999
69295,1394682,14208.2377119607,13289.3135525672,14.41,1.42,1.95
69296,1394682,14192.5016514528,13287.3346640689,15.86,1.45,0.0299999999999994
69297,1394682,14174.9895790715,13285.1324331739,17.65,1.79,0.34
69298,1394682,14155.9495411681,13282.7380529543,19.19,1.54,-0.249999999999996
69299,1394682,14135.3255984203,13281.2196162905,20.72,1.53,-0.0100000000000051
69300,1394682,14115.0068856392,13288.3178612473,21.61,0.890000000000001,-0.639999999999997
69301,1394682,14098.6178289131,13302.7487750636,22.13,0.52,-0.370000000000001
69302,1394682,14090.6778396686,13322.0870268786,21.35,-0.779999999999998,-1.3
69303,1394682,14091.9064547513,13343.808389504,22.09,0.739999999999998,1.52
69304,1394682,14101.3432611108,13359.4364566023,18.45,-3.64,-4.38
69305,1394682,14118.728931049,13374.6893444775,14.07,-4.38,-0.739999999999998
69306,1394682,14127.5807287114,13392.0125708794,12.85,-1.22,3.16
69307,1394682,14121.7275354772,13404.1998810405,13.52,0.67,1.89
69308,1394682,14115.542591686,13417.5012077582,10.09,-3.43,-4.1
69309,1394682,14114.383460483,13423.1127418492,5.74,-4.35,-0.92
69310,1394682,14113.6936459277,13426.4522411948,3.4,-2.34,2.01
69311,1394682,14107.8616224371,13441.1463419227,5.77,2.37,4.71
69312,1394682,14106.8588022166,13448.3872294101,7.31,1.54,-0.83
69313,1394682,14105.5720096491,13457.6785460493,9.38,2.07,0.530000000000001
69314,1394682,14104.0492593826,13468.6736009207,11.1,1.72,-0.350000000000002
69315,1394682,14106.134751163,13482.1873276259,13.12,2.02,0.300000000000001
69316,1394682,14105.0134349776,13495.8714626009,13.72,0.600000000000001,-1.42
69317,1394682,14104.0648509433,13509.1862258545,13.36,-0.360000000000001,-0.960000000000003
69318,1394682,14103.3826679633,13522.7791183496,13.6,0.24,0.600000000000001
69319,1394682,14102.7135171343,13536.1123376596,13.36,-0.24,-0.48
69320,1394682,14102.0185409072,13549.9448900367,13.85,0.49,0.73
69321,1394682,14102.6480949024,13571.04448589,13.17,-0.68,-1.17
69322,1394682,14103.6971755997,13584.5538133969,13.55,0.380000000000001,1.06
69323,1394682,14104.7052221442,13597.5347317837,13.03,-0.520000000000001,-0.900000000000002
69324,1394682,14105.7140429181,13610.5256201539,13.03,0,0.520000000000001
69325,1394682,14106.743767883,13623.7856980759,13.3,0.270000000000001,0.270000000000001
69326,1394682,14107.1858008814,13636.6362034123,12.87,-0.430000000000001,-0.700000000000003
69327,1394682,14107.549993314,13649.8511859651,13.21,0.340000000000002,0.770000000000003
69328,1394682,14107.6417769207,13662.8783977279,13.03,-0.180000000000001,-0.520000000000003
69329,1394682,14107.5389064959,13671.8978111055,9.02,-4.01,-3.83
69330,1394682,14107.4707063694,13677.8774221918,5.98,-3.04,0.970000000000001
69331,1394682,14107.4378608236,13680.7572348888,2.88,-3.1,-0.0600000000000014
69332,1394682,14111.6412468584,13689.0827457135,4.53,1.65,4.75
69333,1394682,14117.1567880787,13691.4446951302,6,1.47,-0.180000000000001
69334,1394682,14124.240488579,13695.1113102249,7.98,1.98,0.510000000000001
69335,1394682,14133.7098921611,13709.2756153389,9.66,1.68,-0.300000000000001
69336,1394682,14134.9504822099,13722.2244493666,11.88,2.22,0.540000000000001
69337,1394682,14138.436743032,13735.2415030373,13.49,1.61,-0.610000000000001
69338,1394682,14142.0228091961,13750.2798450159,15.46,1.97,0.360000000000001
69339,1394682,14148.290868737,13774.8860839553,16.7,1.24,-0.730000000000002
69340,1394682,14153.1321997583,13792.4303569224,18.2,1.5,0.260000000000002
69341,1394682,14168.7753438058,13819.8193202031,19.48,1.28,-0.219999999999999
69342,1394682,14185.2900108905,13840.4922801557,21.08,1.6,0.319999999999997
69343,1394682,14206.5033217759,13873.6623644379,19.97,-1.11,-2.71
69344,1394682,14211.3775893492,13888.4565659758,15.59,-4.38,-3.27
69345,1394682,14216.1966002099,13900.6419653725,13.11,-2.48,1.9
69346,1394682,14236.5031300033,13921.0658257512,13.02,-0.0899999999999999,2.39
69347,1394682,14247.9520972026,13928.8702937931,13.86,0.84,0.93
69348,1394682,14259.0333908052,13936.614302829,13.52,-0.34,-1.18
69349,1394682,14270.4590745139,13944.0360692237,13.63,0.110000000000001,0.450000000000001
69350,1394682,14282.2707469384,13950.9247203379,13.68,0.0499999999999989,-0.0600000000000023
69351,1394682,14294.2779409666,13956.6909748906,13.32,-0.359999999999999,-0.409999999999998
69352,1394682,14306.8932714826,13961.2302820726,13.43,0.109999999999999,0.469999999999999
69353,1394682,14319.3249438682,13965.4204641194,13.12,-0.31,-0.42
69354,1394682,14332.7181274712,13968.3507768971,13.71,0.590000000000002,0.900000000000002
69355,1394682,14345.6774653171,13970.935601492,13.23,-0.48,-1.07
69356,1394682,14358.5655281869,13972.9204026071,13.03,-0.200000000000001,0.279999999999999
69357,1394682,14371.5736187755,13973.9691837727,13.06,0.0300000000000011,0.230000000000002
69358,1394682,14384.67006892,13974.7549277606,13.12,0.0599999999999987,0.0299999999999976
69359,1394682,14398.1059087785,13975.5610340164,13.47,0.350000000000001,0.290000000000003
