"V1","V2","V3","V4","V5","acceleration","jerk"
65370,1394649,14349.0918728631,14268.838325878,19.17,-0.550000000000001,0
65371,1394649,14350.4060322339,14250.2547340521,18.62,-0.550000000000001,0
65372,1394649,14351.7378265936,14231.4217649877,18.89,0.27,0.82
65373,1394649,14353.6602295882,14212.4808326825,19.04,0.149999999999999,-0.120000000000001
65374,1394649,14355.6535902826,14193.957781823,18.63,-0.41,-0.559999999999999
65375,1394649,14357.6640705536,14175.2756494747,18.79,0.16,0.57
65376,1394649,14359.6504581999,14156.4301423411,18.95,0.16,0
65377,1394649,14361.528782418,14137.7845128765,18.74,-0.210000000000001,-0.370000000000001
65378,1394649,14363.4542150876,14118.6712502289,19.21,0.470000000000002,0.680000000000003
65379,1394649,14365.3395554581,14099.955973269,18.81,-0.400000000000002,-0.870000000000005
65380,1394649,14367.2269004435,14081.2207970246,18.83,0.0199999999999996,0.420000000000002
65381,1394649,14369.0891877419,14062.7343618351,18.59,-0.239999999999998,-0.259999999999998
65382,1394649,14370.3924567622,14044.2329710725,18.55,-0.0399999999999991,0.199999999999999
65383,1394649,14371.5257969657,14025.4972180857,18.77,0.219999999999999,0.259999999999998
65384,1394649,14372.6500801085,14006.9111914147,18.61,-0.16,-0.379999999999999
65385,1394649,14372.3875384514,13985.0446497393,18.62,0.0100000000000016,0.170000000000002
65386,1394649,14371.9166907844,13964.6700895607,20.38,1.76,1.75
65387,1394649,14371.4037948959,13942.4760151756,22.2,1.82,0.0600000000000023
65388,1394649,14370.8613266318,13919.0022824477,23.47,1.27,-0.550000000000001
65389,1394649,14370.2876687528,13894.1789100612,24.83,1.36,0.0899999999999999
65390,1394649,14373.7628811388,13856.6708570846,26.09,1.26,-0.0999999999999979
65391,1394649,14373.7945525247,13854.031047068,2.64,-23.45,-24.71
65392,1394649,14373.806309327,13853.0511175922,0.98,-1.66,21.79
65393,1394649,14373.8171063904,13852.1511823593,0.9,-0.08,1.58
65394,1394649,14373.8197456726,13851.9311981913,0.22,-0.68,-0.6
65395,1394649,14373.82,13851.91,0.07,-0.15,0.53
65396,1394649,14373.82,13851.91,0.01,-0.06,0.09
65397,1394649,14373.82,13851.91,0,-0.01,0.05
65398,1394649,14373.82,13851.91,0,0,0.01
65399,1394649,14373.82,13851.91,0,0,0
65400,1394649,14373.7519923939,13849.4810189588,2.28,2.28,2.28
65401,1394649,14373.0900912418,13828.2318648048,4.73,2.45,0.170000000000001
65402,1394649,14372.8900383561,13821.8750119008,6.36,1.63,-0.820000000000001
65403,1394649,14372.6210993351,13813.3292426667,8.55,2.19,0.56
65404,1394649,14371.948951324,13790.7421653442,9.83,1.28,-0.910000000000001
65405,1394649,14371.6810853833,13779.545369024,11.2,1.37,0.0899999999999999
65406,1394649,14371.3842803544,13767.1389188155,12.4,1.2,-0.169999999999998
65407,1394649,14371.8403137365,13753.4209353523,13.73,1.33,0.129999999999999
65408,1394649,14372.5313931998,13737.9163292891,15.53,1.8,0.469999999999999
65409,1394649,14373.1610235871,13723.7903544351,14.13,-1.4,-3.2
65410,1394649,14368.0051765377,13709.9011192811,13.38,-0.75,0.649999999999999
65411,1394649,14348.512128448,13711.2045462822,13.3,-0.0800000000000001,0.67
65412,1394649,14328.6300007982,13712.0371104977,13.26,-0.0400000000000009,0.0399999999999991
65413,1394649,14315.4615668691,13711.9994057368,13.17,-0.0899999999999999,-0.0499999999999989
65414,1394649,14301.6638814007,13710.5849179442,13.87,0.699999999999999,0.789999999999999
65415,1394649,14275.5774397846,13708.3526670719,13.57,-0.299999999999999,-0.999999999999998
65416,1394649,14262.5902042373,13707.1807827603,13.03,-0.540000000000001,-0.240000000000002
65417,1394649,14249.4834542525,13705.9981142372,13.16,0.130000000000001,0.670000000000002
65418,1394649,14236.4663400959,13704.8235338728,13.07,-0.0899999999999999,-0.220000000000001
65419,1394649,14223.6787430294,13700.3611606551,13.15,0.0800000000000001,0.17
65420,1394649,14210.1661074737,13699.2378145086,13.56,0.41,0.33
65421,1394649,14197.0355254821,13698.3583734582,13.16,-0.4,-0.81
65422,1394649,14183.8750105528,13697.4769276031,13.19,0.0299999999999994,0.43
65423,1394649,14170.4550768304,13696.5781067727,13.45,0.26,0.23
65424,1394649,14157.4325428112,13696.7642559763,13.04,-0.41,-0.67
65425,1394649,14147.312698636,13697.2177467378,10.12,-2.92,-2.51
65426,1394649,14140.0399971953,13697.5436512535,7.28,-2.84,0.080000000000001
65427,1394649,14136.8432053532,13697.6869059857,3.21,-4.07,-1.23
65428,1394649,14124.0544807355,13702.5066111884,4.69,1.48,5.55
65429,1394649,14118.4153392861,13699.4800481684,6.4,1.71,0.23
65430,1394649,14111.0408238455,13696.0047307855,8.16,1.76,0.0499999999999998
65431,1394649,14094.2829563749,13691.430793975,9.41,1.25,-0.51
65432,1394649,14082.8828436858,13689.6492320586,11.54,2.13,0.879999999999999
65433,1394649,14070.0233638022,13687.74298519,13,1.46,-0.669999999999998
65434,1394649,14055.9570711911,13685.6578443846,14.22,1.22,-0.24
65435,1394649,14040.8125606513,13683.4128721109,15.32,1.1,-0.120000000000001
65436,1394649,14024.1111633451,13680.8498757031,16.9,1.58,0.479999999999999
65437,1394649,14005.9416429515,13676.2272839023,18.77,1.87,0.290000000000003
65438,1394649,13987.3243077055,13668.0410232524,20.38,1.61,-0.260000000000002
65439,1394649,13968.95515699,13656.9419554988,21.5,1.12,-0.489999999999998
65440,1394649,13950.5904139203,13644.7198520798,22.06,0.559999999999999,-0.560000000000002
65441,1394649,13935.672948141,13635.380150528,17.62,-4.44,-5
65442,1394649,13923.1472781658,13628.9057708919,14.1,-3.52,0.919999999999996
65443,1394649,13913.7406568055,13623.7936745776,10.71,-3.39,0.130000000000003
65444,1394649,13907.2539891054,13620.1681061935,7.44,-3.27,0.119999999999998
65445,1394649,13904.1470717782,13618.8119481193,3.38,-4.06,-0.79
65446,1394649,13896.5822835751,13602.0059440803,4.67,1.29,5.35
65447,1394649,13897.6423518576,13595.3713241113,6.72,2.05,0.76
65448,1394649,13898.8592684374,13580.1399323348,8.15,1.43,-0.619999999999999
65449,1394649,13898.1542785217,13569.834017081,10.33,2.18,0.749999999999999
65450,1394649,13897.361250175,13558.2411095061,11.62,1.29,-0.890000000000001
65451,1394649,13896.4337755423,13544.6827950531,13.59,1.97,0.680000000000001
65452,1394649,13895.5920440116,13529.5004326308,15.22,1.63,-0.34
65453,1394649,13897.075616517,13513.0873460039,16.49,1.27,-0.360000000000003
65454,1394649,13898.6807195373,13495.3297407517,17.82,1.33,0.0600000000000041
65455,1394649,13900.8358325088,13482.2366968215,13.29,-4.53,-5.86
65456,1394649,13902.7010372397,13472.2900686837,10.12,-3.17,1.36
65457,1394649,13904.0409619821,13465.1446154661,7.27,-2.85,0.32
65458,1394649,13901.5006363028,13453.5752210316,7.62,0.350000000000001,3.2
65459,1394649,13900.3778487896,13445.6603643576,8,0.38,0.0299999999999994
65460,1394649,13900.7459187116,13437.3994029975,8.31,0.31,-0.0699999999999994
65461,1394649,13902.7007491416,13429.75415915,7.89,-0.420000000000001,-0.730000000000001
65462,1394649,13905.1799935099,13422.6496790555,7.61,-0.279999999999999,0.140000000000001
65463,1394649,13909.7576263162,13416.6331287241,7.56,-0.0500000000000007,0.229999999999999
65464,1394649,13914.2141577256,13410.7757463909,7.36,-0.199999999999999,-0.149999999999999
65465,1394649,13917.0085616878,13403.5989435287,7.82,0.46,0.659999999999999
65466,1394649,13918.9415860223,13396.4144451522,7.45,-0.37,-0.83
65467,1394649,13921.053882775,13388.5636424908,8.12,0.669999999999999,1.04
65468,1394649,13923.1092860436,13380.8529561582,7.98,-0.139999999999999,-0.809999999999998
65469,1394649,13925.0856886368,13373.2248349748,7.88,-0.100000000000001,0.0399999999999983
65470,1394649,13927.4575278638,13365.9154884303,7.7,-0.18,-0.0799999999999992
65471,1394649,13930.387285379,13358.5896013918,7.89,0.19,0.369999999999999
65472,1394649,13933.4581465515,13350.9108832918,8.28,0.39,0.2
65473,1394649,13935.990679097,13343.9669709553,7.42,-0.859999999999999,-1.25
65474,1394649,13936.7066001861,13336.7524053416,7.25,-0.17,0.69
65475,1394649,13937.5034944189,13328.7218474792,8.08,0.83,1
65476,1394649,13938.3073009934,13320.6216317419,8.14,0.0600000000000005,-0.77
65477,1394649,13939.0923454979,13312.7104873793,7.95,-0.19,-0.250000000000001
65478,1394649,13940.836600679,13297.9314139121,8.16,0.21,0.4
65479,1394649,13942.3214071171,13287.7996347079,10.24,2.08,1.87
65480,1394649,13943.9773142972,13276.5003262596,11.42,1.18,-0.9
