"V1","V2","V3","V4","V5","acceleration","jerk"
46489,1399887,13408.1420513292,13751.7104667564,13.47,-0.0500000000000007,0
46490,1399887,13421.3774752961,13753.9882842246,13.42,-0.0500000000000007,0
46491,1399887,13444.0059009052,13756.472619592,13.13,-0.289999999999999,-0.239999999999998
46492,1399887,13457.2517654004,13756.8036388893,13.24,0.109999999999999,0.399999999999999
46493,1399887,13470.5576072083,13757.1363154769,13.31,0.0700000000000003,-0.0399999999999991
46494,1399887,13483.6135160069,13757.4631876888,13.06,-0.25,-0.32
46495,1399887,13496.7593966119,13757.7923124656,13.15,0.0899999999999999,0.34
46496,1399887,13509.85529288,13758.1201858175,13.11,-0.0400000000000009,-0.130000000000001
46497,1399887,13523.4810231192,13758.4613242745,13.63,0.520000000000001,0.560000000000002
46498,1399887,13536.9113177709,13758.9547473126,13.43,-0.200000000000001,-0.720000000000002
46499,1399887,13550.7290618243,13758.6435161782,13.83,0.4,0.600000000000001
46500,1399887,13563.7693345861,13758.1450653854,13.05,-0.779999999999999,-1.18
46501,1399887,13577.4718106405,13757.6919837282,13.71,0.66,1.44
46502,1399887,13589.3247969677,13757.2841676797,11.86,-1.85,-2.51
46503,1399887,13597.0802007279,13757.0171236478,7.76,-4.1,-2.25
46504,1399887,13601.9273280781,13756.8502211279,4.85,-2.91,1.19
46505,1399887,13610.8839962339,13751.2190062015,7.09,2.24,5.15
46506,1399887,13612.4599993924,13743.0292678635,8.34,1.25,-0.99
46507,1399887,13614.2741037474,13733.6022309277,9.6,1.26,0.00999999999999979
46508,1399887,13616.4264629769,13722.4174443966,11.39,1.79,0.530000000000001
46509,1399887,13618.9643193819,13709.2294125166,13.43,2.04,0.249999999999998
46510,1399887,13621.5891016206,13695.5896684501,13.89,0.460000000000001,-1.58
46511,1399887,13623.4939111934,13685.6912796675,10.08,-3.81,-4.27
46512,1399887,13624.6598511799,13679.6324444702,6.17,-3.91,-0.0999999999999996
46513,1399887,13625.287228936,13676.3722608633,3.31,-2.86,1.05
46514,1399887,13635.7438286172,13668.904491863,5.13,1.82,4.68
46515,1399887,13642.7869382446,13670.3504195157,7.19,2.06,0.240000000000001
46516,1399887,13651.9557151726,13672.2327397978,9.36,2.17,0.109999999999999
46517,1399887,13662.6722129923,13674.4328021789,10.94,1.58,-0.589999999999999
46518,1399887,13673.0948397566,13676.5725337817,10.64,-0.299999999999999,-1.88
46519,1399887,13680.0008095581,13677.9903070712,7.05,-3.59,-3.29
46520,1399887,13684.4480581963,13678.9033128491,4.53,-2.52,1.07
46521,1399887,13685.7214994363,13679.1647462216,1.31,-3.22,-0.700000000000001
46522,1399887,13686.2308759323,13679.2693195706,0.52,-0.79,2.43
46523,1399887,13686.4953598821,13679.3236172711,0.26,-0.26,0.53
46524,1399887,13686.6422954098,13679.3537826602,0.15,-0.11,0.15
46525,1399887,13686.7500481301,13679.3759039456,0.11,-0.04,0.07
46526,1399887,13686.7696395338,13679.3799259975,0.02,-0.09,-0.05
46527,1399887,13686.7696395338,13679.3799259975,0,-0.02,0.07
46528,1399887,13686.7696395338,13679.3799259975,0,0,0.02
46529,1399887,13686.7696395338,13679.3799259975,0,0,0
46530,1399887,13686.7696395338,13679.3799259975,0,0,0
46531,1399887,13686.7696395338,13679.3799259975,0,0,0
46532,1399887,13686.7696395338,13679.3799259975,0,0,0
46533,1399887,13686.7696395338,13679.3799259975,0,0,0
46534,1399887,13686.7696395338,13679.3799259975,0,0,0
46535,1399887,13686.7696395338,13679.3799259975,0,0,0
46536,1399887,13686.7696395338,13679.3799259975,0,0,0
46537,1399887,13686.7696395338,13679.3799259975,0,0,0
46538,1399887,13686.7696395338,13679.3799259975,0,0,0
46539,1399887,13686.7696395338,13679.3799259975,0,0,0
46540,1399887,13686.7696395338,13679.3799259975,0,0,0
46541,1399887,13686.7696395338,13679.3799259975,0,0,0
46542,1399887,13686.7696395338,13679.3799259975,0,0,0
46543,1399887,13686.7696395338,13679.3799259975,0,0,0
46544,1399887,13686.7696395338,13679.3799259975,0,0,0
46545,1399887,13686.7696395338,13679.3799259975,0,0,0
46546,1399887,13686.7696395338,13679.3799259975,0,0,0
46547,1399887,13686.7696395338,13679.3799259975,0,0,0
46548,1399887,13686.7696395338,13679.3799259975,0,0,0
46549,1399887,13686.7696395338,13679.3799259975,0,0,0
46550,1399887,13686.7696395338,13679.3799259975,0,0,0
46551,1399887,13686.7696395338,13679.3799259975,0,0,0
46552,1399887,13686.7696395338,13679.3799259975,0,0,0
46553,1399887,13686.7696395338,13679.3799259975,0,0,0
46554,1399887,13686.7696395338,13679.3799259975,0,0,0
46555,1399887,13686.7696395338,13679.3799259975,0,0,0
46556,1399887,13686.7696395338,13679.3799259975,0,0,0
46557,1399887,13686.7696395338,13679.3799259975,0,0,0
46558,1399887,13686.7696395338,13679.3799259975,0,0,0
46559,1399887,13686.7696395338,13679.3799259975,0,0,0
46560,1399887,13686.7696395338,13679.3799259975,0,0,0
46561,1399887,13686.7696395338,13679.3799259975,0,0,0
46562,1399887,13686.7696395338,13679.3799259975,0,0,0
46563,1399887,13686.7696395338,13679.3799259975,0,0,0
46564,1399887,13686.7696395338,13679.3799259975,0,0,0
46565,1399887,13686.7696395338,13679.3799259975,0,0,0
46566,1399887,13686.7696395338,13679.3799259975,0,0,0
46567,1399887,13686.7696395338,13679.3799259975,0,0,0
46568,1399887,13686.7696395338,13679.3799259975,0,0,0
46569,1399887,13686.7696395338,13679.3799259975,0,0,0
46570,1399887,13686.7696395338,13679.3799259975,0,0,0
46571,1399887,13686.7696395338,13679.3799259975,0,0,0
46572,1399887,13686.7696395338,13679.3799259975,0,0,0
46573,1399887,13686.7696395338,13679.3799259975,0,0,0
46574,1399887,13686.7696395338,13679.3799259975,0,0,0
46575,1399887,13686.7696395338,13679.3799259975,0,0,0
46576,1399887,13686.7696395338,13679.3799259975,0,0,0
46577,1399887,13686.7696395338,13679.3799259975,0,0,0
46578,1399887,13686.7696395338,13679.3799259975,0,0,0
46579,1399887,13686.7696395338,13679.3799259975,0,0,0
46580,1399887,13686.7696395338,13679.3799259975,0,0,0
46581,1399887,13686.7696395338,13679.3799259975,0,0,0
46582,1399887,13686.7696395338,13679.3799259975,0,0,0
46583,1399887,13686.7696395338,13679.3799259975,0,0,0
46584,1399887,13686.7696395338,13679.3799259975,0,0,0
46585,1399887,13700.2442414039,13681.4119399991,2.53,2.53,2.53
46586,1399887,13704.1199494968,13681.8465510649,3.91,1.38,-1.15
46587,1399887,13709.5558785399,13682.4561209444,5.47,1.56,0.179999999999999
46588,1399887,13717.178104456,13683.3108560406,7.68,2.21,0.65
46589,1399887,13726.6388072879,13684.3717527961,9.52,1.84,-0.37
46590,1399887,13737.987675601,13685.6443831479,11.41,1.89,0.0500000000000007
46591,1399887,13747.5080047113,13686.7119662275,9.59,-1.82,-3.71
46592,1399887,13756.1836282116,13687.6848263826,8.73,-0.859999999999999,0.960000000000001
46593,1399887,13763.865480406,13688.5462478028,7.73,-1,-0.140000000000001
46594,1399887,13782.5399105947,13689.1850022186,8.96,1.23,2.23
46595,1399887,13793.3597693735,13689.1297210515,10.81,1.85,0.619999999999999
46596,1399887,13805.6796085744,13689.0667761366,12.32,1.51,-0.34
46597,1399887,13818.0294473838,13689.0036779468,12.35,0.0299999999999994,-1.48
46598,1399887,13830.7992807115,13688.9384339076,12.77,0.42,0.390000000000001
46599,1399887,13844.5991005957,13688.8679274282,13.81,1.04,0.620000000000001
46600,1399887,13857.9089268753,13688.7999244399,13.31,-0.5,-1.54
46601,1399887,13871.0187557653,13688.7329432845,13.11,-0.200000000000001,0.299999999999999
46602,1399887,13884.0785853079,13688.6662175874,13.05,-0.0599999999999987,0.140000000000002
46603,1399887,13892.0589831134,13676.9623661234,13.68,0.629999999999999,0.689999999999998
46604,1399887,13891.7897052232,13665.5255357313,11.44,-2.24,-2.87
46605,1399887,13891.6035174513,13657.6177273046,7.9,-3.54,-1.3
46606,1399887,13891.6585493734,13636.7802224706,6.03,-1.87,1.67
46607,1399887,13891.9487415222,13629.45145717,7.35,1.32,3.19
46608,1399887,13892.6807948202,13625.6411424889,3.88,-3.47,-4.79
46609,1399887,13904.9866004018,13615.5814294366,5.57,1.69,5.16
46610,1399887,13911.7899676641,13618.8067990743,7.54,1.97,0.279999999999999
46611,1399887,13919.7336289515,13623.4246672344,9.19,1.65,-0.32
46612,1399887,13929.4328447257,13628.4417992204,10.92,1.73,0.080000000000001
46613,1399887,13940.988412237,13634.4191698374,13.01,2.09,0.359999999999999
46614,1399887,13953.1331646902,13642.4467616136,14.56,1.55,-0.539999999999999
46615,1399887,13966.6595080589,13651.4523451635,16.25,1.69,0.139999999999999
46616,1399887,13981.2247977372,13661.1141514588,17.48,1.23,-0.459999999999999
46617,1399887,13998.0898302523,13669.9693131768,19.05,1.57,0.34
46618,1399887,14017.9039445407,13676.0578007425,20.77,1.72,0.149999999999999
46619,1399887,14039.8184561155,13679.9348534266,22.26,1.49,-0.229999999999997
46620,1399887,14062.7875206682,13683.3393318849,23.22,0.959999999999997,-0.530000000000005
46621,1399887,14087.16123947,13686.9520084228,24.64,1.42,0.460000000000004
46622,1399887,14120.6692328637,13696.9486487526,26.28,1.64,0.219999999999999
46623,1399887,14136.1206277723,13725.5548636596,27.64,1.36,-0.280000000000001
46624,1399887,14142.4681679953,13752.1474786898,27.34,-0.300000000000001,-1.66
46625,1399887,14151.4749749087,13786.4248173298,26.75,-0.59,-0.289999999999999
46626,1399887,14167.7859222387,13819.2138080542,24.56,-2.19,-1.6
46627,1399887,14185.2393797646,13840.4178725681,22.15,-2.41,-0.219999999999999
46628,1399887,14202.8477930977,13864.1800359685,19.61,-2.54,-0.129999999999999
46629,1399887,14211.3523050288,13888.391291914,15.97,-3.64,-1.1
46630,1399887,14216.3389448927,13900.8946271846,13.47,-2.5,1.14
46631,1399887,14236.7635389614,13921.2340136656,13.03,-0.440000000000001,2.06
46632,1399887,14247.7000786225,13928.6897761061,13.24,0.210000000000001,0.650000000000002
46633,1399887,14258.9011453647,13936.5242409421,13.67,0.43,0.219999999999999
46634,1399887,14269.97861788,13943.7483863724,13.23,-0.44,-0.869999999999999
46635,1399887,14281.1078880572,13950.3662767663,12.95,-0.280000000000001,0.159999999999998
46636,1399887,14293.5567881721,13956.3446532959,13.81,0.860000000000001,1.14
46637,1399887,14306.5049579371,13961.0987047555,13.8,-0.00999999999999979,-0.870000000000001
46638,1399887,14318.9025782073,13965.2995512934,13.09,-0.710000000000001,-0.700000000000001
46639,1399887,14331.6533156457,13968.1178052758,13.06,-0.0299999999999994,0.680000000000001
46640,1399887,14344.66934997,13970.780348644,13.29,0.229999999999999,0.259999999999998
46641,1399887,14358.1405383836,13972.854952877,13.63,0.340000000000002,0.110000000000003
46642,1399887,14371.0844983052,13973.9398381512,13,-0.630000000000001,-0.970000000000002
46643,1399887,14384.7599073737,13974.7603177727,13.71,0.710000000000001,1.34
46644,1399887,14398.1258728793,13975.5622317969,13.39,-0.32,-1.03
