"V1","V2","V3","V4","V5","acceleration","jerk"
62514,1399813,13953.6,13885.8,0,2.54,0
62515,1399813,13953.6098131914,13888.3399810435,2.54,2.54,0
62516,1399813,13953.6266965168,13892.7099484293,4.37,1.83,-0.71
62517,1399813,13953.6529680529,13899.5098976796,6.8,2.43,0.6
62518,1399813,13953.5252539684,13906.7482088478,7.24,0.44,-1.99
62519,1399813,13953.329843183,13914.6057793772,7.86,0.62,0.18
62520,1399813,13953.1473603376,13921.943510635,7.34,-0.52,-1.14
62521,1399813,13952.9544356945,13929.7011120737,7.75,0.41,0.930000000000001
62522,1399813,13952.7639971937,13937.3587444217,7.66,-0.0899999999999999,-0.5
62523,1399813,13952.6250218387,13942.9470165921,5.59,-2.07,-1.98
62524,1399813,13952.2476345471,13956.3985585381,7.19,1.6,3.67
62525,1399813,13951.9955018243,13964.4746237365,8.08,0.89,-0.710000000000001
62526,1399813,13951.7517943286,13972.2808204197,7.81,-0.27,-1.16
62527,1399813,13951.5190084237,13979.737187546,7.46,-0.35,-0.0799999999999992
62528,1399813,13951.2877827459,13987.1435790214,7.41,-0.0499999999999998,0.3
62529,1399813,13951.1361286577,13992.0012122967,4.86,-2.55,-2.5
62530,1399813,13958.3598246002,13997.8613882483,7,2.14,4.69
62531,1399813,13965.0695476749,13997.8004271063,6.71,-0.29,-2.43
62532,1399813,13968.5194052916,13997.7690834491,3.46,-3.25,-2.96
62533,1399813,13970.1493380206,13997.7542747067,1.63,-1.83,1.42
62534,1399813,13971.589278591,13997.7411921367,1.44,-0.19,1.64
62535,1399813,13971.7292728131,13997.7399202202,0.14,-1.3,-1.11
62536,1399813,13971.7992699242,13997.7392842619,0.07,-0.07,1.23
62537,1399813,13971.8192690988,13997.7391025596,0.02,-0.05,0.02
62538,1399813,13971.8392682734,13997.7389208572,0.02,0,0.05
62539,1399813,13971.8392682734,13997.7389208572,0,-0.02,-0.02
62540,1399813,13971.8392682734,13997.7389208572,0,0,0.02
62541,1399813,13971.8392682734,13997.7389208572,0,0,0
62542,1399813,13971.8392682734,13997.7389208572,0,0,0
62543,1399813,13971.8392682734,13997.7389208572,0,0,0
62544,1399813,13971.8492678607,13997.738830006,0.01,0.01,0.01
62545,1399813,13971.8792666226,13997.7385574525,0.03,0.02,0.01
62546,1399813,13972.0192608447,13997.737285536,0.14,0.11,0.09
62547,1399813,13972.0792583685,13997.7367404289,0.06,-0.08,-0.19
62548,1399813,13972.2592509398,13997.7351051076,0.18,0.12,0.2
62549,1399813,13972.6092364951,13997.7319253163,0.35,0.17,0.05
62550,1399813,13973.149214209,13997.7270193526,0.53,0.18,0.0100000000000001
62551,1399813,13973.8691844942,13997.7204780676,0.72,0.19,0.0099999999999999
62552,1399813,13974.8091456999,13997.7119380566,0.94,0.22,0.03
62553,1399813,13976.2690854449,13997.6986737843,1.46,0.52,0.3
62554,1399813,13978.3689987768,13997.6795950364,2.1,0.64,0.12
62555,1399813,13980.9388927115,13997.6562462831,2.56,0.46,-0.18
62556,1399813,13983.8487726142,13997.6298085896,2.91,0.35,-0.11
62557,1399813,13986.0186830572,13997.6100938835,2.17,-0.74,-1.09
62558,1399813,13989.948520864,13997.5743893696,3.94,1.77,2.51
62559,1399813,13993.3583801314,13997.5434091171,3.4,-0.54,-2.31
62560,1399813,13995.9882715899,13997.5195152566,2.64,-0.76,-0.22
62561,1399813,14000.1880982537,13997.4813577609,4.19,1.55,2.31
62562,1399813,14003.797949267,13997.4485604848,3.61,-0.580000000000001,-2.13
62563,1399813,14007.9677771689,13997.4106755426,4.18,0.57,1.15
62564,1399813,14010.5276715163,13997.3874176404,2.56,-1.62,-2.19
62565,1399813,14015.3174738305,13997.343899925,4.79,2.23,3.85
62566,1399813,14027.1421280757,13994.4819988824,6.27,1.48,-0.75
62567,1399813,14028.8205167731,13989.974326381,4.81,-1.46,-2.94
62568,1399813,14029.5978533255,13986.6665364773,3.44,-1.37,0.0900000000000003
62569,1399813,14030.1714455437,13978.2570848189,3.56,0.12,1.49
62570,1399813,14029.8503894365,13976.6896273311,1.61,-1.95,-2.07
62571,1399813,14029.6075907554,13975.504237606,1.21,-0.4,1.55
62572,1399813,14029.4530825038,13974.74989869,0.77,-0.44,-0.0399999999999998
62573,1399813,14029.3527524703,13974.260068225,0.49,-0.28,0.16
62574,1399813,14029.2885412489,13973.9465767275,0.32,-0.17,0.11
62575,1399813,14029.2524224368,13973.7702377601,0.18,-0.14,0.03
62576,1399813,14029.2484092355,13973.7506445415,0.02,-0.16,-0.02
62577,1399813,14029.2464026348,13973.7408479322,0.01,-0.01,0.15
62578,1399813,14029.2464026348,13973.7408479322,0,-0.01,0
62579,1399813,14029.2464026348,13973.7408479322,0,0,0.01
62580,1399813,14029.2464026348,13973.7408479322,0,0,0
62581,1399813,14029.2443960342,13973.7310513229,0.02,0.02,0.02
62582,1399813,14029.2303498295,13973.6624750578,0.06,0.04,0.02
62583,1399813,14029.2022574201,13973.5253225276,0.15,0.09,0.05
62584,1399813,14029.178178212,13973.4077632161,0.11,-0.04,-0.13
62585,1399813,14029.1280131953,13973.1628479836,0.25,0.14,0.18
62586,1399813,14029.0918943832,13972.9865090162,0.18,-0.07,-0.21
62587,1399813,14029.0497557692,13972.7807802209,0.2,0.02,0.09
62588,1399813,14029.0296897625,13972.682814128,0.1,-0.1,-0.12
62589,1399813,14028.9955775511,13972.5162717699,0.17,0.07,0.17
62590,1399813,14028.9835379471,13972.4574921141,0.07,-0.1,-0.17
62591,1399813,14028.9735049437,13972.4085090676,0.04,-0.03,0.07
62592,1399813,14028.9694917424,13972.388915849,0.02,-0.02,0.01
62593,1399813,14028.9694917424,13972.388915849,0,-0.02,0
62594,1399813,14028.9694917424,13972.388915849,0,0,0.02
62595,1399813,14028.9694917424,13972.388915849,0,0,0
62596,1399813,14028.9694917424,13972.388915849,0,0,0
62597,1399813,14028.9694917424,13972.388915849,0,0,0
62598,1399813,14028.9694917424,13972.388915849,0,0,0
62599,1399813,14028.9694917424,13972.388915849,0,0,0
62600,1399813,14028.9694917424,13972.388915849,0,0,0
62601,1399813,14028.9694917424,13972.388915849,0,0,0
62602,1399813,14028.9694917424,13972.388915849,0,0,0
62603,1399813,14028.9694917424,13972.388915849,0,0,0
62604,1399813,14028.9694917424,13972.388915849,0,0,0
62605,1399813,14028.9694917424,13972.388915849,0,0,0
62606,1399813,14028.9694917424,13972.388915849,0,0,0
62607,1399813,14028.9694917424,13972.388915849,0,0,0
62608,1399813,14028.9694917424,13972.388915849,0,0,0
62609,1399813,14028.9694917424,13972.388915849,0,0,0
62610,1399813,14028.9694917424,13972.388915849,0,0,0
62611,1399813,14028.9694917424,13972.388915849,0,0,0
62612,1399813,14028.9694917424,13972.388915849,0,0,0
62613,1399813,14028.9694917424,13972.388915849,0,0,0
62614,1399813,14028.9694917424,13972.388915849,0,0,0
62615,1399813,14028.965478541,13972.3693226304,0.02,0.02,0.02
62616,1399813,14028.9554455377,13972.3203395839,0.06,0.04,0.02
62617,1399813,14028.9173201249,13972.1342040072,0.18,0.12,0.08
62618,1399813,14028.8872211149,13971.9872548678,0.15,-0.03,-0.15
62619,1399813,14028.8089636888,13971.6051871051,0.39,0.24,0.27
62620,1399813,14028.6624818398,13970.8900346263,0.73,0.34,0.1
62621,1399813,14028.564158407,13970.4100007707,0.49,-0.24,-0.58
62622,1399813,14028.3935973501,13969.5772889803,0.85,0.36,0.6
62623,1399813,14028.1768844777,13968.519255176,1.08,0.23,-0.13
62624,1399813,14027.9641848067,13967.4808145904,1.06,-0.02,-0.25
62625,1399813,14027.6732277095,13966.0603062421,1.46,0.4,0.42
62626,1399813,14027.4404620318,13964.9238995634,1.15,-0.31,-0.71
62627,1399813,14027.3100329882,13964.287119959,0.66,-0.49,-0.18
62628,1399813,14027.189636948,13963.6993234011,0.6,-0.0600000000000001,0.43
62629,1399813,14027.0852937132,13963.1898997175,0.51,-0.09,-0.0299999999999999
62630,1399813,14027.0271022938,13962.9057980479,0.3,-0.21,-0.12
62631,1399813,14026.9247656596,13962.4061709736,0.51,0.21,0.42
62632,1399813,14026.7622310053,13961.6126456205,0.81,0.3,0.09
62633,1399813,14026.6891249391,13961.2299797657,0.39,-0.42,-0.72
62634,1399813,14026.6541609464,13960.0304892408,1.2,0.81,1.23
62635,1399813,14026.5935566923,13957.9513723311,2.09,0.89,0.08
62636,1399813,14026.5341179047,13955.9122384388,2.04,-0.0499999999999998,-0.94
62637,1399813,14026.4417546905,13952.7435843024,3.17,1.13,1.18
62638,1399813,14026.2925749882,13947.625758063,5.12,1.95,0.82
62639,1399813,14026.0749241334,13940.1589295458,7.47,2.35,0.399999999999999
62640,1399813,14026.3875087326,13934.6183768522,5.55,-1.92,-4.27
62641,1399813,14026.6778159879,13929.7069491883,4.92,-0.63,1.29
62642,1399813,14026.8996768172,13925.9535004045,3.76,-1.16,-0.53
62643,1399813,14027.0377497801,13923.6175774912,2.34,-1.42,-0.26
62644,1399813,14027.1274382004,13922.1002258552,1.52,-0.82,0.6
62645,1399813,14027.1982448481,13920.9023166689,1.2,-0.32,0.5
62646,1399813,14027.2318780057,13920.3333098054,0.57,-0.63,-0.31
62647,1399813,14027.241318892,13920.1735885806,0.15,-0.42,0.21
62648,1399813,14027.2436791136,13920.1336582744,0.04,-0.11,0.31
62649,1399813,14027.2436791136,13920.1336582744,0,-0.04,0.07
62650,1399813,14027.2436791136,13920.1336582744,0,0,0.04
62651,1399813,14027.2436791136,13920.1336582744,0,0,0
62652,1399813,14027.2436791136,13920.1336582744,0,0,0
62653,1399813,14027.2436791136,13920.1336582744,0,0,0
62654,1399813,14027.2436791136,13920.1336582744,0,0,0
62655,1399813,14027.2436791136,13920.1336582744,0,0,0
62656,1399813,14027.2436791136,13920.1336582744,0,0,0
62657,1399813,14027.2436791136,13920.1336582744,0,0,0
62658,1399813,14027.2436791136,13920.1336582744,0,0,0
62659,1399813,14027.2436791136,13920.1336582744,0,0,0
62660,1399813,14027.2436791136,13920.1336582744,0,0,0
62661,1399813,14027.2436791136,13920.1336582744,0,0,0
62662,1399813,14027.2436791136,13920.1336582744,0,0,0
62663,1399813,14027.2436791136,13920.1336582744,0,0,0
62664,1399813,14027.2436791136,13920.1336582744,0,0,0
62665,1399813,14027.2436791136,13920.1336582744,0,0,0
62666,1399813,14027.2436791136,13920.1336582744,0,0,0
62667,1399813,14027.2436791136,13920.1336582744,0,0,0
62668,1399813,14027.2436791136,13920.1336582744,0,0,0
62669,1399813,14027.2436791136,13920.1336582744,0,0,0
62670,1399813,14027.2436791136,13920.1336582744,0,0,0
62671,1399813,14027.2436791136,13920.1336582744,0,0,0
62672,1399813,14027.2436791136,13920.1336582744,0,0,0
62673,1399813,14027.2436791136,13920.1336582744,0,0,0
62674,1399813,14027.2436791136,13920.1336582744,0,0,0
62675,1399813,14027.2436791136,13920.1336582744,0,0,0
62676,1399813,14027.2436791136,13920.1336582744,0,0,0
62677,1399813,14027.2436791136,13920.1336582744,0,0,0
62678,1399813,14027.2436791136,13920.1336582744,0,0,0
62679,1399813,14027.2436791136,13920.1336582744,0,0,0
62680,1399813,14027.2436791136,13920.1336582744,0,0,0
62681,1399813,14027.2436791136,13920.1336582744,0,0,0
62682,1399813,14027.2436791136,13920.1336582744,0,0,0
62683,1399813,14027.2436791136,13920.1336582744,0,0,0
62684,1399813,14027.2436791136,13920.1336582744,0,0,0
62685,1399813,14027.2436791136,13920.1336582744,0,0,0
62686,1399813,14027.2436791136,13920.1336582744,0,0,0
62687,1399813,14027.2436791136,13920.1336582744,0,0,0
62688,1399813,14027.2643310525,13919.784268095,0.35,0.35,0.35
62689,1399813,14027.5290092671,13918.0569296106,1.75,1.4,1.05
62690,1399813,14027.8870758736,13916.1197439444,1.97,0.22,-1.18
62691,1399813,14028.5923035048,13912.3043731907,3.88,1.91,1.69
62692,1399813,14029.5992522358,13906.8566530939,5.54,1.66,-0.25
62693,1399813,14030.9024692758,13899.8060839433,7.17,1.63,-0.0300000000000002
62694,1399813,14046.6454042354,13885.1354862684,8.81,1.64,0.0100000000000007
62695,1399813,14053.0345105986,13882.5298539306,6.9,-1.91,-3.55
62696,1399813,14058.62729356,13880.2489815653,6.03,-0.87,1.04
62697,1399813,14064.3413892965,13880.6891189779,5.76,-0.27,0.6
62698,1399813,14068.8993163121,13881.138230679,4.58,-1.18,-0.909999999999999
62699,1399813,14072.7208097051,13881.5147784807,3.84,-0.74,0.44
62700,1399813,14076.134279064,13881.8511219599,3.43,-0.41,0.330000000000001
62701,1399813,14079.3487123087,13882.1678535744,3.23,-0.2,0.21
62702,1399813,14083.3095309817,13882.5581296814,3.98,0.75,0.95
62703,1399813,14086.4694411599,13882.8105800695,3.17,-0.81,-1.56
62704,1399813,14089.1311162753,13883.0212589248,2.67,-0.5,0.31
62705,1399813,14090.9255039935,13883.1632896138,1.8,-0.87,-0.37
62706,1399813,14092.8208780167,13883.2834592714,1.9,0.0999999999999999,0.97
62707,1399813,14094.0907038619,13880.0001324636,2.58,0.68,0.58
62708,1399813,14098.2805987871,13880.0298059404,4.19,1.61,0.93
62709,1399813,14104.4897885557,13880.3607752537,6.22,2.03,0.419999999999999
62710,1399813,14112.1724347761,13880.877444444,7.7,1.48,-0.549999999999999
62711,1399813,14117.5901969809,13881.241796873,5.43,-2.27,-3.75
62712,1399813,14121.2818581517,13881.4900664839,3.7,-1.73,0.540000000000001
62713,1399813,14123.7862012703,13881.6584872199,2.51,-1.19,0.539999999999999
62714,1399813,14125.0134291731,13881.7410200906,1.23,-1.28,-0.0899999999999994
62715,1399813,14125.0134291731,13881.7410200906,0,-1.23,0.0499999999999998
62716,1399813,14125.0134291731,13881.7410200906,0,0,1.23
62717,1399813,14125.0134291731,13881.7410200906,0,0,0
62718,1399813,14125.0134291731,13881.7410200906,0,0,0
62719,1399813,14125.0134291731,13881.7410200906,0,0,0
62720,1399813,14125.0134291731,13881.7410200906,0,0,0
62721,1399813,14125.0134291731,13881.7410200906,0,0,0
62722,1399813,14125.0134291731,13881.7410200906,0,0,0
62723,1399813,14127.4878399038,13881.9074278298,2.48,2.48,2.48
62724,1399813,14129.4035127276,13882.0362596279,1.93,-0.55,-3.03
62725,1399813,14130.6506955556,13882.1201344964,1.25,-0.68,-0.13
62726,1399813,14132.6162556925,13882.2523212893,1.97,0.72,1.4
62727,1399813,14135.1030424669,13882.3651966448,2.49,0.52,-0.2
62728,1399813,14138.2923192015,13882.4331224171,3.19,0.7,0.179999999999999
62729,1399813,14140.6717795865,13882.4838005794,2.38,-0.81,-1.51
62730,1399813,14141.8315165809,13882.5085008602,1.17,-1.21,-0.4
62731,1399813,14142.7013193267,13882.5270260709,0.87,-0.3,0.91
62732,1399813,14143.0112490407,13882.533627008,0.31,-0.56,-0.26
62733,1399813,14148.1298923721,13882.5039517019,0.25,-0.06,0.5
62734,1399813,14148.329765751,13882.4968360572,0.2,-0.05,0.01
62735,1399813,14148.3397594199,13882.4964802749,0.02,-0.18,-0.13
62736,1399813,14148.3497530889,13882.4961244927,0.01,-0.01,0.17
62737,1399813,14148.3497530889,13882.4961244927,0,-0.01,0
62738,1399813,14148.3497530889,13882.4961244927,0,0,0.01
62739,1399813,14148.3497530889,13882.4961244927,0,0,0
62740,1399813,14148.3497530889,13882.4961244927,0,0,0
62741,1399813,14148.3497530889,13882.4961244927,0,0,0
62742,1399813,14148.3497530889,13882.4961244927,0,0,0
62743,1399813,14148.3497530889,13882.4961244927,0,0,0
62744,1399813,14148.3497530889,13882.4961244927,0,0,0
62745,1399813,14148.3497530889,13882.4961244927,0,0,0
62746,1399813,14148.3497530889,13882.4961244927,0,0,0
62747,1399813,14148.3497530889,13882.4961244927,0,0,0
62748,1399813,14148.3497530889,13882.4961244927,0,0,0
62749,1399813,14148.3497530889,13882.4961244927,0,0,0
62750,1399813,14148.3497530889,13882.4961244927,0,0,0
62751,1399813,14148.3497530889,13882.4961244927,0,0,0
62752,1399813,14148.3497530889,13882.4961244927,0,0,0
62753,1399813,14148.3497530889,13882.4961244927,0,0,0
62754,1399813,14148.3497530889,13882.4961244927,0,0,0
62755,1399813,14148.3497530889,13882.4961244927,0,0,0
62756,1399813,14148.3497530889,13882.4961244927,0,0,0
62757,1399813,14148.3497530889,13882.4961244927,0,0,0
62758,1399813,14148.3497530889,13882.4961244927,0,0,0
62759,1399813,14148.3497530889,13882.4961244927,0,0,0
62760,1399813,14148.3497530889,13882.4961244927,0,0,0
62761,1399813,14148.3497530889,13882.4961244927,0,0,0
62762,1399813,14148.3497530889,13882.4961244927,0,0,0
62763,1399813,14148.3497530889,13882.4961244927,0,0,0
62764,1399813,14148.3497530889,13882.4961244927,0,0,0
62765,1399813,14148.3497530889,13882.4961244927,0,0,0
62766,1399813,14148.3497530889,13882.4961244927,0,0,0
62767,1399813,14148.3497530889,13882.4961244927,0,0,0
62768,1399813,14148.3497530889,13882.4961244927,0,0,0
62769,1399813,14148.3497530889,13882.4961244927,0,0,0
62770,1399813,14148.3497530889,13882.4961244927,0,0,0
62771,1399813,14148.3497530889,13882.4961244927,0,0,0
62772,1399813,14148.3497530889,13882.4961244927,0,0,0
62773,1399813,14148.3497530889,13882.4961244927,0,0,0
62774,1399813,14148.3497530889,13882.4961244927,0,0,0
62775,1399813,14148.3497530889,13882.4961244927,0,0,0
62776,1399813,14148.3497530889,13882.4961244927,0,0,0
62777,1399813,14148.3497530889,13882.4961244927,0,0,0
62778,1399813,14148.3497530889,13882.4961244927,0,0,0
62779,1399813,14148.3497530889,13882.4961244927,0,0,0
62780,1399813,14148.3497530889,13882.4961244927,0,0,0
62781,1399813,14148.3497530889,13882.4961244927,0,0,0
62782,1399813,14148.3497530889,13882.4961244927,0,0,0
62783,1399813,14148.3497530889,13882.4961244927,0,0,0
62784,1399813,14148.3497530889,13882.4961244927,0,0,0
62785,1399813,14148.3497530889,13882.4961244927,0,0,0
62786,1399813,14148.3497530889,13882.4961244927,0,0,0
62787,1399813,14148.3497530889,13882.4961244927,0,0,0
62788,1399813,14148.3497530889,13882.4961244927,0,0,0
62789,1399813,14148.3497530889,13882.4961244927,0,0,0
62790,1399813,14148.3497530889,13882.4961244927,0,0,0
62791,1399813,14148.3497530889,13882.4961244927,0,0,0
62792,1399813,14148.3497530889,13882.4961244927,0,0,0
62793,1399813,14148.3497530889,13882.4961244927,0,0,0
62794,1399813,14148.3497530889,13882.4961244927,0,0,0
62795,1399813,14148.3497530889,13882.4961244927,0,0,0
62796,1399813,14148.3497530889,13882.4961244927,0,0,0
62797,1399813,14148.3497530889,13882.4961244927,0,0,0
62798,1399813,14148.3497530889,13882.4961244927,0,0,0
62799,1399813,14148.3497530889,13882.4961244927,0,0,0
62800,1399813,14148.3497530889,13882.4961244927,0,0,0
62801,1399813,14148.3497530889,13882.4961244927,0,0,0
62802,1399813,14148.3497530889,13882.4961244927,0,0,0
62803,1399813,14148.3497530889,13882.4961244927,0,0,0
62804,1399813,14148.3497530889,13882.4961244927,0,0,0
62805,1399813,14148.3497530889,13882.4961244927,0,0,0
62806,1399813,14148.3497530889,13882.4961244927,0,0,0
62807,1399813,14148.3497530889,13882.4961244927,0,0,0
62808,1399813,14148.3497530889,13882.4961244927,0,0,0
62809,1399813,14148.3497530889,13882.4961244927,0,0,0
62810,1399813,14148.3497530889,13882.4961244927,0,0,0
62811,1399813,14148.3497530889,13882.4961244927,0,0,0
62812,1399813,14148.3497530889,13882.4961244927,0,0,0
62813,1399813,14148.3497530889,13882.4961244927,0,0,0
62814,1399813,14148.3497530889,13882.4961244927,0,0,0
62815,1399813,14148.3497530889,13882.4961244927,0,0,0
62816,1399813,14148.3497530889,13882.4961244927,0,0,0
62817,1399813,14148.3497530889,13882.4961244927,0,0,0
62818,1399813,14148.3497530889,13882.4961244927,0,0,0
62819,1399813,14148.3497530889,13882.4961244927,0,0,0
62820,1399813,14148.3497530889,13882.4961244927,0,0,0
62821,1399813,14148.3497530889,13882.4961244927,0,0,0
62822,1399813,14148.3497530889,13882.4961244927,0,0,0
62823,1399813,14148.3497530889,13882.4961244927,0,0,0
62824,1399813,14148.3497530889,13882.4961244927,0,0,0
62825,1399813,14148.3497530889,13882.4961244927,0,0,0
62826,1399813,14148.3497530889,13882.4961244927,0,0,0
62827,1399813,14148.3497530889,13882.4961244927,0,0,0
62828,1399813,14148.3497530889,13882.4961244927,0,0,0
62829,1399813,14148.3497530889,13882.4961244927,0,0,0
62830,1399813,14148.3497530889,13882.4961244927,0,0,0
62831,1399813,14148.3497530889,13882.4961244927,0,0,0
62832,1399813,14148.3497530889,13882.4961244927,0,0,0
62833,1399813,14148.3497530889,13882.4961244927,0,0,0
62834,1399813,14148.3497530889,13882.4961244927,0,0,0
62835,1399813,14148.3497530889,13882.4961244927,0,0,0
62836,1399813,14148.3497530889,13882.4961244927,0,0,0
62837,1399813,14148.3497530889,13882.4961244927,0,0,0
62838,1399813,14148.3497530889,13882.4961244927,0,0,0
62839,1399813,14148.3497530889,13882.4961244927,0,0,0
62840,1399813,14148.3497530889,13882.4961244927,0,0,0
62841,1399813,14148.3497530889,13882.4961244927,0,0,0
62842,1399813,14148.3497530889,13882.4961244927,0,0,0
62843,1399813,14148.3497530889,13882.4961244927,0,0,0
62844,1399813,14148.3497530889,13882.4961244927,0,0,0
62845,1399813,14148.3497530889,13882.4961244927,0,0,0
62846,1399813,14148.3497530889,13882.4961244927,0,0,0
62847,1399813,14148.7994681914,13882.480114292,0.44,0.44,0.44
62848,1399813,14149.5889680382,13882.4520074951,0.79,0.35,-0.09
62849,1399813,14152.2872586535,13882.3559462908,2.7,1.91,1.56
62850,1399813,14155.9949098324,13882.2239510803,3.71,1.01,-0.9
62851,1399813,14159.9823837418,13882.0819939672,3.99,0.28,-0.73
62852,1399813,14163.4901615418,13881.9571144016,3.51,-0.48,-0.760000000000001
62853,1399813,14165.6237218269,13881.4653829827,2.3,-1.21,-0.73
62854,1399813,14166.8305637188,13881.1397564356,1.25,-1.05,0.16
62855,1399813,14168.0374056106,13880.8141298886,1.26,0.01,1.06
62856,1399813,14169.2442475024,13880.4885033416,1.24,-0.02,-0.03
62857,1399813,14171.2100924299,13879.7888335319,2.1,0.86,0.88
62858,1399813,14173.9067177452,13878.3006763128,3.09,0.99,0.13
62859,1399813,14177.1990453224,13876.2072624056,3.91,0.82,-0.169999999999999
62860,1399813,14182.2419953186,13872.4814664724,6.27,2.36,1.54
62861,1399813,14193.0602602985,13862.8446036105,8.02,1.75,-0.609999999999999
62862,1399813,14211.3969380408,13850.4261504815,9.93,1.91,0.16
62863,1399813,14232.549989543,13835.4375144917,11.99,2.06,0.15
62864,1399813,14244.9399385518,13832.173049664,12.38,0.390000000000001,-1.67
62865,1399813,14257.9798854162,13832.2102756334,13.04,0.659999999999998,0.269999999999998
62866,1399813,14270.9598325252,13832.2473303177,12.98,-0.0599999999999987,-0.719999999999997
62867,1399813,14284.0097793488,13832.2845848346,13.04,0.0599999999999987,0.119999999999997
62868,1399813,14297.6397238091,13832.3234951078,13.63,0.590000000000002,0.530000000000003
62869,1399813,14310.5996709996,13832.360492697,12.96,-0.67,-1.26
62870,1399813,14337.9904112948,13833.1935257137,13.21,0.25,0.92
62871,1399813,14349.3251045831,13829.534445119,11.92,-1.29,-1.54
62872,1399813,14357.9166176666,13824.7540472931,9.5,-2.42,-1.13
62873,1399813,14361.9459783506,13820.3353763981,5.98,-3.52,-1.1
62874,1399813,14363.5902649583,13817.8384021921,2.99,-2.99,0.529999999999999
62875,1399813,14365.7261100459,13814.587207679,3.88,0.89,3.88
62876,1399813,14367.1371953608,13812.4392462654,2.57,-1.31,-2.2
62877,1399813,14372.0766659779,13796.0806378755,4.7,2.13,3.44
62878,1399813,14371.9188164057,13789.4825257582,6.6,1.9,-0.230000000000001
62879,1399813,14371.7313102472,13781.644768334,7.83,1.23,-0.669999999999999
62880,1399813,14371.5009933714,13772.0175229265,9.63,1.8,0.57
62881,1399813,14371.531732507,13760.3440616421,11.69,2.06,0.259999999999998
62882,1399813,14372.10436665,13747.4968171851,12.86,1.17,-0.889999999999999
62883,1399813,14372.7593781774,13732.8014077012,14.71,1.85,0.680000000000001
62884,1399813,14373.4753934977,13716.7373570894,16.08,1.37,-0.480000000000004
62885,1399813,14371.4660823366,13689.2043680126,17.78,1.7,0.330000000000005
62886,1399813,14368.967065252,13669.7945814705,19.57,1.79,0.0899999999999963
62887,1399813,14366.2356408554,13648.5796946981,21.39,1.82,0.0300000000000011
62888,1399813,14363.3407651625,13626.0952868846,22.67,1.28,-0.539999999999999
62889,1399813,14360.3284088505,13602.6984108228,23.59,0.919999999999998,-0.360000000000003
62890,1399813,14355.3037572673,13578.5340756329,24.69,1.1,0.180000000000003
62891,1399813,14347.3173129198,13547.4528713826,25.71,1.02,-0.0800000000000018
62892,1399813,14337.6327468221,13512.4746207404,26.18,0.469999999999999,-0.550000000000001
62893,1399813,14332.7826377367,13487.1779449256,25.8,-0.379999999999999,-0.849999999999998
62894,1399813,14328.6441054776,13451.9993306817,25.64,-0.16,0.219999999999999
62895,1399813,14327.3156538112,13410.7435561698,25.36,-0.280000000000001,-0.120000000000001
62896,1399813,14329.4037305351,13376.2923522521,25.71,0.350000000000001,0.630000000000003
62897,1399813,14330.4099910796,13350.0816609274,26.23,0.52,0.169999999999998
62898,1399813,14331.9318720679,13323.4175332543,26.71,0.48,-0.0399999999999991
62899,1399813,14331.1259271641,13296.0653556151,27.28,0.57,0.0899999999999999
