"V1","V2","V3","V4","V5","acceleration","jerk"
65473,1400379,14215.3922858933,13276.5748223037,13.38,0.229999999999999,0
65474,1400379,14230.0066018995,13279.0762222377,13.61,0.229999999999999,0
65475,1400379,14243.1298953169,13281.0439798141,13.27,-0.34,-0.569999999999999
65476,1400379,14256.8564448749,13283.1021919588,13.88,0.610000000000001,0.950000000000001
65477,1400379,14270.1874166358,13285.1010896325,13.49,-0.390000000000001,-1
65478,1400379,14283.1228105997,13287.0406728351,13.07,-0.42,-0.0299999999999994
65479,1400379,14296.2856617968,13289.0143618586,13.31,0.24,0.66
65480,1400379,14309.586965223,13291.008810947,13.45,0.139999999999999,-0.100000000000001
65481,1400379,14323.0820055198,13293.3025960659,13.69,0.24,0.100000000000001
65482,1400379,14336.5240079967,13295.7332686916,13.66,-0.0299999999999994,-0.27
65483,1400379,14349.2378200025,13298.032265055,12.92,-0.74,-0.710000000000001
65484,1400379,14362.6699820676,13300.4611582718,13.65,0.73,1.47
65485,1400379,14376.2399098974,13302.9149632138,13.78,0.129999999999999,-0.600000000000001
65486,1400379,14389.4457424917,13305.3029300247,13.42,-0.359999999999999,-0.489999999999998
65487,1400379,14402.7007771449,13307.6997938804,13.47,0.0500000000000007,0.41
