"V1","V2","V3","V4","V5","acceleration","jerk"
29115,140189,14401.8426692314,13323.8537459157,12.99,0.27,0
29116,140189,14388.7737215301,13321.670833645,13.26,0.27,0
29117,140189,14375.132699137,13319.3923674788,13.83,0.57,0.300000000000001
29118,140189,14361.8763476574,13317.1781530699,13.44,-0.390000000000001,-0.960000000000001
29119,140189,14349.1526174425,13315.0529026328,12.89,-0.549999999999999,-0.159999999999998
29120,140189,14336.4091605142,13312.9243572338,12.92,0.0299999999999994,0.579999999999998
29121,140189,14323.4289830237,13310.7562722918,13.16,0.24,0.210000000000001
29122,140189,14309.8865941982,13308.4942809351,13.72,0.56,0.32
29123,140189,14296.9458701347,13306.3327859169,13.12,-0.600000000000001,-1.16
29124,140189,14283.8571957199,13304.1465786843,13.28,0.16,0.760000000000002
29125,140189,14270.896744943,13301.9817887042,13.13,-0.149999999999999,-0.309999999999999
29126,140189,14258.2124681552,13299.863128191,12.87,-0.260000000000002,-0.110000000000003
29127,140189,14245.2125639512,13297.691748287,13.17,0.300000000000001,0.560000000000002
29128,140189,14229.3955592746,13294.959726733,13.38,0.210000000000001,-0.0899999999999999
29129,140189,14215.9350180596,13292.5191878175,13.67,0.289999999999999,0.0799999999999983
29130,140189,14203.0550118824,13290.1839060627,13.1,-0.57,-0.859999999999999
29131,140189,14190.302920205,13287.8718165638,12.95,-0.15,0.42
29132,140189,14176.7833415285,13285.4205735301,13.74,0.790000000000001,0.940000000000001
29133,140189,14163.9722123896,13283.0977799131,13.02,-0.720000000000001,-1.51
29134,140189,14151.0725270585,13280.758930119,13.11,0.0899999999999999,0.81
29135,140189,14137.5726275358,13278.3112551248,13.72,0.610000000000001,0.520000000000001
29136,140189,14124.2115973667,13275.2405037458,13.72,0,-0.610000000000001
29168,140189,13719.9735462692,13282.0999713944,13.8,0.0025,7.81250000000001e-05
29169,140189,13709.5075172139,13289.8279941566,13.01,-0.790000000000001,-0.792500000000001
29170,140189,13692.9794584008,13300.4869511155,13.83,0.82,1.61
29171,140189,13681.4719918983,13307.7352760733,13.6,-0.23,-1.05
29172,140189,13669.8376048094,13315.0635457917,13.74,0.140000000000001,0.370000000000001
29173,140189,13658.5332112451,13322.1839591326,13.36,-0.380000000000001,-0.520000000000001
29174,140189,13647.756719519,13329.3571524743,12.95,-0.41,-0.0299999999999994
29175,140189,13636.6040275859,13337.2273470491,13.65,0.700000000000001,1.11
29176,140189,13627.4688007814,13347.7147274038,13.34,-0.31,-1.01
29177,140189,13616.9550255603,13355.1374917542,12.87,-0.470000000000001,-0.16
29178,140189,13606.1553279362,13362.762118383,13.22,0.350000000000001,0.820000000000002
29179,140189,13584.3057922204,13380.0452475547,13.67,0.449999999999999,0.0999999999999979
29180,140189,13572.0101205554,13387.2032931482,13.77,0.0999999999999996,-0.35
29181,140189,13553.4391007165,13394.0698267838,13.1,-0.67,-0.77
29182,140189,13540.242329436,13395.363205217,13.26,0.16,0.83
29183,140189,13526.5977039266,13396.7004765835,13.71,0.450000000000001,0.290000000000001
29184,140189,13513.6198836025,13397.9723962493,13.04,-0.670000000000002,-1.12
29185,140189,13497.482723601,13397.3706038381,12.87,-0.17,0.500000000000002
29186,140189,13487.1421840987,13392.0757333294,11.14,-1.73,-1.56
29187,140189,13474.8746249801,13389.7828327051,12.48,1.34,3.07
29188,140189,13462.2335344141,13387.4201161964,12.86,0.379999999999999,-0.960000000000001
29189,140189,13440.0130173761,13383.047428763,13.26,0.4,0.0200000000000014
29190,140189,13427.2925766424,13380.3178706413,13.01,-0.25,-0.65
29191,140189,13414.5628462133,13378.0246695236,12.94,-0.0700000000000003,0.18
