"V1","V2","V3","V4","V5","acceleration","jerk"
57334,140523,13410.6461938193,13365.6525792301,12.91,0.43,0
57335,140523,13423.7538472247,13368.13149476,13.34,0.43,0
57336,140523,13436.93028142,13370.6234180925,13.41,0.0700000000000003,-0.359999999999999
57337,140523,13459.1360127748,13373.4335588898,13.21,-0.199999999999999,-0.27
57338,140523,13472.5193694949,13374.2784629683,13.41,0.199999999999999,0.399999999999999
57339,140523,13485.6432427887,13375.1069856104,13.14,-0.27,-0.469999999999999
57340,140523,13498.8868776639,13375.9430689155,13.27,0.129999999999999,0.399999999999999
57341,140523,13512.270234384,13376.787972994,13.41,0.140000000000001,0.0100000000000016
57342,140523,13525.1001471323,13377.2009659126,12.86,-0.550000000000001,-0.690000000000001
57343,140523,13538.7197598337,13376.0283407115,13.66,0.800000000000001,1.35
57344,140523,13552.0217209913,13373.6976835241,13.57,-0.0899999999999999,-0.890000000000001
57345,140523,13575.8766784374,13360.3797666307,13.15,-0.42,-0.33
57346,140523,13586.8778469326,13352.5379306378,13.51,0.359999999999999,0.779999999999999
57347,140523,13597.9278733191,13344.6612678382,13.57,0.0600000000000005,-0.299999999999999
57348,140523,13608.9127558506,13336.8310407809,13.49,-0.0800000000000001,-0.140000000000001
57349,140523,13620.0604980193,13328.8847243677,13.69,0.199999999999999,0.279999999999999
57350,140523,13631.1756682607,13320.9616258257,13.65,-0.0399999999999991,-0.239999999999998
57351,140523,13642.054692028,13313.2068568497,13.36,-0.290000000000001,-0.250000000000002
57352,140523,13652.6836497773,13305.8269138043,12.94,-0.42,-0.129999999999999
57353,140523,13663.3151587984,13298.4854278557,12.92,-0.0199999999999996,0.4
57354,140523,13674.3169603164,13290.8882399971,13.36,0.44,0.459999999999999
57355,140523,13685.6149958319,13283.0864906105,13.74,0.380000000000001,-0.0599999999999987
57356,140523,13696.5756537391,13275.5177140752,13.32,-0.42,-0.800000000000001
57395,140523,14187.3566579194,13275.3761287743,13.74,0.0107692307692308,0.0110453648915187
57396,140523,14200.5149493437,13277.5087953662,13.33,-0.41,-0.420769230769231
57397,140523,14213.8904068681,13279.6766597564,13.55,0.220000000000001,0.630000000000001
57398,140523,14228.4683207373,13282.1790388895,12.86,-0.690000000000001,-0.910000000000002
57399,140523,14241.2652624722,13284.0978620273,12.94,0.0800000000000001,0.770000000000001
57400,140523,14254.9324753606,13286.1471770013,13.82,0.880000000000001,0.800000000000001
57401,140523,14268.3623415707,13288.1609032928,13.58,-0.24,-1.12
57402,140523,14281.643866107,13290.1523866576,13.43,-0.15,0.0899999999999999
57403,140523,14294.9352800882,13292.1453528842,13.43,0,0.15
57404,140523,14307.7322218231,13294.064176022,12.95,-0.48,-0.48
57405,140523,14321.312678458,13296.3316794819,13.77,0.82,1.3
57406,140523,14334.1346088243,13298.6509469698,13.03,-0.74,-1.56
57407,140523,14347.3501517883,13301.0414122317,13.43,0.4,1.14
57408,140523,14360.3885690833,13303.3998384953,13.25,-0.18,-0.58
57409,140523,14373.2400203945,13305.7244458162,13.06,-0.19,-0.00999999999999979
57410,140523,14386.1406732803,13308.0579528589,13.11,0.0499999999999989,0.239999999999998
57411,140523,14399.1594099455,13310.4128192338,13.23,0.120000000000001,0.0700000000000021
