"V1","V2","V3","V4","V5","acceleration","jerk"
59032,"1406522#1",14038.1950507639,13982.8310872547,0,1.86,0
59033,"1406522#1",14030.1814785471,13978.3060678654,1.86,1.86,0
59034,"1406522#1",14029.4952211179,13974.9556274853,3.43,1.57,-0.29
59035,"1406522#1",14028.3434323333,13969.3323737478,5.74,2.31,0.74
59036,"1406522#1",14026.9408184649,13962.484543848,6.99,1.25,-1.06
59037,"1406522#1",14026.4802150825,13954.0630238797,8.45,1.46,0.209999999999999
59038,"1406522#1",14026.2855821897,13947.385859958,6.68,-1.77,-3.23
59039,"1406522#1",14026.0970679955,13940.9186068782,6.48,-0.199999999999999,1.57
59040,"1406522#1",14026.3515153534,13935.2273140219,5.7,-0.78,-0.580000000000001
59041,"1406522#1",14026.6371021655,13930.3957469704,4.84,-0.86,-0.0800000000000001
59042,"1406522#1",14026.8737143797,13926.3927337729,4.01,-0.83,0.0300000000000002
59043,"1406522#1",14027.0117873426,13924.0568108596,2.34,-1.67,-0.84
59044,"1406522#1",14027.164021635,13921.481306109,2.59,0.25,1.92
59045,"1406522#1",14027.2230271747,13920.4830484537,1,-1.59,-1.84
59046,"1406522#1",14027.2371885043,13920.2434666165,0.24,-0.76,0.83
59047,"1406522#1",14027.2395487258,13920.2035363102,0.04,-0.2,0.56
59048,"1406522#1",14027.2419089474,13920.163606004,0.04,0,0.2
59049,"1406522#1",14027.2424990028,13920.1536234275,0.01,-0.03,-0.03
59050,"1406522#1",14027.2424990028,13920.1536234275,0,-0.01,0.02
59051,"1406522#1",14027.2424990028,13920.1536234275,0,0,0.01
59052,"1406522#1",14027.2424990028,13920.1536234275,0,0,0
59053,"1406522#1",14027.2424990028,13920.1536234275,0,0,0
59054,"1406522#1",14027.2424990028,13920.1536234275,0,0,0
59055,"1406522#1",14027.2424990028,13920.1536234275,0,0,0
59056,"1406522#1",14027.2424990028,13920.1536234275,0,0,0
59057,"1406522#1",14027.2424990028,13920.1536234275,0,0,0
59058,"1406522#1",14027.2424990028,13920.1536234275,0,0,0
59059,"1406522#1",14027.2424990028,13920.1536234275,0,0,0
59060,"1406522#1",14027.2424990028,13920.1536234275,0,0,0
59061,"1406522#1",14027.2424990028,13920.1536234275,0,0,0
59062,"1406522#1",14027.2424990028,13920.1536234275,0,0,0
59063,"1406522#1",14027.2424990028,13920.1536234275,0,0,0
59064,"1406522#1",14027.2424990028,13920.1536234275,0,0,0
59065,"1406522#1",14027.2424990028,13920.1536234275,0,0,0
59066,"1406522#1",14027.2424990028,13920.1536234275,0,0,0
59067,"1406522#1",14027.2424990028,13920.1536234275,0,0,0
59068,"1406522#1",14027.2424990028,13920.1536234275,0,0,0
59069,"1406522#1",14027.2424990028,13920.1536234275,0,0,0
59070,"1406522#1",14027.2424990028,13920.1536234275,0,0,0
59071,"1406522#1",14027.2424990028,13920.1536234275,0,0,0
59072,"1406522#1",14027.2424990028,13920.1536234275,0,0,0
59073,"1406522#1",14027.2424990028,13920.1536234275,0,0,0
59074,"1406522#1",14027.2424990028,13920.1536234275,0,0,0
59075,"1406522#1",14027.2424990028,13920.1536234275,0,0,0
59076,"1406522#1",14027.2424990028,13920.1536234275,0,0,0
59077,"1406522#1",14027.2424990028,13920.1536234275,0,0,0
59078,"1406522#1",14027.2424990028,13920.1536234275,0,0,0
59079,"1406522#1",14027.2424990028,13920.1536234275,0,0,0
59080,"1406522#1",14027.2424990028,13920.1536234275,0,0,0
59081,"1406522#1",14027.2424990028,13920.1536234275,0,0,0
59082,"1406522#1",14027.2424990028,13920.1536234275,0,0,0
59083,"1406522#1",14027.2424990028,13920.1536234275,0,0,0
59084,"1406522#1",14027.2424990028,13920.1536234275,0,0,0
59085,"1406522#1",14027.2424990028,13920.1536234275,0,0,0
59086,"1406522#1",14027.2424990028,13920.1536234275,0,0,0
59087,"1406522#1",14027.2424990028,13920.1536234275,0,0,0
59088,"1406522#1",14027.2725918281,13919.6445120233,0.51,0.51,0.51
59089,"1406522#1",14027.4581229846,13918.4404333719,1.22,0.71,0.2
59090,"1406522#1",14027.9416037833,13915.824741051,2.66,1.44,0.73
59091,"1406522#1",14028.6322906385,13912.0880377356,3.8,1.14,-0.3
59092,"1406522#1",14029.6101578177,13906.7976525152,5.38,1.58,0.44
59093,"1406522#1",14030.9333684246,13899.6389156371,7.28,1.9,0.32
59094,"1406522#1",14046.8028170008,13885.0712895297,8.8,1.52,-0.38
59095,"1406522#1",14056.5716680344,13881.0873154479,10.55,1.75,0.23
59096,"1406522#1",14068.2026899123,13881.0695891526,11.87,1.32,-0.430000000000001
59097,"1406522#1",14078.9108328574,13882.1247074721,10.75,-1.12,-2.44
59098,"1406522#1",14088.4632052913,13882.9683919461,9.6,-1.15,-0.0300000000000011
59099,"1406522#1",14096.0507689211,13883.3100063199,7.6,-2,-0.85
59100,"1406522#1",14102.9832027244,13883.5611984183,6.94,-0.659999999999999,1.34
59101,"1406522#1",14108.231305409,13883.9147775636,5.27,-1.67,-1.01
59102,"1406522#1",14112.4018508883,13884.1957587095,4.18,-1.09,0.580000000000001
59103,"1406522#1",14115.7043641747,13884.4182581336,3.31,-0.87,0.22
59104,"1406522#1",14117.8894107297,13884.5654707435,2.19,-1.12,-0.25
59105,"1406522#1",14119.8649322725,13884.6985670757,1.97,-0.22,0.9
59106,"1406522#1",14121.700770474,13884.8222525562,1.85,-0.12,0.1
59107,"1406522#1",14123.1474907958,13884.9197220924,1.45,-0.4,-0.28
59108,"1406522#1",14125.3924016399,13885.0709679246,2.25,0.8,1.2
59109,"1406522#1",14126.5497778974,13885.1489435535,1.16,-1.09,-1.89
59110,"1406522#1",14127.9964982192,13885.2464130898,1.45,0.29,1.38
59111,"1406522#1",14130.0618161958,13885.3855592553,2.06,0.61,0.32
59112,"1406522#1",14132.4164782368,13885.5441993281,2.37,0.31,-0.3
59113,"1406522#1",14133.88354455,13885.6342494811,1.47,-0.9,-1.21
59114,"1406522#1",14134.7533349254,13885.653346675,0.87,-0.6,0.3
59115,"1406522#1",14135.9030578354,13885.6785900922,1.16,0.29,0.89
59116,"1406522#1",14136.8628265256,13885.6996628578,0.96,-0.2,-0.49
59117,"1406522#1",14137.1027686981,13885.7049310493,0.24,-0.72,-0.52
59118,"1406522#1",14137.2127421939,13885.707345637,0.11,-0.13,0.59
59119,"1406522#1",14137.2427349654,13885.7080041609,0.04,-0.07,0.06
59120,"1406522#1",14137.272727737,13885.7086626848,0.03,-0.01,0.06
59121,"1406522#1",14137.272727737,13885.7086626848,0,-0.03,-0.02
59122,"1406522#1",14137.272727737,13885.7086626848,0,0,0.03
59123,"1406522#1",14137.272727737,13885.7086626848,0,0,0
59124,"1406522#1",14137.272727737,13885.7086626848,0,0,0
59125,"1406522#1",14137.272727737,13885.7086626848,0,0,0
59126,"1406522#1",14137.272727737,13885.7086626848,0,0,0
59127,"1406522#1",14137.272727737,13885.7086626848,0,0,0
59128,"1406522#1",14137.272727737,13885.7086626848,0,0,0
59129,"1406522#1",14137.272727737,13885.7086626848,0,0,0
59130,"1406522#1",14137.272727737,13885.7086626848,0,0,0
59131,"1406522#1",14137.272727737,13885.7086626848,0,0,0
59132,"1406522#1",14137.4726795474,13885.7130528444,0.2,0.2,0.2
59133,"1406522#1",14137.6526361768,13885.7170039879,0.18,-0.02,-0.22
59134,"1406522#1",14138.6723904101,13885.7393938014,1.02,0.84,0.86
59135,"1406522#1",14139.782122958,13885.7637591867,1.11,0.0900000000000001,-0.75
59136,"1406522#1",14140.4719567041,13885.778905237,0.68,-0.43,-0.52
59137,"1406522#1",14141.4117302132,13885.7995389867,0.95,0.27,0.7
59138,"1406522#1",14142.7614049336,13885.8291725634,1.34,0.39,0.12
59139,"1406522#1",14143.4012507271,13885.8432210738,0.64,-0.7,-1.09
59140,"1406522#1",14143.71,13885.85,0.53,-0.11,0.59
59141,"1406522#1",14143.71,13885.85,0.38,-0.15,-0.04
59142,"1406522#1",14147.3398687516,13885.8325765849,0.3,-0.08,0.07
59143,"1406522#1",14147.4697875026,13885.8279811375,0.13,-0.17,-0.09
59144,"1406522#1",14147.5097625029,13885.8265671537,0.04,-0.09,0.08
59145,"1406522#1",14147.5097625029,13885.8265671537,0,-0.04,0.05
59146,"1406522#1",14147.5097625029,13885.8265671537,0,0,0.04
59147,"1406522#1",14147.5097625029,13885.8265671537,0,0,0
59148,"1406522#1",14147.5097625029,13885.8265671537,0,0,0
59149,"1406522#1",14147.5097625029,13885.8265671537,0,0,0
59150,"1406522#1",14147.6996437544,13885.8198507305,0.19,0.19,0.19
59151,"1406522#1",14148.169350008,13885.8032364206,0.47,0.28,0.09
59152,"1406522#1",14148.8789062635,13885.7781382077,0.71,0.24,-0.04
59153,"1406522#1",14149.7783437705,13885.7463235717,0.9,0.19,-0.0499999999999999
59154,"1406522#1",14151.2374312818,13885.6947131621,1.46,0.56,0.37
59155,"1406522#1",14152.4566687912,13885.6515866555,1.22,-0.24,-0.8
59156,"1406522#1",14153.2461750474,13885.6236604749,0.79,-0.43,-0.19
59157,"1406522#1",14153.9257500526,13885.5996227499,0.68,-0.11,0.32
59158,"1406522#1",14154.3155063056,13885.5858364077,0.4,-0.28,-0.17
59159,"1406522#1",14154.8052000594,13885.5685151058,0.49,0.09,0.37
59160,"1406522#1",14154.9750938107,13885.5625056746,0.17,-0.32,-0.41
59161,"1406522#1",14154.9950813109,13885.5617986826,0.02,-0.15,0.17
59162,"1406522#1",14154.9950813109,13885.5617986826,0,-0.02,0.13
59163,"1406522#1",14154.9950813109,13885.5617986826,0,0,0.02
59164,"1406522#1",14154.9950813109,13885.5617986826,0,0,0
59165,"1406522#1",14154.9950813109,13885.5617986826,0,0,0
59166,"1406522#1",14154.9950813109,13885.5617986826,0,0,0
59167,"1406522#1",14154.9950813109,13885.5617986826,0,0,0
59168,"1406522#1",14154.9950813109,13885.5617986826,0,0,0
59169,"1406522#1",14154.9950813109,13885.5617986826,0,0,0
59170,"1406522#1",14154.9950813109,13885.5617986826,0,0,0
59171,"1406522#1",14154.9950813109,13885.5617986826,0,0,0
59172,"1406522#1",14154.9950813109,13885.5617986826,0,0,0
59173,"1406522#1",14154.9950813109,13885.5617986826,0,0,0
59174,"1406522#1",14154.9950813109,13885.5617986826,0,0,0
59175,"1406522#1",14154.9950813109,13885.5617986826,0,0,0
59176,"1406522#1",14154.9950813109,13885.5617986826,0,0,0
59177,"1406522#1",14154.9950813109,13885.5617986826,0,0,0
59178,"1406522#1",14154.9950813109,13885.5617986826,0,0,0
59179,"1406522#1",14154.9950813109,13885.5617986826,0,0,0
59180,"1406522#1",14154.9950813109,13885.5617986826,0,0,0
59181,"1406522#1",14154.9950813109,13885.5617986826,0,0,0
59182,"1406522#1",14154.9950813109,13885.5617986826,0,0,0
59183,"1406522#1",14154.9950813109,13885.5617986826,0,0,0
59184,"1406522#1",14154.9950813109,13885.5617986826,0,0,0
59185,"1406522#1",14154.9950813109,13885.5617986826,0,0,0
59186,"1406522#1",14154.9950813109,13885.5617986826,0,0,0
59187,"1406522#1",14154.9950813109,13885.5617986826,0,0,0
59188,"1406522#1",14154.9950813109,13885.5617986826,0,0,0
59189,"1406522#1",14154.9950813109,13885.5617986826,0,0,0
59190,"1406522#1",14154.9950813109,13885.5617986826,0,0,0
59191,"1406522#1",14154.9950813109,13885.5617986826,0,0,0
59192,"1406522#1",14154.9950813109,13885.5617986826,0,0,0
59193,"1406522#1",14154.9950813109,13885.5617986826,0,0,0
59194,"1406522#1",14154.9950813109,13885.5617986826,0,0,0
59195,"1406522#1",14154.9950813109,13885.5617986826,0,0,0
59196,"1406522#1",14154.9950813109,13885.5617986826,0,0,0
59197,"1406522#1",14154.9950813109,13885.5617986826,0,0,0
59198,"1406522#1",14154.9950813109,13885.5617986826,0,0,0
59199,"1406522#1",14154.9950813109,13885.5617986826,0,0,0
59200,"1406522#1",14154.9950813109,13885.5617986826,0,0,0
59201,"1406522#1",14154.9950813109,13885.5617986826,0,0,0
59202,"1406522#1",14154.9950813109,13885.5617986826,0,0,0
59203,"1406522#1",14154.9950813109,13885.5617986826,0,0,0
59204,"1406522#1",14155.0950188117,13885.5582637231,0.1,0.1,0.1
59205,"1406522#1",14155.5747188154,13885.5412959172,0.48,0.38,0.28
59206,"1406522#1",14156.9538563261,13885.4925134753,1.37,0.89,0.51
59207,"1406522#1",14158.5428625884,13885.4363076183,1.59,0.22,-0.67
59208,"1406522#1",14159.5622250963,13885.4002510308,1.02,-0.57,-0.79
59209,"1406522#1",14160.4516688531,13885.3687898907,0.89,-0.13,0.44
59210,"1406522#1",14161.8108188637,13885.3207144407,1.36,0.47,0.6
59211,"1406522#1",14162.2905188674,13885.3037466348,0.49,-0.87,-1.34
59212,"1406522#1",14162.4504188686,13885.2980906995,0.15,-0.34,0.53
59213,"1406522#1",14162.4804001189,13885.2970302116,0.03,-0.12,0.22
59214,"1406522#1",14162.4903938689,13885.2966767157,0.02,-0.01,0.11
59215,"1406522#1",14162.500387619,13885.2963232197,0.01,-0.01,-1.73472347597681e-18
59216,"1406522#1",14162.500387619,13885.2963232197,0,-0.01,0
59217,"1406522#1",14162.500387619,13885.2963232197,0,0,0.01
59218,"1406522#1",14162.500387619,13885.2963232197,0,0,0
59219,"1406522#1",14162.500387619,13885.2963232197,0,0,0
59220,"1406522#1",14162.500387619,13885.2963232197,0,0,0
59221,"1406522#1",14162.500387619,13885.2963232197,0,0,0
59222,"1406522#1",14162.500387619,13885.2963232197,0,0,0
59223,"1406522#1",14162.500387619,13885.2963232197,0,0,0
59224,"1406522#1",14162.500387619,13885.2963232197,0,0,0
59225,"1406522#1",14162.500387619,13885.2963232197,0,0,0
59226,"1406522#1",14162.500387619,13885.2963232197,0,0,0
59227,"1406522#1",14162.500387619,13885.2963232197,0,0,0
59228,"1406522#1",14162.500387619,13885.2963232197,0,0,0
59229,"1406522#1",14162.500387619,13885.2963232197,0,0,0
59230,"1406522#1",14162.500387619,13885.2963232197,0,0,0
59231,"1406522#1",14162.500387619,13885.2963232197,0,0,0
59232,"1406522#1",14162.500387619,13885.2963232197,0,0,0
59233,"1406522#1",14162.500387619,13885.2963232197,0,0,0
59234,"1406522#1",14162.500387619,13885.2963232197,0,0,0
59235,"1406522#1",14162.500387619,13885.2963232197,0,0,0
59236,"1406522#1",14162.500387619,13885.2963232197,0,0,0
59237,"1406522#1",14162.8801501219,13885.2828903734,0.38,0.38,0.38
59238,"1406522#1",14163.1699688742,13885.2726389907,0.29,-0.09,-0.47
59239,"1406522#1",14163.2599126249,13885.2694575271,0.09,-0.2,-0.11
59240,"1406522#1",14166.6572050194,13884.6073747573,1.88,1.79,1.99
59241,"1406522#1",14169.1959614842,13883.9206320014,2.64,0.76,-1.03
59242,"1406522#1",14170.6921867771,13883.5158976776,1.54,-1.1,-1.86
59243,"1406522#1",14171.0300441013,13883.4245060561,0.36,-1.18,-0.0800000000000001
59244,"1406522#1",14171.1941462302,13883.3801158399,0.17,-0.19,0.99
59245,"1406522#1",14171.3389422263,13883.3409480021,0.15,-0.02,0.17
59246,"1406522#1",14171.3582483591,13883.3357256237,0.01,-0.14,-0.12
59247,"1406522#1",14171.3582483591,13883.3357256237,0,-0.01,0.13
59248,"1406522#1",14171.3582483591,13883.3357256237,0,0,0.01
59249,"1406522#1",14171.3582483591,13883.3357256237,0,0,0
59250,"1406522#1",14171.3582483591,13883.3357256237,0,0,0
59251,"1406522#1",14171.3582483591,13883.3357256237,0,0,0
59252,"1406522#1",14171.3582483591,13883.3357256237,0,0,0
59253,"1406522#1",14171.3582483591,13883.3357256237,0,0,0
59254,"1406522#1",14171.3582483591,13883.3357256237,0,0,0
59255,"1406522#1",14172.2015814872,13883.0113467383,0.91,0.91,0.91
59256,"1406522#1",14173.1557312581,13882.4843759473,1.09,0.18,-0.73
59257,"1406522#1",14176.2632832646,13880.7680949309,3.54,2.45,2.27
59258,"1406522#1",14179.7297196028,13878.4094112817,4.2,0.66,-1.79
59259,"1406522#1",14181.6385916216,13877.0047377909,2.37,-1.83,-2.49
59260,"1406522#1",14182.7903582827,13876.1571921824,1.43,-0.94,0.89
59261,"1406522#1",14183.4024860187,13875.7067483626,0.75,-0.68,0.26
59262,"1406522#1",14183.7488214482,13875.4518919908,0.43,-0.32,0.36
59263,"1406522#1",14183.8776904453,13875.357061713,0.16,-0.27,0.05
59264,"1406522#1",14183.9501792561,13875.3037196817,0.09,-0.07,0.2
59265,"1406522#1",14183.9662878807,13875.2918658969,0.03,-0.06,0.01
59266,"1406522#1",14183.9662878807,13875.2918658969,0,-0.03,0.03
59267,"1406522#1",14183.9662878807,13875.2918658969,0,0,0.03
59268,"1406522#1",14183.9662878807,13875.2918658969,0,0,0
59269,"1406522#1",14183.9662878807,13875.2918658969,0,0,0
59270,"1406522#1",14185.0616743557,13874.4858085351,1.36,1.36,1.36
59271,"1406522#1",14187.2605016178,13872.8677669191,2.73,1.37,0.00999999999999979
59272,"1406522#1",14194.5874763036,13866.0452376635,1.68,-1.05,-2.42
59273,"1406522#1",14195.2239565697,13865.36715738,0.93,-0.75,0.3
59274,"1406522#1",14195.6482767471,13864.9151038577,0.63,-0.3,0.45
59275,"1406522#1",14195.7,13864.86,0.09,-0.54,-0.24
59276,"1406522#1",14195.7,13864.86,0.07,-0.02,0.52
59277,"1406522#1",14203.3389936651,13874.6115434134,1.99,1.92,1.94
59278,"1406522#1",14204.47111019,13878.4792574894,4.03,2.04,0.12
59279,"1406522#1",14206.0943247735,13883.9211723315,5.67,1.64,-0.4
59280,"1406522#1",14208.9461781837,13891.2884603079,7.91,2.24,0.600000000000001
59281,"1406522#1",14210.5237224119,13895.3637828973,4.37,-3.54,-5.78
59282,"1406522#1",14211.2818100272,13897.3221759037,2.1,-2.27,1.27
59283,"1406522#1",14211.7402725375,13898.5065373885,1.27,-0.83,1.44
59284,"1406522#1",14212.372012217,13900.1385315605,1.75,0.48,1.31
59285,"1406522#1",14212.5813887964,13900.6794210575,0.58,-1.17,-1.65
59286,"1406522#1",14212.8373756503,13901.319673559,0.69,0.11,1.28
59287,"1406522#1",14213.0207886121,13901.6524793364,0.38,-0.31,-0.42
59288,"1406522#1",14213.2959080547,13902.1516880025,0.57,0.19,0.5
59289,"1406522#1",14213.4841476733,13902.4932518266,0.39,-0.18,-0.37
59290,"1406522#1",14213.6820406058,13902.8523317443,0.41,0.02,0.2
59291,"1406522#1",14225.4309037561,13917.8505962474,0.52,0.11,0.0900000000000001
59292,"1406522#1",14226.0779196809,13918.2680533027,0.77,0.25,0.14
59293,"1406522#1",14226.6493103678,13918.6367166762,0.68,-0.09,-0.34
59294,"1406522#1",14227.1114645998,13918.9349002871,0.55,-0.13,-0.04
59295,"1406522#1",14227.7668833288,13919.3577788626,0.77,0.22,0.35
59296,"1406522#1",14228.1366067144,13919.5963257514,0.45,-0.32,-0.54
59297,"1406522#1",14228.8172338561,13920.0354688875,0.81,0.36,0.68
59298,"1406522#1",14229.5650834316,13920.5179841852,0.89,0.08,-0.28
59299,"1406522#1",14230.4557806787,13921.0926653262,1.06,0.17,0.0900000000000001
59300,"1406522#1",14230.8255040644,13921.331212215,0.44,-0.62,-0.79
59301,"1406522#1",14231.1448106247,13921.5372299825,0.38,-0.06,0.56
59302,"1406522#1",14231.7834237453,13921.9492655176,0.77,0.39,0.45
59303,"1406522#1",14232.0943275013,13922.149861765,0.37,-0.4,-0.79
59304,"1406522#1",14232.7245378177,13922.5564757799,0.75,0.38,0.78
59305,"1406522#1",14233.2875257004,13922.9197176332,0.67,-0.08,-0.46
59306,"1406522#1",14234.1110005138,13923.4510266127,0.98,0.31,0.39
59307,"1406522#1",14234.7832248513,13923.8847482286,0.81,-0.17,-0.48
59308,"1406522#1",14235.2201706706,13924.1666672789,0.52,-0.29,-0.12
59309,"1406522#1",14235.850380987,13924.5732812938,0.75,0.23,0.52
59310,"1406522#1",14236.2201043726,13924.8118281826,0.44,-0.31,-0.54
59311,"1406522#1",14236.9847595565,13925.3051865207,0.91,0.47,0.78
59312,"1406522#1",14237.1780240535,13925.4298814853,0.22,-0.69,-1.16
59313,"1406522#1",14237.6989979151,13925.7660157376,0.62,0.4,1.09
59314,"1406522#1",14237.8838596079,13925.885289182,0.22,-0.4,-0.8
59315,"1406522#1",14238.0855269091,13926.0154056667,0.24,0.02,0.42
59316,"1406522#1",14238.5392783369,13926.3081677575,0.54,0.3,0.28
59317,"1406522#1",14238.6401119875,13926.3732259998,0.12,-0.42,-0.72
59318,"1406522#1",14238.8417792888,13926.5033424846,0.24,0.12,0.54
59319,"1406522#1",14239.119071828,13926.6822526512,0.32,0.08,-0.04
59320,"1406522#1",14239.7156709275,13927.0671805853,0.72,0.4,0.32
59321,"1406522#1",14240.11900553,13927.3274135548,0.47,-0.25,-0.65
59322,"1406522#1",14240.3781875576,13927.4973976277,0.31,-0.16,0.09
59323,"1406522#1",14240.7681952471,13927.7772082818,0.47,0.16,0.32
59324,"1406522#1",14241.0282003734,13927.9637487179,0.33,-0.14,-0.3
59325,"1406522#1",14241.4750841843,13928.2843650924,0.55,0.22,0.36
59326,"1406522#1",14241.9788441165,13928.6457871872,0.62,0.07,-0.15
59327,"1406522#1",14242.2632247234,13928.8498157892,0.35,-0.27,-0.34
59328,"1406522#1",14242.8807368984,13929.2928493248,0.76,0.41,0.68
59329,"1406522#1",14243.2301187869,13929.5435130358,0.43,-0.33,-0.74
59330,"1406522#1",14243.7420038794,13929.9107645193,0.63,0.2,0.53
59331,"1406522#1",14244.3920166952,13930.3771156095,0.8,0.17,-0.03
59332,"1406522#1",14244.9445275886,13930.7735140361,0.68,-0.12,-0.29
59333,"1406522#1",14245.3426604383,13931.0591540788,0.49,-0.19,-0.0700000000000001
59334,"1406522#1",14246.0332990551,13931.5546521121,0.85,0.36,0.55
59335,"1406522#1",14246.4476822251,13931.8519509321,0.51,-0.34,-0.7
59336,"1406522#1",14246.7808137932,13932.0909558658,0.41,-0.1,0.24
59337,"1406522#1",14247.2601982449,13932.4348897948,0.59,0.18,0.28
59338,"1406522#1",14247.7558330169,13932.7904825011,0.61,0.02,-0.16
59339,"1406522#1",14248.3570948715,13933.2218572595,0.74,0.13,0.11
59340,"1406522#1",14248.6577257989,13933.4375446387,0.37,-0.37,-0.5
59341,"1406522#1",14249.2589876535,13933.8689193971,0.74,0.37,0.74
59342,"1406522#1",14249.7383721051,13934.2128533261,0.59,-0.15,-0.52
59343,"1406522#1",14250.3802597607,13934.6733750276,0.79,0.2,0.35
59344,"1406522#1",14251.0871486979,13935.1805318382,0.87,0.08,-0.12
59345,"1406522#1",14251.3309035038,13935.355413497,0.31,-0.56,-0.64
59346,"1406522#1",14251.9457704078,13935.7847739996,0.75,0.44,1
59347,"1406522#1",14252.2847852498,13936.015357904,0.4,-0.35,-0.79
59348,"1406522#1",14252.8883970415,13936.4259097338,0.74,0.34,0.69
59349,"1406522#1",14253.3018297755,13936.7071096172,0.49,-0.25,-0.59
59350,"1406522#1",14253.7483371283,13937.0108054912,0.55,0.0600000000000001,0.31
59351,"1406522#1",14254.3354116106,13937.4101093256,0.71,0.16,0.0999999999999999
59352,"1406522#1",14254.5503966323,13937.556333265,0.26,-0.45,-0.61
59353,"1406522#1",14255.3028442083,13938.0681170528,0.9,0.64,1.09
59354,"1406522#1",14256.0800977483,13938.5967728336,0.95,0.0499999999999999,-0.59
59355,"1406522#1",14256.501799137,13938.8835967146,0.51,-0.44,-0.49
59356,"1406522#1",14256.7581274321,13939.0579406423,0.31,-0.2,0.24
59357,"1406522#1",14257.3286646051,13939.4459964814,0.69,0.38,0.58
59358,"1406522#1",14257.5436496268,13939.5922204208,0.25,-0.44,-0.82
59359,"1406522#1",14257.7917092672,13939.7609403508,0.3,0.05,0.49
59360,"1406522#1",14258.213410656,13940.0477642319,0.51,0.21,0.16
59361,"1406522#1",14258.4780076057,13940.2277321572,0.32,-0.19,-0.4
59362,"1406522#1",14258.9079776492,13940.520180036,0.52,0.2,0.39
59363,"1406522#1",14259.2966044192,13940.7845079264,0.47,-0.05,-0.25
59364,"1406522#1",14259.8257983187,13941.1444437771,0.63,0.16,0.21
59365,"1406522#1",14260.2392310528,13941.4256436605,0.5,-0.13,-0.29
59366,"1406522#1",14260.6443951321,13941.7012195462,0.49,-0.01,0.12
59367,"1406522#1",14261.1570517224,13942.0499074016,0.62,0.13,0.14
59368,"1406522#1",14261.4877979096,13942.2748673083,0.4,-0.22,-0.35
59369,"1406522#1",14261.892961989,13942.5504431941,0.49,0.09,0.31
59370,"1406522#1",14262.3808126151,13942.8822590565,0.59,0.1,0.01
59371,"1406522#1",14263.2986332847,13943.5065227976,1.11,0.52,0.42
59372,"1406522#1",14263.7947525656,13943.8439626577,0.6,-0.51,-1.03
59373,"1406522#1",14264.370317669,13944.2241526521,0.69,0.09,0.6
59374,"1406522#1",14265.0735457616,13944.6458993175,0.83,0.14,0.05
59375,"1406522#1",14265.9139890918,13945.1499380152,0.97,0.14,0
59376,"1406522#1",14266.4371221851,13945.4636763882,0.62,-0.35,-0.49
59377,"1406522#1",14267.1918059918,13945.9162825657,0.87,0.25,0.6
59378,"1406522#1",14268.3324076542,13946.600335084,1.33,0.46,0.21
59379,"1406522#1",14269.4987371736,13947.2998173583,1.35,0.02,-0.44
59380,"1406522#1",14270.8708895494,13948.1227376811,1.6,0.25,0.23
59381,"1406522#1",14271.8742759742,13948.7244981671,1.17,-0.43,-0.68
59382,"1406522#1",14272.706143352,13949.2233936128,0.96,-0.21,0.22
59383,"1406522#1",14273.4865550158,13949.6914295463,0.92,-0.0399999999999999,0.17
59384,"1406522#1",14275.5962392936,13950.9566695425,2.46,1.54,1.58
59385,"1406522#1",14276.8226004794,13951.692154581,1.42,-1.04,-2.58
59386,"1406522#1",14278.06611357,13952.4379261235,1.45,0.03,1.07
59387,"1406522#1",14280.3784327624,13953.6641243111,2.62,1.17,1.14
59388,"1406522#1",14282.1263437663,13954.5057935588,1.93,-0.69,-1.86
59389,"1406522#1",14283.820195667,13955.3214317989,1.89,-0.04,0.65
59390,"1406522#1",14285.3158308558,13956.0416230108,1.66,-0.23,-0.19
59391,"1406522#1",14286.748397091,13956.7314447139,1.59,-0.0699999999999998,0.16
59392,"1406522#1",14289.2891749419,13957.954902074,2.82,1.23,1.3
59393,"1406522#1",14291.3073814619,13958.92672636,2.24,-0.58,-1.81
59394,"1406522#1",14293.3075682807,13959.8898736435,2.22,-0.02,0.56
59395,"1406522#1",14295.8680029016,13960.9597116014,2.78,0.56,0.58
59396,"1406522#1",14297.5061845863,13961.5158237915,1.73,-1.05,-1.61
59397,"1406522#1",14299.3621592117,13962.1458699721,1.96,0.23,1.28
59398,"1406522#1",14301.4927423277,13962.8691372713,2.25,0.29,0.0600000000000001
59399,"1406522#1",14303.4718173109,13963.5409722293,2.09,-0.16,-0.45
59400,"1406522#1",14305.5077078439,13964.2320943152,2.15,0.0600000000000001,0.22
59401,"1406522#1",14307.515190602,13964.9135728371,2.12,-0.0299999999999998,-0.0899999999999999
59402,"1406522#1",14309.7688740758,13965.6786289136,2.37,0.25,0.28
59403,"1406522#1",14311.3881172439,13966.228312061,1.71,-0.66,-0.91
59404,"1406522#1",14312.9505448622,13966.7587080804,1.65,-0.0600000000000001,0.6
59405,"1406522#1",14314.9485583621,13967.436972081,2.1,0.45,0.51
59406,"1406522#1",14317.1833033192,13968.1955991148,2.36,0.26,-0.19
59407,"1406522#1",14319.4601249774,13968.8032319751,2.37,0.0100000000000002,-0.25
59408,"1406522#1",14320.8177423792,13969.1015187338,1.39,-0.98,-0.99
59409,"1406522#1",14323.7673859428,13969.7495950009,3.02,1.63,2.61
59410,"1406522#1",14327.4104887547,13970.5500335692,3.74,0.72,-0.91
59411,"1406522#1",14329.6080708799,13971.0328718477,2.24,-1.5,-2.22
59412,"1406522#1",14331.981459575,13971.5543371884,2.43,0.19,1.69
59413,"1406522#1",14334.4134504602,13972.0886782166,2.49,0.0600000000000001,-0.13
59414,"1406522#1",14337.7147071638,13972.8140086083,3.38,0.89,0.83
59415,"1406522#1",14341.2718019351,13973.5849931308,3.64,0.26,-0.629999999999999
59416,"1406522#1",14343.2582432024,13973.8918336294,2.01,-1.63,-1.89
59417,"1406522#1",14346.3120260461,13974.3635436497,3.09,1.08,2.71
59418,"1406522#1",14349.5931131145,13974.8703647718,3.32,0.23,-0.85
59419,"1406522#1",14352.350412187,13975.2962777028,2.79,-0.53,-0.76
59420,"1406522#1",14355.7599755562,13975.8229442303,3.45,0.66,1.19
59421,"1406522#1",14358.655633722,13976.2702291363,2.93,-0.52,-1.18
59422,"1406522#1",14361.3480085387,13976.6456905477,2.72,-0.21,0.31
59423,"1406522#1",14363.7536788434,13976.7900871709,2.41,-0.31,-0.1
59424,"1406522#1",14366.1493671138,13976.933884638,2.39,-0.02,0.29
59425,"1406522#1",14369.1439774516,13977.1136314719,3,0.61,0.63
59426,"1406522#1",14373.1567553044,13977.3544922293,4.02,1.02,0.41
59427,"1406522#1",14376.470790745,13977.5534120588,3.32,-0.7,-1.72
59428,"1406522#1",14380.4835685977,13977.7942728162,4.03,0.71,1.41
59429,"1406522#1",14385.3248553106,13978.084863531,4.85,0.819999999999999,0.109999999999999
59430,"1406522#1",14390.9347586769,13978.4215892664,5.62,0.77,-0.0499999999999989
59431,"1406522#1",14395.5764047006,13978.7001968589,4.65,-0.97,-1.74
59432,"1406522#1",14399.7688591736,13978.9518424264,4.2,-0.45,0.52
59433,"1406522#1",14403.3923376825,13979.1693360954,3.63,-0.57,-0.12
