"V1","V2","V3","V4","V5","acceleration","jerk"
65478,1406366,13823.1185567398,13286.7757027295,12.95,0.850000000000001,0
65479,1406366,13819.1718397587,13299.9881546031,13.8,0.850000000000001,0
65480,1406366,13815.3575348633,13313.1776950865,13.72,-0.0800000000000001,-0.930000000000001
65481,1406366,13811.7626983485,13325.6083326579,12.95,-0.770000000000001,-0.690000000000001
65482,1406366,13808.8512697029,13335.6758041996,10.48,-2.47,-1.7
65483,1406366,13806.9371720532,13342.2945903562,6.89,-3.59,-1.12
65484,1406366,13806.1315286303,13345.0804364889,2.9,-3.99,-0.399999999999999
65485,1406366,13805.5731343958,13347.0113160499,2.01,-0.89,3.1
65486,1406366,13805.4703454073,13347.3667515909,0.37,-1.64,-0.75
65487,1406366,13805.4,13347.61,0.27,-0.1,1.54
65488,1406366,13805.4,13347.61,0.07,-0.2,-0.1
65489,1406366,13805.4,13347.61,0.02,-0.05,0.15
65490,1406366,13804.9915766486,13352.4299680201,1.47,1.45,1.5
65491,1406366,13803.7320539479,13356.0892715831,3.87,2.4,0.95
65492,1406366,13801.691431898,13362.0179106891,6.27,2.4,-8.88178419700125e-16
65493,1406366,13798.9348021113,13370.0267740429,8.47,2.2,-0.199999999999998
65494,1406366,13795.719276457,13379.3688720281,9.88,1.41,-0.790000000000001
65495,1406366,13792.0546186768,13390.0158379506,11.26,1.38,-0.0300000000000011
65496,1406366,13787.8106455459,13402.3458944008,13.04,1.78,0.4
65497,1406366,13783.514599125,13414.8272398871,13.21,0.170000000000002,-1.61
65498,1406366,13778.9177161778,13427.3603436361,13.34,0.129999999999999,-0.0400000000000027
65499,1406366,13774.3012645617,13439.8121216005,13.29,-0.0500000000000007,-0.18
65500,1406366,13769.7856240125,13451.991985739,12.99,-0.299999999999999,-0.249999999999998
65501,1406366,13765.5654641768,13463.374861077,12.13,-0.859999999999999,-0.56
65502,1406366,13752.742461662,13482.1285045955,7.77,-4.36,-3.5
65503,1406366,13748.8654105852,13486.1415925521,5.58,-2.19,2.17
65504,1406366,13747.0241587298,13488.0474497359,2.65,-2.93,-0.740000000000001
65505,1406366,13727.5884652854,13513.8833734517,4,1.35,4.28
65506,1406366,13726.2341920141,13520.0463308511,6.31,2.31,0.96
65507,1406366,13724.4785730982,13528.0357114418,8.17,1.86,-0.449999999999999
65508,1406366,13722.4503825413,13537.2654970874,9.45,1.28,-0.580000000000001
65509,1406366,13719.5340870504,13548.5846318905,11.7,2.25,0.970000000000001
65510,1406366,13719.3645161867,13562.1688419569,13.16,1.46,-0.789999999999999
65511,1406366,13715.5216761707,13576.7509879105,15.07,1.91,0.449999999999999
65512,1406366,13712.5552764577,13593.3203337755,16.87,1.8,-0.109999999999999
65513,1406366,13710.7490700782,13608.0097047122,14.81,-2.06,-3.86
65514,1406366,13709.2992233357,13619.800902464,11.88,-2.93,-0.869999999999999
65515,1406366,13708.3900180974,13627.1952141855,7.45,-4.43,-1.5
65516,1406366,13707.7920173366,13632.0585869956,4.9,-2.55,1.88
65517,1406366,13707.4942373659,13634.4803481501,2.43,-2.47,0.0799999999999996
65518,1406366,13707.3599922972,13635.5721257197,1.1,-1.33,1.14
65519,1406366,13707.2818860754,13636.2073417602,0.64,-0.46,0.87
65520,1406366,13707.2648003394,13636.346295269,0.14,-0.5,-0.0399999999999999
65521,1406366,13707.2635799296,13636.3562205197,0.02,-0.12,0.38
65522,1406366,13707.2611391102,13636.3760710209,0.01,-0.01,0.11
65523,1406366,13707.2611391102,13636.3760710209,0,-0.01,0
65524,1406366,13707.2611391102,13636.3760710209,0,0,0.01
65525,1406366,13707.2611391102,13636.3760710209,0,0,0
65526,1406366,13707.2611391102,13636.3760710209,0,0,0
65527,1406366,13707.2611391102,13636.3760710209,0,0,0
65528,1406366,13707.2611391102,13636.3760710209,0,0,0
65529,1406366,13707.2611391102,13636.3760710209,0,0,0
65530,1406366,13707.2611391102,13636.3760710209,0,0,0
65531,1406366,13707.2611391102,13636.3760710209,0,0,0
65532,1406366,13707.2611391102,13636.3760710209,0,0,0
65533,1406366,13707.2611391102,13636.3760710209,0,0,0
65534,1406366,13707.2611391102,13636.3760710209,0,0,0
65535,1406366,13707.2611391102,13636.3760710209,0,0,0
65536,1406366,13707.2611391102,13636.3760710209,0,0,0
65537,1406366,13707.2611391102,13636.3760710209,0,0,0
65538,1406366,13707.2611391102,13636.3760710209,0,0,0
65539,1406366,13707.2611391102,13636.3760710209,0,0,0
65540,1406366,13707.2611391102,13636.3760710209,0,0,0
65541,1406366,13707.2611391102,13636.3760710209,0,0,0
65542,1406366,13707.2611391102,13636.3760710209,0,0,0
65543,1406366,13707.2611391102,13636.3760710209,0,0,0
65544,1406366,13707.2611391102,13636.3760710209,0,0,0
65545,1406366,13707.2611391102,13636.3760710209,0,0,0
65546,1406366,13707.2611391102,13636.3760710209,0,0,0
65547,1406366,13707.2611391102,13636.3760710209,0,0,0
65548,1406366,13707.2611391102,13636.3760710209,0,0,0
65549,1406366,13707.2611391102,13636.3760710209,0,0,0
65550,1406366,13707.2611391102,13636.3760710209,0,0,0
65551,1406366,13707.2611391102,13636.3760710209,0,0,0
65552,1406366,13707.2611391102,13636.3760710209,0,0,0
65553,1406366,13707.2611391102,13636.3760710209,0,0,0
65554,1406366,13707.2611391102,13636.3760710209,0,0,0
65555,1406366,13707.2611391102,13636.3760710209,0,0,0
65556,1406366,13707.2611391102,13636.3760710209,0,0,0
65557,1406366,13707.2611391102,13636.3760710209,0,0,0
65558,1406366,13707.2611391102,13636.3760710209,0,0,0
65559,1406366,13707.2611391102,13636.3760710209,0,0,0
65560,1406366,13707.2611391102,13636.3760710209,0,0,0
65561,1406366,13707.2611391102,13636.3760710209,0,0,0
65562,1406366,13707.2611391102,13636.3760710209,0,0,0
65563,1406366,13707.2611391102,13636.3760710209,0,0,0
65564,1406366,13707.2172043604,13636.7333800437,0.37,0.37,0.37
65565,1406366,13707.1183511734,13637.537325345,0.81,0.44,0.0700000000000001
65566,1406366,13706.9633591395,13638.7978321754,1.27,0.46,0.0199999999999999
65567,1406366,13706.6057790928,13641.7059306108,2.93,1.66,1.2
65568,1406366,13705.7917414522,13646.3774798555,4.76,1.83,0.169999999999999
65569,1406366,13703.7179405596,13652.5588834063,6.52,1.76,-0.0699999999999998
65570,1406366,13701.0016430714,13660.6553843762,8.54,2.02,0.26
65571,1406366,13697.4940240012,13697.1497215038,9.89,1.35,-0.669999999999998
65572,1406366,13700.1718788812,13707.8909501691,11.07,1.18,-0.170000000000002
65573,1406366,13701.0629443085,13720.7223229604,13.04,1.97,0.789999999999999
65574,1406366,13699.8061213383,13735.1677511653,14.5,1.46,-0.509999999999998
65575,1406366,13698.391545416,13751.426329669,16.33,1.83,0.369999999999997
65576,1406366,13697.4616334705,13779.4596190182,15.71,-0.619999999999997,-2.45
65577,1406366,13697.5800418752,13793.6991267151,14.24,-1.47,-0.850000000000003
65578,1406366,13697.7047698295,13808.6986081374,15.01,0.77,2.24
65579,1406366,13697.8255896413,13823.2281058085,14.53,-0.48,-1.25
65580,1406366,13697.919468215,13834.5177154923,11.29,-3.24,-2.76
65581,1406366,13697.9995435617,13844.1473825654,9.63,-1.66,1.58
65582,1406366,13692.0450556443,13865.3107300748,9.72,0.0899999999999999,1.75
65583,1406366,13688.0776898135,13870.6971780674,6.68,-3.04,-3.13
65584,1406366,13677.568934411,13899.7177840648,8.3,1.62,4.66
65585,1406366,13676.0333553907,13905.4639687844,4.95,-3.35,-4.97
65586,1406366,13678.1319917356,13911.6369846998,6.51,1.56,4.91
65587,1406366,13677.2582574615,13927.5331573534,7.22,0.71,-0.85
65588,1406366,13674.6046645769,13934.0646919972,7.05,-0.17,-0.88
65589,1406366,13672.3839272692,13939.530799004,5.89,-1.16,-0.99
65590,1406366,13670.4003195384,13944.4132369576,5.27,-0.62,0.54
65591,1406366,13668.5221027307,13949.036266443,4.99,-0.279999999999999,0.340000000000001
65592,1406366,13666.6627057307,13953.6129729877,4.94,-0.0499999999999998,0.23
65593,1406366,13664.8748239999,13958.0136523576,4.75,-0.19,-0.140000000000001
65594,1406366,13662.981551346,13962.6737401957,5.04,0.29,0.48
65595,1406366,13660.5763799229,13968.5938120217,6.38,1.34,1.05
65596,1406366,13658.8411936537,13972.8647871575,4.61,-1.77,-3.11
65597,1406366,13656.2139484998,13979.3314696843,6.99,2.38,4.15
65598,1406366,13654.5690973075,13983.3800947046,4.36,-2.63,-5.01
65599,1406366,13653.4138632571,13993.2795707747,6.46,2.1,4.73
65600,1406366,13654.7994872143,14001.858390405,8.69,2.23,0.13
65601,1406366,13656.4992284552,14012.3820057397,10.65,1.96,-0.269999999999999
65602,1406366,13658.4907639241,14024.7122079472,12.49,1.84,-0.120000000000001
65603,1406366,13663.7683415896,14041.5222095915,13.62,1.13,-0.710000000000001
65604,1406366,13664.5626308749,14056.2107494962,14.71,1.09,-0.0399999999999974
65605,1406366,13661.9200495377,14068.363257549,11.99,-2.72,-3.81
65606,1406366,13662.5939265112,14080.8250507516,12.48,0.49,3.21
65607,1406366,13663.0750357928,14089.7220521487,8.91,-3.57,-4.06
65608,1406366,13663.3585176927,14094.9643930392,5.25,-3.66,-0.0899999999999999
65609,1406366,13663.5178075222,14097.9100893491,2.94,-2.31,1.35
65610,1406366,13663.6225608338,14099.8472591258,1.94,-1,1.31
65611,1406366,13663.6409196616,14100.1867631073,0.34,-1.6,-0.6
65612,1406366,13663.6473992478,14100.3065880419,0.12,-0.22,1.38
65613,1406366,13663.6490191444,14100.3365442756,0.03,-0.09,0.13
65614,1406366,13663.6490191444,14100.3365442756,0,-0.03,0.06
65615,1406366,13663.6490191444,14100.3365442756,0,0,0.03
65616,1406366,13663.6490191444,14100.3365442756,0,0,0
65617,1406366,13663.6490191444,14100.3365442756,0,0,0
65618,1406366,13663.6490191444,14100.3365442756,0,0,0
65619,1406366,13663.6490191444,14100.3365442756,0,0,0
65620,1406366,13663.6490191444,14100.3365442756,0,0,0
65621,1406366,13663.6490191444,14100.3365442756,0,0,0
65622,1406366,13663.6490191444,14100.3365442756,0,0,0
65623,1406366,13663.6490191444,14100.3365442756,0,0,0
65624,1406366,13663.6490191444,14100.3365442756,0,0,0
65625,1406366,13663.6490191444,14100.3365442756,0,0,0
65626,1406366,13663.6490191444,14100.3365442756,0,0,0
65627,1406366,13663.6490191444,14100.3365442756,0,0,0
65628,1406366,13663.6490191444,14100.3365442756,0,0,0
65629,1406366,13663.6490191444,14100.3365442756,0,0,0
65630,1406366,13663.6490191444,14100.3365442756,0,0,0
65631,1406366,13663.6490191444,14100.3365442756,0,0,0
65632,1406366,13663.6490191444,14100.3365442756,0,0,0
65633,1406366,13663.6490191444,14100.3365442756,0,0,0
65634,1406366,13663.6490191444,14100.3365442756,0,0,0
65635,1406366,13663.6490191444,14100.3365442756,0,0,0
65636,1406366,13663.6490191444,14100.3365442756,0,0,0
65637,1406366,13663.6490191444,14100.3365442756,0,0,0
65638,1406366,13663.6490191444,14100.3365442756,0,0,0
65639,1406366,13663.6490191444,14100.3365442756,0,0,0
65640,1406366,13663.6490191444,14100.3365442756,0,0,0
65641,1406366,13663.6490191444,14100.3365442756,0,0,0
65642,1406366,13663.6490191444,14100.3365442756,0,0,0
65643,1406366,13663.6490191444,14100.3365442756,0,0,0
65644,1406366,13663.6490191444,14100.3365442756,0,0,0
65645,1406366,13663.6490191444,14100.3365442756,0,0,0
65646,1406366,13663.6490191444,14100.3365442756,0,0,0
65647,1406366,13663.6490191444,14100.3365442756,0,0,0
65648,1406366,13663.6706177654,14100.7359607244,0.39,0.39,0.39
65649,1406366,13663.7467529042,14102.1439037064,1.41,1.02,0.63
65650,1406366,13663.9303411822,14105.5389435212,3.4,1.99,0.97
65651,1406366,13664.164146254,14109.8626265795,4.32,0.92,-1.07
65652,1406366,13664.395111425,14115.7976953613,5.94,1.62,0.7
65653,1406366,13665.7546881173,14134.7968684431,7.63,1.69,0.0699999999999994
65654,1406366,13669.7650848881,14143.5960512314,9.68,2.05,0.36
65655,1406366,13673.3857072213,14154.3967316115,11.4,1.72,-0.329999999999999
65656,1406366,13677.0967799318,14167.0539050454,13.18,1.78,0.0599999999999987
65657,1406366,13681.2833426257,14181.3328088132,14.89,1.71,-0.0699999999999985
65658,1406366,13685.889124299,14197.0415221653,16.37,1.48,-0.23
65659,1406366,13690.4658720699,14218.7361122822,13.31,-3.06,-4.54
65660,1406366,13695.5570054745,14243.8524112204,11.09,-2.22,0.84
65661,1406366,13699.9328358864,14250.899717121,8.46,-2.63,-0.409999999999998
65662,1406366,13704.1658324696,14265.4687989983,9.85,1.39,4.02
