"V1","V2","V3","V4","V5","acceleration","jerk"
55309,141081,14216.4090588291,13276.7393604364,13.22,0.199999999999999,0
55310,141081,14230.8373152733,13279.2007826268,13.42,0.199999999999999,0
55311,141081,14243.7232620125,13281.1329515206,13.03,-0.390000000000001,-0.59
55312,141081,14256.569650972,13283.0591889673,12.99,-0.0399999999999991,0.350000000000001
55313,141081,14269.5643816055,13285.0076693406,13.14,0.15,0.19
55314,141081,14282.8953533664,13287.0065670143,13.48,0.34,0.19
55315,141081,14296.2164356823,13289.0039818262,13.47,-0.00999999999999979,-0.35
55316,141081,14309.4880707737,13290.9939823293,13.42,-0.0500000000000007,-0.0400000000000009
55317,141081,14322.6785486373,13293.2296402989,13.38,-0.0399999999999991,0.0100000000000016
55318,141081,14335.530126408,13295.5535483876,13.06,-0.32,-0.280000000000001
55319,141081,14348.9327672377,13297.9771033775,13.62,0.559999999999999,0.879999999999999
55320,141081,14362.3452484792,13300.4024377764,13.63,0.0100000000000016,-0.549999999999997
55321,141081,14375.9053358972,13302.8544633095,13.77,0.139999999999999,0.129999999999997
55322,141081,14389.4162212564,13305.2975917979,13.73,-0.0399999999999991,-0.179999999999998
55323,141081,14402.8877449686,13307.7336026504,13.69,-0.0400000000000009,-1.77635683940025e-15
