"V1","V2","V3","V4","V5","acceleration","jerk"
55972,1411075,14344.3290013616,13284.6108156881,27.31,0.34,0
55973,1411075,14344.4407661266,13312.2581684173,27.65,0.34,0
55974,1411075,14344.0752183919,13340.15334136,27.6,-0.0499999999999972,-0.389999999999997
55975,1411075,14343.2519718409,13367.5364507496,27.41,-0.190000000000001,-0.140000000000004
55976,1411075,14342.40798655,13395.2435994449,27.71,0.300000000000001,0.490000000000002
55977,1411075,14338.0906800281,13436.7142219847,27.52,-0.190000000000001,-0.490000000000002
55978,1411075,14340.6998546725,13463.7000180565,27.16,-0.359999999999999,-0.169999999999998
55979,1411075,14344.0726466183,13490.4870101827,27.01,-0.149999999999999,0.210000000000001
55980,1411075,14350.0400360321,13517.1320823041,27.32,0.309999999999999,0.459999999999997
55981,1411075,14357.6603151162,13543.2829391401,27.24,-0.0800000000000018,-0.390000000000001
55982,1411075,14364.9677220917,13569.4323340465,27.16,-0.0799999999999983,3.5527136788005e-15
55983,1411075,14371.0686765774,13596.0213410102,27.27,0.109999999999999,0.189999999999998
55984,1411075,14376.0774470639,13618.8687548291,23.39,-3.88,-3.99
55985,1411075,14378.9893738136,13638.2135924327,19.59,-3.8,0.0799999999999983
55986,1411075,14380.7785923784,13654.7872944008,16.66,-2.93,0.870000000000001
55987,1411075,14382.2629890642,13668.5374022724,13.84,-2.82,0.109999999999999
55988,1411075,14383.3609918188,13678.7083063596,10.23,-3.61,-0.789999999999999
55989,1411075,14384.164905859,13686.1550386776,7.49,-2.74,0.869999999999999
55990,1411075,14384.5899391834,13690.0921628403,3.95,-3.54,-0.8
55991,1411075,14384.7584498701,13691.6530933796,1.58,-2.37,1.17
55992,1411075,14384.8679281506,13692.6672011185,1.02,-0.56,1.81
55993,1411075,14384.8829545812,13692.8063923768,0.13,-0.89,-0.33
55994,1411075,14384.8851012142,13692.8262768423,0.02,-0.11,0.78
55995,1411075,14384.8851012142,13692.8262768423,0.01,-0.01,0.1
55996,1411075,14384.9634533169,13693.5520598319,0.73,0.72,0.73
55997,1411075,14385.1201575223,13695.0036258111,1.46,0.73,0.01
55998,1411075,14385.4432257815,13697.9962378641,3,1.54,0.81
55999,1411075,14385.9959837664,13703.1164877223,5.16,2.16,0.62
56000,1411075,14382.3310751156,13707.4544641073,2.49,-2.67,-4.83
56001,1411075,14368.0645252254,13706.5923113915,4.42,1.93,4.6
56002,1411075,14361.5776564598,13707.0052685543,6.5,2.08,0.15
56003,1411075,14347.1156123335,13708.0039935262,8.22,1.72,-0.359999999999999
56004,1411075,14330.5700005021,13708.7381823207,10.17,1.95,0.229999999999999
56005,1411075,14319.1100022512,13708.73185083,11.46,1.29,-0.659999999999998
56006,1411075,14306.0515839529,13707.7279002376,13.11,1.65,0.359999999999998
56007,1411075,14286.6428056269,13705.9249934361,13.24,0.130000000000001,-1.52
56008,1411075,14267.4017010867,13704.2998074682,13.25,0.00999999999999979,-0.120000000000001
56009,1411075,14253.6971930487,13703.0652794466,13.76,0.51,0.5
56010,1411075,14239.6235131545,13705.1084167921,13.83,0.0700000000000003,-0.44
56011,1411075,14226.1183817112,13703.8898008975,13.56,-0.27,-0.34
56012,1411075,14213.1097329468,13702.7351419283,13.06,-0.5,-0.23
56013,1411075,14199.7994662047,13701.8449738245,13.34,0.279999999999999,0.779999999999999
56014,1411075,14186.1200241481,13700.9301159007,13.71,0.370000000000001,0.0900000000000016
56015,1411075,14174.8152773574,13700.1740735756,11.33,-2.38,-2.75
56016,1411075,14165.5046566235,13699.6832622151,9.34,-1.99,0.390000000000001
56017,1411075,14158.9114229756,13699.9820431802,6.59,-2.75,-0.76
56018,1411075,14153.5768975697,13700.223784143,5.35,-1.24,1.51
56019,1411075,14150.6299219241,13700.3573301804,2.95,-2.4,-1.16
56020,1411075,14149.1514392273,13700.4243295484,1.48,-1.47,0.929999999999999
56021,1411075,14148.7318698133,13700.4433428825,0.41,-1.07,0.4
56022,1411075,14148.6119928379,13700.4487752637,0.12,-0.29,0.78
56023,1411075,14148.5820235941,13700.450133359,0.03,-0.09,0.2
56024,1411075,14148.5820235941,13700.450133359,0,-0.03,0.06
56025,1411075,14148.5820235941,13700.450133359,0,0,0.03
56026,1411075,14148.5820235941,13700.450133359,0,0,0
56027,1411075,14148.5820235941,13700.450133359,0,0,0
56028,1411075,14148.5820235941,13700.450133359,0,0,0
56029,1411075,14147.5131205633,13700.4985720913,1.07,1.07,1.07
56030,1411075,14145.4352529894,13700.5927333651,2.08,1.01,-0.0600000000000001
56031,1411075,14140.9398664113,13700.7964476596,4.5,2.42,1.41
56032,1411075,14136.5543670607,13700.9951822713,4.39,-0.11,-2.53
56033,1411075,14130.2798923354,13709.6155115521,6.16,1.77,1.88
56034,1411075,14133.1405686771,13717.0731570041,7.99,1.83,0.0599999999999996
56035,1411075,14136.3862368941,13726.6426063302,10.11,2.12,0.289999999999999
56036,1411075,14138.5295261151,13735.630593386,9.24,-0.869999999999999,-2.99
56037,1411075,14140.846783617,13745.3481248457,10,0.76,1.63
56038,1411075,14143.3449681311,13755.8243824854,10.76,0.76,0
56039,1411075,14148.6127374478,13776.0524889163,12.21,1.45,0.690000000000001
56040,1411075,14152.1054119703,13788.7094286997,13.13,0.92,-0.530000000000001
56041,1411075,14156.0795595229,13803.1111560693,14.94,1.81,0.889999999999999
56042,1411075,14174.4218703355,13823.2749153978,15.02,0.0800000000000001,-1.73
56043,1411075,14185.8855133203,13830.2905044335,13.44,-1.58,-1.66
56044,1411075,14191.6623833023,13850.2274555967,12.65,-0.789999999999999,0.790000000000001
56045,1411075,14208.0861365964,13879.0757088057,13.97,1.32,2.11
56046,1411075,14212.4828753585,13891.3099749611,13,-0.970000000000001,-2.29
56047,1411075,14228.573257216,13915.9442324858,13.62,0.619999999999999,1.59
56048,1411075,14239.3004262302,13922.8724894772,12.77,-0.85,-1.47
56049,1411075,14249.9194680534,13930.2794963815,12.95,0.18,1.03
56050,1411075,14260.7277855113,13937.7682207549,13.15,0.200000000000001,0.0200000000000014
56051,1411075,14271.9347627468,13944.9196665524,13.29,0.139999999999999,-0.0600000000000023
56052,1411075,14283.5417787386,13951.5351121486,13.37,0.0800000000000001,-0.0599999999999987
56053,1411075,14295.2424828293,13957.1541800236,12.99,-0.379999999999999,-0.459999999999999
56054,1411075,14307.6983117599,13961.5030643153,13.2,0.209999999999999,0.589999999999998
56055,1411075,14320.4386002728,13965.6641225123,13.4,0.200000000000001,-0.00999999999999801
56056,1411075,14333.2944935052,13968.4768808022,13.16,-0.24,-0.440000000000001
56057,1411075,14346.1024551204,13971.001051222,13.06,-0.0999999999999996,0.140000000000001
56058,1411075,14359.089352828,13973.0010732045,13.14,0.0800000000000001,0.18
56059,1411075,14372.8313571278,13974.0446439423,13.8,0.66,0.58
56060,1411075,14386.4069456922,13974.8591346614,13.6,-0.200000000000001,-0.860000000000001
56061,1411075,14399.4035753325,13975.6388897469,13.02,-0.58,-0.379999999999999
