"V1","V2","V3","V4","V5","acceleration","jerk"
29858,1413216,14349.8403017909,14258.2547558687,19.36,-0.48,0
29859,1413216,14351.1720961505,14239.4217868043,18.88,-0.48,0
29860,1413216,14352.7860612107,14220.6039312075,18.88,0,0.48
29861,1413216,14354.8489701848,14201.4346117995,19.28,0.400000000000002,0.400000000000002
29862,1413216,14356.8648003234,14182.702766486,18.84,-0.440000000000001,-0.840000000000003
29863,1413216,14358.9159395887,14163.6428156016,19.17,0.330000000000002,0.770000000000003
29864,1413216,14360.8512225613,14144.5104709971,19.23,0.0599999999999987,-0.270000000000003
29865,1413216,14362.7696390786,14125.4668558449,19.14,-0.0899999999999999,-0.149999999999999
29866,1413216,14364.6369379144,14106.9306724444,18.63,-0.510000000000002,-0.420000000000002
29867,1413216,14366.5012298278,14088.4243379704,18.6,-0.0299999999999976,0.480000000000004
29868,1413216,14368.4036094254,14069.5399170932,18.98,0.379999999999999,0.409999999999997
29869,1413216,14370.0265515074,14050.2819142318,19.33,0.349999999999998,-0.0300000000000011
29870,1413216,14371.1598917109,14031.546161245,18.77,-0.559999999999999,-0.909999999999997
29871,1413216,14372.3095346238,14012.5409008897,19.04,0.27,0.829999999999998
29872,1413216,14372.5199210389,13990.7731202901,18.53,-0.509999999999998,-0.779999999999998
29873,1413216,14372.0638595596,13971.0383892828,19.74,1.21,1.72
29874,1413216,14371.580998115,13950.1439679024,20.9,1.16,-0.0499999999999972
29875,1413216,14371.0597849959,13927.5899896084,22.56,1.66,0.5
29876,1413216,14370.6148131574,13908.3351304798,19.26,-3.3,-4.96
29877,1413216,14370.2479308732,13892.4593691629,15.88,-3.38,-0.0800000000000036
29878,1413216,14369.9845519034,13881.0624120463,11.4,-4.48,-1.1
29879,1413216,14373.7098555608,13861.0905390062,8.55,-2.85,1.63
29880,1413216,14373.7726643094,13850.1707092312,10.83,2.28,5.13
29881,1413216,14372.9516898743,13823.834042041,9.82,-1.01,-3.29
29882,1413216,14372.6503523515,13814.2587824781,9.58,-0.24,0.77
29883,1413216,14371.9597137949,13791.192036625,10.31,0.73,0.970000000000001
29884,1413216,14371.6975878386,13780.2351716544,10.96,0.65,-0.0800000000000001
29885,1413216,14371.404609466,13767.9886756791,12.25,1.29,0.639999999999999
29886,1413216,14371.7806457931,13754.7596062366,13.24,0.99,-0.299999999999999
29887,1413216,14372.4178459942,13740.4638000018,14.31,1.07,0.0800000000000001
29888,1413216,14373.0675141237,13725.8882714926,14.59,0.279999999999999,-0.790000000000001
29889,1413216,14369.5918973764,13709.7990556727,13.89,-0.699999999999999,-0.979999999999999
29890,1413216,14356.2394918284,13710.6579305654,13.39,-0.5,0.199999999999999
29891,1413216,14330.3900005296,13712.0380828732,13.01,-0.380000000000001,0.119999999999999
29892,1413216,14317.5300024923,13712.0309779019,12.86,-0.15,0.23
29893,1413216,14303.7728282784,13710.8011193948,13.82,0.960000000000001,1.11
29894,1413216,14278.1669192649,13708.5863249867,13.09,-0.73,-1.69
29895,1413216,14265.209562327,13707.417136728,13.01,-0.0800000000000001,0.65
29896,1413216,14251.7940667118,13706.206608992,13.47,0.460000000000001,0.540000000000001
29897,1413216,14238.149501758,13704.9754115174,13.7,0.229999999999999,-0.230000000000002
29898,1413216,14224.7041275335,13703.7621877286,13.5,-0.199999999999999,-0.429999999999998
29899,1413216,14211.3634249806,13699.3180067016,13.69,0.19,0.389999999999999
29900,1413216,14198.0931559465,13698.4292098954,13.3,-0.389999999999999,-0.579999999999998
29901,1413216,14184.6333116405,13697.527715992,13.49,0.19,0.579999999999998
29902,1413216,14171.5426402324,13696.6509480147,13.12,-0.370000000000001,-0.56
29903,1413216,14158.2517207207,13696.7275469512,13.31,0.190000000000001,0.560000000000002
29904,1413216,14148.081926673,13697.1832760679,10.17,-3.14,-3.33
29905,1413216,14141.198834238,13697.4917214131,6.9,-3.27,-0.129999999999999
29906,1413216,14136.9930549708,13697.6801909201,4.21,-2.69,0.579999999999999
29907,1413216,14122.9266524456,13701.9012985844,6.12,1.91,4.6
29908,1413216,14116.1068157552,13698.2410489321,7.73,1.61,-0.3
29909,1413216,14107.6211813232,13694.5403384135,9.26,1.53,-0.080000000000001
29910,1413216,14089.5697732253,13690.6404804303,10.48,1.22,-0.309999999999999
29911,1413216,14078.0753765909,13688.9365889985,11.62,1.14,-0.0800000000000018
29912,1413216,14064.6025984359,13686.9394288178,13.62,2,0.860000000000001
29913,1413216,14049.9032237382,13684.7604420126,14.86,1.24,-0.76
29914,1413216,14034.1157392042,13682.4201573955,15.95,1.09,-0.15
29915,1413216,14017.0614921086,13679.2451840014,17.37,1.42,0.330000000000002
29916,1413216,13998.6563512907,13677.13988412,18.6,1.23,-0.190000000000001
29917,1413216,13980.6205687986,13668.2414786179,20.13,1.53,0.299999999999997
29918,1413216,13962.4025385538,13656.5352278409,21.68,1.55,0.0200000000000031
29919,1413216,13944.9403469962,13644.9243378662,20.97,-0.710000000000001,-2.26
29920,1413216,13930.636615647,13636.4724012168,16.64,-4.33,-3.62
29921,1413216,13918.9218203197,13630.4328672581,13.18,-3.46,0.869999999999997
29922,1413216,13910.6377613072,13625.7903653503,9.5,-3.68,-0.219999999999999
29923,1413216,13905.0561636463,13622.7845341794,6.34,-3.16,0.52
29924,1413216,13902.4979149256,13621.6712222361,2.79,-3.55,-0.39
29925,1413216,13876.0668660339,13611.4637206739,4.37,1.58,5.13
29926,1413216,13870.2004788695,13609.5200381797,6.18,1.81,0.23
29927,1413216,13862.124603271,13606.7456181836,8.54,2.36,0.55
29928,1413216,13852.7178696099,13603.3231246729,10,1.46,-0.899999999999999
29929,1413216,13842.2978243804,13598.7054320047,11.43,1.43,-0.0300000000000011
29930,1413216,13826.5986096679,13589.4075109811,12.62,1.19,-0.24
29931,1413216,13815.1542681996,13581.3609497058,13.99,1.37,0.180000000000001
29932,1413216,13803.5626979317,13571.6442169682,15.13,1.14,-0.23
29933,1413216,13788.6114669306,13563.2482054474,17.13,2,0.859999999999998
29934,1413216,13774.7221220654,13551.518090632,18.18,1.05,-0.949999999999998
29935,1413216,13759.9804156857,13539.1388906168,19.25,1.07,0.0199999999999996
29936,1413216,13744.9672821557,13525.5044391472,20.38,1.13,0.0599999999999987
29937,1413216,13695.2681246644,13477.5958615797,21.65,1.27,0.140000000000001
29938,1413216,13676.2898406583,13464.3590964146,23.17,1.52,0.250000000000004
29939,1413216,13655.1950096514,13451.6656515157,24.62,1.45,-0.0700000000000038
29940,1413216,13633.3570383728,13438.2301533695,25.64,1.02,-0.43
29941,1413216,13610.3692519138,13424.0872479496,27,1.36,0.34
29942,1413216,13584.7377506468,13412.3824019316,27.26,0.260000000000002,-1.1
29943,1413216,13562.1033855421,13406.576376433,23.43,-3.83,-4.09
29944,1413216,13543.0768333107,13403.1125107811,19.34,-4.09,-0.259999999999998
29945,1413216,13528.0524225167,13400.6803347404,15.22,-4.12,-0.0299999999999994
29946,1413216,13516.7791786752,13398.8554037034,11.42,-3.8,0.319999999999999
29947,1413216,13508.872113599,13397.5753951564,8,-3.42,0.380000000000001
29948,1413216,13503.847524181,13396.7620064542,5.09,-2.91,0.51
29949,1413216,13501.843611309,13396.4376097812,2.03,-3.06,-0.15
29950,1413216,13501.320422234,13396.3529150834,0.53,-1.5,1.56
29951,1413216,13500.9650485228,13396.2953866094,0.36,-0.17,1.33
29952,1413216,13496.5689382611,13393.8376657803,1.8,1.44,1.61
29953,1413216,13493.4528996068,13393.2552543237,3.17,1.37,-0.0700000000000001
29954,1413216,13487.9089065436,13392.2190396185,5.65,2.48,1.11
29955,1413216,13480.7823197159,13390.8870260346,7.24,1.59,-0.890000000000001
29956,1413216,13472.3582025968,13389.3124941155,8.58,1.34,-0.25
29957,1413216,13461.8206838668,13387.3429512716,10.72,2.14,0.800000000000001
29958,1413216,13440.3747824085,13383.1250564728,12.46,1.74,-0.4
29959,1413216,13427.0090310764,13380.2570273011,13.68,1.22,-0.520000000000001
29960,1413216,13413.8611636331,13377.9163110595,13.36,-0.32,-1.54
30020,1413216,13407.197328493,13365.0003308411,12.95,-0.00683333333333334,0.00521944444444445
30021,1413216,13420.4621951326,13367.5089784912,13.5,0.550000000000001,0.556833333333334
30022,1413216,13434.0218365865,13370.073373867,13.8,0.300000000000001,-0.25
30023,1413216,13456.7906818059,13373.2854959081,13.83,0.0299999999999994,-0.270000000000001
30024,1413216,13470.8738027112,13370.8660258653,13.47,-0.359999999999999,-0.389999999999999
30025,1413216,13484.506575015,13371.7280695503,13.66,0.19,0.549999999999999
30026,1413216,13498.0994270484,13372.5875889493,13.62,-0.0400000000000009,-0.23
30027,1413216,13511.1433753654,13373.4123994151,13.07,-0.549999999999999,-0.509999999999998
30028,1413216,13524.8917573659,13373.9430295833,13.78,0.709999999999999,1.26
30029,1413216,13538.2801765372,13372.7666656544,13.44,-0.34,-1.05
30030,1413216,13551.0463773131,13370.5425018038,13.02,-0.42,-0.0800000000000001
