"V1","V2","V3","V4","V5","acceleration","jerk"
54166,1417978,14349.4050702655,14264.4093861191,19.42,-0.400000000000002,0
54167,1417978,14350.7467402189,14245.436765801,19.02,-0.400000000000002,0
54168,1417978,14352.1793862167,14226.2413814691,19.25,0.23,0.630000000000003
54169,1417978,14354.2283855349,14207.2013157708,19.16,-0.0899999999999999,-0.32
54170,1417978,14356.2549154089,14188.3700445267,18.94,-0.219999999999999,-0.129999999999999
54171,1417978,14358.3328040125,14169.061528816,19.42,0.48,0.699999999999999
54172,1417978,14360.2949419097,14150.0325224127,19.13,-0.290000000000003,-0.770000000000003
54173,1417978,14362.1672522829,14131.4465908013,18.68,-0.449999999999999,-0.159999999999997
54174,1417978,14364.0566018833,14112.6915152725,18.85,0.170000000000002,0.620000000000001
54175,1417978,14365.9489584061,14093.9065908173,18.87,0.0199999999999996,-0.150000000000002
54176,1417978,14367.8904279955,14074.6341338947,19.37,0.5,0.48
54177,1417978,14369.6847984146,14055.9315872156,18.79,-0.580000000000002,-1.08
54178,1417978,14370.8489326247,14036.6867647549,19.28,0.490000000000002,1.07
54179,1417978,14372.0118592267,14017.4619058031,19.26,-0.0199999999999996,-0.510000000000002
54180,1417978,14372.621807114,13995.1819431746,19.06,-0.200000000000003,-0.180000000000003
54181,1417978,14372.1394077378,13974.3075164558,20.88,1.82,2.02
54182,1417978,14371.621198063,13951.8835034623,22.43,1.55,-0.27
54183,1417978,14371.0851987561,13928.6896959968,23.2,0.77,-0.780000000000001
54184,1417978,14370.6185097044,13908.4950877726,20.21,-2.99,-3.76
54185,1417978,14370.1931757716,13890.0900017624,18.41,-1.8,1.19
54186,1417978,14373.6796237833,13863.6103576583,15.06,-3.35,-1.55
54187,1417978,14373.764275706,13849.8908349178,13.63,-1.43,1.92
54188,1417978,14372.8460015573,13820.4757046578,12.9,-0.73,0.699999999999999
54189,1417978,14372.05251021,13795.0709267788,12.65,-0.25,0.48
54190,1417978,14371.754270185,13782.6044937329,12.47,-0.18,0.0700000000000003
54191,1417978,14371.4292435659,13769.018381055,13.59,1.12,1.3
54192,1417978,14371.8211665606,13753.850508845,15.19,1.6,0.48
54193,1417978,14372.5861630284,13736.6875492983,17.18,1.99,0.390000000000001
54194,1417978,14373.3970236616,13718.4956113852,18.21,1.03,-0.959999999999999
54195,1417978,14371.4711901896,13689.2440405451,19.5,1.29,0.259999999999998
54196,1417978,14368.8380919635,13668.792850024,20.61,1.11,-0.18
54197,1417978,14366.0581429633,13647.2010741925,21.78,1.17,0.0600000000000023
54198,1417978,14363.0789876958,13624.0620695922,23.32,1.54,0.369999999999997
54199,1417978,14359.9156037118,13599.72810716,24.54,1.22,-0.32
54200,1417978,14355.0847530332,13577.5276278471,22.73,-1.81,-3.03
54201,1417978,14348.107875398,13550.2222415219,21.79,-0.940000000000001,0.869999999999997
54202,1417978,14342.947259221,13532.1444086685,18.81,-2.98,-2.04
54203,1417978,14336.0066203403,13506.2123038636,16.73,-2.08,0.900000000000002
54204,1417978,14333.0308897709,13488.9607435478,17.53,0.800000000000001,2.88
54205,1417978,14331.0393567852,13474.6587368226,14.44,-3.09,-3.89
54206,1417978,14328.4917996632,13450.1957500933,14.81,0.370000000000001,3.46
54207,1417978,14327.9455776872,13434.8033161923,15.51,0.699999999999999,0.329999999999998
54208,1417978,14327.7055583655,13406.0296539181,12.77,-2.74,-3.44
54209,1417978,14329.1616602326,13382.5977072753,14.67,1.9,4.64
54210,1417978,14329.6810947645,13369.067674468,13.55,-1.12,-3.02
54211,1417978,14333.5458421797,13354.4785046399,14.73,1.18,2.3
54212,1417978,14334.4473091198,13338.1844709605,16.32,1.59,0.41
54213,1417978,14335.3126162701,13320.1782662751,18.03,1.71,0.120000000000001
54214,1417978,14334.7504828156,13300.8742394392,18.88,0.849999999999998,-0.860000000000003
54215,1417978,14333.6810995725,13284.7997715015,16.11,-2.77,-3.62
