"V1","V2","V3","V4","V5","acceleration","jerk"
65159,1417864,14092.36,14034.99,0,1.96,0
65160,1417864,14094.3199740602,14035.0000838091,1.96,1.96,0
65161,1417864,14095.859953679,14035.008006802,1.54,-0.42,-2.38
65162,1417864,14097.21993568,14035.0150037308,1.36,-0.18,0.24
65163,1417864,14097.8699270775,14035.0183478512,0.65,-0.71,-0.53
65164,1417864,14099.1199105343,14035.0247788519,1.25,0.6,1.31
65165,1417864,14099.6699032553,14035.0276084922,0.55,-0.7,-1.3
65166,1417864,14101.0998843298,14035.0349655571,1.42,0.87,1.57
65167,1417864,14101.7398758597,14035.0382582294,0.64,-0.78,-1.65
65168,1417864,14102.279868713,14035.0410364218,0.54,-0.1,0.68
65169,1417864,14102.7398626251,14035.04340303,0.46,-0.08,0.02
65170,1417864,14103.0098590518,14035.0447921262,0.27,-0.19,-0.11
65171,1417864,14103.409853758,14035.0468500464,0.4,0.13,0.32
65172,1417864,14103.5298521698,14035.0474674225,0.12,-0.28,-0.41
65173,1417864,14103.5798515081,14035.0477246625,0.04,-0.08,0.2
65174,1417864,14103.609851111,14035.0478790065,0.04,0,0.08
65175,1417864,14103.6298508464,14035.0479819025,0.02,-0.02,-0.02
65176,1417864,14103.6498505817,14035.0480847986,0.02,0,0.02
65177,1417864,14103.6598504493,14035.0481362466,0.01,-0.01,-0.01
65178,1417864,14103.6898500523,14035.0482905906,0.02,0.01,0.02
65179,1417864,14103.6898500523,14035.0482905906,0.01,-0.01,-0.02
65180,1417864,14103.7098497876,14035.0483934866,0.01,0,0.01
65181,1417864,14103.7198496552,14035.0484449346,0.01,0,0
65182,1417864,14103.7398493905,14035.0485478306,0.02,0.01,0.01
65183,1417864,14103.7598491259,14035.0486507266,0.02,0,-0.01
65184,1417864,14103.7798488612,14035.0487536226,0.02,0,0
65185,1417864,14103.8098484641,14035.0489079666,0.03,0.01,0.01
65186,1417864,14103.8398480671,14035.0490623107,0.03,0,-0.01
65187,1417864,14103.899847273,14035.0493709987,0.06,0.03,0.03
65188,1417864,14103.9198470083,14035.0494738947,0.02,-0.04,-0.07
65189,1417864,14103.9598464789,14035.0496796867,0.04,0.02,0.06
65190,1417864,14104.0398454202,14035.0500912708,0.08,0.04,0.02
65191,1417864,14104.0998446261,14035.0503999588,0.05,-0.03,-0.07
65192,1417864,14104.2298429056,14035.0510687829,0.13,0.08,0.11
65193,1417864,14104.3898407881,14035.051891951,0.16,0.03,-0.05
65194,1417864,14104.5898381412,14035.0529209111,0.2,0.04,0.01
65195,1417864,14104.9298336414,14035.0546701433,0.34,0.14,0.1
65196,1417864,14105.0698317886,14035.0553904154,0.14,-0.2,-0.34
65197,1417864,14105.4298270241,14035.0572425436,0.37,0.23,0.43
65198,1417864,14105.7198231861,14035.0587345358,0.28,-0.09,-0.32
65199,1417864,14106.039818951,14035.0603808719,0.32,0.04,0.13
65200,1417864,14106.29981551,14035.0617185201,0.26,-0.06,-0.1
65201,1417864,14106.5198125984,14035.0628503762,0.22,-0.04,0.02
65202,1417864,14106.6998102162,14035.0637764403,0.19,-0.03,0.01
65203,1417864,14106.7998088928,14035.0642909204,0.09,-0.1,-0.07
65204,1417864,14106.8398083634,14035.0644967124,0.05,-0.04,0.06
65205,1417864,14106.8698079663,14035.0646510564,0.03,-0.02,0.02
65206,1417864,14106.9298071723,14035.0649597445,0.06,0.03,0.05
65207,1417864,14106.9698066429,14035.0651655365,0.04,-0.02,-0.05
65208,1417864,14107.0598054518,14035.0656285685,0.09,0.05,0.07
65209,1417864,14107.1998035989,14035.0663488406,0.15,0.06,0.01
65210,1417864,14107.7497963199,14035.0691784809,0.55,0.4,0.34
65211,1417864,14108.1397911584,14035.0711849532,0.39,-0.16,-0.56
65212,1417864,14108.469786791,14035.0728827373,0.33,-0.06,0.1
65213,1417864,14108.7697828206,14035.0744261775,0.3,-0.03,0.03
65214,1417864,14109.5897719683,14035.078644914,0.83,0.53,0.56
65215,1417864,14110.2797628364,14035.0821948264,0.69,-0.14,-0.67
65216,1417864,14110.7297568809,14035.0845099867,0.44,-0.25,-0.11
65217,1417864,14111.0097531752,14035.0859505308,0.29,-0.15,0.0999999999999999
65218,1417864,14111.3897481461,14035.087905555,0.38,0.09,0.24
65219,1417864,14112.0997387495,14035.0915583635,0.71,0.33,0.24
65220,1417864,14112.4397342498,14035.0933075957,0.34,-0.37,-0.7
65221,1417864,14112.809729353,14035.0952111719,0.37,0.03,0.4
65222,1417864,14113.5097200888,14035.0988125323,0.7,0.33,0.3
65223,1417864,14114.0597128097,14035.1016421726,0.55,-0.15,-0.48
65224,1417864,14114.3097095011,14035.1029283727,0.25,-0.3,-0.15
65225,1417864,14114.5597061925,14035.1042145729,0.25,0,0.3
65226,1417864,14114.8297026191,14035.105603669,0.27,0.02,0.02
65227,1417864,14115.3596956048,14035.1083304133,0.53,0.26,0.24
65228,1417864,14115.9596876641,14035.1114172937,0.6,0.07,-0.19
65229,1417864,14116.2996831643,14035.1131665259,0.33,-0.27,-0.34
65230,1417864,14116.7396773411,14035.1154302381,0.45,0.12,0.39
65231,1417864,14117.3296695327,14035.1184656705,0.59,0.14,0.02
65232,1417864,14118.0496600038,14035.1221699269,0.72,0.13,-0.00999999999999995
65233,1417864,14118.9496480927,14035.1268002474,0.89,0.17,0.04
65234,1417864,14119.6996381667,14035.1306588479,0.76,-0.13,-0.3
65235,1417864,14121.0896197707,14035.1378101207,1.38,0.62,0.75
65236,1417864,14121.9996077272,14035.1424918892,0.91,-0.47,-1.09
65237,1417864,14122.8895959485,14035.1470707617,0.89,-0.02,0.45
65238,1417864,14123.7195849638,14035.1513409462,0.83,-0.0600000000000001,-0.04
65239,1417864,14124.2195783465,14035.1539133465,0.49,-0.34,-0.28
65240,1417864,14125.4395622003,14035.1601900032,1.22,0.73,1.07
65241,1417864,14125.7195584946,14035.1616305474,0.28,-0.94,-1.67
65242,1417864,14125.939555583,14035.1627624035,0.22,-0.06,0.88
65243,1417864,14126.0195545242,14035.1631739875,0.08,-0.14,-0.08
65244,1417864,14126.0995534655,14035.1635855716,0.08,0,0.14
65245,1417864,14126.1295530684,14035.1637399156,0.04,-0.04,-0.04
65246,1417864,14126.1495528037,14035.1638428116,0.01,-0.03,0.01
65247,1417864,14126.1595526714,14035.1638942596,0.01,0,0.03
65248,1417864,14126.1595526714,14035.1638942596,0,-0.01,-0.01
65249,1417864,14126.1595526714,14035.1638942596,0,0,0.01
65250,1417864,14126.1595526714,14035.1638942596,0,0,0
65251,1417864,14126.1595526714,14035.1638942596,0,0,0
65252,1417864,14126.1595526714,14035.1638942596,0,0,0
65253,1417864,14126.1695525391,14035.1639457076,0,0,0
65254,1417864,14126.1695525391,14035.1639457076,0,0,0
65255,1417864,14126.1895522744,14035.1640486036,0.01,0.01,0.01
65256,1417864,14126.2095520097,14035.1641514996,0.02,0.01,0
65257,1417864,14126.2195518773,14035.1642029476,0.01,-0.01,-0.02
65258,1417864,14126.2195518773,14035.1642029476,0.01,0,0.01
65259,1417864,14126.2395516126,14035.1643058437,0.01,0,0
65260,1417864,14126.2495514803,14035.1643572917,0.01,0,0
65261,1417864,14126.2695512156,14035.1644601877,0.02,0.01,0.01
65262,1417864,14126.2995508186,14035.1646145317,0.02,0,-0.01
65263,1417864,14126.3295504215,14035.1647688757,0.03,0.01,0.01
65264,1417864,14126.3695498921,14035.1649746677,0.05,0.02,0.01
65265,1417864,14126.4195492304,14035.1652319078,0.05,0,-0.02
65266,1417864,14126.4795484363,14035.1655405958,0.06,0.01,0.01
65267,1417864,14126.6595460541,14035.1664666599,0.18,0.12,0.11
65268,1417864,14126.8295438042,14035.167341276,0.17,-0.00999999999999998,-0.13
65269,1417864,14127.0195412897,14035.1683187881,0.19,0.02,0.03
65270,1417864,14127.1395397015,14035.1689361642,0.11,-0.08,-0.1
65271,1417864,14127.3595367899,14035.1700680203,0.22,0.11,0.19
65272,1417864,14127.5095348047,14035.1708397404,0.15,-0.07,-0.18
65273,1417864,14127.5995336136,14035.1713027725,0.09,-0.06,0.01
65274,1417864,14127.8795299079,14035.1727433166,0.29,0.2,0.26
65275,1417864,14128.1495263346,14035.1741324128,0.26,-0.03,-0.23
65276,1417864,14128.7895178645,14035.1774250851,0.64,0.38,0.41
65277,1417864,14129.0795140264,14035.1789170773,0.29,-0.35,-0.73
65278,1417864,14135.735870794,14034.7685035029,0.67,0.38,0.73
65279,1417864,14136.0926392415,14034.7203758096,0.36,-0.31,-0.69
65280,1417864,14136.7268942593,14034.6348154658,0.64,0.28,0.59
65281,1417864,14137.0539320029,14034.5906984136,0.33,-0.31,-0.59
65282,1417864,14137.3710595117,14034.5479182417,0.32,-0.01,0.3
65283,1417864,14138.0746861721,14034.4529997354,0.71,0.39,0.4
65284,1417864,14138.590018374,14034.3834819561,0.51,-0.2,-0.59
65285,1417864,14139.2639143304,14034.2925740909,0.68,0.17,0.37
65286,1417864,14139.7792465324,14034.2230563116,0.52,-0.16,-0.33
65287,1417864,14140.4234117848,14034.1361590875,0.65,0.13,0.29
65288,1417864,14141.0873975065,14034.0465881026,0.67,0.02,-0.11
65289,1417864,14142.0189595639,14033.9209213477,0.94,0.27,0.25
65290,1417864,14142.7324964589,14033.824665961,0.72,-0.22,-0.49
65291,1417864,14143.3469310074,14033.741779378,0.62,-0.1,0.12
65292,1417864,14144.1199293103,14033.6375027091,0.78,0.16,0.26
65293,1417864,14144.7640945627,14033.550605485,0.65,-0.13,-0.29
65294,1417864,14145.4578109884,14033.457023859,0.7,0.0499999999999999,0.18
65295,1417864,14146.7164107893,14033.2872400519,1.27,0.57,0.52
65296,1417864,14147.9056389477,14033.1268144074,1.2,-0.0700000000000001,-0.64
65297,1417864,14148.837201005,14033.0011476525,0.94,-0.26,-0.19
65298,1417864,14149.4219048496,14032.9222717106,0.6,-0.34,-0.08
65299,1417864,14149.8975961129,14032.8581014528,0.48,-0.12,0.22
65300,1417864,14150.3534669069,14032.7966049558,0.46,-0.02,0.1
65301,1417864,14150.7696967623,14032.7404559802,0.41,-0.05,-0.0300000000000001
65302,1417864,14151.2156573217,14032.6802963635,0.46,0.05,0.1
65303,1417864,14151.9589249207,14032.5800303357,0.74,0.28,0.23
65304,1417864,14152.6030901731,14032.4931331115,0.66,-0.08,-0.36
65305,1417864,14153.2076144869,14032.4115834089,0.61,-0.05,0.0299999999999999
65306,1417864,14153.9526794052,14032.327296386,0.75,0.14,0.19
65307,1417864,14155.0382748345,14032.2294058153,1.09,0.34,0.2
65308,1417864,14155.8848400775,14032.1530691318,0.85,-0.24,-0.58
65309,1417864,14157.4186171061,14032.0147650229,1.54,0.69,0.93
65310,1417864,14158.1954652115,14031.9447148897,0.78,-0.76,-1.45
65311,1417864,14159.2611414587,14031.8486204764,1.08,0.3,1.06
65312,1417864,14160.0379895641,14031.7785703433,0.77,-0.31,-0.61
65313,1417864,14160.8148376695,14031.7085202101,0.78,0.01,0.32
65314,1417864,14162.4183318357,14031.5639295508,1.61,0.83,0.82
65315,1417864,14163.2947758521,14031.4848986314,0.89,-0.72,-1.55
65316,1417864,14164.7986741074,14031.3492887583,1.5,0.61,1.33
65317,1417864,14166.4918045935,14031.1966153913,1.7,0.2,-0.41
65318,1417864,14166.8802286462,14031.1615903247,0.39,-1.31,-1.51
65319,1417864,14167.6670363427,14031.090642113,0.79,0.4,1.71
65320,1417864,14168.2347330351,14031.0394516311,0.57,-0.22,-0.62
65321,1417864,14168.5534399501,14031.0107131149,0.31,-0.26,-0.0399999999999999
65322,1417864,14168.8522276829,14030.983770756,0.3,-0.01,0.25
65323,1417864,14168.961783185,14030.9738918911,0.12,-0.18,-0.17
65324,1417864,14169.0613790959,14030.9649111048,0.09,-0.03,0.15
65325,1417864,14169.2207325534,14030.9505418468,0.16,0.07,0.1
65326,1417864,14169.2705305089,14030.9460514536,0.05,-0.11,-0.18
65327,1417864,14169.3302880555,14030.9406629818,0.06,0.01,0.12
65328,1417864,14169.3701264199,14030.9370706673,0.04,-0.02,-0.03
65329,1417864,14169.4199243753,14030.9325802742,0.05,0.01,0.03
65330,1417864,14169.4398435575,14030.9307841169,0.03,-0.02,-0.03
65331,1417864,14169.4597627397,14030.9289879596,0.02,-0.01,0.01
65332,1417864,14169.4597627397,14030.9289879596,0,-0.02,-0.01
65333,1417864,14169.4597627397,14030.9289879596,0,0,0.02
65334,1417864,14169.4597627397,14030.9289879596,0,0,0
65335,1417864,14169.4597627397,14030.9289879596,0,0,0
65336,1417864,14169.4597627397,14030.9289879596,0,0,0
65337,1417864,14169.4597627397,14030.9289879596,0,0,0
65338,1417864,14169.4597627397,14030.9289879596,0,0,0
65339,1417864,14169.4597627397,14030.9289879596,0,0,0
65340,1417864,14169.4597627397,14030.9289879596,0,0,0
65341,1417864,14169.4597627397,14030.9289879596,0,0,0
65342,1417864,14169.4597627397,14030.9289879596,0,0,0
65343,1417864,14169.4597627397,14030.9289879596,0,0,0
65344,1417864,14169.4597627397,14030.9289879596,0,0,0
65345,1417864,14169.4597627397,14030.9289879596,0,0,0
65346,1417864,14169.4597627397,14030.9289879596,0,0,0
65347,1417864,14169.4597627397,14030.9289879596,0,0,0
65348,1417864,14169.4597627397,14030.9289879596,0,0,0
65349,1417864,14169.4597627397,14030.9289879596,0,0,0
65350,1417864,14169.4597627397,14030.9289879596,0,0,0
65351,1417864,14169.4597627397,14030.9289879596,0,0,0
65352,1417864,14169.4597627397,14030.9289879596,0,0,0
65353,1417864,14169.4597627397,14030.9289879596,0,0,0
65354,1417864,14169.4597627397,14030.9289879596,0,0,0
65355,1417864,14169.4597627397,14030.9289879596,0,0,0
65356,1417864,14169.4597627397,14030.9289879596,0,0,0
65357,1417864,14169.4597627397,14030.9289879596,0,0,0
65358,1417864,14169.4597627397,14030.9289879596,0,0,0
65359,1417864,14169.4597627397,14030.9289879596,0,0,0
65360,1417864,14169.4597627397,14030.9289879596,0,0,0
65361,1417864,14169.4597627397,14030.9289879596,0,0,0
65362,1417864,14169.4597627397,14030.9289879596,0,0,0
65363,1417864,14169.4597627397,14030.9289879596,0,0,0
65364,1417864,14169.4597627397,14030.9289879596,0,0,0
65365,1417864,14169.4597627397,14030.9289879596,0,0,0
65366,1417864,14169.4597627397,14030.9289879596,0,0,0
65367,1417864,14169.4597627397,14030.9289879596,0,0,0
65368,1417864,14169.4597627397,14030.9289879596,0,0,0
65369,1417864,14169.4597627397,14030.9289879596,0,0,0
65370,1417864,14169.4597627397,14030.9289879596,0,0,0
65371,1417864,14169.4597627397,14030.9289879596,0,0,0
65372,1417864,14169.4597627397,14030.9289879596,0,0,0
65373,1417864,14169.4597627397,14030.9289879596,0,0,0
65374,1417864,14169.4597627397,14030.9289879596,0,0,0
65375,1417864,14169.4597627397,14030.9289879596,0,0,0
65376,1417864,14169.4597627397,14030.9289879596,0,0,0
65377,1417864,14169.4597627397,14030.9289879596,0,0,0
65378,1417864,14169.4597627397,14030.9289879596,0,0,0
65379,1417864,14169.4597627397,14030.9289879596,0,0,0
65380,1417864,14169.4597627397,14030.9289879596,0,0,0
65381,1417864,14169.4597627397,14030.9289879596,0,0,0
65382,1417864,14169.4597627397,14030.9289879596,0,0,0
65383,1417864,14169.4597627397,14030.9289879596,0,0,0
65384,1417864,14169.4597627397,14030.9289879596,0,0,0
65385,1417864,14169.4597627397,14030.9289879596,0,0,0
65386,1417864,14169.4597627397,14030.9289879596,0,0,0
65387,1417864,14169.4597627397,14030.9289879596,0,0,0
65388,1417864,14169.4597627397,14030.9289879596,0,0,0
65389,1417864,14169.4597627397,14030.9289879596,0,0,0
65390,1417864,14169.4597627397,14030.9289879596,0,0,0
65391,1417864,14169.4597627397,14030.9289879596,0,0,0
65392,1417864,14169.4597627397,14030.9289879596,0,0,0
65393,1417864,14169.4597627397,14030.9289879596,0,0,0
65394,1417864,14169.4597627397,14030.9289879596,0,0,0
65395,1417864,14169.4597627397,14030.9289879596,0,0,0
65396,1417864,14169.4597627397,14030.9289879596,0,0,0
65397,1417864,14169.4597627397,14030.9289879596,0,0,0
65398,1417864,14169.4597627397,14030.9289879596,0,0,0
65399,1417864,14169.4597627397,14030.9289879596,0,0,0
65400,1417864,14169.4597627397,14030.9289879596,0,0,0
65401,1417864,14169.4597627397,14030.9289879596,0,0,0
65402,1417864,14169.4597627397,14030.9289879596,0,0,0
65403,1417864,14169.4597627397,14030.9289879596,0,0,0
65404,1417864,14169.4597627397,14030.9289879596,0,0,0
65405,1417864,14169.4597627397,14030.9289879596,0,0,0
65406,1417864,14169.4597627397,14030.9289879596,0,0,0
65407,1417864,14169.4597627397,14030.9289879596,0,0,0
65408,1417864,14169.4597627397,14030.9289879596,0,0,0
65409,1417864,14169.4597627397,14030.9289879596,0,0,0
65410,1417864,14169.4597627397,14030.9289879596,0,0,0
65411,1417864,14169.4597627397,14030.9289879596,0,0,0
65412,1417864,14169.4597627397,14030.9289879596,0,0,0
65413,1417864,14169.4597627397,14030.9289879596,0,0,0
65414,1417864,14169.4597627397,14030.9289879596,0,0,0
65415,1417864,14169.4597627397,14030.9289879596,0,0,0
65416,1417864,14169.4597627397,14030.9289879596,0,0,0
65417,1417864,14169.4597627397,14030.9289879596,0,0,0
65418,1417864,14169.4597627397,14030.9289879596,0,0,0
65419,1417864,14169.4597627397,14030.9289879596,0,0,0
65420,1417864,14169.4597627397,14030.9289879596,0,0,0
65421,1417864,14169.4597627397,14030.9289879596,0,0,0
65422,1417864,14169.4597627397,14030.9289879596,0,0,0
65423,1417864,14169.4597627397,14030.9289879596,0,0,0
65424,1417864,14169.4597627397,14030.9289879596,0,0,0
65425,1417864,14169.4597627397,14030.9289879596,0,0,0
65426,1417864,14169.4597627397,14030.9289879596,0,0,0
65427,1417864,14169.4597627397,14030.9289879596,0,0,0
65428,1417864,14169.4597627397,14030.9289879596,0,0,0
65429,1417864,14169.4597627397,14030.9289879596,0,0,0
65430,1417864,14169.4597627397,14030.9289879596,0,0,0
65431,1417864,14169.4597627397,14030.9289879596,0,0,0
65432,1417864,14169.4597627397,14030.9289879596,0,0,0
65433,1417864,14169.4597627397,14030.9289879596,0,0,0
65434,1417864,14169.4597627397,14030.9289879596,0,0,0
65435,1417864,14169.4597627397,14030.9289879596,0,0,0
65436,1417864,14169.4597627397,14030.9289879596,0,0,0
65437,1417864,14169.4597627397,14030.9289879596,0,0,0
65438,1417864,14169.4597627397,14030.9289879596,0,0,0
65439,1417864,14169.4597627397,14030.9289879596,0,0,0
65440,1417864,14169.4597627397,14030.9289879596,0,0,0
65441,1417864,14169.4597627397,14030.9289879596,0,0,0
65442,1417864,14169.4597627397,14030.9289879596,0,0,0
65443,1417864,14169.4597627397,14030.9289879596,0,0,0
65444,1417864,14169.4597627397,14030.9289879596,0,0,0
65445,1417864,14169.4597627397,14030.9289879596,0,0,0
65446,1417864,14169.4597627397,14030.9289879596,0,0,0
65447,1417864,14169.4597627397,14030.9289879596,0,0,0
65448,1417864,14169.4597627397,14030.9289879596,0,0,0
65449,1417864,14169.4597627397,14030.9289879596,0,0,0
65450,1417864,14169.4597627397,14030.9289879596,0,0,0
65451,1417864,14169.4597627397,14030.9289879596,0,0,0
65452,1417864,14169.4597627397,14030.9289879596,0,0,0
65453,1417864,14169.4597627397,14030.9289879596,0,0,0
65454,1417864,14169.4597627397,14030.9289879596,0,0,0
65455,1417864,14169.4597627397,14030.9289879596,0,0,0
65456,1417864,14169.4597627397,14030.9289879596,0,0,0
65457,1417864,14169.4597627397,14030.9289879596,0,0,0
65458,1417864,14169.4597627397,14030.9289879596,0,0,0
65459,1417864,14169.4597627397,14030.9289879596,0,0,0
65460,1417864,14169.4597627397,14030.9289879596,0,0,0
65461,1417864,14169.4597627397,14030.9289879596,0,0,0
65462,1417864,14169.4597627397,14030.9289879596,0,0,0
65463,1417864,14169.4597627397,14030.9289879596,0,0,0
65464,1417864,14169.4597627397,14030.9289879596,0,0,0
65465,1417864,14169.4597627397,14030.9289879596,0,0,0
65466,1417864,14169.4597627397,14030.9289879596,0,0,0
65467,1417864,14169.4597627397,14030.9289879596,0,0,0
65468,1417864,14169.4597627397,14030.9289879596,0,0,0
65469,1417864,14169.4597627397,14030.9289879596,0,0,0
65470,1417864,14169.4597627397,14030.9289879596,0,0,0
65471,1417864,14169.4597627397,14030.9289879596,0,0,0
65472,1417864,14169.4597627397,14030.9289879596,0,0,0
65473,1417864,14169.4597627397,14030.9289879596,0,0,0
65474,1417864,14169.4597627397,14030.9289879596,0,0,0
65475,1417864,14169.4597627397,14030.9289879596,0,0,0
65476,1417864,14169.4796819219,14030.9271918024,0.02,0.02,0.02
65477,1417864,14169.489641513,14030.9262937238,0.01,-0.01,-0.03
65478,1417864,14169.4996011041,14030.9253956451,0.01,0,0.01
65479,1417864,14169.5095606952,14030.9244975665,0.01,0,0
65480,1417864,14169.5294798774,14030.9227014092,0.02,0.01,0.01
65481,1417864,14169.5394394685,14030.9218033306,0.01,-0.01,-0.02
65482,1417864,14169.5394394685,14030.9218033306,0.01,0,0.01
65483,1417864,14169.5593586507,14030.9200071733,0.02,0.01,0.01
65484,1417864,14169.5792778329,14030.9182110161,0.02,0,-0.01
65485,1417864,14169.6091566061,14030.9155167802,0.03,0.01,0.01
65486,1417864,14169.6290757883,14030.9137206229,0.02,-0.01,-0.02
65487,1417864,14169.6788737438,14030.9092302298,0.05,0.03,0.04
65488,1417864,14169.7087525171,14030.9065359939,0.03,-0.02,-0.05
65489,1417864,14169.7784696548,14030.9002494435,0.07,0.04,0.06
65490,1417864,14169.8382272013,14030.8948609717,0.06,-0.01,-0.05
65491,1417864,14169.9278635212,14030.886778264,0.08,0.02,0.03
65492,1417864,14170.1270553431,14030.8688166915,0.21,0.13,0.11
65493,1417864,14170.2864088006,14030.8544474334,0.16,-0.05,-0.18
65494,1417864,14170.545358169,14030.831097389,0.26,0.1,0.15
65495,1417864,14170.9337822217,14030.7960723225,0.39,0.13,0.03
65496,1417864,14171.2325699546,14030.7691299636,0.3,-0.09,-0.22
65497,1417864,14171.7803474648,14030.7197356389,0.54,0.24,0.33
65498,1417864,14172.1388927442,14030.6874048083,0.37,-0.17,-0.41
65499,1417864,14172.3082057928,14030.6721374716,0.17,-0.2,-0.0299999999999999
65500,1417864,14172.4575996592,14030.6586662921,0.15,-0.02,0.18
65501,1417864,14172.5472359791,14030.6505835845,0.09,-0.06,-0.04
65502,1417864,14172.636872299,14030.6425008768,0.08,-0.01,0.05
65503,1417864,14172.636872299,14030.6425008768,0,-0.08,-0.07
65504,1417864,14172.636872299,14030.6425008768,0,0,0.08
65505,1417864,14172.636872299,14030.6425008768,0,0,0
65506,1417864,14172.636872299,14030.6425008768,0,0,0
65507,1417864,14172.636872299,14030.6425008768,0,0,0
65508,1417864,14172.636872299,14030.6425008768,0,0,0
65509,1417864,14172.636872299,14030.6425008768,0,0,0
65510,1417864,14172.636872299,14030.6425008768,0,0,0
65511,1417864,14172.636872299,14030.6425008768,0,0,0
65512,1417864,14172.636872299,14030.6425008768,0,0,0
65513,1417864,14172.636872299,14030.6425008768,0,0,0
65514,1417864,14172.636872299,14030.6425008768,0,0,0
65515,1417864,14172.636872299,14030.6425008768,0,0,0
65516,1417864,14172.636872299,14030.6425008768,0,0,0
65517,1417864,14172.636872299,14030.6425008768,0,0,0
65518,1417864,14172.636872299,14030.6425008768,0,0,0
65519,1417864,14172.636872299,14030.6425008768,0,0,0
65520,1417864,14172.636872299,14030.6425008768,0,0,0
65521,1417864,14172.636872299,14030.6425008768,0,0,0
65522,1417864,14172.636872299,14030.6425008768,0,0,0
65523,1417864,14172.636872299,14030.6425008768,0,0,0
65524,1417864,14172.636872299,14030.6425008768,0,0,0
65525,1417864,14172.636872299,14030.6425008768,0,0,0
65526,1417864,14172.636872299,14030.6425008768,0,0,0
65527,1417864,14172.636872299,14030.6425008768,0,0,0
65528,1417864,14172.636872299,14030.6425008768,0,0,0
65529,1417864,14172.636872299,14030.6425008768,0,0,0
65530,1417864,14172.636872299,14030.6425008768,0,0,0
65531,1417864,14172.636872299,14030.6425008768,0,0,0
65532,1417864,14172.636872299,14030.6425008768,0,0,0
65533,1417864,14172.636872299,14030.6425008768,0,0,0
65534,1417864,14172.636872299,14030.6425008768,0,0,0
65535,1417864,14172.636872299,14030.6425008768,0,0,0
65536,1417864,14172.636872299,14030.6425008768,0,0,0
65537,1417864,14172.636872299,14030.6425008768,0,0,0
65538,1417864,14172.636872299,14030.6425008768,0,0,0
65539,1417864,14172.636872299,14030.6425008768,0,0,0
65540,1417864,14172.636872299,14030.6425008768,0,0,0
65541,1417864,14172.636872299,14030.6425008768,0,0,0
65542,1417864,14172.636872299,14030.6425008768,0,0,0
65543,1417864,14172.636872299,14030.6425008768,0,0,0
65544,1417864,14172.636872299,14030.6425008768,0,0,0
65545,1417864,14172.636872299,14030.6425008768,0,0,0
65546,1417864,14172.636872299,14030.6425008768,0,0,0
65547,1417864,14172.636872299,14030.6425008768,0,0,0
65548,1417864,14172.636872299,14030.6425008768,0,0,0
65549,1417864,14172.636872299,14030.6425008768,0,0,0
65550,1417864,14172.636872299,14030.6425008768,0,0,0
65551,1417864,14172.636872299,14030.6425008768,0,0,0
65552,1417864,14172.636872299,14030.6425008768,0,0,0
65553,1417864,14172.636872299,14030.6425008768,0,0,0
65554,1417864,14172.636872299,14030.6425008768,0,0,0
65555,1417864,14172.636872299,14030.6425008768,0,0,0
65556,1417864,14172.636872299,14030.6425008768,0,0,0
65557,1417864,14172.636872299,14030.6425008768,0,0,0
65558,1417864,14172.636872299,14030.6425008768,0,0,0
65559,1417864,14172.636872299,14030.6425008768,0,0,0
65560,1417864,14172.636872299,14030.6425008768,0,0,0
65561,1417864,14172.636872299,14030.6425008768,0,0,0
65562,1417864,14172.636872299,14030.6425008768,0,0,0
65563,1417864,14172.636872299,14030.6425008768,0,0,0
65564,1417864,14172.636872299,14030.6425008768,0,0,0
65565,1417864,14172.636872299,14030.6425008768,0,0,0
65566,1417864,14172.636872299,14030.6425008768,0,0,0
65567,1417864,14172.636872299,14030.6425008768,0,0,0
65568,1417864,14172.636872299,14030.6425008768,0,0,0
65569,1417864,14172.636872299,14030.6425008768,0,0,0
65570,1417864,14172.636872299,14030.6425008768,0,0,0
65571,1417864,14172.636872299,14030.6425008768,0,0,0
65572,1417864,14172.636872299,14030.6425008768,0,0,0
65573,1417864,14172.636872299,14030.6425008768,0,0,0
65574,1417864,14172.636872299,14030.6425008768,0,0,0
65575,1417864,14172.636872299,14030.6425008768,0,0,0
65576,1417864,14172.636872299,14030.6425008768,0,0,0
65577,1417864,14172.636872299,14030.6425008768,0,0,0
65578,1417864,14172.636872299,14030.6425008768,0,0,0
65579,1417864,14172.636872299,14030.6425008768,0,0,0
65580,1417864,14172.636872299,14030.6425008768,0,0,0
65581,1417864,14172.636872299,14030.6425008768,0,0,0
65582,1417864,14172.636872299,14030.6425008768,0,0,0
65583,1417864,14172.636872299,14030.6425008768,0,0,0
65584,1417864,14172.636872299,14030.6425008768,0,0,0
65585,1417864,14172.636872299,14030.6425008768,0,0,0
65586,1417864,14172.636872299,14030.6425008768,0,0,0
65587,1417864,14172.636872299,14030.6425008768,0,0,0
65588,1417864,14172.636872299,14030.6425008768,0,0,0
65589,1417864,14172.636872299,14030.6425008768,0,0,0
65590,1417864,14172.636872299,14030.6425008768,0,0,0
65591,1417864,14172.636872299,14030.6425008768,0,0,0
65592,1417864,14172.636872299,14030.6425008768,0,0,0
65593,1417864,14172.636872299,14030.6425008768,0,0,0
65594,1417864,14172.636872299,14030.6425008768,0,0,0
65595,1417864,14172.636872299,14030.6425008768,0,0,0
65596,1417864,14172.636872299,14030.6425008768,0,0,0
65597,1417864,14172.636872299,14030.6425008768,0,0,0
65598,1417864,14172.636872299,14030.6425008768,0,0,0
65599,1417864,14172.636872299,14030.6425008768,0,0,0
65600,1417864,14172.636872299,14030.6425008768,0,0,0
65601,1417864,14172.636872299,14030.6425008768,0,0,0
65602,1417864,14172.636872299,14030.6425008768,0,0,0
65603,1417864,14172.636872299,14030.6425008768,0,0,0
65604,1417864,14172.636872299,14030.6425008768,0,0,0
65605,1417864,14172.636872299,14030.6425008768,0,0,0
65606,1417864,14172.636872299,14030.6425008768,0,0,0
65607,1417864,14172.636872299,14030.6425008768,0,0,0
65608,1417864,14172.636872299,14030.6425008768,0,0,0
65609,1417864,14172.636872299,14030.6425008768,0,0,0
65610,1417864,14172.636872299,14030.6425008768,0,0,0
65611,1417864,14172.636872299,14030.6425008768,0,0,0
65612,1417864,14172.636872299,14030.6425008768,0,0,0
65613,1417864,14172.636872299,14030.6425008768,0,0,0
65614,1417864,14172.636872299,14030.6425008768,0,0,0
65615,1417864,14172.636872299,14030.6425008768,0,0,0
65616,1417864,14172.636872299,14030.6425008768,0,0,0
65617,1417864,14172.636872299,14030.6425008768,0,0,0
65618,1417864,14172.636872299,14030.6425008768,0,0,0
65619,1417864,14172.636872299,14030.6425008768,0,0,0
65620,1417864,14172.636872299,14030.6425008768,0,0,0
65621,1417864,14172.636872299,14030.6425008768,0,0,0
65622,1417864,14172.636872299,14030.6425008768,0,0,0
65623,1417864,14172.636872299,14030.6425008768,0,0,0
65624,1417864,14172.636872299,14030.6425008768,0,0,0
65625,1417864,14172.636872299,14030.6425008768,0,0,0
65626,1417864,14172.636872299,14030.6425008768,0,0,0
65627,1417864,14172.636872299,14030.6425008768,0,0,0
65628,1417864,14172.636872299,14030.6425008768,0,0,0
65629,1417864,14172.636872299,14030.6425008768,0,0,0
65630,1417864,14172.636872299,14030.6425008768,0,0,0
65631,1417864,14172.636872299,14030.6425008768,0,0,0
65632,1417864,14172.636872299,14030.6425008768,0,0,0
65633,1417864,14172.636872299,14030.6425008768,0,0,0
65634,1417864,14172.636872299,14030.6425008768,0,0,0
65635,1417864,14172.636872299,14030.6425008768,0,0,0
65636,1417864,14172.636872299,14030.6425008768,0,0,0
65637,1417864,14172.636872299,14030.6425008768,0,0,0
65638,1417864,14172.636872299,14030.6425008768,0,0,0
65639,1417864,14172.636872299,14030.6425008768,0,0,0
65640,1417864,14172.636872299,14030.6425008768,0,0,0
65641,1417864,14172.636872299,14030.6425008768,0,0,0
65642,1417864,14172.636872299,14030.6425008768,0,0,0
65643,1417864,14172.636872299,14030.6425008768,0,0,0
65644,1417864,14172.636872299,14030.6425008768,0,0,0
65645,1417864,14172.636872299,14030.6425008768,0,0,0
65646,1417864,14172.636872299,14030.6425008768,0,0,0
65647,1417864,14172.636872299,14030.6425008768,0,0,0
65648,1417864,14172.636872299,14030.6425008768,0,0,0
65649,1417864,14172.636872299,14030.6425008768,0,0,0
65650,1417864,14172.636872299,14030.6425008768,0,0,0
65651,1417864,14172.636872299,14030.6425008768,0,0,0
65652,1417864,14172.636872299,14030.6425008768,0,0,0
65653,1417864,14172.636872299,14030.6425008768,0,0,0
65654,1417864,14172.636872299,14030.6425008768,0,0,0
65655,1417864,14172.636872299,14030.6425008768,0,0,0
65656,1417864,14172.636872299,14030.6425008768,0,0,0
65657,1417864,14172.636872299,14030.6425008768,0,0,0
65658,1417864,14172.636872299,14030.6425008768,0,0,0
65659,1417864,14172.636872299,14030.6425008768,0,0,0
65660,1417864,14172.636872299,14030.6425008768,0,0,0
65661,1417864,14172.636872299,14030.6425008768,0,0,0
65662,1417864,14172.636872299,14030.6425008768,0,0,0
65663,1417864,14172.636872299,14030.6425008768,0,0,0
65664,1417864,14172.636872299,14030.6425008768,0,0,0
65665,1417864,14172.636872299,14030.6425008768,0,0,0
65666,1417864,14172.636872299,14030.6425008768,0,0,0
65667,1417864,14172.636872299,14030.6425008768,0,0,0
65668,1417864,14172.636872299,14030.6425008768,0,0,0
65669,1417864,14172.636872299,14030.6425008768,0,0,0
65670,1417864,14172.636872299,14030.6425008768,0,0,0
65671,1417864,14172.636872299,14030.6425008768,0,0,0
65672,1417864,14172.636872299,14030.6425008768,0,0,0
65673,1417864,14172.636872299,14030.6425008768,0,0,0
65674,1417864,14172.636872299,14030.6425008768,0,0,0
65675,1417864,14172.636872299,14030.6425008768,0,0,0
65676,1417864,14172.636872299,14030.6425008768,0,0,0
65677,1417864,14172.636872299,14030.6425008768,0,0,0
65678,1417864,14172.636872299,14030.6425008768,0,0,0
65679,1417864,14172.636872299,14030.6425008768,0,0,0
65680,1417864,14172.636872299,14030.6425008768,0,0,0
65681,1417864,14172.636872299,14030.6425008768,0,0,0
65682,1417864,14172.636872299,14030.6425008768,0,0,0
65683,1417864,14172.636872299,14030.6425008768,0,0,0
65684,1417864,14172.636872299,14030.6425008768,0,0,0
65685,1417864,14172.636872299,14030.6425008768,0,0,0
65686,1417864,14172.636872299,14030.6425008768,0,0,0
65687,1417864,14172.636872299,14030.6425008768,0,0,0
65688,1417864,14172.636872299,14030.6425008768,0,0,0
65689,1417864,14172.636872299,14030.6425008768,0,0,0
65690,1417864,14172.636872299,14030.6425008768,0,0,0
65691,1417864,14172.636872299,14030.6425008768,0,0,0
65692,1417864,14172.636872299,14030.6425008768,0,0,0
65693,1417864,14172.636872299,14030.6425008768,0,0,0
65694,1417864,14172.636872299,14030.6425008768,0,0,0
65695,1417864,14172.636872299,14030.6425008768,0,0,0
65696,1417864,14172.636872299,14030.6425008768,0,0,0
65697,1417864,14172.636872299,14030.6425008768,0,0,0
65698,1417864,14172.636872299,14030.6425008768,0,0,0
65699,1417864,14172.636872299,14030.6425008768,0,0,0
65700,1417864,14172.636872299,14030.6425008768,0,0,0
65701,1417864,14172.636872299,14030.6425008768,0,0,0
65702,1417864,14172.636872299,14030.6425008768,0,0,0
65703,1417864,14172.636872299,14030.6425008768,0,0,0
65704,1417864,14172.636872299,14030.6425008768,0,0,0
65705,1417864,14172.636872299,14030.6425008768,0,0,0
65706,1417864,14172.636872299,14030.6425008768,0,0,0
65707,1417864,14172.636872299,14030.6425008768,0,0,0
65708,1417864,14172.636872299,14030.6425008768,0,0,0
65709,1417864,14172.636872299,14030.6425008768,0,0,0
65710,1417864,14172.636872299,14030.6425008768,0,0,0
65711,1417864,14172.636872299,14030.6425008768,0,0,0
65712,1417864,14172.636872299,14030.6425008768,0,0,0
65713,1417864,14172.636872299,14030.6425008768,0,0,0
65714,1417864,14172.636872299,14030.6425008768,0,0,0
65715,1417864,14172.636872299,14030.6425008768,0,0,0
65716,1417864,14172.636872299,14030.6425008768,0,0,0
65717,1417864,14172.636872299,14030.6425008768,0,0,0
65718,1417864,14172.636872299,14030.6425008768,0,0,0
65719,1417864,14172.636872299,14030.6425008768,0,0,0
65720,1417864,14172.636872299,14030.6425008768,0,0,0
65721,1417864,14172.636872299,14030.6425008768,0,0,0
65722,1417864,14172.636872299,14030.6425008768,0,0,0
65723,1417864,14172.636872299,14030.6425008768,0,0,0
65724,1417864,14172.636872299,14030.6425008768,0,0,0
65725,1417864,14172.636872299,14030.6425008768,0,0,0
65726,1417864,14172.636872299,14030.6425008768,0,0,0
65727,1417864,14172.636872299,14030.6425008768,0,0,0
65728,1417864,14172.636872299,14030.6425008768,0,0,0
65729,1417864,14172.636872299,14030.6425008768,0,0,0
65730,1417864,14172.636872299,14030.6425008768,0,0,0
65731,1417864,14172.636872299,14030.6425008768,0,0,0
65732,1417864,14172.636872299,14030.6425008768,0,0,0
65733,1417864,14172.636872299,14030.6425008768,0,0,0
65734,1417864,14172.636872299,14030.6425008768,0,0,0
65735,1417864,14172.636872299,14030.6425008768,0,0,0
65736,1417864,14172.636872299,14030.6425008768,0,0,0
65737,1417864,14172.636872299,14030.6425008768,0,0,0
65738,1417864,14172.636872299,14030.6425008768,0,0,0
65739,1417864,14172.636872299,14030.6425008768,0,0,0
65740,1417864,14172.636872299,14030.6425008768,0,0,0
65741,1417864,14172.636872299,14030.6425008768,0,0,0
65742,1417864,14172.636872299,14030.6425008768,0,0,0
65743,1417864,14172.636872299,14030.6425008768,0,0,0
65744,1417864,14172.636872299,14030.6425008768,0,0,0
65745,1417864,14172.636872299,14030.6425008768,0,0,0
65746,1417864,14172.636872299,14030.6425008768,0,0,0
65747,1417864,14172.636872299,14030.6425008768,0,0,0
65748,1417864,14172.636872299,14030.6425008768,0,0,0
65749,1417864,14172.636872299,14030.6425008768,0,0,0
65750,1417864,14172.636872299,14030.6425008768,0,0,0
65751,1417864,14172.636872299,14030.6425008768,0,0,0
65752,1417864,14172.636872299,14030.6425008768,0,0,0
65753,1417864,14172.636872299,14030.6425008768,0,0,0
65754,1417864,14172.636872299,14030.6425008768,0,0,0
65755,1417864,14172.636872299,14030.6425008768,0,0,0
65756,1417864,14172.636872299,14030.6425008768,0,0,0
65757,1417864,14172.636872299,14030.6425008768,0,0,0
65758,1417864,14172.636872299,14030.6425008768,0,0,0
65759,1417864,14172.636872299,14030.6425008768,0,0,0
65760,1417864,14172.636872299,14030.6425008768,0,0,0
65761,1417864,14172.636872299,14030.6425008768,0,0,0
65762,1417864,14172.636872299,14030.6425008768,0,0,0
65763,1417864,14172.636872299,14030.6425008768,0,0,0
65764,1417864,14172.636872299,14030.6425008768,0,0,0
65765,1417864,14172.636872299,14030.6425008768,0,0,0
65766,1417864,14172.636872299,14030.6425008768,0,0,0
65767,1417864,14172.636872299,14030.6425008768,0,0,0
65768,1417864,14172.636872299,14030.6425008768,0,0,0
65769,1417864,14172.636872299,14030.6425008768,0,0,0
65770,1417864,14172.636872299,14030.6425008768,0,0,0
65771,1417864,14172.636872299,14030.6425008768,0,0,0
65772,1417864,14172.636872299,14030.6425008768,0,0,0
65773,1417864,14172.636872299,14030.6425008768,0,0,0
65774,1417864,14172.636872299,14030.6425008768,0,0,0
65775,1417864,14172.636872299,14030.6425008768,0,0,0
65776,1417864,14172.636872299,14030.6425008768,0,0,0
65777,1417864,14172.636872299,14030.6425008768,0,0,0
65778,1417864,14172.636872299,14030.6425008768,0,0,0
65779,1417864,14172.636872299,14030.6425008768,0,0,0
65780,1417864,14172.636872299,14030.6425008768,0,0,0
65781,1417864,14172.636872299,14030.6425008768,0,0,0
65782,1417864,14172.636872299,14030.6425008768,0,0,0
65783,1417864,14172.636872299,14030.6425008768,0,0,0
65784,1417864,14172.636872299,14030.6425008768,0,0,0
65785,1417864,14172.636872299,14030.6425008768,0,0,0
65786,1417864,14172.636872299,14030.6425008768,0,0,0
65787,1417864,14172.636872299,14030.6425008768,0,0,0
65788,1417864,14172.636872299,14030.6425008768,0,0,0
65789,1417864,14172.636872299,14030.6425008768,0,0,0
65790,1417864,14172.636872299,14030.6425008768,0,0,0
65791,1417864,14172.636872299,14030.6425008768,0,0,0
65792,1417864,14172.636872299,14030.6425008768,0,0,0
65793,1417864,14172.636872299,14030.6425008768,0,0,0
65794,1417864,14172.636872299,14030.6425008768,0,0,0
65795,1417864,14172.6667510722,14030.6398066409,0.03,0.03,0.03
65796,1417864,14172.7165490277,14030.6353162478,0.05,0.02,-0.01
65797,1417864,14172.8061853476,14030.6272335401,0.1,0.05,0.03
65798,1417864,14172.9754983962,14030.6119662034,0.17,0.07,0.02
65799,1417864,14173.164730627,14030.5949027094,0.18,0.00999999999999998,-0.06
65800,1417864,14173.4336395865,14030.5706545864,0.27,0.09,0.08
65801,1417864,14173.5531546797,14030.5598776429,0.13,-0.14,-0.23
65802,1417864,14173.6527505906,14030.5508968566,0.1,-0.03,0.11
65803,1417864,14173.7025485461,14030.5464064634,0.04,-0.06,-0.03
65804,1417864,14173.7125081372,14030.5455083848,0.01,-0.03,0.03
65805,1417864,14173.7125081372,14030.5455083848,0,-0.01,0.02
65806,1417864,14173.7125081372,14030.5455083848,0,0,0.01
65807,1417864,14173.7125081372,14030.5455083848,0,0,0
65808,1417864,14173.7125081372,14030.5455083848,0,0,0
65809,1417864,14173.7125081372,14030.5455083848,0,0,0
65810,1417864,14173.7125081372,14030.5455083848,0,0,0
65811,1417864,14173.7125081372,14030.5455083848,0,0,0
65812,1417864,14173.7125081372,14030.5455083848,0,0,0
65813,1417864,14173.7125081372,14030.5455083848,0,0,0
65814,1417864,14173.7125081372,14030.5455083848,0,0,0
65815,1417864,14173.7125081372,14030.5455083848,0,0,0
65816,1417864,14173.7125081372,14030.5455083848,0,0,0
65817,1417864,14173.7125081372,14030.5455083848,0,0,0
65818,1417864,14173.7125081372,14030.5455083848,0,0,0
65819,1417864,14173.7125081372,14030.5455083848,0,0,0
65820,1417864,14173.7125081372,14030.5455083848,0,0,0
65821,1417864,14173.7125081372,14030.5455083848,0,0,0
65822,1417864,14173.7125081372,14030.5455083848,0,0,0
65823,1417864,14173.7125081372,14030.5455083848,0,0,0
65824,1417864,14173.7125081372,14030.5455083848,0,0,0
65825,1417864,14173.7125081372,14030.5455083848,0,0,0
65826,1417864,14173.7125081372,14030.5455083848,0,0,0
65827,1417864,14173.7125081372,14030.5455083848,0,0,0
65828,1417864,14173.7125081372,14030.5455083848,0,0,0
65829,1417864,14173.7125081372,14030.5455083848,0,0,0
65830,1417864,14173.7125081372,14030.5455083848,0,0,0
65831,1417864,14173.7125081372,14030.5455083848,0,0,0
65832,1417864,14173.7125081372,14030.5455083848,0,0,0
65833,1417864,14173.7125081372,14030.5455083848,0,0,0
65834,1417864,14173.7125081372,14030.5455083848,0,0,0
65835,1417864,14173.7125081372,14030.5455083848,0,0,0
65836,1417864,14173.7125081372,14030.5455083848,0,0,0
65837,1417864,14173.7125081372,14030.5455083848,0,0,0
65838,1417864,14173.7125081372,14030.5455083848,0,0,0
65839,1417864,14173.7125081372,14030.5455083848,0,0,0
65840,1417864,14173.7125081372,14030.5455083848,0,0,0
65841,1417864,14173.7125081372,14030.5455083848,0,0,0
65842,1417864,14173.7125081372,14030.5455083848,0,0,0
65843,1417864,14173.7125081372,14030.5455083848,0,0,0
65844,1417864,14173.7324273194,14030.5437122275,0.02,0.02,0.02
65845,1417864,14173.7324273194,14030.5437122275,0.01,-0.01,-0.03
65846,1417864,14173.7423869105,14030.5428141489,0.01,0,0.01
65847,1417864,14173.7523465016,14030.5419160703,0.01,0,0
65848,1417864,14173.7623060927,14030.5410179916,0.01,0,0
65849,1417864,14173.7822252749,14030.5392218344,0.02,0.01,0.01
65850,1417864,14173.7921848659,14030.5383237558,0.01,-0.01,-0.02
65851,1417864,14173.8121040481,14030.5365275985,0.02,0.01,0.02
65852,1417864,14173.8320232303,14030.5347314412,0.02,0,-0.01
65853,1417864,14173.8519424125,14030.532935284,0.01,-0.01,-0.01
65854,1417864,14173.8718615947,14030.5311391267,0.03,0.02,0.03
65855,1417864,14173.901740368,14030.5284448908,0.03,0,-0.02
65856,1417864,14173.9415787324,14030.5248525763,0.04,0.01,0.01
65857,1417864,14174.0212554611,14030.5176679473,0.08,0.04,0.03
65858,1417864,14174.0610938255,14030.5140756328,0.04,-0.04,-0.08
65859,1417864,14174.110891781,14030.5095852396,0.05,0.01,0.05
65860,1417864,14174.1905685097,14030.5024006106,0.08,0.03,0.02
65861,1417864,14174.320043194,14030.4907255884,0.13,0.05,0.02
65862,1417864,14174.4793966515,14030.4763563303,0.16,0.03,-0.02
65863,1417864,14174.7283864289,14030.4539043646,0.25,0.09,0.06
65864,1417864,14174.9375378418,14030.4350447133,0.21,-0.04,-0.13
65865,1417864,14175.1765680281,14030.4134908262,0.24,0.03,0.07
65866,1417864,14175.8339010404,14030.3542176367,0.66,0.42,0.39
65867,1417864,14176.1227291821,14030.3281733564,0.29,-0.37,-0.79
65868,1417864,14176.6107491458,14030.2841675036,0.49,0.2,0.57
65869,1417864,14177.4174760244,14030.2114231346,0.8,0.31,0.11
65870,1417864,14178.1146474011,14030.1485576305,0.7,-0.1,-0.41
65871,1417864,14178.5927077736,14030.1054498563,0.49,-0.21,-0.11
65872,1417864,14179.7978182961,14029.9967823421,1.21,0.72,0.93
65873,1417864,14180.7638986323,14029.909668715,0.96,-0.25,-0.97
65874,1417864,14181.1423630939,14029.8755417271,0.38,-0.58,-0.33
65875,1417864,14182.2777564787,14029.7731607633,1.14,0.76,1.34
65876,1417864,14183.6224401373,14029.6534928276,1.35,0.21,-0.55
65877,1417864,14184.5888381393,14029.5699769509,0.97,-0.38,-0.59
65878,1417864,14188.0455732135,14033.7699920982,1.47,0.5,0.88
65879,1417864,14188.0423245233,14034.6799862993,0.91,-0.56,-1.06
65880,1417864,14188.0374336382,14036.049977569,1.37,0.46,1.02
65881,1417864,14188.0305078592,14037.9899652065,1.94,0.57,0.11
65882,1417864,14188.0227609828,14040.1599513783,2.17,0.23,-0.34
65883,1417864,14188.0184769958,14041.3599437314,1.2,-0.97,-1.2
65884,1417864,14188.0099447217,14043.7499285013,2.39,1.19,2.16
65885,1417864,14188.003268842,14045.6199165849,1.86,-0.53,-1.72
65886,1417864,14187.9976639591,14047.1899065802,1.57,-0.29,0.24
65887,1417864,14187.9909523795,14049.0698946,1.89,0.32,0.61
65888,1417864,14187.9830270035,14051.2898804532,2.22,0.33,0.0100000000000005
65889,1417864,14187.9781718183,14052.6498717867,1.36,-0.86,-1.19
65890,1417864,14187.9742448302,14053.749864777,1.1,-0.26,0.6
65891,1417864,14187.9666407533,14055.8798512037,2.13,1.03,1.29
65892,1417864,14187.9584654782,14058.1698366109,2.3,0.17,-0.86
65893,1417864,14187.9510042009,14060.2598232925,2.09,-0.21,-0.38
65894,1417864,14187.942079228,14062.7598073614,2.5,0.41,0.62
65895,1417864,14187.933832553,14065.0697926411,2.31,-0.19,-0.6
65896,1417864,14187.928584669,14066.5397832736,1.47,-0.84,-0.65
65897,1417864,14187.9266568749,14067.0797798325,0.53,-0.94,-0.0999999999999999
65898,1417864,14187.9259071771,14067.2897784943,0.21,-0.32,0.62
65899,1417864,14187.9251931793,14067.4897772198,0.2,-0.00999999999999998,0.31
65900,1417864,14187.92497898,14067.5497768374,0.06,-0.14,-0.13
65901,1417864,14187.9248004805,14067.5997765188,0.05,-0.01,0.13
65902,1417864,14187.9245505813,14067.6697760728,0.06,0.01,0.02
65903,1417864,14187.9244791815,14067.6897759453,0.02,-0.04,-0.05
65904,1417864,14187.9244077817,14067.7097758179,0.03,0.01,0.05
65905,1417864,14187.9243363819,14067.7297756904,0.01,-0.02,-0.03
65906,1417864,14187.9242292822,14067.7597754992,0.03,0.02,0.04
65907,1417864,14187.9241935823,14067.7697754355,0.01,-0.02,-0.04
65908,1417864,14187.9241221826,14067.7897753081,0.02,0.01,0.03
65909,1417864,14187.9240507828,14067.8097751806,0.02,0,-0.01
65910,1417864,14187.923979383,14067.8297750532,0.02,0,0
65911,1417864,14187.9238008835,14067.8797747345,0.05,0.03,0.03
65912,1417864,14187.9236937839,14067.9097745434,0.04,-0.01,-0.04
65913,1417864,14187.9235509843,14067.9497742885,0.04,0,0.01
65914,1417864,14187.9233724848,14067.9997739699,0.05,0.01,0.01
65915,1417864,14187.9230868857,14068.0797734601,0.08,0.03,0.02
65916,1417864,14187.9226941869,14068.1897727591,0.11,0.03,0
65917,1417864,14187.922015889,14068.3797715483,0.19,0.08,0.05
65918,1417864,14187.9215517904,14068.5097707199,0.13,-0.06,-0.14
65919,1417864,14187.9210519919,14068.6497698278,0.14,0.01,0.07
65920,1417864,14187.920694993,14068.7497691905,0.1,-0.04,-0.05
65921,1417864,14187.9202665943,14068.8697684258,0.12,0.02,0.06
65922,1417864,14187.9197667958,14069.0097675337,0.14,0.02,2.77555756156289e-17
65923,1417864,14187.9190884979,14069.1997663229,0.19,0.05,0.03
65924,1417864,14187.9184815997,14069.3697652396,0.17,-0.02,-0.07
65925,1417864,14187.917410603,14069.6697633279,0.3,0.13,0.15
65926,1417864,14187.9156970082,14070.1497602691,0.48,0.18,0.05
65927,1417864,14187.9143761122,14070.5197579113,0.37,-0.11,-0.29
65928,1417864,14187.9132694155,14070.8297559359,0.31,-0.06,0.05
65929,1417864,14187.9118771198,14071.2197534506,0.39,0.08,0.14
65930,1417864,14187.9103420244,14071.6497507105,0.43,0.04,-0.04
65931,1417864,14187.9089854286,14072.029748289,0.39,-0.04,-0.08
65932,1417864,14187.9076645326,14072.3997459312,0.37,-0.02,0.02
65933,1417864,14187.9067720353,14072.649744338,0.25,-0.12,-0.1
65934,1417864,14187.9064864362,14072.7297438283,0.08,-0.17,-0.05
65935,1417864,14187.9063436366,14072.7697435734,0.05,-0.03,0.14
65936,1417864,14187.906200837,14072.8097433185,0.04,-0.01,0.02
65937,1417864,14187.9059866377,14072.8697429361,0.05,0.01,0.02
65938,1417864,14187.9056296388,14072.9697422989,0.11,0.06,0.05
65939,1417864,14187.9044515423,14073.299740196,0.33,0.22,0.16
65940,1417864,14187.9023809486,14073.8797365,0.58,0.25,0.0299999999999999
65941,1417864,14187.9005959541,14074.3797333137,0.5,-0.08,-0.33
65942,1417864,14187.8975971632,14075.2197279609,0.84,0.34,0.42
65943,1417864,14187.8944198728,14076.1097222894,0.89,0.05,-0.29
65944,1417864,14187.8882437916,14077.8397112651,1.73,0.84,0.79
65945,1417864,14187.883174407,14079.2597022163,1.42,-0.31,-1.15
65946,1417864,14187.8762486281,14081.1996898538,1.94,0.52,0.83
65947,1417864,14187.871000744,14082.6696804863,1.47,-0.47,-0.99
65948,1417864,14187.8650031622,14084.3496697806,1.68,0.21,0.68
65949,1417864,14187.8593982793,14085.9196597759,1.57,-0.11,-0.32
65950,1417864,14187.8503662067,14088.4496436536,2.53,0.96,1.07
65951,1417864,14187.8419767322,14090.7996286784,2.35,-0.18,-1.14
65952,1417864,14187.8358363509,14092.5196177178,1.72,-0.63,-0.45
65953,1417864,14187.8263044798,14095.1896007034,2.67,0.95,1.58
65954,1417864,14187.8205567973,14096.7995904438,1.61,-1.06,-2.01
65955,1417864,14187.8131669198,14098.8695772529,2.07,0.46,1.52
65956,1417864,14187.8072764377,14100.5195667384,1.64,-0.43,-0.89
65957,1417864,14187.8007790574,14102.3395551406,1.82,0.18,0.61
65958,1417864,14187.7909615872,14105.0895376164,2.75,0.93,0.75
65959,1417864,14187.7835717097,14107.1595244254,2.07,-0.68,-1.61
65960,1417864,14187.8511213588,14109.4976286325,2.34,0.27,0.95
65961,1417864,14187.997131886,14112.2437497015,2.75,0.41,0.14
65962,1417864,14188.1298687289,14114.7402234007,2.51,-0.24,-0.65
65963,1417864,14188.2594198875,14117.1767817311,2.44,-0.0699999999999998,0.17
65964,1417864,14183.2432845373,14121.9690420427,2.44,0,0.0699999999999998
65965,1417864,14178.8435745167,14122.9603299595,4.51,2.07,2.07
65966,1417864,14173.1561444899,14124.2417509251,5.83,1.32,-0.75
65967,1417864,14168.2686617397,14125.342937724,5.02,-0.81,-2.13
65968,1417864,14164.6786544501,14126.1517934965,3.67,-1.35,-0.539999999999999
65969,1417864,14162.1910135293,14126.7122777953,2.55,-1.12,0.23
65970,1417864,14160.4057653391,14127.1145077039,1.83,-0.72,0.4
65971,1417864,14159.1570671514,14127.3958488422,1.29,-0.54,0.18
65972,1417864,14157.8791026,14127.6837839133,1.31,0.02,0.56
65973,1417864,14156.8255135041,14127.9211654987,1.08,-0.23,-0.25
65974,1417864,14156.0643399678,14128.1304951766,0.8,-0.28,-0.05
65975,1417864,14154.5449253728,14128.5989813434,1.58,0.78,1.06
65976,1417864,14153.3528710968,14128.8425021718,1.22,-0.36,-1.14
65977,1417864,14152.2051476337,14129.0108198844,1.16,-0.0600000000000001,0.3
65978,1417864,14150.4637741036,14129.2661984828,1.76,0.6,0.66
65979,1417864,14148.8015539157,14129.5099689631,1.67,-0.0900000000000001,-0.69
65980,1417864,14146.901873701,14129.7885637978,1.92,0.25,0.34
65981,1417864,14144.3986492514,14130.155670533,2.53,0.61,0.36
65982,1417864,14141.7371181173,14130.5459935045,2.69,0.16,-0.45
65983,1417864,14140.0748979294,14130.7897639848,1.69,-1,-1.16
65984,1417864,14136.5723625336,14131.3034232111,3.54,1.85,2.85
65985,1417864,14127.0775900108,14132.7535243512,3.38,-0.16,-2.01
65986,1417864,14124.4227919575,14133.1872838424,2.69,-0.69,-0.53
65987,1417864,14120.7810801297,14133.7822922149,3.69,1,1.69
65988,1417864,14118.5802624127,14134.1418772206,2.23,-1.46,-2.46
65989,1417864,14116.1623236652,14134.5369369802,2.45,0.22,1.68
65990,1417864,14114.2575800805,14134.8481473214,1.93,-0.52,-0.74
65991,1417864,14111.8692487463,14135.2383696145,2.42,0.49,1.01
65992,1417864,14108.5342521044,14135.8961007252,3.39,0.97,0.48
65993,1417864,14106.9493098302,14136.2312991551,1.62,-1.77,-2.74
65994,1417864,14105.5306886588,14136.5313224411,1.46,-0.16,1.61
65995,1417864,14104.3664409388,14136.7775484483,1.19,-0.27,-0.11
65996,1417864,14103.0847900875,14137.0486039687,1.32,0.13,0.4
65997,1417864,14102.4879908361,14137.1748206615,0.6,-0.72,-0.85
65998,1417864,14101.900975179,14137.2989682281,0.6,0,0.72
65999,1417864,14101.764004859,14137.3279359937,0.13,-0.47,-0.47
66000,1417864,14101.7150868875,14137.3382816242,0.06,-0.07,0.4
66001,1417864,14101.6661689161,14137.3486272548,0.05,-0.01,0.06
66002,1417864,14101.6661689161,14137.3486272548,0,-0.05,-0.04
66003,1417864,14101.6563853218,14137.3506963809,0.01,0.01,0.06
66004,1417864,14101.6368181333,14137.3548346331,0.02,0.01,0
66005,1417864,14101.627034539,14137.3569037592,0.01,-0.01,-0.02
66006,1417864,14101.6074673504,14137.3610420114,0.03,0.02,0.03
66007,1417864,14101.5879001618,14137.3651802636,0.02,-0.01,-0.03
66008,1417864,14101.5487657847,14137.3734567681,0.04,0.02,0.03
66009,1417864,14101.5194150018,14137.3796641464,0.02,-0.02,-0.04
66010,1417864,14101.4802806247,14137.3879406509,0.04,0.02,0.04
66011,1417864,14101.4313626533,14137.3982862814,0.05,0.01,-0.01
66012,1417864,14101.4020118704,14137.4044936597,0.04,-0.01,-0.02
66013,1417864,14101.3433103047,14137.4169084164,0.05,0.01,0.02
66014,1417864,14101.2650415504,14137.4334614253,0.08,0.03,0.02
66015,1417864,14101.1182876361,14137.464498317,0.15,0.07,0.04
66016,1417864,14100.9911009104,14137.4913969564,0.13,-0.02,-0.09
66017,1417864,14100.9226157504,14137.5058808392,0.07,-0.06,-0.04
66018,1417864,14100.7562946476,14137.541055983,0.17,0.1,0.16
66019,1417864,14100.5899735447,14137.5762311269,0.17,0,-0.1
66020,1417864,14100.2768985276,14137.6424431625,0.32,0.15,0.15
66021,1417864,14099.9442563219,14137.7127934502,0.34,0.02,-0.13
66022,1417864,14099.5822633333,14137.7893511163,0.37,0.03,0.00999999999999995
66023,1417864,14099.1615687791,14137.8783235391,0.42,0.05,0.02
66024,1417864,14098.6919562534,14137.9776415924,0.48,0.06,0.01
66025,1417864,14097.9386194934,14138.1369643029,0.77,0.29,0.23
66026,1417864,14097.615760882,14138.2052454645,0.33,-0.44,-0.73
66027,1417864,14096.9113420935,14138.3542225445,0.72,0.39,0.83
66028,1417864,14096.5689162935,14138.4266419584,0.35,-0.37,-0.76
66029,1417864,14095.9819006364,14138.550789525,0.6,0.25,0.62
66030,1417864,14095.2579146593,14138.7039048572,0.74,0.14,-0.11
66031,1417864,14094.5143614936,14138.8611584416,0.75,0.01,-0.13
66032,1417864,14093.9566966193,14138.9790986299,0.57,-0.18,-0.19
66033,1417864,14093.5457856593,14139.0660019265,0.42,-0.15,0.0300000000000001
66034,1417864,14092.538075448,14139.2791219159,1.04,0.62,0.77
66035,1417864,14091.853223848,14139.4239607436,0.7,-0.34,-0.96
66036,1417864,14090.5911401852,14139.6908780119,1.29,0.59,0.93
66037,1417864,14089.4268924652,14139.9371040191,1.19,-0.1,-0.69
66038,1417864,14088.0376220767,14140.2309199268,1.42,0.23,0.33
66039,1417864,14085.7198000497,14138.9956902906,2.4,0.98,0.75
66040,1417864,14085.5204405827,14136.5437816865,2.46,0.0600000000000001,-0.92
66041,1417864,14085.2270742127,14132.9356885373,3.62,1.16,1.1
66042,1417864,14085.0228523197,14130.4239772843,2.53,-1.09,-2.25
66043,1417864,14084.7286755453,14126.805917027,3.63,1.1,2.19
66044,1417864,14084.3737184456,14122.4403236587,4.38,0.75,-0.35
66045,1417864,14083.9077359518,14116.7092364743,5.75,1.37,0.62
66046,1417864,14083.5722285562,14112.5828537015,4.14,-1.61,-2.98
66047,1417864,14083.2156506478,14108.1973261169,4.4,0.260000000000001,1.87
66048,1417864,14083.9865785966,14102.2547881028,6.06,1.66,1.4
66049,1417864,14085.390530905,14096.4007879392,6.02,-0.04,-1.7
66050,1417864,14086.7595010131,14090.692651567,5.87,-0.149999999999999,-0.109999999999999
66051,1417864,14087.592077382,14087.2210933305,3.58,-2.29,-2.14
66052,1417864,14088.4386466311,14083.6911895773,3.63,0.0499999999999998,2.34
66053,1417864,14089.1802323803,14080.4588455509,3.32,-0.31,-0.36
66054,1417864,14089.1861754579,14076.8488504429,3.6,0.28,0.59
66055,1417864,14089.1890070627,14075.1288527737,1.72,-1.88,-2.16
66056,1417864,14089.1940117596,14072.0888568933,3.04,1.32,3.2
66057,1417864,14089.197057381,14070.2388594003,1.86,-1.18,-2.5
66058,1417864,14089.1991316962,14068.9788611077,1.25,-0.61,0.57
66059,1417864,14089.2011730857,14067.7388627881,1.24,-0.01,0.6
66060,1417864,14089.2025888881,14066.8788639535,0.85,-0.39,-0.38
66061,1417864,14089.203510806,14066.3188647124,0.57,-0.28,0.11
66062,1417864,14089.2037742111,14066.1588649292,0.16,-0.41,-0.13
66063,1417864,14089.2039059136,14066.0788650376,0.08,-0.08,0.33
66064,1417864,14089.2039059136,14066.0788650376,0,-0.08,0
66065,1417864,14089.2039059136,14066.0788650376,0,0,0.08
66066,1417864,14089.2039059136,14066.0788650376,0,0,0
66067,1417864,14089.2039059136,14066.0788650376,0,0,0
66068,1417864,14089.2039059136,14066.0788650376,0,0,0
66069,1417864,14089.2039059136,14066.0788650376,0,0,0
66070,1417864,14089.2039059136,14066.0788650376,0,0,0
66071,1417864,14089.2039388393,14066.0588650647,0.02,0.02,0.02
66072,1417864,14089.2039717649,14066.0388650918,0.02,0,-0.02
66073,1417864,14089.204054079,14065.9888651596,0.04,0.02,0.02
66074,1417864,14089.2041199303,14065.9488652138,0.05,0.01,-0.01
66075,1417864,14089.2042022444,14065.8988652815,0.05,0,-0.01
66076,1417864,14089.2043504097,14065.8088654035,0.09,0.04,0.04
66077,1417864,14089.2043997982,14065.7788654441,0.03,-0.06,-0.1
66078,1417864,14089.2046632033,14065.618865661,0.16,0.13,0.19
66079,1417864,14089.2048442943,14065.50886581,0.11,-0.05,-0.18
66080,1417864,14089.2049101456,14065.4688658642,0.04,-0.07,-0.02
66081,1417864,14089.2049759968,14065.4288659184,0.03,-0.01,0.06
66082,1417864,14089.2050089225,14065.4088659455,0.02,-0.01,3.46944695195361e-18
66083,1417864,14089.2050418481,14065.3888659726,0.01,-0.01,-1.73472347597681e-18
66084,1417864,14089.2050418481,14065.3888659726,0.01,0,0.01
66085,1417864,14089.2050418481,14065.3888659726,0,-0.01,-0.01
66086,1417864,14089.2050418481,14065.3888659726,0,0,0.01
66087,1417864,14089.2050418481,14065.3888659726,0,0,0
66088,1417864,14089.2050418481,14065.3888659726,0,0,0
66089,1417864,14089.2050747738,14065.3688659997,0.02,0.02,0.02
66090,1417864,14089.2052064763,14065.2888661081,0.07,0.05,0.03
66091,1417864,14089.2054863442,14065.1188663385,0.17,0.1,0.05
66092,1417864,14089.2057497493,14064.9588665553,0.15,-0.02,-0.12
66093,1417864,14089.2067045928,14064.3788673413,0.58,0.43,0.45
66094,1417864,14089.2073466427,14063.9888678698,0.38,-0.2,-0.63
66095,1417864,14089.2094044951,14062.7388695637,1.26,0.88,1.08
66096,1417864,14089.2115446615,14061.4388713254,1.3,0.04,-0.84
66097,1417864,14089.2139317702,14059.9888732903,1.45,0.15,0.11
66098,1417864,14089.216582284,14058.378875472,1.61,0.16,0.0100000000000002
66099,1417864,14089.2209943194,14055.6988791038,2.68,1.07,0.91
66100,1417864,14089.2240399409,14053.8488816108,1.85,-0.83,-1.9
66101,1417864,14089.2290611006,14050.7988857439,3.05,1.2,2.03
66102,1417864,14089.2348560128,14047.2788905139,3.52,0.47,-0.73
66103,1417864,14089.2404204455,14043.8988950942,3.38,-0.14,-0.61
66104,1417864,14089.2486189292,14038.9189018427,4.98,1.6,1.74
66105,1417864,14089.267471849,14028.5600084079,4.17,-0.81,-2.41
66106,1417864,14089.2757764042,14024.8700177529,3.68,-0.49,0.320000000000001
66107,1417864,14089.2830231975,14021.6500259075,3.22,-0.46,0.0299999999999998
66108,1417864,14089.2853904444,14018.240068035,3.42,0.2,0.66
66109,1417864,14089.2064246178,14012.9306552239,5.3,1.88,1.68
66110,1417864,14089.142032522,14008.6011340428,4.33,-0.97,-2.85
66111,1417864,14089.0748149069,14004.0816338722,4.52,0.19,1.16
66112,1417864,14089.0251452533,14000.7420032151,3.35,-1.17,-1.36
66113,1417864,14088.9775575612,13997.5423570766,3.2,-0.15,1.02
66114,1417864,14088.953168869,13995.9025384307,1.64,-1.56,-1.41
66115,1417864,14088.9234265615,13993.9027595941,2,0.36,1.92
66116,1417864,14085.010739735,13990.032401797,1.6,-0.4,-0.76
66117,1417864,14084.661104393,13990.0483745138,0.35,-1.25,-0.85
66118,1417864,14084.4812919315,13990.0565890539,0.18,-0.17,1.08
66119,1417864,14084.4113648631,13990.0597835972,0.07,-0.11,0.06
66120,1417864,14084.3913857007,13990.0606963239,0.02,-0.05,0.06
66121,1417864,14084.3913857007,13990.0606963239,0,-0.02,0.03
66122,1417864,14084.3913857007,13990.0606963239,0,0,0.02
66123,1417864,14084.3913857007,13990.0606963239,0,0,0
66124,1417864,14084.3913857007,13990.0606963239,0,0,0
66125,1417864,14084.3913857007,13990.0606963239,0,0,0
66126,1417864,14084.3913857007,13990.0606963239,0,0,0
66127,1417864,14084.3913857007,13990.0606963239,0,0,0
66128,1417864,14084.3913857007,13990.0606963239,0,0,0
66129,1417864,14084.3913857007,13990.0606963239,0,0,0
66130,1417864,14084.3913857007,13990.0606963239,0,0,0
66131,1417864,14084.3913857007,13990.0606963239,0,0,0
66132,1417864,14084.3913857007,13990.0606963239,0,0,0
66133,1417864,14084.3913857007,13990.0606963239,0,0,0
66134,1417864,14084.3913857007,13990.0606963239,0,0,0
66135,1417864,14084.3913857007,13990.0606963239,0,0,0
66136,1417864,14084.3913857007,13990.0606963239,0,0,0
66137,1417864,14084.3913857007,13990.0606963239,0,0,0
66138,1417864,14084.3913857007,13990.0606963239,0,0,0
66139,1417864,14084.3913857007,13990.0606963239,0,0,0
66140,1417864,14084.3913857007,13990.0606963239,0,0,0
66141,1417864,14084.3913857007,13990.0606963239,0,0,0
66142,1417864,14084.3913857007,13990.0606963239,0,0,0
66143,1417864,14084.3913857007,13990.0606963239,0,0,0
66144,1417864,14084.3913857007,13990.0606963239,0,0,0
66145,1417864,14084.2815003075,13990.0657163206,0.11,0.11,0.11
66146,1417864,14083.9818128716,13990.0794072207,0.3,0.19,0.08
66147,1417864,14083.5922192049,13990.0972053909,0.39,0.09,-0.1
66148,1417864,14083.0028339142,13990.1241308278,0.59,0.2,0.11
66149,1417864,14082.1037716065,13990.1652035282,0.9,0.31,0.11
66150,1417864,14081.2246884611,13990.2053635019,0.89,-0.01,-0.32
66151,1417864,14080.1358241105,13990.2551071057,1.09,0.2,0.21
66152,1417864,14078.3776578197,13990.3354270531,1.75,0.66,0.46
66153,1417864,14076.6794290161,13990.4130088205,1.71,-0.04,-0.7
66154,1417864,14074.7314606826,13990.5019996713,1.95,0.24,0.28
66155,1417864,14072.4838049131,13990.6046814223,2.24,0.29,0.0500000000000003
66156,1417864,14069.9464512889,13990.72059771,2.54,0.3,0.00999999999999956
66157,1417864,14068.4080557845,13990.790877664,1.54,-1,-1.3
66158,1417864,14065.3712231004,13990.9296121187,3.03,1.49,2.49
66159,1417864,14063.6929734592,13991.0062811594,1.69,-1.34,-2.83
66160,1417864,14062.0946404676,13991.0792992934,1.59,-0.0999999999999999,1.24
66161,1417864,14058.7381411852,13991.2326373748,3.37,1.78,1.88
66162,1417864,14054.7323191249,13991.4156390732,4.01,0.64,-1.14
66163,1417864,14049.2979869534,13991.6639007288,5.43,1.42,0.78
66164,1417864,14040.5396687431,13984.87433158,5.73,0.300000000000001,-1.12
66165,1417864,14029.6798283796,13975.8569155407,7.47,1.74,1.44
66166,1417864,14027.8879339812,13967.108543437,8.93,1.46,-0.279999999999999
66167,1417864,14026.6360962168,13959.4107524697,7.82,-1.11,-2.57
66168,1417864,14026.4292259265,13952.3137668643,7.1,-0.720000000000001,0.389999999999999
66169,1417864,14026.2465390644,13946.0464288719,6.27,-0.83,-0.109999999999999
66170,1417864,14026.1165895581,13941.5883224212,4.46,-1.81,-0.98
66171,1417864,14026.1597473493,13938.4716514015,3.12,-1.34,0.47
66172,1417864,14026.2346843847,13937.2038641793,1.27,-1.85,-0.51
66173,1417864,14026.2895595367,13936.2754845599,0.93,-0.34,1.51
66174,1417864,14026.3308634145,13935.5767042012,0.7,-0.23,0.11
66175,1417864,14026.3544656303,13935.1774011391,0.39,-0.31,-0.0799999999999998
66176,1417864,14026.3574159073,13935.1274882564,0.05,-0.34,-0.0300000000000001
66177,1417864,14026.3580059627,13935.1175056798,0.01,-0.04,0.3
66178,1417864,14026.3580059627,13935.1175056798,0,-0.01,0.03
66179,1417864,14026.3580059627,13935.1175056798,0,0,0.01
66180,1417864,14026.3580059627,13935.1175056798,0,0,0
66181,1417864,14026.3580059627,13935.1175056798,0,0,0
66182,1417864,14026.3580059627,13935.1175056798,0,0,0
66183,1417864,14026.3580059627,13935.1175056798,0,0,0
66184,1417864,14026.3580059627,13935.1175056798,0,0,0
66185,1417864,14026.3580059627,13935.1175056798,0,0,0
66186,1417864,14026.3580059627,13935.1175056798,0,0,0
66187,1417864,14026.3580059627,13935.1175056798,0,0,0
66188,1417864,14026.3580059627,13935.1175056798,0,0,0
66189,1417864,14026.3580059627,13935.1175056798,0,0,0
66190,1417864,14026.3580059627,13935.1175056798,0,0,0
66191,1417864,14026.3580059627,13935.1175056798,0,0,0
66192,1417864,14026.3580059627,13935.1175056798,0,0,0
66193,1417864,14026.3580059627,13935.1175056798,0,0,0
66194,1417864,14026.3580059627,13935.1175056798,0,0,0
66195,1417864,14026.3580059627,13935.1175056798,0,0,0
66196,1417864,14026.3580059627,13935.1175056798,0,0,0
66197,1417864,14026.3580059627,13935.1175056798,0,0,0
66198,1417864,14026.3580059627,13935.1175056798,0,0,0
66199,1417864,14026.3580059627,13935.1175056798,0,0,0
66200,1417864,14026.3580059627,13935.1175056798,0,0,0
66201,1417864,14026.3580059627,13935.1175056798,0,0,0
66202,1417864,14026.3580059627,13935.1175056798,0,0,0
66203,1417864,14026.3580059627,13935.1175056798,0,0,0
66204,1417864,14026.3580059627,13935.1175056798,0,0,0
66205,1417864,14026.3580059627,13935.1175056798,0,0,0
66206,1417864,14026.3580059627,13935.1175056798,0,0,0
66207,1417864,14026.3580059627,13935.1175056798,0,0,0
66208,1417864,14026.3580059627,13935.1175056798,0,0,0
66209,1417864,14026.3580059627,13935.1175056798,0,0,0
66210,1417864,14026.3863286218,13934.6383420053,0.48,0.48,0.48
66211,1417864,14026.4270424442,13933.9495442232,0.69,0.21,-0.27
66212,1417864,14026.4612656572,13933.3705547831,0.58,-0.11,-0.32
66213,1417864,14026.6164502266,13930.7451371498,2.62,2.04,2.15
66214,1417864,14026.8005475105,13927.6305732654,3.12,0.5,-1.54
66215,1417864,14027.0707928823,13923.0585532043,4.58,1.46,0.96
66216,1417864,14027.8252775761,13916.4540805568,6.66,2.08,0.62
66217,1417864,14029.3247950907,13908.3415009903,8.25,1.59,-0.49
66218,1417864,14031.1114929294,13898.6752395189,9.83,1.58,-0.00999999999999979
66219,1417864,14050.1918212457,13883.689171507,11.47,1.64,0.0600000000000005
66220,1417864,14062.6893895484,13880.5263405011,13.21,1.74,0.0999999999999996
66221,1417864,14075.7760140584,13881.8158206035,13.15,-0.0600000000000005,-1.8
66222,1417864,14088.9915527861,13883.0102120934,13.26,0.109999999999999,0.17
66223,1417864,14102.0553062421,13883.4986834744,13.09,-0.17,-0.279999999999999
66224,1417864,14115.2952915319,13884.3906977819,13.27,0.18,0.35
66225,1417864,14128.595141111,13885.2867453117,13.33,0.0600000000000005,-0.119999999999999
66226,1417864,14142.1415543213,13885.8155630689,13.55,0.220000000000001,0.16
66227,1417864,14158.4329313375,13885.4401960738,13.57,0.0199999999999996,-0.200000000000001
66228,1417864,14174.7051304276,13881.6286527363,15.35,1.78,1.76
66229,1417864,14186.704754068,13873.2767224923,14.64,-0.709999999999999,-2.49
66230,1417864,14205.6875033794,13882.6348907274,14.43,-0.210000000000001,0.499999999999998
66231,1417864,14210.4118142401,13895.0746867869,13.32,-1.11,-0.899999999999999
66232,1417864,14228.0693842807,13919.5529535898,12.11,-1.21,-0.100000000000001
66233,1417864,14236.4385772823,13924.9527877078,9.95,-2.16,-0.949999999999999
66234,1417864,14243.9288825639,13930.0448404577,9.07,-0.879999999999999,1.28
66235,1417864,14249.1289850903,13933.7756491791,6.39,-2.68,-1.8
66236,1417864,14254.0377400421,13937.2076454096,5.99,-0.399999999999999,2.28
66237,1417864,14257.8082465766,13939.7721883461,4.56,-1.43,-1.03
66238,1417864,14262.1079470107,13942.6966671334,5.19,0.630000000000001,2.06
66239,1417864,14268.2123443213,13946.5283295558,7.21,2.02,1.39
66240,1417864,14273.1949726359,13949.5165589777,5.81,-1.4,-3.42
66241,1417864,14276.8226004794,13951.692154581,4.23,-1.58,-0.179999999999999
66242,1417864,14278.8551011861,13952.911105309,2.37,-1.86,-0.280000000000001
66243,1417864,14279.7927924776,13953.3821217281,1.04,-1.33,0.53
66244,1417864,14281.4235754245,13954.1673904592,1.81,0.77,2.1
66245,1417864,14282.8020825565,13954.8311811546,1.54,-0.27,-1.04
66246,1417864,14283.9012843218,13955.3604783104,1.21,-0.33,-0.0600000000000001
66247,1417864,14285.0094959376,13955.8941139674,1.24,0.03,0.36
66248,1417864,14285.8203824858,13956.2845790823,0.89,-0.35,-0.38
66249,1417864,14287.0547320092,13956.8789537573,1.37,0.48,0.83
66250,1417864,14288.1178943723,13957.390896908,1.18,-0.19,-0.67
66251,1417864,14289.0008597248,13957.8160700331,0.98,-0.2,-0.00999999999999979
66252,1417864,14289.7036280666,13958.1544731327,0.78,-0.2,0
66253,1417864,14290.8568889351,13958.7098012961,1.29,0.51,0.71
66254,1417864,14291.6948050349,13959.1132819149,0.93,-0.36,-0.87
66255,1417864,14292.235396067,13959.3735919915,0.6,-0.33,0.0299999999999999
66256,1417864,14292.487671882,13959.4950700273,0.28,-0.32,0.0100000000000001
66257,1417864,14292.7219279959,13959.6078710605,0.27,-0.01,0.31
66258,1417864,14292.9651939604,13959.7250105949,0.27,0,0.01
66259,1417864,14293.3976667861,13959.9332586562,0.48,0.21,0.21
66260,1417864,14293.7130115548,13960.0851062009,0.35,-0.13,-0.34
66261,1417864,14294.1274646795,13960.2846772597,0.46,0.11,0.24
66262,1417864,14294.8642615225,13960.6189723405,0.81,0.35,0.24
66263,1417864,14295.4229477618,13960.8086290989,0.59,-0.22,-0.57
66264,1417864,14295.9911032594,13961.0015003787,0.6,0.01,0.23
66265,1417864,14296.8812135389,13961.3036653837,0.94,0.34,0.33
66266,1417864,14297.5251231029,13961.5222528342,0.68,-0.26,-0.6
66267,1417864,14298.2163789583,13961.7569128912,0.73,0.0499999999999999,0.31
66268,1417864,14299.210651079,13962.0944376309,1.04,0.31,0.26
66269,1417864,14299.8640299013,13962.3162396026,0.7,-0.34,-0.65
66270,1417864,14300.7162631476,13962.6055465223,0.89,0.19,0.53
66271,1417864,14301.3317649367,13962.8144904087,0.65,-0.24,-0.43
66272,1417864,14302.3639140906,13963.1648732337,1.08,0.43,0.67
66273,1417864,14303.6801409934,13963.6116916985,1.4,0.32,-0.11
66274,1417864,14305.4698308107,13964.2192362298,1.88,0.48,0.16
66275,1417864,14306.123209633,13964.4410382016,0.69,-1.19,-1.67
66276,1417864,14307.3731517276,13964.8653550171,1.32,0.63,1.82
66277,1417864,14308.6515015972,13965.2993153967,1.35,0.03,-0.6
66278,1417864,14309.1439030284,13965.4664705058,0.51,-0.84,-0.87
66279,1417864,14310.0813595994,13965.7847081174,1,0.49,1.33
66280,1417864,14310.7726154548,13966.0193681745,0.73,-0.27,-0.76
66281,1417864,14311.6248487012,13966.3086750942,0.89,0.16,0.43
66282,1417864,14312.4770819476,13966.5979820139,0.91,0.02,-0.14
66283,1417864,14314.0205710494,13967.1219489906,1.62,0.71,0.69
66284,1417864,14315.1379435279,13967.5012625076,1.18,-0.44,-1.15
66285,1417864,14315.6398142175,13967.671632138,0.53,-0.65,-0.21
66286,1417864,14316.1511541653,13967.8452162898,0.54,0.01,0.66
66287,1417864,14316.757186696,13968.0509456549,0.64,0.1,0.09
66288,1417864,14317.5147273595,13968.3081073613,0.8,0.16,0.0600000000000001
66289,1417864,14318.0544750822,13968.4913350771,0.56,-0.24,-0.4
66290,1417864,14318.5713250957,13968.6079507158,0.54,-0.02,0.22
66291,1417864,14319.0206085524,13968.7066643194,0.46,-0.08,-0.06
66292,1417864,14319.4894260724,13968.8096698188,0.47,0.00999999999999995,0.09
66293,1417864,14319.9582435925,13968.9126753182,0.48,0.01,5.55111512312578e-17
66294,1417864,14321.1498214559,13969.1744809625,1.22,0.74,0.73
66295,1417864,14322.1265246226,13969.389075753,1,-0.22,-0.96
66296,1417864,14323.1325288844,13969.6101083871,1.03,0.03,0.25
66297,1417864,14324.9589638062,13970.0114006452,1.88,0.85,0.82
66298,1417864,14326.521688873,13970.3547523099,1.6,-0.28,-1.13
66299,1417864,14327.4983920397,13970.5693471003,1,-0.6,-0.32
66300,1417864,14328.2113853514,13970.7260012974,0.73,-0.27,0.33
66301,1417864,14328.8560094415,13970.867633859,0.66,-0.07,0.2
66302,1417864,14330.0573543366,13971.1315854513,1.23,0.57,0.64
66303,1417864,14330.7801146799,13971.2903855962,0.74,-0.49,-1.06
66304,1417864,14331.2586992316,13971.3955370435,0.49,-0.25,0.24
66305,1417864,14332.1670331767,13971.5951101986,0.93,0.44,0.69
66306,1417864,14332.9874638368,13971.7753698226,0.84,-0.0900000000000001,-0.53
66307,1417864,14335.0873756453,13972.236748622,2.15,1.31,1.4
66308,1417864,14336.093379907,13972.4577812562,1.03,-1.12,-2.43
66309,1417864,14338.5644389189,13973.000706076,2.53,1.5,2.62
66310,1417864,14340.1662321123,13973.3526415323,1.64,-0.89,-2.39
66311,1417864,14341.6275824606,13973.639949638,1.49,-0.15,0.74
66312,1417864,14342.8036347531,13973.8216114258,1.19,-0.3,-0.15
66313,1417864,14343.8512107448,13973.9834278081,1.05,-0.14,0.16
66314,1417864,14344.5726545882,13974.0948673922,0.74,-0.31,-0.17
66315,1417864,14345.4028091476,13974.2230992424,0.84,0.1,0.41
66316,1417864,14346.20331533,13974.3467513836,0.81,-0.0299999999999999,-0.13
66317,1417864,14347.3497192454,13974.5238334624,1.16,0.35,0.38
66318,1417864,14348.4565919914,13974.6948092627,1.12,-0.0399999999999998,-0.39
66319,1417864,14349.8994796781,13974.9176884308,1.46,0.34,0.38
66320,1417864,14351.5004920428,13975.1649927133,1.62,0.16,-0.18
66321,1417864,14354.514743717,13975.630596455,3.05,1.43,1.27
66322,1417864,14358.4777434592,13976.2427508826,4.02,0.97,-0.46
66323,1417864,14363.3543974651,13976.7661209264,4.91,0.890000000000001,-0.0799999999999992
66324,1417864,14370.1821090354,13977.1759437076,6.83,1.92,1.03
66325,1417864,14377.3991199497,13977.6091335773,7.23,0.4,-1.52
66326,1417864,14384.1270111755,13978.0129647974,6.74,-0.49,-0.890000000000001
66327,1417864,14391.5037346411,13978.4557411649,7.39,0.649999999999999,1.14
66328,1417864,14398.5310869006,13978.8775470684,7.03,-0.359999999999999,-1.01
66329,1417864,14404.7798404723,13979.2526187951,6.26,-0.77,-0.410000000000001
