"V1","V2","V3","V4","V5","acceleration","jerk"
70061,1419418,14352.1810306514,14271.9010450695,19.36,-0.0300000000000011,0
70062,1419418,14353.5451121889,14252.6192354667,19.33,-0.0300000000000011,0
70063,1419418,14351.5424309169,14234.1848647922,18.54,-0.789999999999999,-0.759999999999998
70064,1419418,14353.3970160988,14214.9267105737,19.35,0.810000000000002,1.6
70065,1419418,14355.4588550994,14195.7673337588,19.27,-0.0800000000000018,-0.890000000000004
70066,1419418,14357.4607755821,14177.1647421549,18.71,-0.559999999999999,-0.479999999999997
70067,1419418,14359.4610220861,14158.3106247151,18.97,0.259999999999998,0.819999999999997
70068,1419418,14361.3443578416,14139.6152470395,18.79,-0.18,-0.439999999999998
70069,1419418,14363.2878320459,14120.3228908325,19.39,0.600000000000001,0.780000000000001
70070,1419418,14365.2293016353,14101.0504339099,19.37,-0.0199999999999996,-0.620000000000001
70071,1419418,14367.1016120085,14082.4645022984,18.68,-0.690000000000001,-0.670000000000002
70072,1419418,14368.9929662238,14063.6895274853,18.87,0.190000000000001,0.880000000000003
70073,1419418,14370.3749464447,14044.5224419497,19.21,0.34,0.149999999999999
70074,1419418,14371.5088904523,14025.7767072085,18.78,-0.43,-0.77
70075,1419418,14372.6434382639,14007.0209907129,18.79,0.00999999999999801,0.439999999999998
70076,1419418,14372.3785281183,13984.654753838,19.12,0.330000000000002,0.320000000000004
70077,1419418,14371.8968218446,13963.8103191115,20.85,1.73,1.4
70078,1419418,14371.385081127,13941.6662313805,22.15,1.3,-0.430000000000003
70079,1419418,14370.9054541609,13920.9117726313,20.75,-1.4,-2.7
70080,1419418,14370.5256339624,13904.4761607894,16.44,-4.31,-2.91
70081,1419418,14370.2160481558,13891.079737512,13.4,-3.04,1.27
70082,1419418,14373.620959739,13868.5000057571,11.16,-2.24,0.800000000000001
70083,1419418,14373.7384077951,13858.7107102792,9.79,-1.37,0.869999999999999
70084,1419418,14373.7510936149,13849.4510324252,9.17,-0.619999999999999,0.750000000000002
70085,1419418,14372.9293569264,13823.1243933678,9.81,0.640000000000001,1.26
70086,1419418,14372.5742315993,13811.839979958,11.29,1.48,0.839999999999998
70087,1419418,14371.8516107545,13786.6733295386,12.41,1.12,-0.359999999999998
70088,1419418,14371.5107991782,13772.4274056489,14.25,1.84,0.719999999999999
70089,1419418,14371.6831287812,13756.9474340252,15.49,1.24,-0.6
70090,1419418,14372.4539139301,13739.6546034225,17.31,1.82,0.579999999999998
70091,1419418,14373.291936836,13720.8532705546,18.82,1.51,-0.309999999999997
70092,1419418,14371.8019236719,13691.8128370267,19.27,0.449999999999999,-1.06
70093,1419418,14369.139455291,13671.1335294435,20.85,1.58,1.13
70094,1419418,14366.4322931962,13650.1070872006,21.2,0.349999999999998,-1.23
70095,1419418,14363.5629567684,13627.8210420498,22.47,1.27,0.920000000000002
70096,1419418,14360.5135685221,13604.1365401272,23.88,1.41,0.140000000000001
70097,1419418,14355.4632263698,13579.2669259623,25.39,1.51,0.100000000000001
70098,1419418,14347.3447630059,13547.549030068,26.36,0.969999999999999,-0.540000000000003
70099,1419418,14337.3537668538,13511.4002510753,27.39,1.03,0.0600000000000023
70100,1419418,14332.4226722871,13484.5928869233,27.31,-0.0800000000000018,-1.11
70101,1419418,14328.3033106995,13447.9636945585,27.08,-0.23,-0.149999999999999
70102,1419418,14327.7715041675,13405.2323765817,26.83,-0.25,-0.0199999999999996
70103,1419418,14329.6665168382,13369.4473947388,27.03,0.200000000000003,0.450000000000003
70104,1419418,14330.8797586309,13342.3361079667,27.14,0.109999999999999,-0.0900000000000034
70105,1419418,14332.1224217368,13315.3397900759,27.04,-0.100000000000001,-0.210000000000001
70106,1419418,14330.5842656331,13287.9233532332,27.36,0.32,0.420000000000002
