"V1","V2","V3","V4","V5","acceleration","jerk"
44737,1419562,13645.5,13909.19,0,1.43,0
44738,1419562,13644.0920674235,13909.4402515935,1.43,1.43,0
44739,1419562,13640.7642267882,13910.0317553601,3.38,1.95,0.52
44740,1419562,13635.5263237764,13910.9627612885,5.32,1.94,-0.00999999999999956
44741,1419562,13628.4768152116,13912.2157692674,7.16,1.84,-0.100000000000001
44742,1419562,13619.4680158585,13913.8170294638,9.16,2,0.16
44743,1419562,13602.5151483692,13914.7971051791,10.97,1.81,-0.19
44744,1419562,13589.6959780455,13914.9429551462,12.82,1.85,0.0399999999999991
44745,1419562,13576.2687157874,13915.6573217175,13.46,0.640000000000001,-1.21
44746,1419562,13562.4293667012,13916.5789056096,13.87,0.409999999999998,-0.230000000000002
44747,1419562,13549.1587579884,13917.462616191,13.3,-0.569999999999999,-0.979999999999997
44748,1419562,13535.7185249537,13918.3576223213,13.46,0.16,0.729999999999999
44749,1419562,13522.3581151293,13919.2473128991,13.39,-0.0700000000000003,-0.23
44750,1419562,13509.1174401204,13920.1290301484,13.28,-0.110000000000001,-0.0400000000000009
44751,1419562,13495.5647812192,13922.1316446042,13.71,0.430000000000001,0.540000000000003
44752,1419562,13482.642653772,13924.2884586769,13.23,-0.48,-0.910000000000002
44753,1419562,13462.2702207472,13927.095472097,13.79,0.559999999999999,1.04
44754,1419562,13449.4493731124,13928.8474612308,12.95,-0.84,-1.4
44755,1419562,13435.8358919298,13930.7077649942,13.74,0.790000000000001,1.63
44756,1419562,13423.1118452348,13934.0207864214,13.15,-0.59,-1.38
44757,1419562,13410.78029227,13937.2604316918,12.75,-0.4,0.19
