"V1","V2","V3","V4","V5","acceleration","jerk"
64857,1420396,13645.5,13909.19,0,2.23,0
64858,1420396,13643.3044128353,13909.580252485,2.23,2.23,0
64859,1420396,13639.5433621764,13910.2487567419,3.82,1.59,-0.64
64860,1420396,13633.5965700352,13911.3057634727,6.04,2.22,0.63
64861,1420396,13625.5624932351,13912.7337725659,8.16,2.12,-0.1
64862,1420396,13609.8546733439,13914.7135998157,9.82,1.66,-0.46
64863,1420396,13598.4354124159,13914.8435223293,11.43,1.61,-0.0500000000000007
64864,1420396,13585.6477251604,13911.7299825421,12.58,1.15,-0.459999999999999
64865,1420396,13571.8381728751,13912.6475149282,13.84,1.26,0.109999999999999
64866,1420396,13558.9166626082,13913.5060441479,12.94,-0.9,-2.16
64867,1420396,13546.0550203425,13914.3605956261,12.89,-0.0499999999999989,0.850000000000001
64868,1420396,13532.3652040597,13915.2701725291,13.72,0.83,0.879999999999999
64869,1420396,13518.9148597818,13916.1638384659,13.48,-0.24,-1.07
64870,1420396,13505.415225434,13917.1524624277,13.54,0.0599999999999987,0.299999999999999
64871,1420396,13492.1482271585,13919.3636288069,13.46,-0.0799999999999983,-0.139999999999997
64872,1420396,13480.2503790292,13921.2846301754,11.84,-1.62,-1.54
64873,1420396,13471.3625720903,13917.0069141378,7.66,-4.18,-2.56
64874,1420396,13471.0341748188,13912.7997113578,4.22,-3.44,0.739999999999999
64875,1420396,13470.7861976005,13909.8701954411,2.94,-1.28,2.16
64876,1420396,13470.7334249882,13909.2524454501,0.62,-2.32,-1.04
64877,1420396,13470.6789500336,13908.6147680401,0.64,0.02,2.34
64878,1420396,13470.6712894931,13908.5250946543,0.09,-0.55,-0.57
64879,1420396,13475.3434576291,13904.5428035323,2.04,1.95,2.5
64880,1420396,13479.3503728873,13903.888410597,4.06,2.02,0.0699999999999996
64881,1420396,13485.3607457745,13902.9068211941,6.09,2.03,0.0100000000000007
64882,1420396,13492.7725520772,13901.6963554443,7.5,1.41,-0.62
64883,1420396,13501.7634382846,13900.228000853,9.12,1.62,0.209999999999999
64884,1420396,13512.159988318,13898.7276502857,10.51,1.39,-0.229999999999999
64885,1420396,13524.047521797,13897.7219426817,11.93,1.42,0.0299999999999994
64886,1420396,13537.7784699396,13896.5602787434,13.78,1.85,0.43
64887,1420396,13551.1972082567,13895.6710193081,13.45,-0.33,-2.18
64888,1420396,13562.3501780858,13895.3688244213,11.16,-2.29,-1.96
64889,1420396,13571.2100531402,13895.3217710392,8.86,-2.3,-0.0100000000000016
64890,1420396,13576.269981783,13895.294898566,5.06,-3.8,-1.5
64891,1420396,13580.5599212845,13895.2721153821,4.29,-0.77,3.03
64892,1420396,13583.9998727729,13895.2538463489,3.44,-0.85,-0.0800000000000005
64893,1420396,13588.5999932794,13895.2288406576,4.85,1.41,2.26
64894,1420396,13605.3968475166,13894.7758579021,7.11,2.26,0.850000000000001
64895,1420396,13614.0695892791,13894.4209630986,8.68,1.57,-0.690000000000001
64896,1420396,13624.4109345834,13893.9977878431,10.35,1.67,0.100000000000001
64897,1420396,13633.3311446121,13892.2913707045,9.09,-1.26,-2.93
64898,1420396,13639.7010420348,13890.8270941853,6.54,-2.55,-1.29
64899,1420396,13647.507439693,13888.6288549804,8.11,1.57,4.12
64900,1420396,13658.2021738438,13886.7622769561,5.61,-2.5,-4.07
64901,1420396,13690.4446459303,13876.862957495,7.22,1.61,4.11
64902,1420396,13697.3354369642,13872.8781615244,7.96,0.74,-0.869999999999999
64903,1420396,13701.1444169327,13870.6755104855,4.4,-3.56,-4.3
64904,1420396,13715.65061403,13864.5150142063,6.2,1.8,5.36
64905,1420396,13723.1119136401,13863.3700501025,7.55,1.35,-0.45
64906,1420396,13732.2555498665,13861.6718402924,9.31,1.76,0.410000000000001
64907,1420396,13742.6871606581,13859.7344202833,10.6,1.29,-0.470000000000002
64908,1420396,13754.7337944951,13857.883914705,12.2,1.6,0.31
64909,1420396,13767.55861815,13856.0956388645,12.95,0.75,-0.85
64910,1420396,13780.9231720792,13854.9925530679,13.41,0.460000000000001,-0.289999999999999
64911,1420396,13794.3789915751,13853.901443852,13.51,0.0999999999999996,-0.360000000000001
64912,1420396,13807.4377422358,13852.8626795949,13.1,-0.41,-0.51
64913,1420396,13820.7370872068,13852.1866803998,13.33,0.23,0.640000000000001
64914,1420396,13834.1644063022,13852.4550121164,13.43,0.0999999999999996,-0.130000000000001
64915,1420396,13846.9636028326,13853.3853891709,12.85,-0.58,-0.68
64916,1420396,13860.5144007024,13855.4686503382,13.71,0.860000000000001,1.44
64917,1420396,13873.6582113626,13857.3522454575,13.28,-0.430000000000001,-1.29
64918,1420396,13887.0703378352,13858.8900567212,13.5,0.220000000000001,0.650000000000002
64919,1420396,13900.4121129931,13861.2719730599,13.57,0.0700000000000003,-0.15
64920,1420396,13914.0168080596,13864.0054498183,13.88,0.31,0.24
64921,1420396,13926.6760111435,13866.2115951623,12.85,-1.03,-1.34
64922,1420396,13939.977819776,13867.4192549953,13.38,0.530000000000001,1.56
64923,1420396,13953.1319619577,13867.2496375544,13.19,-0.190000000000001,-0.720000000000002
64924,1420396,13972.9125265941,13865.4157120916,13.61,0.42,0.610000000000001
64925,1420396,13986.4843804819,13865.8836379279,13.71,0.100000000000001,-0.319999999999999
64926,1420396,13999.8155508834,13868.5214292343,13.59,-0.120000000000001,-0.220000000000002
64927,1420396,14013.2488356504,13870.7689301508,13.62,0.0299999999999994,0.15
64928,1420396,14023.0131175294,13872.4025761915,9.9,-3.72,-3.75
64929,1420396,14028.6369508848,13874.8911246645,6.66,-3.24,0.479999999999999
64930,1420396,14030.4534809032,13877.9061899528,3.52,-3.14,0.1
64931,1420396,14031.2017674165,13879.1481912789,1.45,-2.07,1.07
64932,1420396,14031.3462641225,13879.3880260177,0.28,-1.17,0.9
64933,1420396,14031.4030306855,13879.482246808,0.11,-0.17,1
64934,1420396,14031.4443154587,13879.5507710191,0.08,-0.03,0.14
64935,1420396,14031.4443154587,13879.5507710191,0,-0.08,-0.05
64936,1420396,14031.4443154587,13879.5507710191,0,0,0.08
64937,1420396,14031.4443154587,13879.5507710191,0,0,0
64938,1420396,14031.4443154587,13879.5507710191,0,0,0
64939,1420396,14031.4443154587,13879.5507710191,0,0,0
64940,1420396,14031.4443154587,13879.5507710191,0,0,0
64941,1420396,14031.4443154587,13879.5507710191,0,0,0
64942,1420396,14031.4443154587,13879.5507710191,0,0,0
64943,1420396,14031.4443154587,13879.5507710191,0,0,0
64944,1420396,14031.4443154587,13879.5507710191,0,0,0
64945,1420396,14031.4443154587,13879.5507710191,0,0,0
64946,1420396,14031.4443154587,13879.5507710191,0,0,0
64947,1420396,14031.4443154587,13879.5507710191,0,0,0
64948,1420396,14031.4443154587,13879.5507710191,0,0,0
64949,1420396,14031.4443154587,13879.5507710191,0,0,0
64950,1420396,14031.4443154587,13879.5507710191,0,0,0
64951,1420396,14031.4443154587,13879.5507710191,0,0,0
64952,1420396,14031.4443154587,13879.5507710191,0,0,0
64953,1420396,14031.4443154587,13879.5507710191,0,0,0
64954,1420396,14031.4443154587,13879.5507710191,0,0,0
64955,1420396,14031.4443154587,13879.5507710191,0,0,0
64956,1420396,14031.4443154587,13879.5507710191,0,0,0
64957,1420396,14031.4443154587,13879.5507710191,0,0,0
64958,1420396,14031.4443154587,13879.5507710191,0,0,0
64959,1420396,14031.4443154587,13879.5507710191,0,0,0
64960,1420396,14041.3030917323,13883.7456305045,2.54,2.54,2.54
64961,1420396,14045.8503567148,13881.8934746852,4.91,2.37,-0.17
64962,1420396,14053.7660169793,13882.2315279093,7.2,2.29,-0.0800000000000001
64963,1420396,14062.4604980171,13880.5037868567,9.12,1.92,-0.370000000000001
64964,1420396,14073.5667131906,13881.5981289056,11.16,2.04,0.120000000000002
64965,1420396,14086.8382875242,13882.8397752667,13.33,2.17,0.129999999999999
64966,1420396,14100.3591513821,13883.3844088457,13.54,0.209999999999999,-1.96
64967,1420396,14113.5791819088,13884.2750787458,13.25,-0.289999999999999,-0.499999999999998
64968,1420396,14127.2881041306,13885.1986866272,13.74,0.49,0.779999999999999
64969,1420396,14141.0818097259,13885.7922952235,13.82,0.0800000000000001,-0.41
64970,1420396,14157.6834000817,13885.4667082705,13.88,0.0600000000000005,-0.0199999999999996
64971,1420396,14171.7443710153,13883.2312780563,12.73,-1.15,-1.21
64972,1420396,14180.092163657,13878.1427011252,9.81,-2.92,-1.77
64973,1420396,14185.7785081517,13873.9583151145,7.06,-2.75,0.169999999999999
64974,1420396,14199.2535117239,13864.1552014387,5.32,-1.74,1.01
64975,1420396,14203.6817187669,13875.7824146721,3.13,-2.19,-0.450000000000001
64976,1420396,14204.0722006453,13877.1164401227,1.39,-1.74,0.45
64977,1420396,14204.3952611921,13878.2201302436,1.15,-0.24,1.5
64978,1420396,14204.6930387396,13879.237444616,1.06,-0.0899999999999999,0.15
64979,1420396,14205.0610468408,13880.4946916233,1.31,0.25,0.34
64980,1420396,14205.2408370581,13881.1089191689,0.64,-0.67,-0.92
64981,1420396,14205.3953442762,13881.6367709659,0.55,-0.09,0.58
64982,1420396,14205.5667068271,13882.2222065952,0.61,0.0599999999999999,0.15
64983,1420396,14205.9751967196,13883.6134248591,1.45,0.84,0.78
64984,1420396,14206.4950282273,13884.9563229206,1.44,-0.01,-0.85
64985,1420396,14206.7621638632,13885.6464233133,0.74,-0.7,-0.69
64986,1420396,14206.9679305017,13886.1779871293,0.57,-0.17,0.53
64987,1420396,14207.1700871991,13886.7002252644,0.57,0,0.17
64988,1420396,14207.6068900632,13887.8286326633,1.2,0.63,0.63
64989,1420396,14207.7946069965,13888.3135680744,0.52,-0.68,-1.31
64990,1420396,14207.9859338709,13888.8078291665,0.53,0.01,0.69
64991,1420396,14208.3180484452,13889.6657918169,0.92,0.39,0.38
64992,1420396,14208.4949355555,13890.122750185,0.49,-0.43,-0.82
64993,1420396,14208.9642278888,13891.3350887128,1.29,0.8,1.23
64994,1420396,14209.4768395144,13892.6593354123,1.42,0.13,-0.67
64995,1420396,14209.7439751503,13893.3494358051,0.74,-0.68,-0.81
64996,1420396,14210.1518984862,13894.4032377561,1.13,0.39,1.07
64997,1420396,14210.4804031196,13895.2518747255,0.92,-0.21,-0.6
64998,1420396,14210.8811065734,13896.2870253146,1.11,0.19,0.4
64999,1420396,14211.4189877862,13897.676551781,1.48,0.37,0.18
65000,1420396,14211.7258327734,13898.4692346646,0.85,-0.63,-1
65001,1420396,14212.0254578785,13899.2432661861,0.83,-0.02,0.61
65002,1420396,14212.2673239272,13899.868086812,0.66,-0.17,-0.15
65003,1420396,14212.6391478529,13900.8286319532,1.03,0.37,0.54
65004,1420396,14212.9483887587,13901.5211086348,0.76,-0.27,-0.64
65005,1420396,14213.7399604884,13902.9574283056,1.64,0.88,1.15
65006,1420396,14226.3972262412,13918.4740710702,1.55,-0.0899999999999999,-0.97
65007,1420396,14227.4895907896,13919.1788686961,1.3,-0.25,-0.16
65008,1420396,14228.5987609465,13919.8945093623,1.32,0.02,0.27
65009,1420396,14231.8745707811,13918.0764212075,1.77,0.45,0.43
65010,1420396,14234.940676255,13920.0566982646,3.65,1.88,1.43
65011,1420396,14239.6700389449,13923.1112078074,5.63,1.98,0.1
65012,1420396,14245.6676707187,13927.2339883082,7.28,1.65,-0.33
65013,1420396,14253.0412465936,13932.5155864392,9.07,1.79,0.14
65014,1420396,14259.3474737263,13936.8281998104,7.63,-1.44,-3.23
65015,1420396,14265.0009663069,13940.6783454753,6.85,-0.78,0.66
65016,1420396,14269.3437287566,13943.3682340333,5.11,-1.74,-0.959999999999999
65017,1420396,14273.4705080589,13945.8392242376,4.82,-0.29,1.45
65018,1420396,14276.2073949559,13947.4779890508,3.19,-1.63,-1.34
65019,1420396,14278.1721194055,13948.6544064246,2.28,-0.91,0.72
65020,1420396,14280.4199700857,13950.0003511928,2.62,0.34,1.25
65021,1420396,14282.3879342675,13950.980997597,2.2,-0.42,-0.76
65022,1420396,14283.7400957571,13951.6303505872,1.51,-0.69,-0.27
65023,1420396,14286.0748279293,13952.7515667502,2.59,1.08,1.77
65024,1420396,14287.6703784871,13953.5178032786,1.77,-0.82,-1.9
65025,1420396,14289.5543901627,13954.422568445,2.09,0.32,1.14
65026,1420396,14291.3392433291,13955.279714392,1.98,-0.11,-0.43
65027,1420396,14293.439600843,13956.2883760367,2.33,0.35,0.46
65028,1420396,14294.6565461837,13956.8727937279,1.35,-0.98,-1.33
65029,1420396,14296.2762108844,13957.6327656716,1.79,0.44,1.42
65030,1420396,14298.4450841021,13958.3676731255,2.29,0.5,0.0600000000000001
65031,1420396,14299.9415119116,13958.8747271767,1.58,-0.71,-1.21
65032,1420396,14301.8357243288,13959.5165677478,2,0.42,1.13
65033,1420396,14304.0424817948,13960.2643120131,2.33,0.33,-0.0899999999999999
65034,1420396,14305.501025356,13960.7585292529,1.54,-0.79,-1.12
65035,1420396,14307.3289403385,13961.377905404,1.93,0.39,1.18
65036,1420396,14309.147384259,13961.9940723522,1.92,-0.01,-0.4
65037,1420396,14310.8900596828,13962.5845656776,1.83,-0.0899999999999999,-0.0799999999999998
65038,1420396,14313.9397416744,13963.6179289971,3.22,1.39,1.48
65039,1420396,14316.7242339276,13964.5614346366,2.94,-0.28,-1.67
65040,1420396,14319.4812465215,13965.4546617885,2.9,-0.04,0.24
65041,1420396,14322.1090848798,13966.0296101016,2.69,-0.21,-0.17
65042,1420396,14323.3204304427,13966.2946420377,1.23,-1.46,-1.25
65043,1420396,14326.1241092859,13966.9080627286,2.88,1.65,3.11
65044,1420396,14327.8825141353,13967.2927865069,1.8,-1.08,-2.73
65045,1420396,14330.5298903253,13967.8720095286,2.71,0.91,1.99
65046,1420396,14331.7412358882,13968.1370414647,1.24,-1.47,-2.38
65047,1420396,14333.2847245894,13968.4747434479,1.58,0.34,1.81
65048,1420396,14336.1177101801,13969.0945762017,2.9,1.32,0.98
65049,1420396,14338.1301068411,13969.5348711924,2.06,-0.84,-2.16
65050,1420396,14339.5368307206,13969.842650215,1.44,-0.62,0.22
65051,1420396,14342.198479021,13970.3998269579,2.72,1.28,1.9
65052,1420396,14344.0269235232,13970.6814130056,1.85,-0.87,-2.15
65053,1420396,14346.6954641481,13971.0923764267,2.71,0.86,1.73
65054,1420396,14349.1959855484,13971.4774643731,2.52,-0.19,-1.05
65055,1420396,14351.0441970183,13971.7620945943,1.88,-0.64,-0.45
65056,1420396,14352.8232241015,13972.0360702084,1.79,-0.0899999999999999,0.55
65057,1420396,14354.5528337658,13972.3024353887,1.75,-0.04,0.0499999999999998
65058,1420396,14356.4603461383,13972.5961981304,1.93,0.18,0.22
65059,1420396,14358.6643630248,13972.9356234745,2.23,0.3,0.12
65060,1420396,14360.0381672724,13973.147193532,1.39,-0.84,-1.14
65061,1420396,14361.9010119234,13973.3888591353,1.88,0.49,1.33
65062,1420396,14363.4981399898,13973.4846815729,1.6,-0.28,-0.77
65063,1420396,14365.6143346778,13973.6116463026,2.12,0.52,0.8
65064,1420396,14367.2214447946,13973.7080676304,1.61,-0.51,-1.03
65065,1420396,14368.7986087602,13973.8026922875,1.58,-0.03,0.48
65066,1420396,14371.0745162548,13973.939239261,2.28,0.7,0.73
65067,1420396,14373.2106750436,13974.0674017712,2.14,-0.14,-0.839999999999999
65068,1420396,14374.5283056984,13974.1464552822,1.32,-0.82,-0.68
65069,1420396,14375.506546639,13974.2051465252,0.97,-0.35,0.47
65070,1420396,14376.5047516805,13974.2650355486,1,0.03,0.38
65071,1420396,14377.7125797807,13974.337501267,1.22,0.22,0.19
65072,1420396,14379.8088103679,13974.4632682163,2.1,0.88,0.66
65073,1420396,14381.1364230731,13974.5429206175,1.33,-0.77,-1.65
65074,1420396,14382.7834613915,13974.6417375062,1.65,0.32,1.09
65075,1420396,14384.3606253571,13974.7363621633,1.58,-0.0699999999999998,-0.39
65076,1420396,14386.5167482467,13974.865722454,2.15,0.57,0.64
65077,1420396,14387.724576347,13974.9381881724,1.21,-0.94,-1.51
65078,1420396,14388.8824941951,13975.0076594396,1.16,-0.05,0.89
65079,1420396,14390.9986888831,13975.1346241694,2.12,0.96,1.01
65080,1420396,14392.4061579916,13975.2190676924,1.4,-0.72,-1.68
65081,1420396,14394.6920475366,13975.3562135562,2.3,0.9,1.62
65082,1420396,14396.289175603,13975.4520359937,1.59,-0.71,-1.61
65083,1420396,14399.1140958704,13975.6215219301,2.83,1.24,1.95
65084,1420396,14400.3219239706,13975.6939876485,1.22,-1.61,-2.85
65085,1420396,14401.340093113,13975.7550744525,1.02,-0.2,1.41
65086,1420396,14402.7275981206,13975.8383201951,1.39,0.37,0.57
65087,1420396,14403.4463057505,13975.881440292,0.72,-0.67,-1.04
65088,1420396,14404.4844389937,13975.9437248764,1.04,0.32,0.99
