"V1","V2","V3","V4","V5","acceleration","jerk"
33686,1420651,14340.7047699369,13276.7112630107,27.58,-0.18,0
33687,1420651,14341.1472861564,13304.1020829071,27.4,-0.18,0
33688,1420651,14341.2994927609,13331.2778320018,27.41,0.0100000000000016,0.190000000000001
33689,1420651,14340.2137354587,13354.7685054434,23.52,-3.89,-3.9
33690,1420651,14339.7494568649,13374.0924719912,19.34,-4.18,-0.289999999999999
33691,1420651,14339.2683955255,13389.8351236099,15.75,-3.59,0.59
33692,1420651,14338.9302781269,13400.8999587476,11.07,-4.68,-1.09
33693,1420651,14338.6718794645,13409.356011617,8.46,-2.61,2.07
33694,1420651,14337.8922194458,13413.5365559491,4.42,-4.04,-1.43
33695,1420651,14322.7783143283,13422.1142717161,6.61,2.19,6.23
33696,1420651,14314.3504238277,13420.2575106356,8.63,2.02,-0.17
33697,1420651,14304.6627443647,13418.1232035768,9.92,1.29,-0.730000000000001
33698,1420651,14288.3116750474,13413.9650991273,11.99,2.07,0.780000000000001
33699,1420651,14274.6708804231,13412.2355841619,13.75,1.76,-0.31
33700,1420651,14260.9308800196,13410.4934909059,13.85,0.0999999999999996,-1.66
33701,1420651,14247.7415420158,13408.3644130909,13.38,-0.469999999999999,-0.569999999999999
33702,1420651,14234.5473702331,13405.0258608642,13.61,0.229999999999999,0.699999999999998
33703,1420651,14212.27641923,13399.4172434395,13.5,-0.109999999999999,-0.339999999999998
33704,1420651,14199.4324483775,13396.2446557355,13.23,-0.27,-0.16
33705,1420651,14186.316647454,13393.0049233181,13.52,0.289999999999999,0.559999999999999
33706,1420651,14173.1571347751,13389.6986378594,13.57,0.0500000000000007,-0.239999999999998
33707,1420651,14160.5044771415,13385.7650955872,13.25,-0.32,-0.370000000000001
33708,1420651,14150.9839490957,13382.8052905718,9.98,-3.27,-2.95
33709,1420651,14144.4618621797,13380.7776608572,6.83,-3.15,0.119999999999999
33710,1420651,14140.5371510193,13379.557520575,4.11,-2.72,0.430000000000001
33711,1420651,14133.0865107886,13383.127470144,5.09,0.98,3.7
33712,1420651,14127.1651173575,13392.8779420151,6.63,1.54,0.56
33713,1420651,14123.5285180108,13400.4499394525,8.4,1.77,0.23
33714,1420651,14118.9264881232,13410.0321219238,10.63,2.23,0.46
33715,1420651,14114.6788063044,13421.6829268801,7.89,-2.74,-4.97
33716,1420651,14113.9465105008,13425.2280845432,3.62,-4.27,-1.53
33717,1420651,14108.1332481603,13439.1850618646,5.02,1.4,5.67
33718,1420651,14107.1194531631,13446.5051929907,7.39,2.37,0.970000000000001
33719,1420651,14105.9382928213,13455.0337896072,8.61,1.22,-1.15
33720,1420651,14104.5527272635,13465.0382989947,10.1,1.49,0.27
33721,1420651,14103.2804668113,13476.6743658642,11.7,1.6,0.109999999999999
33722,1420651,14102.1765548166,13490.1692900325,13.54,1.84,0.24
33723,1420651,14101.1240065261,13503.0363115253,12.91,-0.629999999999999,-2.47
33724,1420651,14100.395633764,13516.6462175166,13.64,0.73,1.36
33725,1420651,14099.7406663983,13529.6697584234,13.04,-0.600000000000001,-1.33
33726,1420651,14099.0455169855,13543.4922895698,13.84,0.800000000000001,1.4
33727,1420651,14091.9867432601,13556.4910863929,13.81,-0.0299999999999994,-0.83
33728,1420651,14078.4519357182,13554.1253761816,13.74,-0.0700000000000003,-0.0400000000000009
33729,1420651,14065.1633946891,13551.8027101881,13.49,-0.25,-0.18
33730,1420651,14051.8917003765,13549.5008035257,13.48,-0.00999999999999979,0.24
33731,1420651,14038.8671405513,13547.4825762438,13.18,-0.300000000000001,-0.290000000000001
33732,1420651,14026.0006937438,13545.4888494448,13.02,-0.16,0.140000000000001
33733,1420651,14006.3796558982,13542.6712537208,13.65,0.630000000000001,0.790000000000001
33734,1420651,13993.535689374,13540.9409000217,12.96,-0.69,-1.32
33735,1420651,13974.1996612266,13538.1888953471,13.32,0.359999999999999,1.05
33736,1420651,13961.1808025833,13536.2666779748,13.15,-0.17,-0.529999999999999
33737,1420651,13947.4496659596,13534.2392936946,13.88,0.73,0.9
33738,1420651,13934.6484478103,13532.3492106553,12.94,-0.940000000000001,-1.67
33739,1420651,13924.1267334446,13533.7594385362,13.06,0.120000000000001,1.06
33740,1420651,13921.8617296017,13546.7636592968,13.21,0.15,0.0299999999999994
33741,1420651,13919.5349529267,13560.1225406237,13.55,0.34,0.19
33742,1420651,13917.2922559398,13572.9986895132,13.07,-0.48,-0.82
33743,1420651,13915.0409793929,13585.9240968147,13.12,0.0499999999999989,0.529999999999999
33744,1420651,13912.81029379,13598.7312839274,13.01,-0.109999999999999,-0.159999999999998
33745,1420651,13910.5195512671,13611.883279924,13.35,0.34,0.449999999999999
33746,1420651,13906.9818902874,13623.7382374411,12.48,-0.869999999999999,-1.21
33747,1420651,13903.1634444791,13631.6111004279,8.75,-3.73,-2.86
33748,1420651,13900.929108189,13636.2178499699,5.12,-3.63,0.100000000000001
33749,1420651,13899.423549556,13639.3220073761,3.44,-1.68,1.95
33750,1420651,13894.9139343541,13657.9891294512,5.04,1.6,3.28
33751,1420651,13895.0832298974,13665.1771360607,7.19,2.15,0.55
33752,1420651,13895.2925535942,13674.0646713541,8.89,1.7,-0.45
33753,1420651,13895.5416699848,13684.6417381036,10.58,1.69,-0.0100000000000007
33754,1420651,13877.8801480343,13691.9979430371,12.11,1.53,-0.16
33755,1420651,13864.4403234823,13692.0666162662,13.44,1.33,-0.199999999999999
33756,1420651,13851.4404931865,13692.1330412647,13,-0.44,-1.77
33757,1420651,13837.8406707232,13692.2025320322,13.6,0.6,1.04
33758,1420651,13824.3208472156,13692.2716140306,13.52,-0.0800000000000001,-0.68
33759,1420651,13810.781023969,13692.3407982213,13.55,0.0300000000000011,0.110000000000001
33760,1420651,13797.2412007225,13692.409982412,13.54,-0.0100000000000016,-0.0400000000000027
33761,1420651,13783.3913815227,13692.4807505834,13.85,0.31,0.320000000000002
33762,1420651,13765.0963026858,13701.4490505768,13.86,0.00999999999999979,-0.300000000000001
33763,1420651,13759.2377234549,13713.9768576233,13.82,-0.0399999999999991,-0.0499999999999989
33764,1420651,13753.9289689155,13726.2724587923,13.43,-0.390000000000001,-0.350000000000001
33765,1420651,13751.0952355131,13738.8368670555,12.88,-0.549999999999999,-0.159999999999998
33766,1420651,13748.8181283148,13748.9332665527,10.35,-2.53,-1.98
33767,1420651,13747.6828916038,13756.7259639769,7.89,-2.46,0.0700000000000012
33768,1420651,13747.2854675264,13760.8870280358,4.18,-3.71,-1.25
33769,1420651,13740.0366108614,13769.7853433735,6.41,2.23,5.94
33770,1420651,13731.8576592777,13768.7049494676,8.25,1.84,-0.390000000000001
33771,1420651,13722.2775953428,13767.4678425447,9.66,1.41,-0.43
33772,1420651,13712.2983702722,13766.4598906657,10.03,0.369999999999999,-1.04
33773,1420651,13705.6123889687,13765.7845729561,6.72,-3.31,-3.68
33774,1420651,13702.884730267,13765.5293680863,2.75,-3.97,-0.66
33775,1420651,13697.3927836397,13771.1799052731,5.08,2.33,6.3
33776,1420651,13697.4544824011,13778.59964875,7.42,2.34,0.00999999999999979
33777,1420651,13697.5338093801,13788.1393189346,9.54,2.12,-0.220000000000001
33778,1420651,13697.6256091545,13799.1789372614,11.04,1.5,-0.619999999999999
33779,1420651,13697.7347876906,13812.308483333,13.14,2.1,0.600000000000001
33780,1420651,13697.8612618363,13827.5179574952,15.2,2.06,-0.0400000000000027
33781,1420651,13697.9758452504,13841.2974810952,13.78,-1.42,-3.48
33782,1420651,13693.3341587016,13863.590057733,10.42,-3.36,-1.94
33783,1420651,13688.8303076727,13869.6618199854,7.56,-2.86,0.499999999999999
33784,1420651,13686.2620422327,13873.1850839249,4.35,-3.21,-0.35
33785,1420651,13658.4882962897,13901.6210469626,5.65,1.3,4.51
33786,1420651,13655.2173003924,13904.0596912253,4.08,-1.57,-2.87
33787,1420651,13641.5420356941,13909.8935044797,6.17,2.09,3.66
33788,1420651,13633.5473416234,13911.3145135284,8.12,1.95,-0.140000000000001
33789,1420651,13623.5047456233,13913.0995248949,10.2,2.08,0.130000000000001
33790,1420651,13605.7149412737,13914.760699571,11.87,1.67,-0.41
33791,1420651,13591.8858363145,13914.9180400582,13.83,1.96,0.290000000000001
33792,1420651,13578.3640750579,13915.5177884678,13.54,-0.290000000000001,-2.25
33793,1420651,13564.9437978257,13916.4114657099,13.45,-0.0899999999999999,0.200000000000001
33794,1420651,13551.7530123233,13917.289860739,13.22,-0.229999999999999,-0.139999999999999
33795,1420651,13538.1631107692,13918.1948335299,13.62,0.399999999999999,0.629999999999997
33796,1420651,13525.2417286015,13919.0552885698,12.95,-0.67,-1.07
33797,1420651,13512.0808768029,13919.9316902667,13.19,0.24,0.91
33798,1420651,13499.2933075971,13921.5099605615,12.9,-0.289999999999999,-0.529999999999999
33799,1420651,13485.839048392,13923.7532860489,13.64,0.74,1.03
33800,1420651,13466.292836002,13926.5457753518,13.1,-0.540000000000001,-1.28
33801,1420651,13452.9666844805,13928.3668150619,13.45,0.35,0.890000000000001
33802,1420651,13439.7297042331,13930.1756693763,13.36,-0.0899999999999999,-0.44
33803,1420651,13426.9322087023,13933.0171316121,13.13,-0.229999999999999,-0.139999999999999
33804,1420651,13413.836583044,13936.4575078444,13.54,0.409999999999998,0.639999999999997
