"V1","V2","V3","V4","V5","acceleration","jerk"
52368,1421960,13414.0157018759,13752.7213224608,12.87,0.460000000000001,0
52369,1421960,13436.7631310204,13756.0237133482,13.33,0.460000000000001,0
52370,1421960,13450.0840032547,13756.6245137299,13.34,0.00999999999999979,-0.450000000000001
52371,1421960,13463.4998146906,13756.9597800672,13.42,0.0800000000000001,0.0700000000000003
52372,1421960,13477.0955584749,13757.3000018678,13.61,0.19,0.109999999999999
52373,1421960,13490.5913294383,13757.6378866198,13.5,-0.109999999999999,-0.299999999999999
52374,1421960,13503.8971599214,13757.9710159567,13.31,-0.19,-0.0800000000000001
52375,1421960,13517.2029904045,13758.3041452936,13.31,0,0.19
52376,1421960,13530.1781178104,13758.6520621768,12.98,-0.33,-0.33
52377,1421960,13543.3953156561,13758.9464470959,13.22,0.24,0.57
52378,1421960,13556.8338559779,13758.3913488885,13.45,0.229999999999999,-0.0100000000000016
52379,1421960,13569.7962695642,13757.9536499012,12.98,-0.469999999999999,-0.699999999999998
52380,1421960,13579.8404178845,13757.6107460126,10.04,-2.94,-2.47
52381,1421960,13587.5758334908,13757.3443902385,7.74,-2.3,0.640000000000002
52382,1421960,13594.6816222454,13757.0997145855,7.11,-0.63,1.67
52383,1421960,13600.9978789161,13756.8822251162,6.32,-0.79,-0.16
52384,1421960,13604.1460131745,13756.7738245105,3.14,-3.18,-2.39
52385,1421960,13605.2253734916,13756.7366585885,1.09,-2.05,1.13
52386,1421960,13606.0748700375,13756.7074076314,0.84,-0.25,1.8
52387,1421960,13606.2547634237,13756.7012133111,0.19,-0.65,-0.4
52388,1421960,13606.29,13756.7,0.04,-0.15,0.5
52389,1421960,13606.29,13756.7,0,-0.04,0.11
52390,1421960,13606.29,13756.7,0,0,0.04
52391,1421960,13612.8521348859,13764.6399804239,1.58,1.58,1.58
52392,1421960,13612.8363050993,13767.819941024,3.18,1.6,0.02
52393,1421960,13612.8120128481,13772.6998805611,4.88,1.7,0.0999999999999996
52394,1421960,13612.7797559243,13779.1798002745,6.48,1.6,-0.0999999999999992
52395,1421960,13612.7390863153,13787.3496990488,8.16,1.68,0.0799999999999992
52396,1421960,13612.6913978386,13796.9295803533,9.58,1.42,-0.26
52397,1421960,13612.6345499884,13808.3494388604,11.42,1.84,0.42
52398,1421960,13611.9521514214,13821.7368834165,13.42,2,0.16
52399,1421960,13610.0197724006,13834.5082790887,12.93,-0.49,-2.49
52400,1421960,13606.9783184637,13847.1690301368,13.06,0.130000000000001,0.620000000000001
52401,1421960,13602.5456463021,13860.071471007,13.64,0.58,0.449999999999999
52402,1421960,13600.5800033584,13871.7866427849,11.91,-1.73,-2.31
52403,1421960,13599.5063486083,13879.4215210077,7.71,-4.2,-2.47
52404,1421960,13598.8504583524,13884.0856294941,4.71,-3,1.2
52405,1421960,13604.2877757014,13894.821241915,7.07,2.36,5.36
52406,1421960,13612.7906596183,13894.4732978161,8.52,1.45,-0.910000000000001
52407,1421960,13622.6124397479,13894.0713835397,9.83,1.31,-0.139999999999999
52408,1421960,13633.8406818974,13892.1875836392,11.41,1.58,0.27
52409,1421960,13643.772689642,13889.6805403213,10.25,-1.16,-2.74
52410,1421960,13655.2778079071,13886.5806623415,6.56,-3.69,-2.53
52411,1421960,13659.4697317754,13886.8409972839,4.2,-2.36,1.33
52412,1421960,13661.1165590094,13886.9432717256,1.66,-2.54,-0.180000000000001
52413,1421960,13689.6135957553,13877.3435359035,3.34,1.68,4.22
52414,1421960,13694.123774309,13874.7353968323,5.21,1.87,0.19
52415,1421960,13699.8978416703,13871.3963780982,6.67,1.46,-0.41
52416,1421960,13702.9796527357,13869.6142331667,3.56,-3.11,-4.57
52417,1421960,13717.4031073121,13864.2666851987,5.85,2.29,5.4
52418,1421960,13724.645684878,13863.0851891021,7.34,1.49,-0.799999999999999
52419,1421960,13733.3075596259,13861.4764548627,8.82,1.48,-0.00999999999999979
52420,1421960,13743.3262320073,13859.6157281998,10.18,1.36,-0.120000000000001
52421,1421960,13755.3673921361,13857.7936150412,12.19,2.01,0.65
52422,1421960,13768.6548902844,13856.005154571,13.41,1.22,-0.789999999999999
52423,1421960,13781.5311048083,13854.9423754142,12.91,-0.5,-1.72
52424,1421960,13795.3658742586,13853.8229418203,13.89,0.98,1.48
52425,1421960,13808.8732079573,13852.7484948216,13.54,-0.350000000000001,-1.33
52426,1421960,13821.8268696203,13852.2084586255,12.99,-0.549999999999999,-0.199999999999998
52427,1421960,13835.0142366247,13852.4719951364,13.19,0.199999999999999,0.749999999999998
52428,1421960,13848.7130493847,13853.6543441137,13.77,0.58,0.380000000000001
52429,1421960,13862.1452407086,13855.7193710477,13.59,-0.18,-0.76
52430,1421960,13875.8637610492,13857.6051299764,13.86,0.27,0.449999999999999
52431,1421960,13889.3454318813,13859.1509150763,13.56,-0.299999999999999,-0.569999999999999
52432,1421960,13902.5505659933,13861.7443275517,13.47,-0.0899999999999999,0.209999999999999
52433,1421960,13915.9181514021,13864.3368008311,13.62,0.149999999999999,0.239999999999998
52434,1421960,13928.8433455237,13866.58930098,13.12,-0.5,-0.649999999999999
52435,1421960,13941.8257131734,13867.5075159255,13.03,-0.0899999999999999,0.41
52436,1421960,13954.7836882834,13867.084107663,13.01,-0.0199999999999996,0.0700000000000003
52437,1421960,13974.6566005359,13865.2718159986,13.69,0.68,0.699999999999999
52438,1421960,13988.0337635082,13866.1931734472,13.54,-0.15,-0.83
52439,1421960,14001.3640279087,13868.7805023942,13.58,0.0400000000000009,0.190000000000001
52440,1421960,14013.7321182888,13870.8497873791,12.54,-1.04,-1.08
52441,1421960,14023.427359791,13872.4718823871,9.83,-2.71,-1.67
52442,1421960,14028.3634392627,13874.437151766,5.71,-4.12,-1.41
52443,1421960,14030.0251513818,13877.1952512626,3.22,-2.49,1.63
52444,1421960,14030.9385769877,13878.7113494331,1.77,-1.45,1.04
52445,1421960,14031.2894975594,13879.2938052275,0.69,-1.08,0.37
52446,1421960,14031.4081912822,13879.4908123344,0.22,-0.47,0.61
52447,1421960,14031.4443154587,13879.5507710191,0.07,-0.15,0.32
52448,1421960,14031.4443154587,13879.5507710191,0.01,-0.06,0.09
52449,1421960,14031.4443154587,13879.5507710191,0,-0.01,0.05
52450,1421960,14031.4443154587,13879.5507710191,0,0,0.01
52451,1421960,14031.4443154587,13879.5507710191,0,0,0
52452,1421960,14031.4443154587,13879.5507710191,0,0,0
52453,1421960,14031.4443154587,13879.5507710191,0,0,0
52454,1421960,14031.4443154587,13879.5507710191,0,0,0
52455,1421960,14031.4443154587,13879.5507710191,0,0,0
52456,1421960,14031.4443154587,13879.5507710191,0,0,0
52457,1421960,14031.4443154587,13879.5507710191,0,0,0
52458,1421960,14031.4443154587,13879.5507710191,0,0,0
52459,1421960,14031.4443154587,13879.5507710191,0,0,0
52460,1421960,14031.4443154587,13879.5507710191,0,0,0
52461,1421960,14031.4443154587,13879.5507710191,0,0,0
52462,1421960,14031.4443154587,13879.5507710191,0,0,0
52463,1421960,14031.4443154587,13879.5507710191,0,0,0
52464,1421960,14031.4443154587,13879.5507710191,0,0,0
52465,1421960,14031.4443154587,13879.5507710191,0,0,0
52466,1421960,14031.4443154587,13879.5507710191,0,0,0
52467,1421960,14031.4443154587,13879.5507710191,0,0,0
52468,1421960,14031.4443154587,13879.5507710191,0,0,0
52469,1421960,14031.4443154587,13879.5507710191,0,0,0
52470,1421960,14031.4443154587,13879.5507710191,0,0,0
52471,1421960,14031.4443154587,13879.5507710191,0,0,0
52472,1421960,14031.4443154587,13879.5507710191,0,0,0
52473,1421960,14031.4443154587,13879.5507710191,0,0,0
52474,1421960,14031.4443154587,13879.5507710191,0,0,0
52475,1421960,14031.4443154587,13879.5507710191,0,0,0
52476,1421960,14031.4443154587,13879.5507710191,0,0,0
52477,1421960,14031.4443154587,13879.5507710191,0,0,0
52478,1421960,14031.4443154587,13879.5507710191,0,0,0
52479,1421960,14031.4443154587,13879.5507710191,0,0,0
52480,1421960,14041.090083393,13883.8323913677,2.31,2.31,2.31
52481,1421960,14044.4889555897,13882.4479897675,3.67,1.36,-0.95
52482,1421960,14050.054956108,13880.1808906893,6.01,2.34,0.98
52483,1421960,14057.5843378407,13877.1140827848,8.13,2.12,-0.219999999999999
52484,1421960,14067.1487678629,13877.6502928282,9.66,1.53,-0.590000000000002
52485,1421960,14080.164760377,13882.2482622196,11.77,2.11,0.58
52486,1421960,14093.200865182,13883.2865824536,13.08,1.31,-0.799999999999999
52487,1421960,14106.0761909986,13883.7695815648,12.89,-0.19,-1.5
52488,1421960,14119.7551810757,13884.691172835,13.7,0.809999999999999,0.999999999999998
52489,1421960,14132.9353020764,13885.5791539204,13.21,-0.489999999999998,-1.3
52490,1421960,14149.068787515,13885.7714217845,13.41,0.199999999999999,0.689999999999998
52491,1421960,14166.0490618359,13884.771879676,15.46,2.05,1.85
52492,1421960,14181.4130708767,13877.1706907771,17.34,1.88,-0.170000000000002
52493,1421960,14204.9823886207,13880.2259670721,18.5,1.16,-0.719999999999999
52494,1421960,14209.8955926734,13893.7411144063,14.39,-4.11,-5.27
52495,1421960,14227.9517450216,13919.477052307,13.4,-0.99,3.12
52496,1421960,14239.2283082828,13926.7527324138,13.43,0.0299999999999994,1.02
52497,1421960,14250.2340068772,13934.5684460323,13.5,0.0700000000000003,0.0400000000000009
52498,1421960,14261.3637680894,13942.1905073433,13.5,0,-0.0700000000000003
52499,1421960,14273.0148776366,13949.4085506854,13.71,0.210000000000001,0.210000000000001
52500,1421960,14284.6851413184,13955.7379279215,13.29,-0.420000000000002,-0.630000000000003
52501,1421960,14296.559258757,13961.1943716585,13.08,-0.209999999999999,0.210000000000003
52502,1421960,14309.257534128,13965.5050447618,13.41,0.33,0.539999999999999
52503,1421960,14322.5172058893,13969.4749136691,13.85,0.44,0.109999999999999
52504,1421960,14335.2241140886,13972.2667918927,13.01,-0.84,-1.28
52505,1421960,14348.0711630888,13974.6352730465,13.06,0.0500000000000007,0.890000000000001
52506,1421960,14361.138385815,13976.6331082693,13.22,0.16,0.109999999999999
52507,1421960,14376.4947696301,13974.2644366584,13.5,0.279999999999999,0.119999999999999
52508,1421960,14389.6610941275,13975.0543728779,13.19,-0.31,-0.59
52509,1421960,14402.6377596669,13975.832930183,13,-0.19,0.120000000000001
