"V1","V2","V3","V4","V5","acceleration","jerk"
63890,1422123,13408.2122824215,13361.8351656328,12.96,0.359999999999999,0
63891,1422123,13421.3001645634,13364.3109970162,13.32,0.359999999999999,0
63892,1422123,13434.4961298161,13366.8072744545,13.43,0.109999999999999,-0.25
63893,1422123,13457.4306516914,13370.015972539,13.11,-0.32,-0.43
63894,1422123,13470.9636233194,13370.8717055089,13.57,0.460000000000001,0.780000000000001
63895,1422123,13484.7061763664,13371.7406909805,13.77,0.199999999999999,-0.260000000000002
63896,1422123,13498.179267589,13372.5926375214,13.5,-0.27,-0.469999999999999
63897,1422123,13511.1333952978,13373.4117683436,12.97,-0.529999999999999,-0.26
63898,1422123,13524.1147508962,13374.0113007042,13.01,0.0399999999999991,0.569999999999999
63899,1422123,13537.6326711458,13372.8235582551,13.57,0.56,0.520000000000001
63900,1422123,13550.3264001608,13370.7525801231,12.92,-0.65,-1.21
63901,1422123,13572.4765127567,13358.7519842375,13.69,0.77,1.42
63902,1422123,13583.5428251068,13350.8637125022,13.59,-0.0999999999999996,-0.869999999999999
63903,1422123,13594.5032786928,13343.0508988483,13.47,-0.119999999999999,-0.0199999999999996
63904,1422123,13605.8057375169,13334.994297547,13.88,0.41,0.529999999999999
63905,1422123,13616.4323288465,13327.4194670727,13.05,-0.83,-1.24
63906,1422123,13627.0752061398,13319.8330276629,13.07,0.0199999999999996,0.85
63907,1422123,13637.9298009616,13312.0956720903,13.33,0.26,0.24
63908,1422123,13648.7901067846,13304.5057300462,13.25,-0.0800000000000001,-0.34
63909,1422123,13659.3798204826,13297.1917117393,12.87,-0.380000000000001,-0.300000000000001
63910,1422123,13670.5784221477,13289.4571515872,13.6,0.73,1.11
63911,1422123,13681.6947416552,13281.7794214142,13.51,-0.0899999999999999,-0.82
63953,1422123,14212.9934914915,13276.1866401072,13.42,-0.00214285714285714,0.00209183673469387
63954,1422123,14227.5836878925,13278.7129211026,13.59,0.17,0.172142857142857
63955,1422123,14240.8553229839,13280.7029216057,13.42,-0.17,-0.34
63956,1422123,14254.3346364187,13282.724062206,13.62,0.199999999999999,0.369999999999999
63957,1422123,14267.467819281,13284.6933026442,13.29,-0.33,-0.529999999999999
63958,1422123,14281.0064693854,13286.7233404151,13.68,0.390000000000001,0.720000000000001
63959,1422123,14294.5055617101,13288.747446739,13.66,-0.0199999999999996,-0.41
63960,1422123,14307.6189656826,13290.7137214536,13.26,-0.4,-0.380000000000001
63961,1422123,14320.7990299894,13292.8897731895,13.35,0.0899999999999999,0.49
63962,1422123,14333.9655009366,13295.2706223646,13.39,0.0400000000000009,-0.0499999999999989
63963,1422123,14347.1910143545,13297.6621479934,13.44,0.0499999999999989,0.00999999999999801
63964,1422123,14360.3279640665,13300.0376589417,13.35,-0.0899999999999999,-0.139999999999999
63965,1422123,14373.7601261315,13302.4665521584,13.64,0.290000000000001,0.380000000000001
63966,1422123,14387.1430861377,13304.8865483304,13.61,-0.0300000000000011,-0.320000000000002
63967,1422123,14400.7228543793,13307.3421326814,13.8,0.190000000000001,0.220000000000002
