"V1","V2","V3","V4","V5","acceleration","jerk"
46041,142391,13645.5,13909.19,0,2.54,0
46042,142391,13642.9991966823,13909.6345028305,2.54,2.54,0
46043,142391,13638.4898741646,13910.4360079343,4.58,2.04,-0.5
46044,142391,13631.6471249293,13911.6522656791,6.95,2.37,0.33
46045,142391,13623.5441283527,13913.0925248503,8.23,1.28,-1.09
46046,142391,13608.1047865992,13914.7335091326,9.52,1.29,0.0099999999999989
46047,142391,13597.2854868409,13914.8566055947,10.82,1.3,0.0100000000000016
46048,142391,13585.0492689207,13915.0726109568,12.24,1.42,0.119999999999999
46049,142391,13572.1578204568,13915.9310726645,12.92,0.68,-0.74
46050,142391,13558.3084934693,13916.8533210007,13.88,0.960000000000001,0.280000000000001
46051,142391,13544.6986361128,13917.7596226797,13.64,-0.24,-1.2
46052,142391,13531.6176075244,13918.6307088243,13.12,-0.520000000000001,-0.280000000000001
46053,142391,13518.6164021464,13919.4964794165,13.02,-0.0999999999999996,0.420000000000002
46054,142391,13505.0241907336,13920.5544091625,13.64,0.620000000000001,0.720000000000001
46055,142391,13492.0729866747,13922.7138566442,13.13,-0.51,-1.13
46056,142391,13486.6873374622,13923.6118447058,5.46,-7.67,-7.16
46057,142391,13484.3594744325,13923.9999860658,2.35,-3.11,4.56
46058,142391,13483.5900959736,13924.1282700747,0.78,-1.57,1.54
46059,142391,13482.978538737,13924.230239415,0.63,-0.15,1.42
46060,142391,13480.9983868491,13924.5164636903,2.13,1.5,1.65
46061,142391,13476.4915106446,13925.1414171906,4.55,2.42,0.92
46062,142391,13463.152025569,13926.9749720716,6.68,2.13,-0.29
46063,142391,13455.1959663335,13928.0621801662,8.03,1.35,-0.78
46064,142391,13445.9320617442,13929.3281073997,9.35,1.32,-0.0299999999999994
46065,142391,13435.385367362,13930.7963865405,10.65,1.3,-0.0199999999999996
46066,142391,13423.4213430347,13933.9394776773,12.37,1.72,0.419999999999998
46067,142391,13411.1768363261,13937.1562548635,12.66,0.290000000000001,-1.43
