"V1","V2","V3","V4","V5","acceleration","jerk"
36304,1425647,14341.151060336,13299.3220843971,27.47,-0.239999999999998,0
36305,1425647,14341.5017442353,13326.324965991,27.23,-0.239999999999998,0
36306,1425647,14340.2909153947,13350.169152961,23.88,-3.35,-3.11
36307,1425647,14339.8630789718,13370.3742076088,20.21,-3.67,-0.319999999999997
36308,1425647,14339.3649132291,13386.6765979518,16.31,-3.9,-0.230000000000004
36309,1425647,14338.9925870242,13398.8609105379,12.19,-4.12,-0.219999999999997
36310,1425647,14338.7347992334,13407.2969727387,8.44,-3.75,0.369999999999999
36311,1425647,14338.1297180254,13413.239917407,6.1,-2.34,1.41
36312,1425647,14336.6359769589,13415.1056177115,2.4,-3.7,-1.36
36313,1425647,14336.04,13415.85,1.61,-0.79,2.91
36314,1425647,14336.04,13415.85,0.39,-1.22,-0.43
36315,1425647,14322.4755743451,13422.0475746205,2.91,2.52,3.74
36316,1425647,14318.1590881328,13421.0966031285,4.42,1.51,-1.01
36317,1425647,14312.5242181225,13419.8551765429,5.77,1.35,-0.16
36318,1425647,14305.5416668966,13418.3168403059,7.15,1.38,0.0300000000000011
36319,1425647,14296.8012706069,13416.3912306107,8.95,1.8,0.419999999999998
36320,1425647,14281.8930611405,13413.1512837218,10.41,1.46,-0.339999999999998
36321,1425647,14270.2165409421,13411.6708189114,11.77,1.36,-0.100000000000001
36322,1425647,14256.4765405386,13409.9287256554,13.85,2.08,0.720000000000001
36323,1425647,14243.1463638931,13407.2016843948,13.63,-0.219999999999999,-2.3
36324,1425647,14230.5920270389,13404.0250311005,12.96,-0.67,-0.450000000000001
36325,1425647,14208.1698435152,13398.4028786634,13.65,0.69,1.36
36326,1425647,14194.7919207376,13395.0983995582,13.77,0.119999999999999,-0.57
36327,1425647,14182.2489046065,13392.0001506438,12.92,-0.85,-0.969999999999999
36328,1425647,14169.3852104239,13388.5259969556,13.33,0.41,1.26
36329,1425647,14157.210011569,13384.7408902409,12.76,-0.57,-0.98
36330,1425647,14148.9308763476,13382.1670176748,8.67,-4.09,-3.52
36331,1425647,14143.1440759506,13380.3679787187,6.05,-2.62,1.47
36332,1425647,14140.8427246377,13379.6525193318,2.41,-3.64,-1.02
36333,1425647,14133.4198830914,13382.500602608,4.7,2.29,5.93
36334,1425647,14132.0643581614,13384.9603410515,2.82,-1.88,-4.17
36335,1425647,14126.9789581052,13393.2655561697,4.96,2.14,4.02
36336,1425647,14124.1865693211,13399.0797684876,6.45,1.49,-0.65
36337,1425647,14120.8270442104,13406.0748518345,7.75,1.3,-0.19
36338,1425647,14115.4151479412,13418.1181827107,8.65,0.9,-0.399999999999999
36339,1425647,14114.2924292367,13423.5534382438,5.54,-3.11,-4.01
36340,1425647,14113.7057834272,13426.3934816755,2.9,-2.64,0.47
36341,1425647,14108.0591684176,13439.7199564259,4.39,1.49,4.13
36342,1425647,14107.1990202941,13445.93067661,6.26,1.87,0.38
36343,1425647,14106.1262358722,13453.6767422942,7.82,1.56,-0.31
36344,1425647,14104.8106345158,13463.176073485,9.59,1.77,0.209999999999999
36345,1425647,14103.483475738,13474.1926552897,11.1,1.51,-0.26
36346,1425647,14102.4757687767,13486.5115077801,12.36,1.26,-0.25
36347,1425647,14101.4012074701,13499.6476304195,13.18,0.82,-0.44
36348,1425647,14100.5734393219,13513.110685706,13.49,0.31,-0.51
36349,1425647,14099.9144537514,13526.2141256368,13.12,-0.370000000000001,-0.680000000000001
36350,1425647,14099.2655136928,13539.1178180076,12.92,-0.199999999999999,0.170000000000002
36351,1425647,14098.6016062808,13552.2910986777,13.19,0.27,0.469999999999999
36352,1425647,14083.5742791839,13555.0206959122,13.54,0.35,0.0800000000000001
36353,1425647,14070.3054394758,13552.7014734561,13.47,-0.0699999999999985,-0.419999999999998
36354,1425647,14057.4995808117,13550.4631741296,12.99,-0.48,-0.410000000000002
36355,1425647,14044.5196809307,13548.3584685087,13.15,0.16,0.640000000000001
36356,1425647,14031.3666542787,13546.3203345845,13.31,0.16,0
36357,1425647,14012.0682645286,13543.4376295103,13.35,0.0399999999999991,-0.120000000000001
36358,1425647,13998.5999385205,13541.6231613953,13.59,0.24,0.200000000000001
36359,1425647,13979.3636765851,13538.9513554294,13.2,-0.390000000000001,-0.630000000000001
36360,1425647,13965.8699659548,13536.9590267852,13.64,0.440000000000001,0.830000000000002
36361,1425647,13952.7323943148,13535.0192815949,13.28,-0.360000000000001,-0.800000000000002
36362,1425647,13939.8124631688,13533.1116707376,13.06,-0.219999999999999,0.140000000000002
36363,1425647,13926.0912192948,13531.0857471089,13.87,0.809999999999999,1.03
36364,1425647,13922.5360830185,13542.8919481158,13.68,-0.19,-0.999999999999998
36365,1425647,13920.2024426955,13556.2902361722,13.59,-0.0899999999999999,0.0999999999999996
36366,1425647,13917.8739501085,13569.6589691815,13.57,-0.0199999999999996,0.0700000000000003
36367,1425647,13915.5694802896,13582.8897786372,13.43,-0.140000000000001,-0.120000000000001
36368,1425647,13913.2512831746,13596.1994015521,13.51,0.0800000000000001,0.220000000000001
36369,1425647,13910.8713132275,13609.8636850331,13.87,0.359999999999999,0.279999999999999
36370,1425647,13907.7848548917,13622.0826868244,12.69,-1.18,-1.54
36371,1425647,13903.5256513386,13630.8643031389,9.77,-2.92,-1.74
36372,1425647,13900.9116524367,13636.2538402007,5.98,-3.79,-0.869999999999999
36373,1425647,13899.7028415923,13638.7461636834,2.77,-3.21,0.579999999999999
36374,1425647,13899.0787984487,13640.0328144343,1.43,-1.34,1.87
36375,1425647,13898.8125982267,13640.581665454,0.61,-0.82,0.52
36376,1425647,13885.8631404293,13651.2710250187,2.85,2.24,3.06
36377,1425647,13881.0807013968,13650.5948764402,4.82,1.97,-0.27
36378,1425647,13874.129827275,13649.612151177,7.03,2.21,0.24
36379,1425647,13865.0772490717,13647.5100870792,9.3,2.27,0.0600000000000005
36380,1425647,13855.1210615193,13643.938761847,10.64,1.34,-0.930000000000001
36381,1425647,13843.9770766648,13638.3877167597,12.45,1.81,0.469999999999999
36382,1425647,13832.3407872584,13632.591444781,13,0.550000000000001,-1.26
36383,1425647,13819.988418504,13626.438479142,13.79,0.789999999999999,0.239999999999998
36384,1425647,13807.4173185584,13634.5328784967,13.33,-0.459999999999999,-1.25
36385,1425647,13795.3048620321,13653.6614086134,12.98,-0.35,0.109999999999999
36386,1425647,13789.0427540139,13662.8868356045,11.14,-1.84,-1.49
36387,1425647,13784.5160642716,13669.5556195999,8.06,-3.08,-1.24
36388,1425647,13780.0286882119,13676.1664861164,8,-0.0600000000000005,3.02
36389,1425647,13776.5803166216,13681.2466764057,6.13,-1.87,-1.81
36390,1425647,13775.0526992396,13683.497184156,2.72,-3.41,-1.54
36391,1425647,13766.6509654319,13698.1246072029,4.91,2.19,5.6
36392,1425647,13763.8466418954,13704.1212870762,6.62,1.71,-0.48
36393,1425647,13760.2459243638,13711.8209515661,8.5,1.88,0.17
36394,1425647,13755.8615212517,13721.1964253862,10.35,1.85,-0.0300000000000002
36395,1425647,13752.3690954821,13733.1887363223,12.55,2.2,0.350000000000001
36396,1425647,13749.6563677762,13745.2166209407,12.33,-0.220000000000001,-2.42
36397,1425647,13747.9586164423,13753.8391013522,8.8,-3.53,-3.31
36398,1425647,13747.4195268444,13759.4834155183,5.67,-3.13,0.399999999999999
36399,1425647,13747.1266880504,13762.5494627197,3.08,-2.59,0.540000000000001
36400,1425647,13740.2646301177,13769.815463446,4.51,1.43,4.02
36401,1425647,13734.3757849774,13769.0375798338,5.94,1.43,8.88178419700125e-16
36402,1425647,13727.1386520609,13768.0815949232,7.3,1.36,-0.0700000000000012
36403,1425647,13718.4072877132,13767.0769220253,8.79,1.49,0.13
36404,1425647,13710.3880898998,13766.2669427487,8.06,-0.729999999999999,-2.22
36405,1425647,13704.5378562592,13765.6760397528,5.87,-2.19,-1.46
36406,1425647,13697.3958602625,13771.5498924816,7.12,1.25,3.44
36407,1425647,13697.4702812753,13780.4995830635,8.95,1.83,0.579999999999999
36408,1425647,13697.5570919316,13790.9392221334,10.44,1.49,-0.339999999999999
36409,1425647,13697.6558764714,13802.8188114199,11.87,1.43,-0.0600000000000005
36410,1425647,13697.7705430375,13816.6083346741,13.79,1.92,0.49
36411,1425647,13694.5739840876,13829.0779046003,12.44,-1.35,-3.27
36412,1425647,13694.6922261884,13843.2974129886,14.22,1.78,3.13
36413,1425647,13688.8386776495,13864.0884298007,10.3,-3.92,-5.7
36414,1425647,13684.9457043202,13869.3930661763,6.58,-3.72,0.199999999999999
36415,1425647,13682.8207036307,13872.2865416474,3.59,-2.99,0.73
36416,1425647,13681.18,13874.5,3.12,-0.47,2.52
36417,1425647,13656.8783401155,13898.7011019348,1.96,-1.16,-0.69
36418,1425647,13654.9933104497,13900.1043706756,2.35,0.39,1.55
36419,1425647,13652.1777980552,13902.2003167524,3.51,1.16,0.77
36420,1425647,13640.7257881295,13906.6857793144,5.08,1.57,0.410000000000001
36421,1425647,13633.5779059278,13907.956755329,7.26,2.18,0.609999999999999
36422,1425647,13624.9138062893,13909.4973323163,8.8,1.54,-0.639999999999999
36423,1425647,13608.5547135046,13911.4351464328,10.84,2.04,0.499999999999998
36424,1425647,13595.7854933378,13911.5762716659,12.78,1.94,-0.0999999999999996
36425,1425647,13582.8738411031,13911.9142845676,12.92,0.140000000000001,-1.8
36426,1425647,13570.4212968459,13912.7416548118,12.48,-0.44,-0.58
36427,1425647,13557.4898085787,13913.6008469884,12.96,0.48,0.92
36428,1425647,13544.1093103023,13914.4898722267,13.41,0.449999999999999,-0.0300000000000011
36429,1425647,13530.8285920279,13915.3722678957,13.31,-0.0999999999999996,-0.549999999999999
36430,1425647,13517.6077417548,13916.2506858232,13.24,-0.0700000000000003,0.0299999999999994
36431,1425647,13504.4978790849,13917.3053534859,13.16,-0.0800000000000001,-0.00999999999999979
36432,1425647,13495.561150135,13918.7948083108,9.06,-4.1,-4.02
36433,1425647,13489.0312223592,13919.8831296068,6.63,-2.43,1.67
36434,1425647,13485.6873469574,13920.4404421738,3.39,-3.24,-0.809999999999999
36435,1425647,13479.7947595682,13921.3479618954,5.75,2.36,5.6
36436,1425647,13465.9320072761,13923.2635899559,7.31,1.56,-0.8
36437,1425647,13457.0842352994,13924.4726520089,8.94,1.63,0.0700000000000003
36438,1425647,13446.7048794533,13929.2225006358,10.93,1.99,0.36
36439,1425647,13433.8088629438,13931.2105529555,13.06,2.13,0.140000000000001
36440,1425647,13420.7906117355,13934.6306020017,13.46,0.4,-1.73
36441,1425647,13409.3778803642,13937.6288619382,11.8,-1.66,-2.06
