"V1","V2","V3","V4","V5","acceleration","jerk"
24054,142649,14397.9632674207,13995.6400575671,13.55,-0.360000000000001,0
24055,142649,14384.8097416906,13994.6598224587,13.19,-0.360000000000001,0
24056,142649,14371.4030735909,13993.7142827098,13.44,0.25,0.610000000000001
24057,142649,14357.9890599355,13992.7382491636,13.45,0.00999999999999979,-0.24
24058,142649,14334.5485640854,13994.5018754833,13.64,0.190000000000001,0.180000000000001
24059,142649,14321.4329687355,13995.0146782929,13.17,-0.470000000000001,-0.660000000000002
24060,142649,14308.3271328351,13993.4260947939,13.23,0.0600000000000005,0.530000000000001
24061,142649,14295.3991977722,13990.3548644234,13.31,0.0800000000000001,0.0199999999999996
24062,142649,14282.4611785123,13986.4654226087,13.51,0.199999999999999,0.119999999999999
24063,142649,14269.8104049401,13985.0896982792,12.87,-0.640000000000001,-0.84
24064,142649,14256.8874634916,13986.3721891885,13.13,0.260000000000002,0.900000000000002
24065,142649,14245.8618563381,13993.5487427007,13.46,0.33,0.0699999999999985
24066,142649,14244.5169481452,14007.0093151314,13.82,0.359999999999999,0.0299999999999994
24067,142649,14247.862693288,14019.9466768641,13.51,-0.31,-0.67
24068,142649,14257.6757452774,14028.0888178426,13.16,-0.35,-0.0399999999999991
24069,142649,14271.0702497087,14029.1939404084,13.53,0.369999999999999,0.719999999999999
24070,142649,14297.7724437868,14024.5251170634,12.89,-0.639999999999999,-1.01
24071,142649,14308.1881013149,14016.0032654801,13.54,0.649999999999999,1.29
24072,142649,14311.9129086316,13999.9415687228,13.81,0.270000000000001,-0.379999999999997
24073,142649,14312.1609318209,13986.2738189263,13.67,-0.140000000000001,-0.410000000000002
24074,142649,14312.4056891598,13972.7860395003,13.49,-0.18,-0.0399999999999991
24075,142649,14312.6566153272,13958.9583160413,13.83,0.34,0.52
24076,142649,14312.891393679,13946.0204460804,12.93,-0.9,-1.24
24077,142649,14313.1339737844,13932.6526469013,13.37,0.44,1.34
24078,142649,14313.3836298989,13918.8949119197,13.77,0.4,-0.0399999999999991
24079,142649,14313.5244337301,13905.61615085,13.28,-0.49,-0.890000000000001
24080,142649,14313.5346337271,13892.356154773,13.26,-0.0199999999999996,0.470000000000001
24081,142649,14313.5449029548,13879.0061587227,13.35,0.0899999999999999,0.109999999999999
24082,142649,14313.5531260293,13868.3161618855,10.69,-2.66,-2.75
24083,142649,14313.5586798738,13861.0961640216,7.22,-3.47,-0.81
24084,142649,14314.1774529141,13856.1156799235,3.99,-3.23,0.24
24085,142649,14321.4066582173,13834.5561230581,2.46,-1.53,1.7
24086,142649,14333.4755351234,13834.3474291571,4.28,1.82,3.35
24087,142649,14339.9087492389,13832.7032405596,6.64,2.36,0.539999999999999
24088,142649,14348.0890009252,13829.9682051299,8.64,2,-0.359999999999999
24089,142649,14357.6068725911,13825.0029158453,10.41,1.77,-0.230000000000001
24090,142649,14363.2663193024,13818.3315139563,8.77,-1.64,-3.41
24091,142649,14365.9622060324,13814.227821139,4.92,-3.85,-2.21
24092,142649,14367.7686148597,13811.4780962166,3.29,-1.63,2.22
24093,142649,14368.2682598545,13810.717534004,0.91,-2.38,-0.75
24094,142649,14368.438468589,13810.4584413822,0.31,-0.6,1.78
24095,142649,14368.4769028194,13810.3999365966,0.07,-0.24,0.36
24096,142649,14368.4823934237,13810.3915787701,0.01,-0.06,0.18
24097,142649,14372.077622642,13796.1206264338,2.19,2.18,2.24
24098,142649,14371.9905662112,13792.4816676297,3.65,1.46,-0.72
24099,142649,14371.8516107545,13786.6733295386,5.8,2.15,0.69
24100,142649,14371.6710404106,13779.1254891619,7.55,1.75,-0.4
24101,142649,14371.4481376814,13769.8081550811,9.32,1.77,0.0200000000000005
24102,142649,14371.5994155472,13758.8255692957,10.99,1.67,-0.100000000000001
24103,142649,14372.1422157185,13746.6476602809,12.19,1.2,-0.470000000000001
24104,142649,14372.7762989374,13732.4217846146,14.24,2.05,0.850000000000001
24105,142649,14373.4900878419,13716.4076844089,16.02,1.78,-0.270000000000001
24106,142649,14371.4188346963,13688.8373970867,17.82,1.8,0.0200000000000014
24107,142649,14368.9683422152,13669.8044996036,19.19,1.37,-0.43
24108,142649,14366.3173665035,13649.2144552186,20.76,1.57,0.199999999999999
24109,142649,14363.5438023196,13627.6722700528,21.72,0.959999999999997,-0.610000000000003
24110,142649,14360.6336030678,13605.0688446417,22.78,1.06,0.100000000000005
24111,142649,14355.8969823286,13581.2602788583,24.3,1.52,0.459999999999997
24112,142649,14348.1106204066,13550.2318573904,25.61,1.31,-0.210000000000001
24113,142649,14338.1354134316,13514.4104219388,27.07,1.46,0.150000000000002
24114,142649,14333.0791609998,13489.3073988355,25.64,-1.43,-2.89
24115,142649,14329.0118272506,13456.3538318813,23.43,-2.21,-0.780000000000001
24116,142649,14328.1523711977,13433.9891685128,22.53,-0.899999999999999,1.31
24117,142649,14328.9334005971,13388.5433273051,20.64,-1.89,-0.990000000000002
24118,142649,14329.7186904692,13368.0883958748,20.47,-0.170000000000002,1.72
24119,142649,14330.357433819,13351.4506524301,16.65,-3.82,-3.65
24120,142649,14331.111682774,13338.6634235001,12.81,-3.84,-0.0199999999999978
24121,142649,14331.7286766222,13328.8928852042,9.79,-3.02,0.819999999999997
24122,142649,14335.2884001946,13321.1279575837,7.91,-1.88,1.14
24123,142649,14335.4361891409,13311.1814556897,9.49,1.58,3.46
24124,142649,14334.6960511421,13300.0560480233,11.14,1.65,0.0700000000000003
24125,142649,14333.8643086197,13287.5536840718,12.53,1.39,-0.260000000000002
