"V1","V2","V3","V4","V5","acceleration","jerk"
56205,1427662,13412.6015334202,13366.0223724763,11.55,0.68,0
56206,1427662,13424.618520013,13368.2950214216,12.23,0.68,0
56207,1427662,13438.0700773683,13370.8389759647,13.7,1.47,0.789999999999999
56208,1427662,13460.0242445034,13373.4896338063,12.93,-0.77,-2.24
56209,1427662,13473.2778595104,13374.3263471666,13.28,0.35,1.12
56210,1427662,13486.1422493778,13375.1384883725,12.89,-0.389999999999999,-0.739999999999998
56211,1427662,13499.0665200359,13375.9544099098,12.95,0.0599999999999987,0.449999999999998
56212,1427662,13512.270234384,13376.787972994,13.23,0.280000000000001,0.220000000000002
56213,1427662,13525.5783778636,13377.1597910701,13.34,0.109999999999999,-0.170000000000002
56214,1427662,13538.4706813279,13376.049785942,12.94,-0.4,-0.51
56215,1427662,13551.2536815805,13373.9215483569,13.02,0.0800000000000001,0.48
56216,1427662,13575.2008109429,13360.8615374578,13.11,0.0899999999999999,0.00999999999999979
56217,1427662,13585.794830345,13353.3099248548,13.01,-0.0999999999999996,-0.19
56218,1427662,13597.0647172417,13345.2765414246,13.84,0.83,0.93
56219,1427662,13607.7320234806,13337.6726886114,13.09,-0.75,-1.58
56220,1427662,13618.7494779396,13329.8192436829,13.53,0.44,1.19
56221,1427662,13629.9135060721,13321.8613183341,13.71,0.180000000000001,-0.259999999999998
56222,1427662,13640.759957912,13314.1297672294,13.31,-0.4,-0.580000000000002
56223,1427662,13651.5316286759,13306.6224308576,13.14,-0.17,0.23
56224,1427662,13662.7802918585,13298.854775059,13.67,0.529999999999999,0.699999999999999
56225,1427662,13674.0865560961,13291.0473434078,13.74,0.0700000000000003,-0.459999999999999
56226,1427662,13684.7345225615,13283.6944929298,12.94,-0.800000000000001,-0.870000000000001
56227,1427662,13695.9091272447,13275.9779775132,13.58,0.640000000000001,1.44
56267,1427662,14197.3759120797,13277.000027192,13.17,-0.01025,-0.01625625
56268,1427662,14210.1985831677,13279.0782971867,12.99,-0.18,-0.16975
56269,1427662,14224.7696683348,13281.6244485853,12.86,-0.130000000000001,0.0499999999999989
56270,1427662,14238.4764390029,13283.6796950065,13.86,1,1.13
56271,1427662,14251.4711696363,13285.6281753798,13.14,-0.719999999999999,-1.72
56272,1427662,14264.5845736088,13287.5944500944,13.27,0.129999999999999,0.849999999999998
56273,1427662,14277.3221786741,13289.5043760616,12.88,-0.389999999999999,-0.519999999999998
56274,1427662,14290.1487887438,13291.4276477847,12.96,0.0800000000000001,0.469999999999999
56275,1427662,14303.1632982671,13293.3790938816,13.16,0.199999999999999,0.119999999999999
56276,1427662,14316.3433194135,13295.4328075853,13.35,0.19,-0.00999999999999979
56277,1427662,14329.6474252119,13297.8392923463,13.51,0.16,-0.0299999999999994
56278,1427662,14342.3709524288,13300.1407603907,12.93,-0.58,-0.74
56279,1427662,14355.1436812205,13302.4511281568,12.98,0.0500000000000007,0.630000000000001
56280,1427662,14368.3395435545,13304.83803353,13.42,0.44,0.389999999999999
56281,1427662,14381.8601362816,13307.2836770667,13.74,0.32,-0.119999999999999
56282,1427662,14394.514781294,13309.5726855007,12.86,-0.880000000000001,-1.2
