"V1","V2","V3","V4","V5","acceleration","jerk"
66488,"1430751#1",13416.0261460228,13753.0673200509,12.93,-0.0199999999999996,0
66489,"1430751#1",13438.3774662969,13756.1588613006,12.91,-0.0199999999999996,0
66490,"1430751#1",13451.7834726616,13756.6669841303,13.42,0.51,0.529999999999999
66491,"1430751#1",13464.6694495177,13756.9890096958,12.89,-0.529999999999999,-1.04
66492,"1430751#1",13478.2152076215,13757.328033788,13.54,0.649999999999999,1.18
66493,"1430751#1",13491.2011383485,13757.6531540048,13,-0.539999999999999,-1.19
66494,"1430751#1",13504.3670126882,13757.9827793517,13.16,0.16,0.699999999999999
66495,"1430751#1",13517.6828400387,13758.3161589737,13.33,0.17,0.00999999999999979
66496,"1430751#1",13531.107179526,13758.6938273365,13.43,0.0999999999999996,-0.0700000000000003
66497,"1430751#1",13544.0347703629,13758.9200335009,12.94,-0.49,-0.59
66498,"1430751#1",13557.4733106846,13758.3649352935,13.44,0.5,0.99
66499,"1430751#1",13570.9855786633,13757.9131052728,13.52,0.0800000000000001,-0.42
66500,"1430751#1",13584.6775511577,13757.4441876215,13.7,0.18,0.0999999999999996
66501,"1430751#1",13594.5816814753,13757.1031558746,9.91,-3.79,-3.97
66502,"1430751#1",13600.6580802978,13756.8939254991,6.08,-3.83,-0.0400000000000009
66503,"1430751#1",13603.6463093239,13756.7910309558,2.99,-3.09,0.74
66504,"1430751#1",13612.8496459257,13765.139974229,4.73,1.74,4.83
66505,"1430751#1",13612.8168414308,13771.7298925794,6.59,1.86,0.119999999999999
66506,"1430751#1",13612.7734339655,13780.4497845393,8.72,2.13,0.270000000000001
66507,"1430751#1",13612.7197222052,13791.239650852,10.79,2.07,-0.0600000000000023
66508,"1430751#1",13612.6580955516,13803.6194974648,12.39,1.6,-0.469999999999997
66509,"1430751#1",13612.4710819677,13816.572891638,12.95,0.559999999999999,-1.04
66510,"1430751#1",13610.842328227,13830.2571260789,13.8,0.850000000000001,0.290000000000003
66511,"1430751#1",13608.3043730673,13843.3738476056,13.35,-0.450000000000001,-1.3
66512,"1430751#1",13603.8381782923,13855.9388857321,13.36,0.00999999999999979,0.460000000000001
66513,"1430751#1",13601.04682314,13868.4794267541,12.88,-0.479999999999999,-0.489999999999998
66514,"1430751#1",13599.7709327879,13877.5400335079,9.16,-3.72,-3.24
66515,"1430751#1",13599.0078163119,13882.96663956,5.48,-3.68,0.0400000000000009
66516,"1430751#1",13598.6833068727,13885.6158792572,2.67,-2.81,0.869999999999999
66517,"1430751#1",13603.1187540583,13894.8690791178,4.36,1.69,4.5
66518,"1430751#1",13608.863945894,13894.6339817537,5.74,1.38,-0.31
66519,"1430751#1",13616.8572562742,13894.3068897688,8,2.26,0.88
66520,"1430751#1",13626.2956105579,13893.724430568,9.47,1.47,-0.789999999999999
66521,"1430751#1",13637.1428754576,13891.5149636197,11.07,1.6,0.129999999999999
66522,"1430751#1",13645.9673365792,13889.0625396571,9.16,-1.91,-3.51
66523,"1430751#1",13656.3054312138,13889.9470889968,5.51,-3.65,-1.74
66524,"1430751#1",13659.0700913244,13890.1190031407,2.77,-2.74,0.910000000000001
66525,"1430751#1",13674.5623786888,13901.1371769541,4.88,2.11,4.85
66526,"1430751#1",13676.5612332443,13907.016690579,6.2,1.32,-0.79
66527,"1430751#1",13678.7751339615,13923.7995283301,8.06,1.86,0.54
66528,"1430751#1",13675.2746497307,13932.415595307,9.3,1.24,-0.62
66529,"1430751#1",13671.1531118461,13942.5603193281,10.94,1.64,0.399999999999999
66530,"1430751#1",13666.3427689999,13954.4004629802,12.78,1.84,0.200000000000001
66531,"1430751#1",13661.3856316537,13966.6019255701,13.18,0.4,-1.44
66532,"1430751#1",13657.6442538844,13975.8109261883,9.94,-3.24,-3.64
66533,"1430751#1",13655.2466103844,13981.7124688381,6.37,-3.57,-0.329999999999999
66534,"1430751#1",13654.3394956536,13983.9452345816,2.41,-3.96,-0.390000000000001
66535,"1430751#1",13653.0949624615,13991.305158892,3.84,1.43,5.39
66536,"1430751#1",13654.0054242331,13996.9421048171,5.7,1.86,0.430000000000001
66537,"1430751#1",13655.1997077128,14004.3362773178,7.49,1.79,-0.0700000000000003
66538,"1430751#1",13656.7431875638,14013.89243083,9.68,2.19,0.399999999999999
66539,"1430751#1",13658.639052794,14025.6303094726,11.89,2.21,0.0200000000000014
66540,"1430751#1",13663.8153185902,14042.3909403676,13.55,1.66,-0.550000000000001
66541,"1430751#1",13664.6360661861,14057.5687654221,15.2,1.65,-0.0100000000000016
66542,"1430751#1",13665.5307890588,14074.1145918137,16.57,1.37,-0.279999999999998
66543,"1430751#1",13663.011319861,14088.5437736247,14.27,-2.3,-3.67
66544,"1430751#1",13663.7240743522,14101.7245164352,13.2,-1.07,1.23
66545,"1430751#1",13664.2392014618,14111.2505987391,9.54,-3.66,-2.59
66546,"1430751#1",13664.428894082,14116.9572033311,5.71,-3.83,-0.169999999999999
66547,"1430751#1",13664.517136712,14119.9859181144,3.03,-2.68,1.15
66548,"1430751#1",13664.5797511194,14122.1350061619,2.16,-0.87,1.81
66549,"1430751#1",13664.5966424479,14122.7147601468,0.58,-1.58,-0.71
66550,"1430751#1",13664.5983898267,14122.774734697,0.06,-0.52,1.06
66551,"1430751#1",13664.6,14122.83,0.06,0,0.52
66552,"1430751#1",13664.6,14122.83,0,-0.06,-0.06
66553,"1430751#1",13664.6,14122.83,0,0,0.06
66554,"1430751#1",13664.6,14122.83,0,0,0
66555,"1430751#1",13664.6,14122.83,0,0,0
66556,"1430751#1",13664.6,14122.83,0,0,0
66557,"1430751#1",13664.6,14122.83,0,0,0
66558,"1430751#1",13664.6,14122.83,0,0,0
66559,"1430751#1",13664.6,14122.83,0,0,0
66560,"1430751#1",13664.6,14122.83,0,0,0
66561,"1430751#1",13664.6,14122.83,0,0,0
66562,"1430751#1",13664.6,14122.83,0,0,0
66563,"1430751#1",13664.6,14122.83,0,0,0
66564,"1430751#1",13664.6,14122.83,0,0,0
66565,"1430751#1",13664.6,14122.83,0,0,0
66566,"1430751#1",13664.6,14122.83,0,0,0
66567,"1430751#1",13664.6,14122.83,0,0,0
66568,"1430751#1",13664.6,14122.83,0,0,0
66569,"1430751#1",13664.6,14122.83,0,0,0
66570,"1430751#1",13664.6,14122.83,0,0,0
66571,"1430751#1",13664.6,14122.83,0,0,0
66572,"1430751#1",13664.6,14122.83,0,0,0
66573,"1430751#1",13664.6,14122.83,0,0,0
66574,"1430751#1",13664.6,14122.83,0,0,0
66575,"1430751#1",13664.6,14122.83,0,0,0
66576,"1430751#1",13664.6,14122.83,0,0,0
66577,"1430751#1",13664.6,14122.83,0,0,0
66578,"1430751#1",13664.6,14122.83,0,0,0
66579,"1430751#1",13664.6,14122.83,0,0,0
66580,"1430751#1",13664.6,14122.83,0,0,0
66581,"1430751#1",13664.6,14122.83,0,0,0
66582,"1430751#1",13664.6,14122.83,0,0,0
66583,"1430751#1",13664.6,14122.83,0,0,0
66584,"1430751#1",13664.6,14122.83,0,0,0
66585,"1430751#1",13664.6,14122.83,0,0,0
66586,"1430751#1",13664.6,14122.83,0,0,0
66587,"1430751#1",13664.6,14122.83,0,0,0
66588,"1430751#1",13664.6,14122.83,0,0,0
66589,"1430751#1",13664.6,14122.83,0,0,0
66590,"1430751#1",13664.6,14122.83,0,0,0
66591,"1430751#1",13664.6,14122.83,0,0,0
66592,"1430751#1",13664.6,14122.83,0,0,0
66593,"1430751#1",13664.6,14122.83,0,0,0
66594,"1430751#1",13664.6,14122.83,0,0,0
66595,"1430751#1",13666.4970469818,14136.4256727028,2.38,2.38,2.38
66596,"1430751#1",13668.039826298,14139.810673734,3.72,1.34,-1.04
66597,"1430751#1",13670.3169135645,14144.8598524604,5.54,1.82,0.48
66598,"1430751#1",13672.5106931098,14151.4123639557,6.9,1.36,-0.46
66599,"1430751#1",13674.8009229706,14159.2235384631,8.14,1.24,-0.12
66600,"1430751#1",13677.4625414575,14168.3013899176,9.46,1.32,0.0800000000000001
66601,"1430751#1",13680.675615783,14179.2600647179,11.42,1.96,0.639999999999999
66602,"1430751#1",13684.4710949994,14192.2051192762,13.49,2.07,0.110000000000001
66603,"1430751#1",13688.595759589,14206.2729102195,14.66,1.17,-0.9
66604,"1430751#1",13696.3457132424,14244.7301014031,15.95,1.29,0.119999999999999
66605,"1430751#1",13704.2829228305,14265.9239801133,17.62,1.67,0.380000000000003
