"V1","V2","V3","V4","V5","acceleration","jerk"
64764,"1430774#1",14403.1150422528,13324.0662709594,12.88,0.77,0
64765,"1430774#1",14389.6515602813,13321.8174594504,13.65,0.77,0
64766,"1430774#1",14376.0401279585,13319.543935727,13.8,0.15,-0.619999999999999
64767,"1430774#1",14362.8133665491,13317.334663761,13.41,-0.390000000000001,-0.540000000000001
64768,"1430774#1",14349.6359219236,13315.1336291998,13.36,-0.0500000000000007,0.34
64769,"1430774#1",14336.5077940817,13312.9408320434,13.31,-0.0499999999999989,1.77635683940025e-15
64770,"1430774#1",14323.7446104399,13310.8089916825,12.95,-0.360000000000001,-0.310000000000002
64771,"1430774#1",14310.941973371,13308.6705613977,12.98,0.0300000000000011,0.390000000000002
64772,"1430774#1",14297.7448020319,13306.4662318746,13.38,0.4,0.369999999999999
64773,"1430774#1",14284.5279039793,13304.2586073895,13.4,0.0199999999999996,-0.380000000000001
64774,"1430774#1",14271.4984097051,13302.0822850427,13.21,-0.19,-0.209999999999999
64775,"1430774#1",14257.896840739,13299.8104088003,13.79,0.579999999999998,0.769999999999998
64776,"1430774#1",14244.5517190486,13297.5813670628,13.53,-0.26,-0.839999999999998
64777,"1430774#1",14228.8150242369,13294.8544695722,13.29,-0.24,0.0199999999999996
64778,"1430774#1",14215.6398307523,13292.4656672272,13.39,0.100000000000001,0.340000000000002
64779,"1430774#1",14202.2186478449,13290.0322643903,13.64,0.25,0.149999999999999
64780,"1430774#1",14189.3976791291,13287.7076867536,13.03,-0.610000000000001,-0.860000000000001
64781,"1430774#1",14176.6554270286,13285.3973812744,12.95,-0.0800000000000001,0.530000000000001
64782,"1430774#1",14163.2047253905,13282.9586263785,13.67,0.720000000000001,0.800000000000001
64783,"1430774#1",14149.5473926372,13280.4824070694,13.88,0.210000000000001,-0.51
64784,"1430774#1",14136.0278139607,13278.0311640358,13.75,-0.130000000000001,-0.340000000000002
64815,"1430774#1",13738.3434049132,13278.8175454691,17.21,0.111612903225806,0.00779396462018733
64816,"1430774#1",13732.751527697,13295.9245027233,19.11,1.9,1.78838709677419
64817,"1430774#1",13737.3612314863,13315.1632796329,20.54,1.43,-0.469999999999999
64818,"1430774#1",13755.7605316415,13325.2683529679,21.7,1.16,-0.27
64819,"1430774#1",13773.955835611,13319.8754998486,19.03,-2.67,-3.83
64820,"1430774#1",13787.3977360619,13312.6226562209,15.28,-3.75,-1.08
64821,"1430774#1",13803.959021808,13300.5885579829,12.93,-2.35,1.4
64822,"1430774#1",13807.4214517425,13287.850756801,13.2,0.27,2.62
64823,"1430774#1",13811.3162192552,13275.5072917592,12.95,-0.25,-0.52
64955,"1430774#1",14210.7723855638,13275.8272121476,13.37,0.00318181818181818,0.00191804407713499
64956,"1430774#1",14225.4673466782,13278.3955886826,13.7,0.33,0.326818181818182
64957,"1430774#1",14238.4324089769,13280.3396204706,13.11,-0.59,-0.92
64958,"1430774#1",14251.3974712755,13282.2836522586,13.11,0,0.59
64959,"1430774#1",14264.7383324813,13284.2840327941,13.49,0.380000000000001,0.380000000000001
64960,"1430774#1",14278.1385303567,13286.2933105002,13.55,0.0600000000000005,-0.32
64961,"1430774#1",14291.6771804611,13288.3233482712,13.69,0.139999999999999,0.0799999999999983
64962,"1430774#1",14305.3443933495,13290.3726632452,13.82,0.130000000000001,-0.00999999999999801
64963,"1430774#1",14318.9490325768,13292.5552443069,13.77,-0.0500000000000007,-0.180000000000001
64964,"1430774#1",14332.1745459946,13294.9467699357,13.44,-0.33,-0.279999999999999
64965,"1430774#1",14345.3213361184,13297.3240602929,13.36,-0.0800000000000001,0.25
64966,"1430774#1",14358.5370091245,13299.7138065128,13.43,0.0700000000000003,0.15
64967,"1430774#1",14371.9396499542,13302.1373615027,13.62,0.19,0.119999999999999
64968,"1430774#1",14385.3619716075,13304.5644753105,13.63,0.0100000000000016,-0.179999999999998
64969,"1430774#1",14398.7252507902,13306.9809126646,13.58,-0.0500000000000007,-0.0600000000000023
