"V1","V2","V3","V4","V5","acceleration","jerk"
37148,1431521,13601.92,13406.2,0,1.91,0
37149,1431521,13603.7014334084,13406.8889085653,1.91,1.91,0
37150,1431521,13607.7119902965,13408.4398545501,4.3,2.39,0.48
37151,1431521,13613.2521549279,13410.5823241197,5.95,1.65,-0.739999999999999
37152,1431521,13619.6347714049,13413.8704843149,7.2,1.25,-0.4
37153,1431521,13627.2352040643,13418.3059576143,8.79,1.59,0.339999999999999
37154,1431521,13635.9929753332,13423.4168325298,10.14,1.35,-0.239999999999998
37155,1431521,13647.7311110142,13426.4740102036,12.21,2.07,0.719999999999999
37156,1431521,13659.5925901163,13433.3890816791,13.72,1.51,-0.56
37157,1431521,13673.0263847294,13441.2207904514,15.55,1.83,0.32
37158,1431521,13682.6762552007,13446.8465259489,11.18,-4.37,-6.2
37159,1431521,13689.5270584985,13450.8404455993,7.93,-3.25,1.12
37160,1431521,13692.8542249598,13453.23199447,4.1,-3.83,-0.58
37161,1431521,13694.2381854181,13454.3672272435,1.79,-2.31,1.52
37162,1431521,13695.11185878,13455.0838825698,1.13,-0.66,1.65
37163,1431521,13695.4984399136,13455.4009866965,0.5,-0.63,0.0300000000000002
37164,1431521,13695.699462103,13455.5658808424,0.27,-0.23,0.4
37165,1431521,13695.7690467071,13455.6229595852,0.09,-0.18,0.05
37166,1431521,13695.7922415751,13455.6419858328,0.03,-0.06,0.12
37167,1431521,13695.8077048204,13455.6546699978,0.02,-0.01,0.05
37168,1431521,13695.8077048204,13455.6546699978,0,-0.02,-0.01
37169,1431521,13695.8077048204,13455.6546699978,0,0,0.02
37170,1431521,13695.8077048204,13455.6546699978,0,0,0
37171,1431521,13695.8077048204,13455.6546699978,0,0,0
37172,1431521,13695.8077048204,13455.6546699978,0,0,0
37173,1431521,13695.8077048204,13455.6546699978,0,0,0
37174,1431521,13695.8077048204,13455.6546699978,0,0,0
37175,1431521,13695.8077048204,13455.6546699978,0,0,0
37176,1431521,13695.8077048204,13455.6546699978,0,0,0
37177,1431521,13695.8077048204,13455.6546699978,0,0,0
37178,1431521,13695.8077048204,13455.6546699978,0,0,0
37179,1431521,13695.8077048204,13455.6546699978,0,0,0
37180,1431521,13695.8077048204,13455.6546699978,0,0,0
37181,1431521,13695.8077048204,13455.6546699978,0,0,0
37182,1431521,13695.8077048204,13455.6546699978,0,0,0
37183,1431521,13695.8077048204,13455.6546699978,0,0,0
37184,1431521,13695.8077048204,13455.6546699978,0,0,0
37185,1431521,13696.1169697273,13455.9083532992,0.39,0.39,0.39
37186,1431521,13696.7354995411,13456.4157199019,0.8,0.41,0.02
37187,1431521,13698.0112172819,13457.4621635199,1.65,0.85,0.44
37188,1431521,13700.0755605352,13459.1554995563,2.67,1.02,0.17
37189,1431521,13702.1862935246,13460.886888088,2.73,0.0600000000000001,-0.96
37190,1431521,13706.0598364832,13464.0642714373,5.01,2.28,2.22
37191,1431521,13710.9230271437,13468.0534413509,6.29,1.28,-1
37192,1431521,13722.9080439934,13476.1315050593,7.88,1.59,0.31
37193,1431521,13727.1872859572,13484.4447828855,9.35,1.47,-0.12
37194,1431521,13760.1579957309,13517.6208446538,10.58,1.23,-0.239999999999999
37195,1431521,13771.2637751817,13526.4609854235,11.97,1.39,0.16
37196,1431521,13781.3144794458,13535.8442601076,13.75,1.78,0.389999999999999
37197,1431521,13794.5007814618,13543.4723348031,14.85,1.1,-0.68
37198,1431521,13807.8650987715,13553.6524636258,16.8,1.95,0.850000000000001
37199,1431521,13822.74881168,13564.9899761421,18.71,1.91,-0.0400000000000009
37200,1431521,13838.8988735665,13577.135597649,20.2,1.49,-0.420000000000002
37201,1431521,13857.2952152834,13588.9117214821,21.9,1.7,0.210000000000001
37202,1431521,13882.2780907755,13599.7065748971,23.4,1.5,-0.199999999999999
37203,1431521,13924.3078928011,13625.7908054879,24.83,1.43,-0.0700000000000003
37204,1431521,13947.0150955358,13638.3734669003,25.99,1.16,-0.27
37205,1431521,13969.997393407,13653.6746460888,27.61,1.62,0.460000000000001
37206,1431521,13993.3118540529,13667.4780079642,27.13,-0.48,-2.1
37207,1431521,14018.8984959308,13676.2842240901,27.16,0.0300000000000011,0.510000000000002
37208,1431521,14045.5953440133,13680.791104684,27.09,-0.0700000000000003,-0.100000000000001
37209,1431521,14073.0058857341,13684.8538996055,27.71,0.620000000000001,0.690000000000001
37210,1431521,14109.0175169655,13691.5558778535,27.73,0.0199999999999996,-0.600000000000001
37211,1431521,14131.6584939138,13712.9843478034,27.16,-0.57,-0.59
37212,1431521,14139.3529759782,13739.083770231,27.25,0.0899999999999999,0.66
37213,1431521,14147.7641744831,13772.9774212919,26.23,-1.02,-1.11
37214,1431521,14154.1563274744,13796.1416454346,24.04,-2.19,-1.17
37215,1431521,14174.0209840109,13823.0295785789,21.78,-2.26,-0.0699999999999967
37216,1431521,14187.5965399603,13843.881959145,19.03,-2.75,-0.490000000000002
37217,1431521,14206.899025481,13875.0157005299,17.28,-1.75,1
37218,1431521,14211.9013359876,13889.8086715407,15.63,-1.65,0.0999999999999996
37219,1431521,14227.4476184941,13915.2172266621,13.89,-1.74,-0.0899999999999999
37220,1431521,14238.4855982002,13922.3462240675,13.14,-0.75,0.99
37221,1431521,14249.4235605249,13929.9242841588,13.31,0.17,0.92
37222,1431521,14260.1905384094,13937.4023443394,13.12,-0.190000000000001,-0.360000000000001
37223,1431521,14271.0682248891,13944.4008099815,12.94,-0.18,0.0100000000000016
37224,1431521,14282.9558420931,13951.2537258529,13.73,0.790000000000001,0.970000000000001
37225,1431521,14295.2965692888,13957.1801541433,13.69,-0.0400000000000009,-0.830000000000002
37226,1431521,14307.8024934428,13961.5383655467,13.25,-0.44,-0.399999999999999
37227,1431521,14320.2822976195,13965.6299248431,13.14,-0.109999999999999,0.33
37228,1431521,14333.2163421785,13968.4597819676,13.24,0.0999999999999996,0.209999999999999
37229,1431521,14346.7942989861,13971.1075972941,13.84,0.6,0.5
37230,1431521,14360.3643222377,13973.1974223946,13.73,-0.109999999999999,-0.709999999999999
37231,1431521,14373.3005134973,13974.0727917833,12.97,-0.76,-0.65
37232,1431521,14386.2871610872,13974.8519479786,13.01,0.0399999999999991,0.799999999999999
37233,1431521,14399.513377887,13975.6454775395,13.25,0.24,0.200000000000001
