"V1","V2","V3","V4","V5","acceleration","jerk"
46702,"1432655#1",14349.1518318253,14267.9904432665,18.86,0.120000000000001,0
46703,"1432655#1",14350.4913855801,14249.047748217,18.98,0.120000000000001,0
46704,"1432655#1",14351.8535121206,14229.785850302,19.31,0.329999999999998,0.209999999999997
46705,"1432655#1",14353.8292854066,14210.9099029799,18.98,-0.329999999999998,-0.659999999999997
46706,"1432655#1",14355.8943343278,14191.7206983859,19.3,0.32,0.649999999999999
46707,"1432655#1",14357.9315639371,14172.7900012112,19.05,-0.25,-0.57
46708,"1432655#1",14359.9180742971,14153.7735878763,19.12,0.0700000000000003,0.32
46709,"1432655#1",14361.8374931219,14134.7200230819,19.15,0.0299999999999976,-0.0400000000000027
46710,"1432655#1",14363.7699419439,14115.537112939,19.28,0.130000000000003,0.100000000000005
46711,"1432655#1",14365.62521309,14097.1203252447,18.51,-0.77,-0.900000000000002
46712,"1432655#1",14367.4864980809,14078.6438396974,18.57,0.0599999999999987,0.829999999999998
46713,"1432655#1",14369.4009053683,14059.6400231139,19.09,0.52,0.460000000000001
46714,"1432655#1",14370.6098262205,14040.6395394927,19.04,-0.0500000000000007,-0.57
46715,"1432655#1",14371.7830174914,14021.2449907163,19.44,0.400000000000002,0.450000000000003
46716,"1432655#1",14372.7119104458,13999.0809021882,18.94,-0.5,-0.900000000000002
46717,"1432655#1",14372.2459144966,13978.9162859564,20.17,1.23,1.73
46718,"1432655#1",14371.7556599581,13957.7019499902,21.22,1.05,-0.180000000000003
46719,"1432655#1",14371.2293640869,13934.9280304186,22.78,1.56,0.510000000000005
46720,"1432655#1",14370.7802336332,13915.4932193355,19.44,-3.34,-4.9
46721,"1432655#1",14370.4151996224,13899.6974366651,15.81,-3.63,-0.290000000000001
46722,"1432655#1",14370.1009931322,13886.1010667715,13.59,-2.22,1.41
46723,"1432655#1",14373.6757848275,13863.93033463,10.76,-2.83,-0.609999999999999
46724,"1432655#1",14373.8024703712,13853.3710945639,10.56,-0.199999999999999,2.63
46725,"1432655#1",14372.9932102846,13825.1533888702,11.6,1.04,1.24
46726,"1432655#1",14372.6188974952,13813.2592773045,11.9,0.300000000000001,-0.739999999999998
46727,"1432655#1",14371.8652432176,13787.2431664942,13.27,1.37,1.07
46728,"1432655#1",14371.5160608306,13772.6473427195,14.6,1.33,-0.0399999999999991
46729,"1432655#1",14371.6648721717,13757.3570273555,15.29,0.69,-0.640000000000001
46730,"1432655#1",14372.4182912773,13740.4538099206,16.92,1.63,0.940000000000003
46731,"1432655#1",14373.2273707779,13722.3018323324,18.17,1.25,-0.380000000000003
46732,"1432655#1",14371.9283430339,13692.7947322069,19.73,1.56,0.309999999999999
46733,"1432655#1",14369.2531050205,13672.0162432924,20.95,1.22,-0.34
46734,"1432655#1",14366.4757099468,13650.4443037272,21.75,0.800000000000001,-0.419999999999998
46735,"1432655#1",14363.5412483931,13627.6524337865,22.98,1.23,0.43
46736,"1432655#1",14360.4739826612,13603.8290780001,24.02,1.04,-0.190000000000001
46737,"1432655#1",14355.4653526245,13579.2766973,25.06,1.04,0
46738,"1432655#1",14347.4380932985,13547.8759695983,26.03,0.970000000000002,-0.0699999999999967
46739,"1432655#1",14337.4894868384,13511.9229173989,27.2,1.17,0.199999999999996
46740,"1432655#1",14332.4447391346,13484.7513579119,27.68,0.48,-0.689999999999998
46741,"1432655#1",14328.3066765738,13448.003552693,27.21,-0.469999999999999,-0.949999999999999
46742,"1432655#1",14327.8308553893,13404.5148269789,27.59,0.379999999999999,0.849999999999998
46743,"1432655#1",14329.7064143207,13368.4081603134,27.35,-0.239999999999998,-0.619999999999997
46744,"1432655#1",14330.9377396667,13341.4179368501,27.02,-0.330000000000002,-0.0900000000000034
46745,"1432655#1",14332.1463069335,13314.2300470888,27.23,0.210000000000001,0.540000000000003
46746,"1432655#1",14330.5437737785,13287.3146986434,26.86,-0.370000000000001,-0.580000000000002
46772,"1432655#1",14215.2760495745,13276.0525844465,7.8,-0.733076923076923,-0.0139644970414201
46773,"1432655#1",14219.3726457078,13277.0656491632,4.22,-3.58,-2.84692307692308
46774,"1432655#1",14228.7803107286,13278.8923473775,6.44,2.22,5.8
46775,"1432655#1",14237.2951228103,13280.1690913664,8.6,2.16,-0.0600000000000014
46776,"1432655#1",14247.1153416223,13281.6415731097,9.93,1.33,-0.829999999999999
46777,"1432655#1",14259.0815699834,13283.4358358583,12.09,2.16,0.83
46778,"1432655#1",14272.6696673124,13285.4732879382,13.75,1.66,-0.5
46779,"1432655#1",14286.0303074081,13287.4766341972,13.51,-0.24,-1.9
46780,"1432655#1",14299.1931586052,13289.4503232207,13.31,-0.199999999999999,0.0400000000000009
46781,"1432655#1",14311.9505425604,13291.3632149114,12.9,-0.41,-0.210000000000001
46782,"1432655#1",14324.8828008736,13293.6282279037,13.13,0.23,0.640000000000001
46783,"1432655#1",14338.383845821,13296.0695769831,13.72,0.59,0.359999999999999
46784,"1432655#1",14351.5798380036,13298.4557643851,13.41,-0.31,-0.9
46785,"1432655#1",14364.3133308331,13300.7583195664,12.95,-0.460000000000001,-0.15
46786,"1432655#1",14377.0369832507,13303.0590953388,12.92,-0.0299999999999994,0.430000000000001
46787,"1432655#1",14390.4297836687,13305.4808709197,13.61,0.69,0.719999999999999
46788,"1432655#1",14403.7340203807,13307.8866318201,13.52,-0.0899999999999999,-0.779999999999999
