"V1","V2","V3","V4","V5","acceleration","jerk"
29589,1433508,14155.2543262557,13275.3760305697,12.05,1.75,0
29590,1433508,14153.5668788042,13289.0623968186,13.8,1.75,0
29591,1433508,14151.8879970757,13302.6792891271,13.72,-0.0800000000000001,-1.83
29592,1433508,14150.2984436024,13315.5716674863,12.99,-0.73,-0.65
29593,1433508,14147.2558035132,13328.6093134057,13.4,0.41,1.14
29594,1433508,14143.809886011,13341.5586629094,13.41,0.00999999999999979,-0.4
29595,1433508,14141.4796221308,13350.9502142015,9.67,-3.74,-3.75
29596,1433508,14140.0535890897,13358.0483850761,7.24,-2.43,1.31
29597,1433508,14139.4134499483,13361.234718687,3.24,-4,-1.57
29598,1433508,14137.8522524926,13369.2817588409,3.18,-0.0600000000000001,3.94
29599,1433508,14133.0959015577,13383.1098119035,5.38,2.2,2.26
29600,1433508,14131.9556712699,13385.1282313717,2.32,-3.06,-5.26
29601,1433508,14131.4665802582,13385.8837378126,0.89,-1.43,1.63
29602,1433508,14131.1405195837,13386.3874087732,0.61,-0.28,1.15
29603,1433508,14131.1024791717,13386.4461703853,0.06,-0.55,-0.27
29604,1433508,14131.1024791717,13386.4461703853,0,-0.06,0.49
29605,1433508,14127.2430444864,13392.7156849272,2.58,2.58,2.64
29606,1433508,14125.1476705771,13397.0785977363,4.84,2.26,-0.32
29607,1433508,14123.3293709037,13400.864596455,4.2,-0.64,-2.9
29608,1433508,14120.5586285443,13406.6337373597,6.4,2.2,2.84
29609,1433508,14118.4502667802,13411.0236930168,4.87,-1.53,-3.73
29610,1433508,14114.6241875566,13421.9473447169,7.06,2.19,3.72
29611,1433508,14113.7867000906,13426.001751547,4.14,-2.92,-5.11
29612,1433508,14107.8547632016,13441.1958691969,6.27,2.13,5.05
29613,1433508,14106.7696321559,13449.0310839747,7.91,1.64,-0.489999999999999
29614,1433508,14105.4718648117,13458.4016442525,9.45,1.54,-0.100000000000001
29615,1433508,14107.2177426982,13469.8566045788,11.11,1.66,0.120000000000001
29616,1433508,14106.1216841135,13482.3467931464,12.55,1.44,-0.219999999999999
29617,1433508,14105.0583529602,13495.3232998743,13.01,0.459999999999999,-0.980000000000002
29618,1433508,14104.0808905138,13508.8666280883,13.59,0.58,0.120000000000001
29619,1433508,14103.4212631797,13522.0100862246,13.16,-0.43,-1.01
29620,1433508,14102.7651445016,13535.0836323495,13.09,-0.0700000000000003,0.359999999999999
29621,1433508,14102.0725125208,13548.8762520882,13.8,0.710000000000001,0.780000000000001
29622,1433508,14102.6155772719,13570.6257465872,13.83,0.0299999999999994,-0.680000000000001
29623,1433508,14103.6886590774,13584.4441435795,13.85,0.0199999999999996,-0.00999999999999979
29624,1433508,14104.7377397747,13597.9534710865,13.55,-0.299999999999999,-0.319999999999999
29625,1433508,14105.7426894021,13610.8945095397,12.98,-0.57,-0.270000000000001
29626,1433508,14106.7491874881,13623.8554879597,13,0.0199999999999996,0.59
29627,1433508,14107.1869028253,13636.6761882309,12.83,-0.17,-0.19
29628,1433508,14107.4714798168,13647.0022676387,10.33,-2.5,-2.33
29629,1433508,14107.6990312157,13655.259132683,8.26,-2.07,0.43
29630,1433508,14107.6654987038,13660.7985330023,5.54,-2.72,-0.649999999999999
29631,1433508,14107.6210203605,13664.6982793629,3.9,-1.64,1.08
29632,1433508,14107.5841831684,13667.9280692974,3.23,-0.67,0.97
29633,1433508,14107.5535045162,13670.6178943513,2.69,-0.54,0.13
29634,1433508,14107.5341165204,13672.3177837905,1.7,-0.99,-0.45
29635,1433508,14107.5021833508,13675.1176016904,2.81,1.11,2.1
29636,1433508,14107.4541695495,13679.3273278899,4.2,1.39,0.28
29637,1433508,14107.4336410833,13681.1272108256,1.8,-2.4,-3.79
29638,1433508,14107.4194992511,13682.3671301813,1.24,-0.56,1.84
29639,1433508,14097.0138943194,13691.9507681331,3.35,2.11,2.67
29640,1433508,14092.0031824955,13691.0012009916,5.1,1.75,-0.360000000000001
29641,1433508,14085.6130101842,13690.0539429323,6.46,1.36,-0.389999999999999
29642,1433508,14076.9279153089,13688.7664931241,8.78,2.32,0.959999999999999
29643,1433508,14066.7689262009,13687.2605580979,10.27,1.49,-0.829999999999999
29644,1433508,14054.839285632,13685.4921475414,12.06,1.79,0.300000000000001
29645,1433508,14041.2873722162,13683.4832566107,13.7,1.64,-0.150000000000002
29646,1433508,14026.5879975185,13681.3042698055,14.87,1.17,-0.469999999999999
29647,1433508,14010.6846110731,13677.7936371509,16.29,1.42,0.25
29648,1433508,13992.9817267225,13674.7071011541,18.24,1.95,0.529999999999999
29649,1433508,13976.017552,13665.5880676639,19.27,1.03,-0.919999999999998
29650,1433508,13961.261708681,13655.7766718435,17.72,-1.55,-2.58
29651,1433508,13945.6564883763,13645.400511704,18.74,1.02,2.57
29652,1433508,13931.3921221742,13636.8619007513,16.65,-2.09,-3.11
29653,1433508,13919.7128800952,13630.8406961825,13.14,-3.51,-1.42
29654,1433508,13911.7398233482,13626.4414100936,9.11,-4.03,-0.520000000000003
29655,1433508,13906.3765500828,13623.3591467953,6.18,-2.93,1.1
29656,1433508,13903.1947855449,13621.9744900056,3.48,-2.7,0.23
29657,1433508,13875.3644183799,13611.2309819933,5.87,2.39,5.09
29658,1433508,13867.7893747599,13608.7211783843,7.98,2.11,-0.28
29659,1433508,13859.0986609744,13605.6446762151,9.22,1.24,-0.87
29660,1433508,13848.3481082189,13601.7332550601,11.44,2.22,0.979999999999999
29661,1433508,13836.5523551282,13595.5602637942,13.34,1.9,-0.319999999999999
29662,1433508,13819.5389479902,13584.4438352266,14.7,1.36,-0.540000000000001
29663,1433508,13806.5413173335,13574.1771848834,16.58,1.88,0.52
29664,1433508,13790.6383081732,13564.9708529961,18.37,1.79,-0.0899999999999963
29665,1433508,13776.8357381489,13553.2929785303,18.08,-0.290000000000003,-2.08000000000001
29666,1433508,13764.3684664678,13542.8237122317,16.28,-1.8,-1.50999999999999
29667,1433508,13755.0026966485,13534.9589010013,12.24,-4.04,-2.24
29668,1433508,13748.3631852557,13529.3834379295,8.66,-3.58,0.460000000000001
29669,1433508,13745.0015129533,13525.5537164493,5.14,-3.52,0.0599999999999996
29670,1433508,13743.5467040554,13523.4594311128,2.55,-2.59,0.930000000000001
29671,1433508,13742.8849086352,13522.5067366068,1.17,-1.38,1.21
29672,1433508,13742.8335624388,13522.4328206537,0.08,-1.09,0.29
29673,1433508,13742.8107419071,13522.399969119,0.04,-0.04,1.05
29674,1433508,13742.7936265083,13522.375330468,0.03,-0.01,0.03
29675,1433508,13742.7936265083,13522.375330468,0,-0.03,-0.02
29676,1433508,13742.7936265083,13522.375330468,0,0,0.03
29677,1433508,13742.7936265083,13522.375330468,0,0,0
29678,1433508,13742.7936265083,13522.375330468,0,0,0
29679,1433508,13742.7936265083,13522.375330468,0,0,0
29680,1433508,13742.7936265083,13522.375330468,0,0,0
29681,1433508,13742.7936265083,13522.375330468,0,0,0
29682,1433508,13742.7936265083,13522.375330468,0,0,0
29683,1433508,13742.7936265083,13522.375330468,0,0,0
29684,1433508,13742.7936265083,13522.375330468,0,0,0
29685,1433508,13742.7936265083,13522.375330468,0,0,0
29686,1433508,13742.7936265083,13522.375330468,0,0,0
29687,1433508,13742.7936265083,13522.375330468,0,0,0
29688,1433508,13742.7936265083,13522.375330468,0,0,0
29689,1433508,13742.7936265083,13522.375330468,0,0,0
29690,1433508,13742.7936265083,13522.375330468,0,0,0
29691,1433508,13742.7936265083,13522.375330468,0,0,0
29692,1433508,13742.7936265083,13522.375330468,0,0,0
29693,1433508,13742.7936265083,13522.375330468,0,0,0
29694,1433508,13742.7936265083,13522.375330468,0,0,0
29695,1433508,13742.7936265083,13522.375330468,0,0,0
29696,1433508,13742.7936265083,13522.375330468,0,0,0
29697,1433508,13742.7936265083,13522.375330468,0,0,0
29698,1433508,13742.7936265083,13522.375330468,0,0,0
29699,1433508,13742.7936265083,13522.375330468,0,0,0
29700,1433508,13715.1674762702,13492.8326442096,2.52,2.52,2.52
29701,1433508,13711.9285269263,13490.8152469631,3.84,1.32,-1.2
29702,1433508,13707.7701829199,13487.4332689732,5.35,1.51,0.19
29703,1433508,13694.1189605219,13476.7280933079,7.58,2.23,0.720000000000001
29704,1433508,13686.6254526758,13471.0695210356,9.39,1.81,-0.42
29705,1433508,13677.3811860844,13465.0086078932,11.07,1.68,-0.130000000000001
29706,1433508,13666.2872731306,13458.4060935711,12.91,1.84,0.16
29707,1433508,13651.8616358807,13453.4952256853,14.55,1.64,-0.199999999999999
29708,1433508,13638.1656050859,13445.0699577093,16.08,1.53,-0.110000000000003
29709,1433508,13622.8086750342,13435.6229688033,18.03,1.95,0.420000000000005
29710,1433508,13605.8504677504,13425.190936129,19.91,1.88,-0.0700000000000038
29711,1433508,13601.4043682013,13422.4558677935,5.22,-14.69,-16.57
29712,1433508,13599.4709111177,13421.2664798392,2.27,-2.95,11.74
29713,1433508,13598.5254761561,13420.6848848483,1.11,-1.16,1.79
29714,1433508,13598.42,13420.62,0.24,-0.87,0.29
29715,1433508,13598.42,13420.62,0.18,-0.06,0.81
29716,1433508,13598.42,13420.62,0.01,-0.17,-0.11
29717,1433508,13598.42,13420.62,0.01,0,0.17
29718,1433508,13598.42,13420.62,0,-0.01,-0.01
29719,1433508,13598.42,13420.62,0,0,0.01
29720,1433508,13596.028792524,13419.7485229509,2.2,2.2,2.2
29721,1433508,13592.0944440765,13418.3970414329,4.16,1.96,-0.24
29722,1433508,13586.5712241406,13416.4997693018,5.84,1.68,-0.28
29723,1433508,13579.0524572757,13413.9170101509,7.95,2.11,0.430000000000001
29724,1433508,13569.5072410045,13411.2769609144,9.94,1.99,-0.120000000000001
29725,1433508,13557.5691805327,13409.0718957969,12.14,2.2,0.210000000000002
29726,1433508,13544.2494300248,13406.6412817142,13.54,1.4,-0.800000000000002
29727,1433508,13529.7774669008,13404.3007938727,14.65,1.11,-0.289999999999997
29728,1433508,13517.3588246019,13402.2923807044,12.59,-2.06,-3.17
29729,1433508,13509.106054362,13400.9576959599,8.36,-4.23,-2.17
29730,1433508,13503.5680111747,13400.0620522497,5.61,-2.75,1.48
29731,1433508,13501.4258447369,13399.7156089608,2.16,-3.45,-0.700000000000001
29732,1433508,13500.4386712632,13399.5559576755,1,-1.16,2.29
29733,1433508,13500.34,13399.54,0.41,-0.59,0.57
29734,1433508,13500.34,13399.54,0.17,-0.24,0.35
29735,1433508,13500.34,13399.54,0.07,-0.1,0.14
29736,1433508,13496.2441719593,13397.1391090636,1.43,1.36,1.46
29737,1433508,13493.4623456527,13396.6191644509,2.83,1.4,0.0400000000000003
29738,1433508,13488.6654154846,13395.7225815144,4.89,2.06,0.659999999999999
29739,1433508,13481.5781477566,13394.397916971,7.21,2.32,0.260000000000001
29740,1433508,13472.485605942,13392.6984513641,9.24,2.03,-0.29
29741,1433508,13461.8891085624,13390.7178849594,10.79,1.55,-0.480000000000001
29742,1433508,13448.6284646155,13392.3639851086,10.65,-0.139999999999999,-1.69
29743,1433508,13447.5893673602,13401.0721624659,8.77,-1.88,-1.74
29744,1433508,13446.7448264277,13406.8911959435,5.88,-2.89,-1.01
29745,1433508,13446.1846717275,13410.7507589643,3.89,-1.99,0.9
29746,1433508,13444.5386516298,13425.8493742298,5.6,1.71,3.7
29747,1433508,13443.983443149,13432.9276327404,7.1,1.5,-0.21
29748,1433508,13443.3023352802,13441.6109611386,8.71,1.61,0.110000000000001
29749,1433508,13442.4617027212,13452.3280426864,10.76,2.05,0.439999999999998
29750,1433508,13441.4873509366,13464.7498879036,12.46,1.7,-0.349999999999998
29751,1433508,13440.4480944985,13477.99919151,13.28,0.819999999999999,-0.880000000000003
29752,1433508,13439.4221317847,13491.0790156873,13.12,-0.16,-0.979999999999999
29753,1433508,13438.0579554367,13511.6299825811,13.18,0.0600000000000005,0.220000000000001
29754,1433508,13437.8318608138,13524.8980563381,13.27,0.0899999999999999,0.0299999999999994
29755,1433508,13437.5992917404,13538.5460749352,13.65,0.380000000000001,0.290000000000001
29756,1433508,13437.3634854419,13552.3840659523,13.84,0.19,-0.190000000000001
29757,1433508,13437.1339832135,13565.8521106777,13.48,-0.359999999999999,-0.549999999999999
29758,1433508,13436.9060144075,13579.2301684674,13.38,-0.0999999999999996,0.26
29759,1433508,13436.6860534744,13592.1382944812,12.91,-0.470000000000001,-0.370000000000001
29760,1433508,13436.4567216263,13605.5963406582,13.46,0.550000000000001,1.02
29761,1433508,13436.2369310734,13618.4944681236,12.9,-0.56,-1.11
29762,1433508,13436.0960265872,13626.7632676692,8.27,-4.63,-4.07
29763,1433508,13436.0048731409,13632.1124910754,5.35,-2.92,1.71
29764,1433508,13435.9508625942,13635.2820309254,3.17,-2.18,0.74
29765,1433508,13425.1772254168,13641.5714925002,4.88,1.71,3.89
29766,1433508,13419.1913044779,13638.4089538816,6.77,1.89,0.18
29767,1433508,13412.0117360845,13634.6157760998,8.12,1.35,-0.54
