"V1","V2","V3","V4","V5","acceleration","jerk"
53974,1433503,13829.8974832118,14265.6910870758,13.6,0.120000000000001,0
53975,1433503,13828.371380606,14252.0461645462,13.72,0.120000000000001,0
53976,1433503,13827.1053712338,14240.7267422876,11.4,-2.32,-2.44
53977,1433503,13826.0305603261,14231.7433237791,9.05,-2.35,-0.0299999999999994
53978,1433503,13824.2911618846,14222.5667180307,9.33,0.279999999999999,2.63
53979,1433503,13819.1704838791,14198.2036292456,9.25,-0.0800000000000001,-0.359999999999999
53980,1433503,13818.561769712,14188.486912038,9.76,0.51,0.59
53981,1433503,13816.4974985817,14177.5607101733,11.12,1.36,0.85
53982,1433503,13813.8092860288,14164.9541399311,12.89,1.77,0.410000000000002
53983,1433503,13811.4788366103,14152.078278114,13.09,0.199999999999999,-1.57
53984,1433503,13809.8081414709,14139.0171151296,13.18,0.0899999999999999,-0.109999999999999
53985,1433503,13809.0602777967,14126.2990846247,12.74,-0.44,-0.529999999999999
53986,1433503,13808.3144096444,14113.4212068534,12.9,0.16,0.6
53987,1433503,13808.6375054559,14104.7172015055,8.71,-4.19,-4.35
53988,1433503,13808.8181571898,14099.85055328,4.87,-3.84,0.349999999999999
53989,1433503,13818.4577496357,14089.2233058007,6.45,1.58,5.42
53990,1433503,13826.7630899423,14089.3230243009,8.32,1.87,0.29
53991,1433503,13836.9229994173,14089.3659132246,10.16,1.84,-0.0300000000000002
53992,1433503,13849.0021272966,14089.5013640601,12.08,1.92,0.0800000000000001
53993,1433503,13862.1808573994,14089.6843200087,13.18,1.1,-0.82
53994,1433503,13875.0770145376,14087.0607523285,13.17,-0.00999999999999979,-1.11
53995,1433503,13888.6689827227,14084.1988472195,13.89,0.720000000000001,0.73
53996,1433503,13902.0848130913,14081.3740294336,13.71,-0.18,-0.9
53997,1433503,13914.6786669821,14078.7222858229,12.87,-0.840000000000002,-0.660000000000002
53998,1433503,13927.6639382432,14075.9881259383,13.27,0.4,1.24
53999,1433503,13937.0873114342,14074.0039541456,9.62,-3.65,-4.05
54000,1433503,13947.0865132848,14068.2611514955,8.25,-1.37,2.28
54001,1433503,13947.4660418959,14060.6005472091,7.67,-0.58,0.789999999999999
54002,1433503,13947.8594255279,14052.6602859213,7.95,0.28,0.86
54003,1433503,13948.2523143378,14044.7300123836,7.94,-0.00999999999999979,-0.29
54004,1433503,13948.651635836,14036.6698980953,8.06,0.12,0.13
54005,1433503,13948.530737274,14029.2745671741,7.4,-0.66,-0.78
54006,1433503,13948.2948825265,14021.7782765888,7.5,0.0999999999999996,0.76
54007,1433503,13948.0426751831,14013.7622431897,8.02,0.52,0.42
54008,1433503,13947.8989610235,14009.1945034598,4.57,-3.45,-3.97
54009,1433503,13947.8216006663,14006.7357201478,2.46,-2.11,1.34
54010,1433503,13956.649896411,14001.1771963537,4.79,2.33,4.44
54011,1433503,13962.929637232,14001.1201418125,6.28,1.49,-0.84
54012,1433503,13970.7593128456,13997.7487327847,7.85,1.57,0.0799999999999992
54013,1433503,13980.4089145849,13997.6610613956,9.65,1.8,0.230000000000001
54014,1433503,13991.3784618471,13997.5613976508,10.97,1.32,-0.48
54015,1433503,14004.3679257428,13997.4433819675,12.98,2.01,0.69
54016,1433503,14017.9373657017,13997.3200969157,13.57,0.59,-1.42
54017,1433503,14029.7266290716,13985.0917930673,13.48,-0.0899999999999999,-0.68
54018,1433503,14027.9461254006,13967.3926451067,13.07,-0.41,-0.32
54019,1433503,14026.4895388139,13954.3828880197,13.14,0.0700000000000003,0.48
54020,1433503,14026.101147128,13941.0585474394,13.33,0.19,0.119999999999999
54021,1433503,14026.8164790062,13927.3610436985,13.72,0.390000000000001,0.200000000000001
54022,1433503,14027.976138126,13915.6379058853,11.8,-1.92,-2.31
54023,1433503,14029.5519947141,13907.1123222681,8.67,-3.13,-1.21
54024,1433503,14030.4080828952,13902.4807768428,4.71,-3.96,-0.829999999999999
54025,1433503,14030.8115894264,13900.2977554322,2.22,-2.49,1.47
54026,1433503,14031.0933169595,13898.7735738167,1.55,-0.67,1.82
54027,1433503,14031.2023727787,13898.18356803,0.61,-0.94,-0.27
54028,1433503,14031.2223663456,13898.0754003025,0.1,-0.51,0.43
54029,1433503,14031.2332719275,13898.0163997238,0.07,-0.03,0.48
54030,1433503,14031.2387247185,13897.9868994345,0.03,-0.04,-0.01
54031,1433503,14031.2387247185,13897.9868994345,0,-0.03,0.01
54032,1433503,14031.2387247185,13897.9868994345,0,0,0.03
54033,1433503,14031.2387247185,13897.9868994345,0,0,0
54034,1433503,14031.2387247185,13897.9868994345,0,0,0
54035,1433503,14031.2387247185,13897.9868994345,0,0,0
54036,1433503,14031.2387247185,13897.9868994345,0,0,0
54037,1433503,14031.2387247185,13897.9868994345,0,0,0
54038,1433503,14031.2387247185,13897.9868994345,0,0,0
54039,1433503,14031.2387247185,13897.9868994345,0,0,0
54040,1433503,14031.2387247185,13897.9868994345,0,0,0
54041,1433503,14031.2387247185,13897.9868994345,0,0,0
54042,1433503,14031.2387247185,13897.9868994345,0,0,0
54043,1433503,14031.2387247185,13897.9868994345,0,0,0
54044,1433503,14031.2387247185,13897.9868994345,0,0,0
54045,1433503,14041.6267148892,13887.1822293512,1.53,1.53,1.53
54046,1433503,14044.867565943,13885.8605317885,3.5,1.97,0.44
54047,1433503,14049.293642525,13884.0554705458,4.79,1.29,-0.68
54048,1433503,14055.2753276129,13881.615994473,6.46,1.67,0.38
54049,1433503,14062.9083292741,13880.5479135523,7.93,1.47,-0.2
54050,1433503,14072.243123031,13881.4677100055,9.38,1.45,-0.0199999999999987
54051,1433503,14082.9910731989,13882.5267506979,10.79,1.41,-0.0400000000000027
54052,1433503,14095.7707783783,13883.3077050278,12.82,2.03,0.620000000000003
54053,1433503,14108.7201971039,13883.9477155448,12.97,0.15,-1.88
54054,1433503,14122.2894359842,13884.8619125744,13.6,0.629999999999999,0.479999999999999
54055,1433503,14135.1432409558,13885.6619074861,12.88,-0.719999999999999,-1.35
54056,1433503,14150.9276250294,13885.7056715367,13.06,0.18,0.899999999999999
54057,1433503,14165.6629391797,13884.8763272435,13.19,0.129999999999999,-0.0500000000000007
54058,1433503,14176.254529597,13880.7729295253,11.44,-1.75,-1.88
54059,1433503,14185.1502717911,13874.4206127191,10.93,-0.51,1.24
54060,1433503,14204.0300623131,13876.9724805417,10.47,-0.459999999999999,0.0500000000000007
54061,1433503,14207.8126567017,13888.3601964793,12.01,1.54,2
54062,1433503,14212.4081116272,13900.2317883703,12.73,0.720000000000001,-0.819999999999999
54063,1433503,14233.7832911493,13923.2395873249,13.38,0.65,-0.0700000000000003
54064,1433503,14244.8714011468,13930.7210495385,13.38,0,-0.65
54065,1433503,14256.088366403,13938.6023968312,13.71,0.33,0.33
54066,1433503,14266.9431033737,13945.7671282572,13.01,-0.700000000000001,-1.03
54067,1433503,14278.1347211888,13952.4790721396,13.05,0.0400000000000009,0.740000000000002
54068,1433503,14290.4874850632,13958.5319227438,13.76,0.709999999999999,0.669999999999998
54069,1433503,14302.5627685148,13963.2323781816,12.98,-0.779999999999999,-1.49
54070,1433503,14315.1000664948,13967.4884044222,13.24,0.26,1.04
54071,1433503,14327.9867436231,13970.6766444956,13.3,0.0600000000000005,-0.199999999999999
54072,1433503,14340.996429804,13973.5350471041,13.32,0.0199999999999996,-0.0400000000000009
54073,1433503,14353.9316589669,13975.540528846,13.08,-0.24,-0.26
54074,1433503,14367.3172651455,13977.0039859032,13.49,0.41,0.65
54075,1433503,14380.6532631835,13977.8044584701,13.35,-0.140000000000001,-0.550000000000001
54076,1433503,14395.9797320401,13975.4334703965,13.47,0.120000000000001,0.260000000000002
