"V1","V2","V3","V4","V5","acceleration","jerk"
30546,1433642,14349.534158384,14262.5839447321,19.37,-0.830000000000002,0
30547,1433642,14350.8412637593,14244.1001038017,18.54,-0.830000000000002,0
30548,1433642,14352.2949433584,14225.1675814193,18.98,0.440000000000001,1.27
30549,1433642,14354.2872340793,14206.6544731529,18.63,-0.350000000000001,-0.790000000000003
30550,1433642,14356.3276736092,14187.693948199,19.07,0.440000000000001,0.790000000000003
30551,1433642,14358.3081946212,14169.2902084562,18.51,-0.559999999999999,-1
30552,1433642,14360.2548496105,14150.4305081003,18.95,0.439999999999998,0.999999999999996
30553,1433642,14362.1421945959,14131.695331856,18.83,-0.120000000000001,-0.559999999999999
30554,1433642,14364.0114980467,14113.1392491711,18.65,-0.18,-0.0599999999999987
30555,1433642,14365.9519653286,14093.8767418907,19.37,0.720000000000002,0.900000000000002
30556,1433642,14367.8513380037,14075.0221699401,18.95,-0.420000000000002,-1.14
30557,1433642,14369.6733261376,14056.1212405489,18.99,0.0399999999999991,0.460000000000001
30558,1433642,14370.8042511249,14037.4254145797,18.73,-0.259999999999998,-0.299999999999997
30559,1433642,14371.967781531,14018.1905738734,19.27,0.539999999999999,0.799999999999997
30560,1433642,14372.6326657207,13995.6518177224,19.31,0.0399999999999991,-0.5
30561,1433642,14372.1615870195,13975.267260213,20.39,1.08,1.04
30562,1433642,14371.658856635,13953.5130683833,21.76,1.37,0.289999999999999
30563,1433642,14371.1260918067,13930.4592235492,23.07,1.31,-0.0600000000000023
30564,1433642,14370.6300614136,13908.9949543128,21.47,-1.6,-2.91
30565,1433642,14370.1726137292,13889.2002393208,19.8,-1.67,-0.0699999999999967
30566,1433642,14373.7379279256,13858.7507074006,19.03,-0.77,0.899999999999999
30567,1433642,14372.9277841836,13823.0744181091,19.08,0.0499999999999972,0.819999999999997
30568,1433642,14371.9424938415,13790.4722425758,19.85,0.770000000000003,0.720000000000006
30569,1433642,14371.4756417735,13770.9578261319,19.52,-0.330000000000002,-1.1
30570,1433642,14371.9253628199,13751.5128298381,19.46,-0.0599999999999987,0.270000000000003
30571,1433642,14372.8724800999,13730.2639270698,21.28,1.82,1.88
30572,1433642,14372.6919670588,13698.7257758207,21.72,0.439999999999998,-1.38
30573,1433642,14369.7766599539,13676.0826778771,22.83,1.11,0.670000000000002
30574,1433642,14366.6455460594,13651.7634154339,24.51,1.68,0.570000000000004
30575,1433642,14363.4888928998,13627.2457903281,24.72,0.209999999999997,-1.47000000000001
30576,1433642,14360.2173130475,13601.8355332402,25.62,0.900000000000002,0.690000000000005
30577,1433642,14354.6382395462,13575.4756469247,26.95,1.33,0.429999999999996
30578,1433642,14346.0875490649,13543.1449622771,27.06,0.109999999999999,-1.22
30579,1433642,14336.2152269832,13507.0156613609,27.34,0.280000000000001,0.170000000000002
30580,1433642,14331.8778969897,13480.6806343911,26.72,-0.620000000000001,-0.900000000000002
30581,1433642,14327.9305401149,13443.549406157,27.56,0.84,1.46
30582,1433642,14328.8240661498,13391.3912293362,27.48,-0.0799999999999983,-0.919999999999998
30583,1433642,14329.8544953615,13364.5510017731,26.86,-0.620000000000001,-0.540000000000003
30584,1433642,14331.1973938704,13337.3061270667,27.29,0.43,1.05
30585,1433642,14332.0207307716,13309.5156242557,27.71,0.420000000000002,-0.00999999999999801
30586,1433642,14330.2231579458,13282.4953516454,27.07,-0.640000000000001,-1.06
