"V1","V2","V3","V4","V5","acceleration","jerk"
19288,1434600,14400.2941222207,13323.5950914051,12.96,0.67,0
19289,1434600,14386.8503669627,13321.349574858,13.63,0.67,0
19290,1434600,14373.6531956236,13319.1452453349,13.38,-0.25,-0.92
19291,1434600,14360.2094403656,13316.8997287878,13.63,0.25,0.5
19292,1434600,14346.9333621725,13314.682219417,13.46,-0.17,-0.42
19293,1434600,14334.0616816063,13312.5322567656,13.05,-0.41,-0.24
19294,1434600,14320.4403859267,13310.2570855612,13.8,0.75,1.16
19295,1434600,14307.6476122146,13308.1203027574,12.98,-0.82,-1.57
19296,1434600,14294.3813973782,13305.9044408676,13.45,0.469999999999999,1.29
19297,1434600,14280.7206482716,13303.6226797394,13.85,0.4,-0.0699999999999985
19298,1434600,14267.3360731542,13301.387048078,13.57,-0.279999999999999,-0.68
19299,1434600,14253.9514980367,13299.1514164167,13.57,0,0.279999999999999
19300,1434600,14240.5570595625,13296.9141372744,13.58,0.00999999999999979,0.00999999999999979
19301,1434600,14224.4856103958,13294.0695009151,13.63,0.0500000000000007,0.0400000000000009
19302,1434600,14211.3497752188,13291.6878346488,13.35,-0.280000000000001,-0.330000000000002
19303,1434600,14198.6960793105,13289.3935853466,12.86,-0.49,-0.209999999999999
19304,1434600,14185.0289069804,13286.9155820179,13.89,1.03,1.52
19305,1434600,14172.2177778415,13284.5927884009,13.03,-0.860000000000001,-1.89
19306,1434600,14158.8261136648,13282.164737623,13.61,0.58,1.44
19307,1434600,14145.5820431419,13279.7634471403,13.46,-0.149999999999999,-0.729999999999999
19308,1434600,14132.8988285028,13277.4638457791,12.89,-0.57,-0.420000000000002
19340,1434600,13728.4275020024,13279.9657203039,13.1,0.00656249999999997,0.018017578125
19341,1434600,13717.4871614829,13288.0446199645,13.61,0.51,0.5034375
19342,1434600,13701.5085563434,13299.0132305521,13.3,-0.309999999999999,-0.819999999999999
19343,1434600,13689.8657078821,13306.3468299212,13.76,0.459999999999999,0.769999999999998
19344,1434600,13678.4090096142,13313.5631769748,13.54,-0.220000000000001,-0.68
19345,1434600,13667.2146138915,13320.6143048565,13.23,-0.309999999999999,-0.0899999999999981
19346,1434600,13655.9948340516,13327.6814216904,13.26,0.0299999999999994,0.339999999999998
19347,1434600,13645.0571131752,13335.2973135371,13.33,0.0700000000000003,0.0400000000000009
19348,1434600,13633.8326165523,13343.2218498366,13.75,0.42,0.35
19349,1434600,13623.188133947,13350.7368940857,13.03,-0.720000000000001,-1.14
19350,1434600,13612.1270215544,13358.5460805118,13.54,0.51,1.23
19351,1434600,13593.664467707,13373.5006625307,9.56,-3.98,-4.49
19352,1434600,13588.599965561,13377.0423031129,6.17,-3.39,0.589999999999998
19353,1434600,13585.4858703903,13379.2200109142,3.8,-2.37,1.02
19354,1434600,13584.6417866993,13379.8102843446,1.03,-2.77,-0.399999999999999
19355,1434600,13581.4985322193,13381.831101222,3.24,2.21,4.98
19356,1434600,13576.7057283379,13384.7659659469,5.62,2.38,0.17
19357,1434600,13570.5017141115,13387.7060952962,6.91,1.29,-1.09
19358,1434600,13556.6935081137,13393.7508714688,8.24,1.33,0.04
19359,1434600,13547.0099044516,13394.6999342256,9.73,1.49,0.16
19360,1434600,13535.8334533597,13395.7953067599,11.23,1.5,0.00999999999999979
19361,1434600,13523.522438221,13397.0018747252,12.37,1.14,-0.360000000000001
19362,1434600,13510.4052854701,13398.2874499703,13.18,0.81,-0.329999999999998
19363,1434600,13493.3640479034,13396.6007918497,13.84,0.66,-0.15
19364,1434600,13480.1135112914,13394.1241652138,13.47,-0.369999999999999,-1.03
19365,1434600,13466.6663791807,13391.6107933756,13.68,0.209999999999999,0.579999999999998
19366,1434600,13453.9761397399,13389.2388905663,12.91,-0.77,-0.979999999999999
19367,1434600,13447.7866654397,13399.4441174624,9.73,-3.18,-2.41
19368,1434600,13446.8453670149,13406.1984538628,6.81,-2.92,0.259999999999999
19369,1434600,13446.316810785,13409.840297944,3.69,-3.12,-0.199999999999999
19370,1434600,13435.6418775019,13417.7052318213,5.99,2.3,5.42
19371,1434600,13427.7269181172,13417.9877525077,7.92,1.93,-0.370000000000001
19372,1434600,13417.8931806998,13418.3387630575,9.84,1.92,-0.00999999999999979
19373,1434600,13410.7877057976,13418.5923895828,7.11,-2.73,-4.65
19374,1434600,13405.531053479,13418.7800232709,5.26,-1.85,0.879999999999999
