"V1","V2","V3","V4","V5","acceleration","jerk"
20927,144212,14352.9833900452,14260.5593908955,18.73,0.390000000000001,0
20928,144212,14351.0218460453,14241.5464808777,19.12,0.390000000000001,0
20929,144212,14352.5902560539,14222.4234257364,19.2,0.0799999999999983,-0.310000000000002
20930,144212,14354.5985963778,14203.7611785742,18.77,-0.43,-0.509999999999998
20931,144212,14356.5780474163,14185.3673814244,18.5,-0.27,0.16
20932,144212,14358.5960175019,14166.6156509247,18.86,0.359999999999999,0.629999999999999
20933,144212,14360.5715787743,14147.2864211682,19.43,0.57,0.210000000000001
20934,144212,14362.5190622085,14127.9542663925,19.43,0,-0.57
20935,144212,14364.379344892,14109.4877304873,18.56,-0.870000000000001,-0.870000000000001
20936,144212,14366.3047775616,14090.3744678397,19.2,0.640000000000001,1.51
20937,144212,14368.2392309986,14071.1716584124,19.31,0.109999999999999,-0.530000000000001
20938,144212,14369.9311504673,14051.8590314251,19.39,0.0800000000000018,-0.0299999999999976
20939,144212,14371.0518107858,14033.3328952805,18.57,-0.82,-0.900000000000002
20940,144212,14372.1766977326,14014.7368868551,18.62,0.0500000000000007,0.870000000000001
20941,144212,14372.5508796195,13992.1127626178,19.4,0.779999999999998,0.729999999999997
20942,144212,14372.0599319785,13970.8684346592,21.25,1.85,1.07
20943,144212,14371.5373326542,13948.2544723804,22.62,1.37,-0.48
20944,144212,14370.9900126723,13924.5707957056,23.69,1.07,-0.300000000000001
20945,144212,14370.40457205,13899.2375594481,25.35,1.66,0.59
20946,144212,14373.7056567028,13861.440513819,26.38,1.03,-0.630000000000003
20947,144212,14372.7554115713,13817.5971297579,27.24,0.859999999999999,-0.169999999999998
20948,144212,14371.625359701,13777.2160355038,27.62,0.380000000000003,-0.479999999999997
20949,144212,14372.0055137886,13749.7146152174,27.53,-0.0899999999999999,-0.470000000000002
20950,144212,14373.2340500253,13722.151981114,27.59,0.0599999999999987,0.149999999999999
20951,144212,14370.9386965134,13685.1081790285,27.33,-0.260000000000002,-0.32
20952,144212,14367.4640795041,13658.1209387724,27.21,-0.119999999999997,0.140000000000004
20953,144212,14363.9396609278,13630.7468913242,27.6,0.390000000000001,0.509999999999998
20954,144212,14360.4446125064,13603.600960938,27.38,-0.220000000000002,-0.610000000000003
20955,144212,14354.8848850914,13576.6091221009,27.57,0.190000000000001,0.410000000000004
20956,144212,14346.3345998393,13544.0103904457,27.32,-0.25,-0.440000000000001
20957,144212,14336.4992336176,13508.109389038,27.11,-0.210000000000001,0.0399999999999991
20958,144212,14332.208899702,13483.0576992208,25.45,-1.66,-1.45
20959,144212,14328.4480432966,13449.6775943441,23.81,-1.64,0.0199999999999996
20960,144212,14327.2818565877,13411.1521608047,22.62,-1.19,0.450000000000003
20961,144212,14329.2989996435,13379.0203426187,23.39,0.77,1.96
20962,144212,14330.0831386267,13358.5953891046,20.44,-2.95,-3.72
20963,144212,14331.01084619,13340.2602428334,18.36,-2.08,0.869999999999997
20964,144212,14335.2407327618,13322.9973499491,17.42,-0.939999999999998,1.14
20965,144212,14334.9343556637,13303.6381299536,18.92,1.5,2.44
20966,144212,14333.5729000265,13283.1733666139,20.51,1.59,0.0899999999999999
