"V1","V2","V3","V4","V5","acceleration","jerk"
43435,1443521,14400.3865477485,13995.8206467493,13.79,-0.76,0
43436,1443521,14387.4025519179,13994.853045452,13.03,-0.76,0
43437,1443521,14373.7673866355,13993.8783675268,13.67,0.640000000000001,1.4
43438,1443521,14360.1700926279,13992.9347067439,13.63,-0.0399999999999991,-0.68
43439,1443521,14336.0569225351,13990.3137234017,13.65,0.0199999999999996,0.0599999999999987
43440,1443521,14322.5529903693,13988.7000889758,13.6,-0.0500000000000007,-0.0700000000000003
43441,1443521,14309.614890447,13986.9294724771,13.06,-0.539999999999999,-0.489999999999998
43442,1443521,14296.8514827933,13984.4430829361,13.01,-0.0500000000000007,0.489999999999998
43443,1443521,14283.9613044389,13982.0025876481,13.11,0.0999999999999996,0.15
43444,1443521,14271.1183715884,13977.2784472471,13.72,0.610000000000001,0.510000000000002
43445,1443521,14258.4790817328,13972.754490047,13.44,-0.280000000000001,-0.890000000000002
43446,1443521,14245.7247407581,13968.4849132175,13.45,0.00999999999999979,0.290000000000001
43447,1443521,14228.6111006955,13959.319826534,13.78,0.33,0.32
43448,1443521,14215.5501042113,13955.0539185603,13.74,-0.0399999999999991,-0.369999999999999
43449,1443521,14202.4104990609,13950.5361905039,13.43,-0.31,-0.270000000000001
43450,1443521,14188.2240077254,13946.28380185,12.89,-0.539999999999999,-0.229999999999999
43451,1443521,14174.763811002,13944.683855905,13.56,0.67,1.21
43452,1443521,14161.3075253775,13943.1805438126,13.54,-0.0200000000000014,-0.690000000000001
43453,1443521,14148.3378620588,13941.7347452787,13.04,-0.5,-0.479999999999999
43454,1443521,14135.136397093,13939.978439109,13.33,0.290000000000001,0.790000000000001
43455,1443521,14121.6451025354,13936.9822129557,13.82,0.49,0.199999999999999
43456,1443521,14109.0533795782,13933.7104320141,13.01,-0.81,-1.3
43457,1443521,14097.1712801307,13928.7721065869,12.92,-0.0899999999999999,0.720000000000001
43458,1443521,14086.1630155018,13920.9965740518,13.48,0.56,0.65
43459,1443521,14074.9586313168,13913.3403533165,13.62,0.139999999999999,-0.420000000000002
43460,1443521,14062.0009663613,13910.6402299836,13.14,-0.479999999999999,-0.619999999999997
43461,1443521,14049.5736569654,13904.4466062353,13.89,0.75,1.23
43462,1443521,14026.3201030965,13889.9661180841,13.41,-0.48,-1.23
43463,1443521,14012.9907443183,13889.9860159154,13.35,-0.0600000000000005,0.42
43464,1443521,13999.7599783834,13886.3172650682,13.72,0.370000000000001,0.430000000000001
43465,1443521,13986.5484852322,13882.6538583593,13.71,-0.00999999999999979,-0.380000000000001
43466,1443521,13973.2275160361,13880.895578979,13.44,-0.270000000000001,-0.260000000000002
43467,1443521,13959.8328310945,13882.2073573761,13.5,0.0600000000000005,0.330000000000002
43468,1443521,13936.9726859976,13882.3252459663,13.37,-0.130000000000001,-0.190000000000001
43469,1443521,13923.1847849714,13881.6139050912,13.83,0.460000000000001,0.590000000000002
43470,1443521,13910.3949354054,13879.4002772817,12.99,-0.84,-1.3
43471,1443521,13891.1213190264,13877.388166056,13.58,0.59,1.43
43472,1443521,13878.0844607094,13876.247140601,13.11,-0.470000000000001,-1.06
43473,1443521,13864.7797961106,13874.4664351796,13.43,0.32,0.790000000000001
43474,1443521,13851.9290953092,13873.1300636324,12.92,-0.51,-0.83
43475,1443521,13838.9023435874,13868.4457840433,13.24,0.32,0.83
43476,1443521,13825.8633719323,13867.9027995891,13.06,-0.18,-0.5
43477,1443521,13812.5154669613,13867.6662982478,13.35,0.289999999999999,0.469999999999999
43478,1443521,13799.270285391,13868.4593621463,13.27,-0.0800000000000001,-0.369999999999999
43479,1443521,13786.3970299345,13869.4708498012,12.92,-0.35,-0.27
43480,1443521,13772.8206374343,13871.4507403742,13.72,0.800000000000001,1.15
43481,1443521,13759.8253001305,13873.7016218602,13.19,-0.530000000000001,-1.33
43482,1443521,13736.7976639152,13875.2844887612,13.36,0.17,0.700000000000001
43483,1443521,13724.9860653209,13878.0012034399,12.11,-1.25,-1.42
43484,1443521,13716.3150502187,13881.3242317328,9.29,-2.82,-1.57
43485,1443521,13711.2474918462,13883.3024764451,5.44,-3.85,-1.03
43486,1443521,13706.7403150425,13891.8542250105,3,-2.44,1.41
43487,1443521,13704.563274191,13892.5316415225,2.28,-0.72,1.72
43488,1443521,13702.4716679019,13892.46950653,2.09,-0.19,0.53
43489,1443521,13700.0348417837,13892.3450940325,2.45,0.36,0.55
43490,1443521,13698.5767409097,13892.2706504889,1.46,-0.99,-1.35
43491,1443521,13697.997495357,13892.2410770264,0.58,-0.88,0.11
43492,1443521,13697.8876384418,13892.2354682663,0.11,-0.47,0.41
43493,1443521,13696.7391343287,13892.1768312285,1.15,1.04,1.51
43494,1443521,13694.5819439946,13892.0666955749,2.16,1.01,-0.0299999999999996
43495,1443521,13691.4660024008,13891.907610742,3.12,0.96,-0.0500000000000003
43496,1443521,13690.5172381334,13891.85917145,0.95,-2.17,-3.13
43497,1443521,13657.9511474536,13902.0215106038,3.01,2.06,4.23
43498,1443521,13655.6662606136,13903.7249753461,2.85,-0.16,-2.22
43499,1443521,13643.8853080941,13909.4770018276,4.36,1.51,1.67
43500,1443521,13638.0566641411,13910.5130084246,5.92,1.56,0.0499999999999994
43501,1443521,13631.026846941,13911.7625163812,7.14,1.22,-0.34
43502,1443521,13622.7871636507,13909.8754739405,7.78,0.640000000000001,-0.579999999999999
43503,1443521,13608.1047409851,13911.4401195225,9.13,1.35,0.71
43504,1443521,13597.5153876909,13911.557152899,10.6,1.47,0.119999999999998
43505,1443521,13586.1266691703,13911.6981606096,11.38,0.780000000000001,-0.689999999999998
43506,1443521,13573.1452909021,13912.5606675709,13.02,1.64,0.859999999999998
43507,1443521,13561.5109426618,13913.3336753471,11.65,-1.37,-3.01
43508,1443521,13548.9386624021,13914.1690010743,12.6,0.949999999999999,2.32
43509,1443521,13536.6856781489,13914.9831121799,12.29,-0.31,-1.26
43510,1443521,13525.5302739184,13915.7242980237,11.18,-1.11,-0.799999999999999
43511,1443521,13515.3826477088,13916.3985252178,10.17,-1.01,0.0999999999999996
43512,1443521,13507.0310615363,13916.9534201652,8.37,-1.8,-0.790000000000001
43513,1443521,13499.782916129,13918.0911806452,7.33,-1.04,0.760000000000002
43514,1443521,13493.410811381,13919.1531981032,6.47,-0.86,0.179999999999999
43515,1443521,13488.2815629771,13920.0080728372,5.19,-1.28,-0.419999999999999
43516,1443521,13485.3223812056,13920.5012697991,3.01,-2.18,-0.900000000000001
43517,1443521,13482.6591176112,13920.9451470648,2.7,-0.31,1.87
43518,1443521,13475.4712727346,13925.2828901808,0,-2.7,-2.39
43519,1443521,13466.6297052598,13926.4997416342,2.15,2.15,4.85
43520,1443521,13462.5179187308,13927.0616237752,4.15,2,-0.149999999999999
43521,1443521,13456.5434433647,13927.8780452959,6.03,1.88,-0.120000000000001
43522,1443521,13449.0728721772,13928.8989106799,7.54,1.51,-0.37
43523,1443521,13440.0566655716,13930.1309895916,9.1,1.56,0.0499999999999998
43524,1443521,13429.8047351576,13932.2624848315,10.49,1.39,-0.169999999999999
43525,1443521,13418.3049575301,13935.2836128523,11.9,1.41,0.0199999999999996
43526,1443521,13408.0528429084,13937.9769649986,10.6,-1.3,-2.71
