"V1","V2","V3","V4","V5","acceleration","jerk"
69644,1445147,13686.2668000004,14263.2563783309,13.04,-2.94,0
69645,1445147,13683.3919845515,14253.5741556453,10.1,-2.94,0
69646,1445147,13683.361044471,14247.7942645341,6.04,-4.06,-1.12
69647,1445147,13684.6202200015,14243.7350802585,4.25,-1.79,2.27
69648,1445147,13681.5350512661,14223.9942986388,5.64,1.39,3.18
69649,1445147,13675.0765593728,14207.4248734642,6.97,1.33,-0.0599999999999996
69650,1445147,13672.8707564507,14199.5271248312,8.2,1.23,-0.100000000000001
69651,1445147,13670.1699928728,14189.8571984563,10.05,1.85,0.620000000000002
69652,1445147,13667.0495887391,14178.684773561,11.59,1.54,-0.310000000000002
69653,1445147,13663.5767941385,14166.2506351645,12.91,1.32,-0.219999999999999
69654,1445147,13659.961429349,14153.3060325272,13.44,0.529999999999999,-0.790000000000001
69655,1445147,13656.5947340489,14139.8246444375,13.81,0.370000000000001,-0.159999999999998
69656,1445147,13650.400360694,14117.5502684443,13.34,-0.470000000000001,-0.840000000000002
69657,1445147,13649.1520312697,14104.4876103046,13.14,-0.199999999999999,0.270000000000001
69658,1445147,13648.546996684,14081.38077347,13.52,0.379999999999999,0.579999999999998
69659,1445147,13648.3979357389,14067.6015797042,13.78,0.26,-0.119999999999999
69660,1445147,13648.2565550021,14054.5323443981,13.07,-0.709999999999999,-0.969999999999999
69661,1445147,13646.4707137339,14041.236694904,13.5,0.43,1.14
69662,1445147,13643.4169798261,14028.5490154778,13.05,-0.449999999999999,-0.879999999999999
69663,1445147,13640.2813450089,14015.5210534617,13.41,0.359999999999999,0.809999999999999
69664,1445147,13637.2346311791,14002.8625411147,13.01,-0.4,-0.76
69665,1445147,13636.7932087315,13984.8340515796,13.49,0.48,0.880000000000001
69666,1445147,13640.5169809456,13970.7065740801,14.62,1.13,0.649999999999999
69667,1445147,13644.5517047066,13955.3993893562,15.83,1.21,0.0800000000000018
69668,1445147,13648.948355678,13938.7191027808,17.25,1.42,0.209999999999999
69669,1445147,13652.509005769,13925.2104880876,13.96,-3.29,-4.71
69670,1445147,13643.2945671529,13909.5820024962,13.17,-0.790000000000001,2.5
69671,1445147,13629.9241305175,13911.9585176293,13.58,0.41,1.2
69672,1445147,13610.3746396909,13914.7076839044,13.74,0.16,-0.25
69673,1445147,13596.9555081976,13914.860359923,13.42,-0.32,-0.48
69674,1445147,13583.3729815043,13915.1842375566,13.58,0.16,0.48
69675,1445147,13569.563566122,13916.1038281165,13.85,0.27,0.109999999999999
69676,1445147,13556.5124712375,13916.972920929,13.08,-0.77,-1.04
69677,1445147,13542.7529453616,13917.8891892687,13.79,0.709999999999999,1.48
69678,1445147,13529.7417620823,13918.7556243049,13.04,-0.75,-1.46
69679,1445147,13516.3913301592,13919.6446504388,13.38,0.340000000000002,1.09
69680,1445147,13503.5248891213,13920.804398513,12.93,-0.450000000000001,-0.790000000000003
69681,1445147,13494.2627561348,13922.3487406191,9.39,-3.54,-3.09
69682,1445147,13487.8414051506,13923.4194186926,6.5,-2.89,0.649999999999999
69683,1445147,13485.2274911554,13923.8552553892,2.65,-3.85,-0.96
69684,1445147,13483.4322747512,13924.1545847431,1.83,-0.82,3.03
69685,1445147,13480.255495167,13924.6194780035,3.34,1.51,2.33
69686,1445147,13467.9771822909,13926.3156067639,5.62,2.28,0.77
69687,1445147,13460.466979426,13927.3418878793,7.59,1.97,-0.31
69688,1445147,13450.6878630307,13928.678219622,9.87,2.28,0.31
69689,1445147,13439.0064261208,13930.2745064758,11.78,1.91,-0.369999999999999
69690,1445147,13425.9166690463,13933.2839259285,13.45,1.67,-0.24
69691,1445147,13412.8984178381,13936.7039749747,13.47,0.0200000000000014,-1.65
