"V1","V2","V3","V4","V5","acceleration","jerk"
25614,144755,14392.0779460432,13322.2227397663,13.23,0.52,0
25615,144755,14378.5158305042,13319.9574534477,13.75,0.52,0
25616,144755,14365.0030317489,13317.7004045339,13.69,-0.0600000000000005,-0.58
25617,144755,14351.4211894963,13315.4318232534,13.78,0.0899999999999999,0.15
25618,144755,14338.3226517248,13313.2439685398,13.27,-0.51,-0.6
25619,144755,14325.3326108776,13311.0742361169,13.18,-0.0899999999999999,0.42
25620,144755,14312.2044830358,13308.8814389604,13.3,0.120000000000001,0.210000000000001
25621,144755,14298.9777216264,13306.6721669944,13.42,0.119999999999999,-1.77635683940025e-15
25622,144755,14285.4254694441,13304.4085281568,13.74,0.32,0.200000000000001
25623,144755,14272.1789813212,13302.1959612289,13.43,-0.31,-0.630000000000001
25624,144755,14258.4886421443,13299.9092576578,13.88,0.450000000000001,0.760000000000002
25625,144755,14245.5775081511,13297.7527050825,13.08,-0.800000000000001,-1.25
25626,144755,14229.5333133514,13294.9847030085,13.61,0.529999999999999,1.33
25627,144755,14215.8661410212,13292.5066996797,13.89,0.280000000000001,-0.249999999999998
25628,144755,14203.1238889207,13290.1963942004,12.95,-0.940000000000001,-1.22
25629,144755,14190.411155551,13287.8914407802,12.93,-0.0199999999999996,0.920000000000002
25630,144755,14177.4917910661,13285.5490229467,13.12,0.19,0.209999999999999
25631,144755,14164.5133891197,13283.1959009953,13.19,0.0700000000000003,-0.119999999999999
25632,144755,14151.2988373275,13280.7999625716,13.43,0.24,0.17
25633,144755,14137.8776544201,13278.3665597347,13.63,0.200000000000001,-0.0399999999999991
25634,144755,14124.3855834473,13275.2866431406,13.85,0.219999999999999,0.0199999999999978
25657,144755,13832.6856094352,13275.4242153654,21.84,0.347391304347826,0.00553875236294901
25658,144755,13826.1172992055,13297.4768206701,23.01,1.17,0.822608695652176
25659,144755,13818.9962068186,13316.0869470397,19.93,-3.08,-4.25
25660,144755,13812.8775653092,13331.8297017566,16.89,-3.04,0.0400000000000027
25661,144755,13808.218848328,13343.8161923227,12.85,-4.04,-1
25662,144755,13802.5701686659,13359.4649082033,13.52,0.67,4.71
25663,144755,13798.2480856001,13372.0218982078,13.27,-0.25,-0.92
25664,144755,13793.7860555676,13384.985477497,13.71,0.440000000000001,0.690000000000001
25665,144755,13789.3468075994,13397.8828678329,13.64,-0.0700000000000003,-0.510000000000002
25666,144755,13784.9173233731,13410.7518914746,13.61,-0.0300000000000011,0.0399999999999991
25667,144755,13780.3394998457,13423.5254210551,13.57,-0.0399999999999991,-0.00999999999999801
25668,144755,13775.7160957422,13435.9959516973,13.3,-0.27,-0.23
25669,144755,13771.0023093029,13448.7102671489,13.56,0.26,0.529999999999999
25670,144755,13766.35109525,13461.2558085017,13.38,-0.18,-0.44
25671,144755,13756.4059061797,13496.6063730904,13.33,-0.0500000000000007,0.129999999999999
25672,144755,13762.2936175856,13510.3757608587,15.13,1.8,1.85
25673,144755,13772.8426494515,13527.9350125739,16.58,1.45,-0.350000000000003
25674,144755,13786.0364830491,13540.2526931591,18.05,1.47,0.0200000000000049
25675,144755,13800.8386006765,13552.4305361643,19.19,1.14,-0.330000000000002
25676,144755,13817.3238087309,13564.9991802997,20.73,1.54,0.399999999999999
25677,144755,13835.1349530769,13578.5491970808,22.38,1.65,0.109999999999999
25678,144755,13850.9338814739,13589.4418533916,19.19,-3.19,-4.84
25679,144755,13864.9346840772,13595.9024844408,15.44,-3.75,-0.560000000000004
25680,144755,13896.5498924903,13622.9871417763,13.51,-1.93,1.82
25681,144755,13894.9717558839,13635.8125057566,12.97,-0.539999999999999,1.39
25682,144755,13895.0643931193,13664.3773578566,13.88,0.91,1.45
25683,144755,13895.38226375,13677.8736150512,13.5,-0.380000000000001,-1.29
25684,144755,13883.1500792388,13691.9710153647,13.62,0.119999999999999,0.5
25685,144755,13869.4202584726,13692.0411703822,13.73,0.110000000000001,-0.00999999999999801
25686,144755,13855.6104387506,13692.111734169,13.81,0.0800000000000001,-0.0300000000000011
25687,144755,13842.0806153735,13692.1808672635,13.54,-0.270000000000001,-0.350000000000001
25688,144755,13828.3407947378,13692.2510733773,13.74,0.200000000000001,0.470000000000002
25689,144755,13814.8709705775,13692.3198998949,13.47,-0.27,-0.470000000000001
25690,144755,13801.6511431536,13692.3874490086,13.22,-0.25,0.0199999999999996
25691,144755,13788.1513193849,13692.4564288147,13.51,0.289999999999999,0.539999999999999
25692,144755,13765.5402491478,13692.0555424506,12.49,-1.02,-1.31
25693,144755,13755.1056504361,13690.8854357349,10.49,-2,-0.98
25694,144755,13746.6784697623,13689.9404352636,8.49,-2,0
25695,144755,13740.5071499528,13689.2484007203,6.2,-2.29,-0.29
25696,144755,13733.3023079852,13688.4404698928,7.26,1.06,3.35
25697,144755,13725.5210786602,13687.5679045991,7.82,0.56,-0.499999999999999
25698,144755,13717.2628391084,13686.6418487127,8.32,0.5,-0.0600000000000005
25699,144755,13707.7524477111,13685.5753800204,9.57,1.25,0.75
25700,144755,13696.5191590358,13693.2394097132,11.49,1.92,0.67
25701,144755,13699.7654835607,13706.2608450058,13.42,1.93,0.00999999999999979
25702,144755,13701.0083375174,13721.34995191,15.35,1.93,0
25703,144755,13699.5174854424,13738.4852184703,17.2,1.85,-0.0800000000000001
25704,144755,13697.3759869418,13769.1599751083,18.41,1.21,-0.639999999999999
25705,144755,13697.5251615752,13787.0993548893,17.94,-0.469999999999999,-1.68
25706,144755,13697.6655220999,13803.9787713165,16.88,-1.06,-0.590000000000003
25707,144755,13697.7768625872,13817.3683083995,13.4,-3.48,-2.42
25708,144755,13694.5727368081,13828.9279097861,11.53,-1.87,1.61
25709,144755,13694.6853245749,13842.4674416833,13.54,2.01,3.88
25710,144755,13689.4806776495,13863.2324298007,10.07,-3.47,-5.48
25711,144755,13685.4808552537,13868.6570543025,6.74,-3.33,0.139999999999999
25712,144755,13682.8385682241,13872.2624406868,4.47,-2.27,1.06
25713,144755,13655.987964401,13899.363922489,6.22,1.75,4.02
25714,144755,13653.3729870774,13901.3105846571,3.25,-2.97,-4.72
25715,144755,13642.0450942109,13906.4511914549,5.24,1.99,4.96
25716,144755,13635.2418068811,13907.6608945211,6.91,1.67,-0.32
25717,144755,13626.9321476823,13909.1384479045,8.43,1.52,-0.15
25718,144755,13611.3235195826,13911.3777136722,10.12,1.69,0.17
25719,144755,13599.7052539529,13911.5329505294,11.62,1.5,-0.19
25720,144755,13586.1067131699,13911.6994865235,13.6,1.98,0.48
25721,144755,13572.9656868984,13912.5726007956,13.17,-0.43,-2.41
25722,144755,13559.2758706156,13913.4821776986,13.72,0.550000000000001,0.98
25723,144755,13549.7369024185,13914.1159645202,9.56,-4.16,-4.71
25724,144755,13537.9628621753,13914.8982536934,11.8,2.24,6.4
25725,144755,13530.3596260182,13915.4034268713,7.62,-4.18,-6.42
25726,144755,13520.5013618146,13916.0584283146,9.88,2.26,6.44
25727,144755,13511.8404576356,13916.6338749267,8.68,-1.2,-3.46
25728,144755,13504.3203281786,13917.3349453036,7.56,-1.12,0.080000000000001
25729,144755,13498.1948219116,13918.3558630147,6.21,-1.35,-0.23
25730,144755,13495.2257762008,13918.8507039665,3.01,-3.2,-1.85
25731,144755,13489.9387047691,13919.7318825385,5.36,2.35,5.55
25732,144755,13483.1363599593,13924.2039247465,7.11,1.75,-0.600000000000001
25733,144755,13467.3034437754,13926.407674199,9.34,2.23,0.48
25734,144755,13456.6326146388,13927.8658599,10.77,1.43,-0.8
25735,144755,13446.4869052277,13929.2522871589,10.24,-0.529999999999999,-1.96
25736,144755,13437.3022639931,13930.5073829294,9.27,-0.970000000000001,-0.440000000000001
25737,144755,13428.8665699516,13932.5089519619,8.68,-0.59,0.380000000000001
25738,144755,13421.1194531479,13934.5442114611,8.01,-0.67,-0.0800000000000001
25739,144755,13413.3433209254,13936.5870936552,8.04,0.0299999999999994,0.699999999999999
25740,144755,13406.0507790153,13938.5029309367,7.54,-0.499999999999999,-0.529999999999998
