"V1","V2","V3","V4","V5","acceleration","jerk"
56081,1448440,14257.1488932783,13935.3309209407,0,2.22,0
56082,1448440,14258.983798765,13936.5805296214,2.22,2.22,0
56083,1448440,14262.554425658,13939.0122005677,4.32,2.1,-0.12
56084,1448440,14268.0739505097,13942.6079293551,6.59,2.27,0.169999999999999
56085,1448440,14274.8518208815,13946.6663124349,7.9,1.31,-0.959999999999999
56086,1448440,14283.100072652,13951.3229901718,9.48,1.58,0.27
56087,1448440,14293.0069091663,13956.0805830799,10.99,1.51,-0.0700000000000003
56088,1448440,14304.8854063204,13960.5499310672,12.71,1.72,0.210000000000001
56089,1448440,14317.8891745641,13964.9561665878,13.73,1.02,-0.700000000000001
56090,1448440,14330.5885038203,13967.8848336545,13.04,-0.690000000000001,-1.71
56091,1448440,14343.2461283034,13970.5611681528,12.94,-0.0999999999999996,0.590000000000002
56092,1448440,14356.4109287194,13972.5885876967,13.31,0.370000000000001,0.470000000000001
56093,1448440,14369.7968138017,13973.8625813109,13.46,0.15,-0.220000000000001
56094,1448440,14382.7335511395,13974.6387430551,12.97,-0.49,-0.640000000000001
56095,1448440,14396.5487089138,13975.4676071398,13.83,0.859999999999999,1.35
