"V1","V2","V3","V4","V5","acceleration","jerk"
58815,1451604,13409.4896282762,13362.0768008278,13.01,0.00999999999999979,0
58816,1451604,13422.2925640351,13364.4987289754,13.02,0.00999999999999979,0
58817,1451604,13434.7122960377,13366.8481665645,12.64,-0.379999999999999,-0.389999999999999
58818,1451604,13457.9795554079,13370.0506814721,13.44,0.799999999999999,1.18
58819,1451604,13471.4526466304,13370.902628013,13.5,0.0600000000000005,-0.739999999999998
58820,1451604,13484.9756381909,13371.7577299114,13.55,0.0500000000000007,-0.00999999999999979
58821,1451604,13498.1992277241,13372.5938996644,13.25,-0.300000000000001,-0.350000000000001
58822,1451604,13511.642378744,13373.4439529907,13.47,0.220000000000001,0.520000000000001
58823,1451604,13525.3898384363,13373.8992660443,13.79,0.319999999999999,0.0999999999999979
58824,1451604,13538.8679122003,13372.7150246784,13.53,-0.26,-0.579999999999998
58825,1451604,13551.8719511143,13370.3016119978,13.29,-0.24,0.0199999999999996
58826,1451604,13573.0058065777,13358.3746938307,12.73,-0.559999999999999,-0.319999999999999
58827,1451604,13583.9581171818,13350.5676846446,13.46,0.73,1.29
58828,1451604,13594.7557111305,13342.8709603466,13.26,-0.200000000000001,-0.930000000000001
58829,1451604,13605.6265919159,13335.1219958385,13.35,0.0899999999999999,0.290000000000001
58830,1451604,13616.2287543,13327.5645787676,13.02,-0.33,-0.42
58831,1451604,13627.2380657771,13319.716938307,13.52,0.5,0.83
58832,1451604,13638.4183798733,13311.7474040226,13.73,0.210000000000001,-0.289999999999999
58833,1451604,13649.4730486936,13304.0340412198,13.48,-0.25,-0.460000000000001
58834,1451604,13660.5975964168,13296.350628049,13.51,0.0299999999999994,0.279999999999999
58835,1451604,13671.5658080403,13288.7751918383,13.34,-0.17,-0.199999999999999
58836,1451604,13682.8466918632,13280.9838017072,13.71,0.370000000000001,0.540000000000001
58878,1451604,14210.5157244344,13275.78567825,13.21,-0.0119047619047619,-0.00909297052154197
58879,1451604,14225.2794472246,13278.3674143089,13.77,0.559999999999999,0.571904761904761
58880,1451604,14238.412630087,13280.3366547471,13.28,-0.49,-1.05
58881,1451604,14252.1292902001,13282.39338403,13.87,0.59,1.08
58882,1451604,14265.7371664189,13284.4338018334,13.76,-0.109999999999999,-0.699999999999999
58883,1451604,14278.9890226204,13286.4208366129,13.4,-0.359999999999999,-0.25
58884,1451604,14292.230989377,13288.4063885306,13.39,-0.00999999999999979,0.35
58885,1451604,14305.7399711465,13290.4319777162,13.66,0.27,0.279999999999999
58886,1451604,14319.1753620474,13292.5961707127,13.6,-0.0600000000000005,-0.33
58887,1451604,14332.7649707008,13295.0535344727,13.81,0.210000000000001,0.270000000000001
58888,1451604,14345.6755909421,13297.3881190151,13.12,-0.690000000000001,-0.900000000000002
58889,1451604,14358.6944557128,13299.742277056,13.23,0.110000000000001,0.800000000000002
58890,1451604,14371.7133204835,13302.0964350968,13.23,0,-0.110000000000001
58891,1451604,14384.9880359603,13304.4968577704,13.49,0.26,0.26
58892,1451604,14398.4792404959,13306.9364274408,13.71,0.220000000000001,-0.0399999999999991
