"V1","V2","V3","V4","V5","acceleration","jerk"
55378,1453504,14349.6780598932,14260.5490264645,18.52,0.68,0
55379,1453504,14351.0331324382,14241.386879445,19.2,0.68,0
55380,1453504,14352.5966758951,14222.3637701781,19.1,-0.0999999999999979,-0.779999999999998
55381,1453504,14354.6189258749,14203.5722693061,18.9,-0.200000000000003,-0.100000000000005
55382,1453504,14356.6379659342,14184.8105962134,18.87,-0.0299999999999976,0.170000000000005
55383,1453504,14358.6623558611,14165.9992101554,18.92,0.0500000000000007,0.0799999999999983
55384,1453504,14360.5525349322,14147.4754643698,18.62,-0.300000000000001,-0.350000000000001
55385,1453504,14362.4569191447,14128.5711442083,19,0.379999999999999,0.68
55386,1453504,14364.3332387479,14109.945414028,18.72,-0.280000000000001,-0.66
55387,1453504,14366.2426344978,14090.9913456555,19.05,0.330000000000002,0.610000000000003
55388,1453504,14368.1139425636,14072.4153636862,18.67,-0.379999999999999,-0.710000000000001
55389,1453504,14369.8140124815,14053.7954917765,18.7,0.0299999999999976,0.409999999999997
55390,1453504,14370.9823733199,14034.4807970351,19.35,0.650000000000002,0.620000000000005
55391,1453504,14372.1000146181,14016.0045696624,18.51,-0.84,-1.49
55392,1453504,14372.6005519691,13994.2621887407,18.51,0,0.84
55393,1453504,14372.1472629,13974.6474257031,19.62,1.11,1.11
55394,1453504,14371.6680980024,13953.9129616155,20.74,1.12,0.00999999999999801
55395,1453504,14371.1498883276,13931.488948622,22.42,1.68,0.560000000000006
55396,1453504,14370.6892061647,13911.5542709987,19.94,-2.48,-4.16
55397,1453504,14370.3177031968,13895.4785630657,16.08,-3.86,-1.38
55398,1453504,14370.0168966892,13882.4620383589,13.02,-3.06,0.800000000000004
55399,1453504,14373.6988185627,13862.0104727998,9.03,-3.99,-0.930000000000001
55400,1453504,14373.7942350038,13850.8903860372,11.03,2,5.99
55401,1453504,14372.8975875216,13822.1148931425,12.27,1.24,-0.76
55402,1453504,14372.0549018702,13795.1708981745,14.18,1.91,0.67
55403,1453504,14371.6868253678,13779.7853003737,15.39,1.21,-0.699999999999999
55404,1453504,14371.4333249288,13762.5518695931,17.24,1.85,0.639999999999997
55405,1453504,14372.2793629316,13743.5707152632,19,1.76,-0.0899999999999963
55406,1453504,14373.1841783114,13723.2708702114,20.32,1.32,-0.440000000000001
55407,1453504,14371.853002202,13692.209562352,21.29,0.969999999999999,-0.350000000000001
55408,1453504,14368.9542956194,13669.6954001391,22.7,1.41,0.440000000000001
55409,1453504,14365.8372283207,13645.4852371605,24.41,1.71,0.300000000000001
55410,1453504,14362.5107390486,13619.6485003479,26.05,1.64,-0.0700000000000003
55411,1453504,14358.340048979,13592.4875459052,27.5,1.45,-0.190000000000001
55412,1453504,14350.6222356822,13559.2067726912,27.77,0.27,-1.18
55413,1453504,14343.0845096513,13532.6252020955,27.64,-0.129999999999999,-0.399999999999999
55414,1453504,14334.0652732469,13496.3890711405,27.26,-0.379999999999999,-0.25
55415,1453504,14329.2920362905,13459.6720215827,27.24,-0.0200000000000031,0.359999999999996
55416,1453504,14328.6404281365,13415.9370062827,27.62,0.380000000000003,0.400000000000006
55417,1453504,14329.2709946798,13379.7498052442,27.69,0.0700000000000003,-0.310000000000002
55418,1453504,14330.319070855,13352.4499163006,27.32,-0.370000000000001,-0.440000000000001
55419,1453504,14331.8821460096,13325.4269180654,27.07,-0.25,0.120000000000001
55420,1453504,14331.2547045379,13298.0010767696,27.35,0.280000000000001,0.530000000000001
55471,1453504,14214.256754328,13275.800518581,4.19,-0.454117647058824,-0.0143944636678201
55472,1453504,14218.7222382649,13276.9048071347,4.6,0.409999999999999,0.864117647058823
55473,1453504,14228.6121901649,13278.8671387273,6.95,2.35,1.94
55474,1453504,14237.2160072509,13280.1572284722,8.7,1.75,-0.600000000000001
55475,1453504,14247.5999244237,13281.7142333367,10.5,1.8,0.0500000000000016
55476,1453504,14260.0507355862,13283.5811563124,12.58,2.08,0.279999999999999
55477,1453504,14273.6487223601,13285.620091254,13.75,1.17,-0.91
55478,1453504,14286.6632318834,13287.5715373509,13.16,-0.59,-1.76
55479,1453504,14299.351389724,13289.4740490091,12.84,-0.32,0.27
55480,1453504,14312.8405926038,13291.4966724712,13.64,0.800000000000001,1.12
55481,1453504,14325.8176399917,13293.797271754,13.18,-0.460000000000001,-1.26
55482,1453504,14338.2460800563,13296.0446652578,12.63,-0.549999999999999,-0.0899999999999981
55483,1453504,14351.4617530624,13298.4344114777,13.43,0.799999999999999,1.35
55484,1453504,14364.4609370096,13300.7850107007,13.2,-0.23,-1.03
55485,1453504,14377.7848545452,13303.194330419,13.55,0.350000000000001,0.580000000000002
55486,1453504,14390.8824426101,13305.5627237314,13.31,-0.24,-0.590000000000002
55487,1453504,14403.763541616,13307.891970047,13.09,-0.220000000000001,0.0199999999999996
