"V1","V2","V3","V4","V5","acceleration","jerk"
65967,1457386,13406.7649920988,13364.9185675103,13.23,0.23,0
65968,1457386,13419.7673495378,13364.0210347821,13.46,0.23,0
65969,1457386,13433.3563442842,13366.5916615112,13.84,0.379999999999999,0.149999999999999
65970,1457386,13456.0833425691,13369.9307778849,12.92,-0.92,-1.3
65971,1457386,13469.4266929133,13370.7745204961,13.37,0.449999999999999,1.37
65972,1457386,13482.6602625141,13371.6113213206,13.26,-0.109999999999999,-0.559999999999999
65973,1457386,13496.2331544124,13372.4695785766,13.61,0.35,0.459999999999999
65974,1457386,13508.7880794183,13373.2634665383,12.58,-1.03,-1.38
65975,1457386,13521.652386519,13374.0769177169,12.88,0.300000000000001,1.33
65976,1457386,13534.6342231022,13373.0870147601,13.03,0.149999999999999,-0.150000000000002
65977,1457386,13548.2144671808,13371.3688098594,13.74,0.710000000000001,0.560000000000002
65978,1457386,13570.0987620531,13360.446888834,12.96,-0.779999999999999,-1.49
65979,1457386,13580.7497823282,13352.8546449564,13.09,0.129999999999999,0.909999999999998
65980,1457386,13591.9382394063,13344.8793062042,13.73,0.640000000000001,0.510000000000002
65981,1457386,13602.8498351011,13337.1013193571,13.4,-0.33,-0.970000000000001
65982,1457386,13613.7451448321,13329.3349414455,13.38,-0.0199999999999996,0.31
65983,1457386,13624.1844475789,13321.8936137306,12.82,-0.56,-0.540000000000001
65984,1457386,13635.3321897477,13313.9472973174,13.7,0.879999999999999,1.44
65985,1457386,13646.2475881111,13306.2617763996,13.35,-0.35,-1.23
65986,1457386,13657.3556794028,13298.5897292245,13.49,0.140000000000001,0.49
65987,1457386,13668.4884553418,13290.9006330557,13.53,0.0399999999999991,-0.100000000000001
65988,1457386,13679.2921026499,13283.4388568032,13.13,-0.399999999999999,-0.439999999999998
65989,1457386,13690.1615756841,13275.9316165675,13.21,0.0800000000000001,0.479999999999999
66030,1457386,14207.7220667565,13275.3335977496,12.99,-0.0053658536585366,-0.00208209399167163
66031,1457386,14220.594609555,13277.4166824582,13.05,0.0600000000000005,0.0653658536585371
66032,1457386,14235.2381182656,13279.860656117,13.63,0.58,0.52
66033,1457386,14248.9251100439,13281.9129368147,13.84,0.209999999999999,-0.370000000000001
66034,1457386,14262.5725440424,13283.9592860652,13.8,-0.0399999999999991,-0.249999999999998
66035,1457386,14275.9035158033,13285.9581837389,13.48,-0.32,-0.280000000000001
66036,1457386,14289.6300653613,13288.0163958836,13.88,0.4,0.720000000000001
66037,1457386,14302.990705457,13290.0197421426,13.51,-0.370000000000001,-0.770000000000001
66038,1457386,14316.0461111048,13292.0303186666,13.21,-0.299999999999999,0.0700000000000021
66039,1457386,14328.8288059931,13294.3417708927,12.99,-0.220000000000001,0.0799999999999983
66040,1457386,14341.5032563519,13296.6336496203,12.88,-0.109999999999999,0.110000000000001
66041,1457386,14355.1420670641,13299.099910425,13.86,0.979999999999999,1.09
66042,1457386,14367.9346023641,13301.41314206,13,-0.859999999999999,-1.84
66043,1457386,14381.120754135,13303.797550053,13.4,0.4,1.26
66044,1457386,14394.3167463175,13306.183737455,13.41,0.00999999999999979,-0.390000000000001
