"V1","V2","V3","V4","V5","acceleration","jerk"
58083,146070,13828.04,13598.19,0,1.73,0
58084,146070,13827.2056095818,13599.7054842889,1.73,1.73,0
58085,146070,13825.1847449274,13603.3759346766,4.2,2.47,0.74
58086,146070,13822.0835134887,13609.0086306176,6.43,2.23,-0.240000000000001
58087,146070,13818.962989786,13614.6763666578,6.47,0.04,-2.19
58088,146070,13816.9710635276,13618.2942568967,4.13,-2.34,-2.38
58089,146070,13810.8129398732,13628.931784328,6.15,2.02,4.36
58090,146070,13806.9455604826,13635.3110457782,7.46,1.31,-0.710000000000001
58091,146070,13797.1638375962,13650.9227392555,8.75,1.29,-0.0199999999999996
58092,146070,13791.0533680682,13659.9247702567,10.88,2.13,0.840000000000001
58093,146070,13784.4599018678,13669.6383588554,11.74,0.859999999999999,-1.27
58094,146070,13779.7871898758,13676.5222649152,8.33,-3.41,-4.27
58095,146070,13776.7825012751,13680.9488150858,5.35,-2.98,0.43
58096,146070,13775.013385557,13683.5551016348,3.14,-2.21,0.770000000000001
58097,146070,13762.539059804,13691.7189974714,5.4,2.26,4.47
58098,146070,13754.9068961749,13690.863147988,7.68,2.28,0.0199999999999991
58099,146070,13745.5356327605,13689.8122807185,9.43,1.75,-0.529999999999999
58100,146070,13734.6140861089,13688.5875690228,10.99,1.56,-0.19
58101,146070,13723.2055915175,13687.3082523469,11.49,0.5,-1.06
58102,146070,13714.2020234863,13686.2986174094,9.06,-2.43,-2.93
58103,146070,13708.736281304,13685.6857043679,5.5,-3.56,-1.13
58104,146070,13706.0232856389,13685.3814766218,2.73,-2.77,0.79
58105,146070,13705.1090160375,13685.2789529857,0.92,-1.81,0.96
58106,146070,13704.8903863502,13685.2544364641,0.22,-0.7,1.11
58107,146070,13704.8406977849,13685.2488645273,0.06,-0.16,0.54
58108,146070,13704.8108846458,13685.2455213653,0.02,-0.04,0.12
58109,146070,13704.8108846458,13685.2455213653,0,-0.02,0.02
58110,146070,13704.8108846458,13685.2455213653,0,0,0.02
58111,146070,13704.8108846458,13685.2455213653,0,0,0
58112,146070,13704.8108846458,13685.2455213653,0,0,0
58113,146070,13704.8108846458,13685.2455213653,0,0,0
58114,146070,13704.8108846458,13685.2455213653,0,0,0
58115,146070,13704.8108846458,13685.2455213653,0,0,0
58116,146070,13704.8108846458,13685.2455213653,0,0,0
58117,146070,13704.8108846458,13685.2455213653,0,0,0
58118,146070,13704.8108846458,13685.2455213653,0,0,0
58119,146070,13704.8108846458,13685.2455213653,0,0,0
58120,146070,13704.8108846458,13685.2455213653,0,0,0
58121,146070,13704.8108846458,13685.2455213653,0,0,0
58122,146070,13704.8108846458,13685.2455213653,0,0,0
58123,146070,13704.8108846458,13685.2455213653,0,0,0
58124,146070,13704.8108846458,13685.2455213653,0,0,0
58125,146070,13704.8108846458,13685.2455213653,0,0,0
58126,146070,13704.8108846458,13685.2455213653,0,0,0
58127,146070,13704.8108846458,13685.2455213653,0,0,0
58128,146070,13704.8108846458,13685.2455213653,0,0,0
58129,146070,13704.8108846458,13685.2455213653,0,0,0
58130,146070,13704.8108846458,13685.2455213653,0,0,0
58131,146070,13704.8108846458,13685.2455213653,0,0,0
58132,146070,13704.8108846458,13685.2455213653,0,0,0
58133,146070,13704.8108846458,13685.2455213653,0,0,0
58134,146070,13704.8108846458,13685.2455213653,0,0,0
58135,146070,13704.8108846458,13685.2455213653,0,0,0
58136,146070,13703.499106522,13685.0984222353,1.33,1.33,1.33
58137,146070,13700.617169735,13684.7752499043,2.89,1.56,0.23
58138,146070,13692.5592171009,13662.6020894102,4.48,1.59,0.0300000000000002
58139,146070,13692.1640125806,13655.9137552837,6.71,2.23,0.639999999999999
58140,146070,13691.6437582719,13647.1091124486,8.81,2.1,-0.129999999999999
58141,146070,13692.6029362632,13636.1407882912,11.07,2.26,0.159999999999999
58142,146070,13694.4372144964,13623.9075416509,12.37,1.3,-0.960000000000001
58143,146070,13695.9319214156,13613.9389785034,10.08,-2.29,-3.59
58144,146070,13697.0514687608,13606.4724455903,7.55,-2.53,-0.240000000000001
58145,146070,13697.8195820388,13601.3497117506,5.18,-2.37,0.16
58146,146070,13698.3259121361,13598.6065569265,2.79,-2.39,-0.0199999999999996
58147,146070,13698.7428132363,13596.4769810361,2.17,-0.62,1.77
58148,146070,13698.9214851364,13595.5643056546,0.93,-1.24,-0.62
58149,146070,13699.0079392816,13595.1226885345,0.45,-0.48,0.76
58150,146070,13699.1693203527,13594.2983365769,0.84,0.39,0.87
58151,146070,13699.3479922528,13593.3856611953,0.93,0.0900000000000001,-0.3
58152,146070,13699.5631670142,13592.286525252,1.12,0.19,0.1
58153,146070,13699.9474076595,13590.3237824959,2,0.88,0.69
58154,146070,13700.2240609242,13588.9106077115,1.45,-0.55,-1.43
58155,146070,13700.7792886567,13586.074444429,2.89,1.44,1.99
58156,146070,13701.2269290086,13583.7878491182,2.32,-0.57,-2.01
58157,146070,13702.0145813321,13579.805335255,4.06,1.74,2.31
58158,146070,13703.5481090256,13574.5234518018,5.5,1.44,-0.299999999999999
58159,146070,13705.4162245796,13568.0891574134,6.7,1.2,-0.24
58160,146070,13707.3373165448,13561.4723979602,6.89,0.19,-1.01
58161,146070,13709.355996636,13554.5195186509,7.24,0.350000000000001,0.160000000000001
58162,146070,13711.7064763554,13546.4238318308,8.43,1.19,0.839999999999999
58163,146070,13714.3776027744,13537.2237511978,9.58,1.15,-0.0399999999999991
58164,146070,13717.8052111217,13530.4358951002,7.63,-1.95,-3.1
58165,146070,13720.4620324552,13525.6201604313,5.51,-2.12,-0.17
58166,146070,13723.722676819,13519.7099406103,6.74,1.23,3.35
58167,146070,13726.3118699731,13515.0167882784,5.37,-1.37,-2.6
58168,146070,13727.364937338,13513.1080061732,2.18,-3.19,-1.82
58169,146070,13728.23,13511.54,1.83,-0.35,2.84
58170,146070,13728.23,13511.54,0.33,-1.5,-1.15
58171,146070,13728.23,13511.54,0.13,-0.2,1.3
58172,146070,13728.23,13511.54,0,-0.13,0.07
58173,146070,13728.23,13511.54,0,0,0.13
58174,146070,13728.23,13511.54,0,0,0
58175,146070,13728.23,13511.54,0,0,0
58176,146070,13728.23,13511.54,0,0,0
58177,146070,13728.23,13511.54,0,0,0
58178,146070,13728.23,13511.54,0,0,0
58179,146070,13728.23,13511.54,0,0,0
58180,146070,13728.23,13511.54,0,0,0
58181,146070,13728.23,13511.54,0,0,0
58182,146070,13728.23,13511.54,0,0,0
58183,146070,13728.23,13511.54,0,0,0
58184,146070,13728.23,13511.54,0,0,0
58185,146070,13728.23,13511.54,0,0,0
58186,146070,13728.23,13511.54,0,0,0
58187,146070,13728.23,13511.54,0,0,0
58188,146070,13728.23,13511.54,0,0,0
58189,146070,13728.23,13511.54,0,0,0
58190,146070,13728.23,13511.54,0,0,0
58191,146070,13728.23,13511.54,0,0,0
58192,146070,13728.23,13511.54,0,0,0
58193,146070,13728.23,13511.54,0,0,0
58194,146070,13728.23,13511.54,0,0,0
58195,146070,13728.23,13511.54,0,0,0
58196,146070,13728.23,13511.54,0,0,0
58197,146070,13728.23,13511.54,0,0,0
58198,146070,13728.23,13511.54,0,0,0
58199,146070,13728.23,13511.54,0,0,0
58200,146070,13728.23,13511.54,0,0,0
58201,146070,13728.23,13511.54,0,0,0
58202,146070,13728.23,13511.54,0,0,0
58203,146070,13728.23,13511.54,0,0,0
58204,146070,13728.23,13511.54,0,0,0
58205,146070,13728.23,13511.54,0,0,0
58206,146070,13728.23,13511.54,0,0,0
58207,146070,13728.23,13511.54,0,0,0
58208,146070,13728.23,13511.54,0,0,0
58209,146070,13728.23,13511.54,0,0,0
58210,146070,13728.23,13511.54,0,0,0
58211,146070,13728.23,13511.54,0,0,0
58212,146070,13728.23,13511.54,0,0,0
58213,146070,13728.23,13511.54,0,0,0
58214,146070,13728.23,13511.54,0,0,0
58215,146070,13728.23,13511.54,0,0,0
58216,146070,13728.23,13511.54,0,0,0
58217,146070,13728.23,13511.54,0,0,0
58218,146070,13728.23,13511.54,0,0,0
58219,146070,13728.23,13511.54,0,0,0
58220,146070,13728.23,13511.54,0,0,0
58221,146070,13728.23,13511.54,0,0,0
58222,146070,13728.23,13511.54,0,0,0
58223,146070,13728.23,13511.54,0,0,0
58224,146070,13728.23,13511.54,0,0,0
58225,146070,13728.23,13511.54,0,0,0
58226,146070,13728.23,13511.54,0,0,0
58227,146070,13728.23,13511.54,0,0,0
58228,146070,13728.23,13511.54,0,0,0
58229,146070,13728.23,13511.54,0,0,0
58230,146070,13728.23,13511.54,0,0,0
58231,146070,13728.23,13511.54,0,0,0
58232,146070,13728.23,13511.54,0,0,0
58233,146070,13728.23,13511.54,0,0,0
58234,146070,13728.23,13511.54,0,0,0
58235,146070,13728.23,13511.54,0,0,0
58236,146070,13728.23,13511.54,0,0,0
58237,146070,13728.23,13511.54,0,0,0
58238,146070,13728.23,13511.54,0,0,0
58239,146070,13728.23,13511.54,0,0,0
58240,146070,13728.23,13511.54,0,0,0
58241,146070,13728.23,13511.54,0,0,0
58242,146070,13728.23,13511.54,0,0,0
58243,146070,13728.23,13511.54,0,0,0
58244,146070,13728.23,13511.54,0,0,0
58245,146070,13737.9406689977,13482.2670386451,1.47,1.47,1.47
58246,146070,13739.3679131345,13478.7344653374,3.81,2.34,0.87
58247,146070,13741.3046197453,13473.9409209803,5.16,1.35,-0.99
58248,146070,13744.0916791621,13467.0426675921,7.45,2.29,0.94
58249,146070,13747.3075864829,13458.5305408397,9.1,1.65,-0.640000000000001
58250,146070,13751.1906587963,13448.0572104521,11.17,2.07,0.420000000000001
58251,146070,13755.6925197147,13435.9148981405,12.96,1.79,-0.279999999999999
58252,146070,13760.1909042926,13423.7819621319,12.94,-0.0200000000000014,-1.81
58253,146070,13764.8422478515,13411.2364687938,13.38,0.440000000000001,0.460000000000003
58254,146070,13769.6701811975,13398.4581362317,13.66,0.279999999999999,-0.160000000000002
58255,146070,13774.5503103888,13385.5712149906,13.78,0.119999999999999,-0.16
58256,146070,13779.3737762514,13372.8339241847,13.62,-0.16,-0.279999999999999
58257,146070,13787.1199980657,13361.7025202568,13.22,-0.399999999999999,-0.239999999999998
58258,146070,13794.2105925249,13342.9146768494,13.84,0.619999999999999,1.02
58259,146070,13798.2292112287,13332.0234404193,11.6,-2.24,-2.86
58260,146070,13800.4942643238,13324.2986728191,8.05,-3.55,-1.31
58261,146070,13802.2500321889,13318.3107784309,6.24,-1.81,1.74
58262,146070,13803.4599363266,13314.1845050545,4.29,-1.95,-0.14
58263,146070,13804.0845845094,13312.0541964741,2.23,-2.06,-0.11
58264,146070,13804.3293790675,13311.2193458142,0.87,-1.36,0.7
58265,146070,13804.5769873562,13310.3748991697,0.88,0.01,1.37
58266,146070,13804.6051246617,13310.2789393237,0.11,-0.77,-0.78
58267,146070,13807.6295327154,13299.6540361488,2.4,2.29,3.06
58268,146070,13808.7994143448,13295.3502033252,4.46,2.06,-0.23
58269,146070,13810.4624299345,13289.2321988181,6.34,1.88,-0.18
58270,146070,13812.7798992045,13281.3705518355,8.2,1.86,-0.0200000000000005
