"V1","V2","V3","V4","V5","acceleration","jerk"
56315,1462803,13568.89,13365.36,0,2.42,0
56316,1462803,13570.8606016105,13363.9553187933,2.42,2.42,0
56317,1462803,13574.5900873032,13361.2968725426,4.58,2.16,-0.26
56318,1462803,13579.492162384,13357.8025829291,6.02,1.44,-0.720000000000001
56319,1462803,13586.0472627827,13353.1299863531,8.05,2.03,0.590000000000002
56320,1462803,13594.2553884994,13347.2790828144,10.07,2.02,-0.0100000000000016
56321,1462803,13603.6523895679,13340.5807269774,11.55,1.48,-0.539999999999999
56322,1462803,13614.1731221333,13333.0813545845,12.92,1.37,-0.110000000000001
56323,1462803,13624.6612827712,13325.6052000628,12.88,-0.0399999999999991,-1.41
56324,1462803,13632.1727127853,13316.1994308224,13.67,0.789999999999999,0.829999999999998
56325,1462803,13643.2689740018,13308.3190216421,13.61,-0.0600000000000005,-0.85
56326,1462803,13654.6239117666,13300.4764845298,13.8,0.190000000000001,0.250000000000002
56327,1462803,13665.4933848009,13292.969244294,13.21,-0.59,-0.780000000000001
56328,1462803,13676.8071814868,13285.1551221713,13.75,0.539999999999999,1.13
56329,1462803,13688.1703474674,13277.3069020611,13.81,0.0600000000000005,-0.479999999999999
