"V1","V2","V3","V4","V5","acceleration","jerk"
47337,146458,13687.7538193293,14268.7593125942,13.39,-2.39,0
47338,146458,13683.8701716757,14255.1846639732,11,-2.39,0
47339,146458,13683.2484593648,14248.1572033635,7.34,-3.66,-1.27
47340,146458,13684.5105976612,14244.088468066,4.26,-3.08,0.58
47341,146458,13681.5203483107,14223.9681486272,6.04,1.78,4.86
47342,146458,13674.9043991447,14206.8084638148,7.58,1.54,-0.24
47343,146458,13672.4107658413,14197.8801552993,9.27,1.69,0.149999999999999
47344,146458,13669.4463819142,14187.2663516487,11.02,1.75,0.0600000000000005
47345,146458,13666.0435274063,14175.0826296723,12.65,1.63,-0.119999999999999
47346,146458,13662.858563187,14163.6790511584,11.84,-0.81,-2.44
47347,146458,13660.5155700831,14155.2901010862,8.71,-3.13,-2.32
47348,146458,13659.4394753908,14151.1698054329,4.26,-4.45,-1.32
47349,146458,13658.8009684622,14148.2283077017,3.02,-1.24,3.21
47350,146458,13657.4099632122,14142.8362555364,5.48,2.46,3.7
47351,146458,13655.4685681213,14135.6643739771,7.42,1.94,-0.520000000000001
47352,146458,13650.3231812536,14117.0360279034,9.55,2.13,0.190000000000001
47353,146458,13649.2381719568,14105.6644619444,11.43,1.88,-0.250000000000002
47354,146458,13648.5700373091,14083.5106488489,12.58,1.15,-0.729999999999999
47355,146458,13648.4275748528,14070.3414193935,13.18,0.6,-0.550000000000001
47356,146458,13648.2803528308,14056.7322156814,13.61,0.43,-0.17
47357,146458,13647.015939788,14043.5020047172,13.36,-0.25,-0.68
47358,146458,13643.9434856723,14030.7365464134,13.13,-0.229999999999999,0.0200000000000014
47359,146458,13640.7704104394,14017.5530266419,13.56,0.43,0.659999999999998
47360,146458,13637.6183954403,14004.4570081077,13.47,-0.0899999999999999,-0.52
47361,146458,13636.4465742202,13986.1491350429,13.77,0.299999999999999,0.389999999999999
47362,146458,13640.3181758582,13971.4608131253,15.2,1.43,1.13
47363,146458,13644.5771925383,13955.3026920427,16.7,1.5,0.0700000000000003
47364,146458,13649.1650022476,13937.8971756163,18,1.3,-0.199999999999999
47365,146458,13652.6746766752,13924.58195555,13.77,-4.23,-5.53
