"V1","V2","V3","V4","V5","acceleration","jerk"
36982,1465960,14352.111168224,14272.8885769633,18.6,-0.0100000000000016,0
36983,1465960,14353.4230293612,14254.3449225134,18.59,-0.0100000000000016,0
36984,1465960,14351.4196913943,14235.9205303733,18.53,-0.0599999999999987,-0.0499999999999972
36985,1465960,14353.1370125299,14217.3427606858,18.66,0.129999999999999,0.189999999999998
36986,1465960,14355.1935016629,14198.2330968362,19.22,0.559999999999999,0.43
36987,1465960,14357.2018419868,14179.570849674,18.77,-0.449999999999999,-1.01
36988,1465960,14359.2044313712,14160.8577331158,18.82,0.0500000000000007,0.5
36989,1465960,14361.0757394369,14142.2817511465,18.67,-0.149999999999999,-0.199999999999999
36990,1465960,14363.0091905664,14123.0888913614,19.29,0.619999999999997,0.769999999999996
36991,1465960,14364.911570164,14104.2044704842,18.97,-0.32,-0.939999999999998
36992,1465960,14366.8580512908,14084.8822653507,19.42,0.450000000000003,0.770000000000003
36993,1465960,14368.7524124285,14066.077441611,18.9,-0.520000000000003,-0.970000000000006
36994,1465960,14370.2161459794,14047.1476433539,18.99,0.0899999999999999,0.610000000000003
36995,1465960,14371.3573356355,14028.28212756,18.9,-0.0899999999999999,-0.18
36996,1465960,14372.4749769337,14009.8059001873,18.51,-0.389999999999997,-0.299999999999997
36997,1465960,14372.4381349377,13987.2340651854,19.32,0.809999999999999,1.2
36998,1465960,14371.9492666043,13966.079713204,21.16,1.84,1.03
36999,1465960,14371.4245879724,13943.375774948,22.71,1.55,-0.289999999999999
37000,1465960,14370.8682576573,13919.3022023718,24.08,1.37,-0.180000000000003
37001,1465960,14370.2807377273,13893.8789901371,25.44,1.36,-0.00999999999999446
37002,1465960,14373.7757176474,13855.6009340854,26.85,1.41,0.0499999999999972
37003,1465960,14372.5660533367,13811.5801086129,27.42,0.57,-0.84
37004,1465960,14371.4787509317,13771.0877889463,27.74,0.319999999999997,-0.250000000000004
37005,1465960,14372.2686761358,13743.8104772126,27.3,-0.439999999999998,-0.759999999999994
37006,1465960,14373.4896425588,13716.4176744901,27.42,0.120000000000001,0.559999999999999
37007,1465960,14370.1789033783,13679.2068898141,27.54,0.119999999999997,-3.5527136788005e-15
37008,1465960,14366.6468230226,13651.773333567,27.65,0.109999999999999,-0.00999999999999801
37009,1465960,14363.3892897661,13626.4721759437,25.51,-2.14,-2.25
37010,1465960,14360.3424554463,13602.8075102873,23.86,-1.65,0.489999999999995
37011,1465960,14355.1761819853,13577.9477953693,25.41,1.55,3.2
37012,1465960,14346.8918365861,13545.9624117591,26.65,1.24,-0.310000000000002
37013,1465960,14337.0270335576,13510.1419802963,27.04,0.390000000000001,-0.849999999999998
37014,1465960,14332.2047621681,13483.0279859104,27.59,0.550000000000001,0.16
37015,1465960,14328.122394953,13445.8213198264,27.65,0.0599999999999987,-0.490000000000002
37016,1465960,14328.0146793123,13402.2924164036,27.63,-0.0199999999999996,-0.0799999999999983
37017,1465960,14329.791196471,13366.1997871595,27.34,-0.289999999999999,-0.27
37018,1465960,14331.0877340853,13339.0426680917,27.18,-0.16,0.129999999999999
37019,1465960,14332.1554823534,13311.541146907,27.42,0.240000000000002,0.400000000000002
37020,1465960,14330.3194090757,13283.9421535392,27.66,0.239999999999998,-3.5527136788005e-15
