"V1","V2","V3","V4","V5","acceleration","jerk"
63358,1470056,14399.5346437505,13323.4682353713,13.72,-0.110000000000001,0
63359,1470056,14386.1007518493,13321.2243663051,13.61,-0.110000000000001,0
63360,1470056,14372.5682263805,13318.9640224294,13.73,0.120000000000001,0.230000000000002
63361,1470056,14359.8050427387,13316.8321820685,12.94,-0.790000000000001,-0.910000000000002
63362,1470056,14347.0418590968,13314.7003417076,12.95,0.00999999999999979,0.800000000000001
63363,1470056,14334.1701785307,13312.5503790561,13.04,0.0899999999999999,0.0800000000000001
63364,1470056,14321.0321873321,13310.3559344187,13.33,0.290000000000001,0.200000000000001
63365,1470056,14308.2887304037,13308.2273890197,12.91,-0.42,-0.710000000000001
63366,1470056,14295.1408758484,13306.0312969014,13.33,0.42,0.84
63367,1470056,14281.4505366715,13303.7445933303,13.88,0.550000000000001,0.130000000000001
63368,1470056,14268.1843218352,13301.5287314405,13.44,-0.440000000000001,-0.990000000000002
63369,1470056,14254.5926162258,13299.258502679,13.78,0.34,0.780000000000001
63370,1470056,14241.1784510381,13297.0179285748,13.61,-0.17,-0.51
63371,1470056,14225.4203702024,13294.2389827843,13.31,-0.299999999999999,-0.129999999999999
63372,1470056,14212.3238933331,13291.8644525967,13.32,0.00999999999999979,0.309999999999999
63373,1470056,14198.9322291564,13289.4364018188,13.61,0.289999999999999,0.279999999999999
63374,1470056,14185.7275169411,13287.0422474148,13.42,-0.19,-0.479999999999999
63375,1470056,14172.276815303,13284.6034925189,13.67,0.25,0.44
63376,1470056,14159.2984133566,13282.2503705674,13.19,-0.48,-0.73
63377,1470056,14146.4380863332,13279.9186568521,13.07,-0.119999999999999,0.360000000000001
63378,1470056,14132.8496306183,13277.4549256807,13.8,0.73,0.85
63402,1470056,13832.2831184563,13276.7755484154,21.33,0.31375,-0.01734375
63403,1470056,13825.7776082375,13298.6173074286,22.79,1.46,1.14625
63404,1470056,13818.3694898375,13317.6994376057,20.47,-2.32,-3.78
63405,1470056,13812.5913766299,13332.5660413793,15.95,-4.52,-2.2
63406,1470056,13807.8638294601,13344.7296262849,13.05,-2.9,1.62
63407,1470056,13802.4432400217,13359.833675229,12.92,-0.130000000000001,2.77
63408,1470056,13797.9974828922,13372.7499766945,13.66,0.74,0.870000000000001
63409,1470056,13793.6005444721,13385.5244446885,13.51,-0.15,-0.890000000000001
63410,1470056,13789.3858625669,13397.7694010558,12.95,-0.56,-0.41
63411,1470056,13784.9270871149,13410.7235247803,13.7,0.75,1.31
63412,1470056,13780.4715971058,13423.1691201797,13.22,-0.479999999999999,-1.23
63413,1470056,13775.8690504645,13435.5833927888,13.24,0.0199999999999996,0.499999999999998
63414,1470056,13771.1448352941,13448.325837257,13.6,0.359999999999999,0.34
63415,1470056,13766.5110024596,13460.8244969156,13.32,-0.279999999999999,-0.639999999999999
63416,1470056,13751.0957571724,13483.83298819,12.87,-0.450000000000001,-0.170000000000002
63417,1470056,13729.7883375302,13519.2457891603,14.47,1.6,2.05
63418,1470056,13726.4107166992,13534.6088805655,15.73,1.26,-0.340000000000002
63419,1470056,13722.2211631748,13551.3289310724,17.24,1.51,0.249999999999998
63420,1470056,13717.4787724123,13569.3245369209,18.61,1.37,-0.139999999999997
63421,1470056,13713.1313098436,13588.6356154768,19.83,1.22,-0.150000000000002
63422,1470056,13710.6526577107,13608.7937995122,20.31,0.48,-0.739999999999998
63423,1470056,13708.6353204503,13625.2002388083,16.53,-3.78,-4.26
63424,1470056,13707.0500082294,13638.0931393804,12.99,-3.54,0.239999999999997
63425,1470056,13705.4164216587,13647.4962001301,9.59,-3.4,0.140000000000001
63426,1470056,13703.4062342904,13653.487990075,6.31,-3.28,0.12
63427,1470056,13702.6269686176,13655.8107567467,2.46,-3.85,-0.569999999999999
63428,1470056,13702.0449048701,13657.5457212403,1.83,-0.63,3.22
63429,1470056,13701.9081357928,13657.9533904928,0.43,-1.4,-0.77
63430,1470056,13701.8731483545,13658.0576779761,0.1,-0.33,1.07
63431,1470056,13701.8636063258,13658.0861200169,0.03,-0.07,0.26
63432,1470056,13701.8540642972,13658.1145620578,0.03,0,0.07
63433,1470056,13701.8540642972,13658.1145620578,0,-0.03,-0.03
63434,1470056,13701.8540642972,13658.1145620578,0,0,0.03
63435,1470056,13701.8540642972,13658.1145620578,0,0,0
63436,1470056,13701.8540642972,13658.1145620578,0,0,0
63437,1470056,13701.8540642972,13658.1145620578,0,0,0
63438,1470056,13701.8540642972,13658.1145620578,0,0,0
63439,1470056,13701.8540642972,13658.1145620578,0,0,0
63440,1470056,13701.8540642972,13658.1145620578,0,0,0
63441,1470056,13701.8540642972,13658.1145620578,0,0,0
63442,1470056,13701.8540642972,13658.1145620578,0,0,0
63443,1470056,13701.8540642972,13658.1145620578,0,0,0
63444,1470056,13701.8540642972,13658.1145620578,0,0,0
63445,1470056,13701.8540642972,13658.1145620578,0,0,0
63446,1470056,13701.8540642972,13658.1145620578,0,0,0
63447,1470056,13701.8540642972,13658.1145620578,0,0,0
63448,1470056,13701.8540642972,13658.1145620578,0,0,0
63449,1470056,13701.8540642972,13658.1145620578,0,0,0
63450,1470056,13701.8540642972,13658.1145620578,0,0,0
63451,1470056,13701.8540642972,13658.1145620578,0,0,0
63452,1470056,13701.8540642972,13658.1145620578,0,0,0
63453,1470056,13701.8540642972,13658.1145620578,0,0,0
63454,1470056,13701.8540642972,13658.1145620578,0,0,0
63455,1470056,13701.8540642972,13658.1145620578,0,0,0
63456,1470056,13701.8540642972,13658.1145620578,0,0,0
63457,1470056,13701.8540642972,13658.1145620578,0,0,0
63458,1470056,13701.8540642972,13658.1145620578,0,0,0
63459,1470056,13701.8540642972,13658.1145620578,0,0,0
63460,1470056,13701.8540642972,13658.1145620578,0,0,0
63461,1470056,13701.8540642972,13658.1145620578,0,0,0
63462,1470056,13701.8540642972,13658.1145620578,0,0,0
63463,1470056,13701.8540642972,13658.1145620578,0,0,0
63464,1470056,13701.8540642972,13658.1145620578,0,0,0
63465,1470056,13701.8540642972,13658.1145620578,0,0,0
63466,1470056,13701.8540642972,13658.1145620578,0,0,0
63467,1470056,13701.8540642972,13658.1145620578,0,0,0
63468,1470056,13701.8540642972,13658.1145620578,0,0,0
63469,1470056,13701.8540642972,13658.1145620578,0,0,0
63470,1470056,13701.8540642972,13658.1145620578,0,0,0
63471,1470056,13701.6345976383,13658.768728998,0.69,0.69,0.69
63472,1470056,13700.9825590141,13660.712268458,2.05,1.36,0.67
63473,1470056,13699.7293725851,13664.4476564933,3.93,1.88,0.52
63474,1470056,13697.4141963489,13696.8295222753,5.57,1.64,-0.24
63475,1470056,13699.2816796076,13704.3202436209,7.72,2.15,0.509999999999999
63476,1470056,13701.4950826927,13713.1984949568,9.15,1.43,-0.719999999999999
63477,1470056,13700.7734416381,13724.0497526297,10.91,1.76,0.329999999999999
63478,1470056,13699.7263780878,13736.084288679,12.08,1.17,-0.59
63479,1470056,13698.5163609385,13749.9917492128,13.96,1.88,0.710000000000001
63480,1470056,13697.4509900184,13778.1796632702,15.88,1.92,0.0399999999999991
63481,1470056,13697.5940114061,13795.3790686344,17.2,1.32,-0.600000000000001
63482,1470056,13697.7490898293,13814.0284238695,18.65,1.45,0.130000000000001
63483,1470056,13697.8915291532,13831.1578316537,17.14,-1.51,-2.96
63484,1470056,13697.998712042,13844.0473860226,12.88,-4.26,-2.75
63485,1470056,13691.6733142976,13865.8069239593,10.44,-2.44,1.82
63486,1470056,13687.8836555216,13870.9641063229,6.4,-4.04,-1.6
63487,1470056,13685.9877878817,13873.5543867153,3.21,-3.19,0.849999999999999
63488,1470056,13658.143558977,13901.8780609413,5.61,2.4,5.59
63489,1470056,13655.7303977881,13903.6771587919,3.01,-2.6,-5
63490,1470056,13654.4316200053,13904.6454440139,1.62,-1.39,1.21
63491,1470056,13653.9906769309,13904.9741828238,0.56,-1.06,0.33
63492,1470056,13643.7277771765,13909.5050020059,2.42,1.86,2.92
63493,1470056,13639.0904607882,13910.3292572545,4.7,2.28,0.42
63494,1470056,13633.1239772822,13911.3897640076,6.06,1.36,-0.920000000000001
63495,1470056,13625.8972464351,13912.674272187,7.34,1.28,-0.0799999999999992
63496,1470056,13616.4359656976,13918.1698038908,7.47,0.13,-1.15
63497,1470056,13616.6128165013,13925.3676316043,7.2,-0.27,-0.399999999999999
63498,1470056,13616.7921235663,13932.6654291472,7.3,0.0999999999999996,0.369999999999999
63499,1470056,13616.9768344058,13940.1831603146,7.52,0.22,0.12
63500,1470056,13617.154667714,13947.4209759598,7.23,-0.289999999999999,-0.509999999999999
63501,1470056,13617.476581609,13955.2237780551,7.82,0.59,0.879999999999999
63502,1470056,13617.8706577577,13963.1239555207,7.9,0.0800000000000001,-0.51
63503,1470056,13618.2622429067,13970.9741950757,7.86,-0.04,-0.12
63504,1470056,13618.6443622569,13978.6346705703,7.67,-0.19,-0.15
63505,1470056,13616.3828557859,13984.0276462197,7.86,0.19,0.380000000000001
63506,1470056,13609.0154947361,13984.2248546425,7.37,-0.49,-0.680000000000001
63507,1470056,13601.0583449456,13984.4378504423,7.97,0.6,1.09
63508,1470056,13593.4810590898,13984.6406781009,7.58,-0.39,-0.989999999999999
63509,1470056,13585.7638233632,13984.8472519169,7.72,0.14,0.529999999999999
63510,1470056,13577.5967487667,13985.0658669526,8.17,0.45,0.31
63511,1470056,13570.1494163622,13985.2652160367,7.46,-0.71,-1.16
63512,1470056,13562.172273733,13985.4787470018,7.97,0.51,1.22
63513,1470056,13554.4850272645,13985.6845180698,7.7,-0.27,-0.779999999999999
63514,1470056,13546.6678273446,13985.8937677123,7.82,0.12,0.39
63515,1470056,13539.2704770368,13986.091778883,7.4,-0.42,-0.54
63516,1470056,13531.903115987,13986.2889873058,7.37,-0.0300000000000002,0.39
63517,1470056,13524.3358265505,13986.4915473817,7.57,0.2,0.23
63518,1470056,13516.5186266307,13986.7007970243,7.82,0.25,0.0499999999999998
63519,1470056,13508.9713300328,13986.902821935,7.55,-0.27,-0.52
63520,1470056,13500.9841909843,13987.1166204828,7.99,0.44,0.710000000000001
63521,1470056,13493.3269337738,13987.3215888027,7.66,-0.33,-0.77
63522,1470056,13486.0095548207,13987.5174593121,7.32,-0.34,-0.00999999999999979
63523,1470056,13478.5422295775,13987.7173435615,7.47,0.149999999999999,0.489999999999999
63524,1470056,13473.8638709944,13984.2251488519,8.2,0.73,0.58
63525,1470056,13473.6711413454,13976.9777110093,7.25,-0.949999999999999,-1.68
63526,1470056,13473.4657686303,13969.2604432449,7.72,0.47,1.42
63527,1470056,13473.2621363514,13961.6831789698,7.58,-0.14,-0.609999999999999
63528,1470056,13473.0544032062,13954.4362133489,7.25,-0.33,-0.19
63529,1470056,13472.7679786374,13946.8115913277,7.63,0.38,0.71
63530,1470056,13472.4714184679,13938.917159615,7.9,0.27,-0.109999999999999
63531,1470056,13472.2904792252,13934.1005569751,4.82,-3.08,-3.35
63532,1470056,13472.194003322,13931.5323684306,2.57,-2.25,0.83
63533,1470056,13466.3820072761,13926.5335899559,4.88,2.31,4.56
63534,1470056,13459.9022280233,13927.4190620529,6.54,1.66,-0.65
63535,1470056,13451.9362608684,13928.5076240804,8.03,1.49,-0.170000000000001
63536,1470056,13442.2066840698,13929.8371861588,9.83,1.8,0.310000000000001
63537,1470056,13430.9943673259,13931.9499543466,11.43,1.6,-0.200000000000001
63538,1470056,13418.4790500425,13935.2378766837,12.94,1.51,-0.0899999999999999
63539,1470056,13408.2366072271,13937.9286879319,10.59,-2.35,-3.86
