"V1","V2","V3","V4","V5","acceleration","jerk"
57557,1472044,14344.0655396569,13278.0761245761,9.52,-2.29,0
57558,1472044,14344.35679778,13285.3002555761,7.23,-2.29,0
57559,1472044,14344.4583065232,13290.0081753311,4.71,-2.52,-0.230000000000001
57560,1472044,14344.4533242622,13296.3281733673,6.32,1.61,4.13
57561,1472044,14344.4483656512,13302.6181714128,6.29,-0.0300000000000002,-1.64
57562,1472044,14344.4442347893,13307.8581697845,5.24,-1.05,-1.02
57563,1472044,14344.4893570874,13315.129326913,6.96,1.72,2.77
57564,1472044,14344.6311564544,13320.3273931822,5.2,-1.76,-3.48
57565,1472044,14344.741596346,13324.3758871034,4.04,-1.16,0.6
57566,1472044,14344.7413535323,13328.6125500537,4.24,0.2,1.36
57567,1472044,14344.3788976471,13334.8920982645,6.29,2.05,1.85
57568,1472044,14343.8867874309,13343.4179077589,8.54,2.25,0.199999999999999
57569,1472044,14343.5280714095,13353.6794654568,10.27,1.73,-0.519999999999999
57570,1472044,14343.3162145885,13365.4274289693,11.76,1.49,-0.24
57571,1472044,14342.9334983148,13377.9916013756,12.57,0.81,-0.68
57572,1472044,14342.5011537574,13392.1850180955,14.2,1.63,0.819999999999999
57573,1472044,14342.0280104883,13407.7178135762,15.54,1.34,-0.289999999999999
57574,1472044,14338.4234814032,13438.7808340097,17.13,1.59,0.25
57575,1472044,14340.4118073859,13457.476680627,18.82,1.69,0.100000000000001
57576,1472044,14342.1079459947,13477.8638110745,20.47,1.65,-0.0400000000000027
57577,1472044,14345.6591960084,13499.5085655382,21.94,1.47,-0.179999999999996
57578,1472044,14351.3566359085,13521.8715863466,23.08,1.14,-0.330000000000005
57579,1472044,14358.2308093815,13545.2207049395,24.33,1.25,0.110000000000003
57580,1472044,14365.0751648273,13569.9001545875,25.62,1.29,0.0400000000000027
57581,1472044,14371.0494038393,13595.9334287723,26.71,1.09,-0.200000000000003
57582,1472044,14375.9361136513,13618.2240650848,22.82,-3.89,-4.98
57583,1472044,14378.9228281921,13637.5971740032,19.63,-3.19,0.699999999999999
57584,1472044,14380.7442462512,13654.4691429533,16.97,-2.66,0.530000000000001
57585,1472044,14382.3145082551,13669.0146294436,14.62,-2.35,0.31
57586,1472044,14383.5241359231,13680.2195257352,11.27,-3.35,-1
57587,1472044,14384.453627991,13688.8294992831,8.67,-2.6,0.75
57588,1472044,14385.0632717491,13694.4766874762,5.67,-3,-0.4
57589,1472044,14385.4464457309,13698.0260645623,3.57,-2.1,0.9
57590,1472044,14385.595636721,13699.4080349124,1.39,-2.18,-0.0799999999999996
57591,1472044,14385.6557424437,13699.9647999455,0.57,-0.82,1.36
57592,1472044,14385.6879419379,13700.2630669275,0.3,-0.27,0.55
57593,1472044,14385.8489394093,13701.7544018377,1.5,1.2,1.47
57594,1472044,14386.1,13704.08,2.79,1.29,0.0900000000000001
57595,1472044,14381.472080115,13707.4960283815,1.92,-0.87,-2.16
57596,1472044,14380.3134356955,13707.5520918212,1.16,-0.76,0.11
57597,1472044,14380.2135525559,13707.5569248763,0.1,-1.06,-0.3
57598,1472044,14380.1636109861,13707.5593414039,0.05,-0.05,1.01
57599,1472044,14380.1536226721,13707.5598247094,0.01,-0.04,0.01
57600,1472044,14380.1536226721,13707.5598247094,0,-0.01,0.03
57601,1472044,14368.8728888716,13706.5408505758,1.44,1.44,1.45
57602,1472044,14365.3300605458,13706.7663887186,3.54,2.1,0.66
57603,1472044,14359.3920806757,13707.1444033522,5.96,2.42,0.32
57604,1472044,14345.1814976994,13708.1549921429,7.97,2.01,-0.41
57605,1472044,14329.5000006654,13708.7375911606,9.3,1.33,-0.679999999999999
57606,1472044,14319.0100022664,13708.7317955814,10.49,1.19,-0.140000000000001
57607,1472044,14306.5389943227,13707.7782105882,12.53,2.04,0.85
57608,1472044,14287.072056298,13705.95036786,13.31,0.780000000000001,-1.26
57609,1472044,14267.2124673274,13704.282760933,13.86,0.549999999999999,-0.230000000000002
57610,1472044,14254.2449749833,13703.11462468,13.03,-0.83,-1.38
57611,1472044,14241.1679262523,13701.9366193803,13.12,0.0899999999999999,0.92
57612,1472044,14227.7522486889,13700.7281097545,13.47,0.350000000000001,0.260000000000002
57613,1472044,14214.8345547025,13699.5644594318,12.98,-0.49,-0.840000000000002
57614,1472044,14201.5354437786,13698.6597624504,13.32,0.34,0.83
57615,1472044,14188.0755994726,13697.758268547,13.5,0.18,-0.16
57616,1472044,14174.4062246029,13696.8427410097,13.7,0.199999999999999,0.0199999999999996
57617,1472044,14161.4485125628,13696.584292219,12.98,-0.719999999999999,-0.919999999999998
57618,1472044,14150.2397611665,13697.0865791237,11.22,-1.76,-1.04
57619,1472044,14142.7872401846,13697.420541718,7.46,-3.76,-2
57620,1472044,14137.7622830078,13697.6457202502,5.04,-2.42,1.34
57621,1472044,14122.4508498858,13701.6459323296,7.43,2.39,4.81
57622,1472044,14115.9217814264,13698.141739833,7.4,-0.0299999999999994,-2.42
57623,1472044,14109.7630541934,13695.4575519153,6.72,-0.680000000000001,-0.650000000000001
57624,1472044,14094.7642731942,13691.5226314371,7.54,0.82,1.5
57625,1472044,14085.8800916894,13690.0935342134,9,1.46,0.64
57626,1472044,14075.8002378422,13688.5993299372,10.19,1.19,-0.27
57627,1472044,14064.6322741587,13686.943827849,11.28,1.09,-0.0999999999999996
57628,1472044,14052.1190110412,13685.0889030115,12.65,1.37,0.280000000000001
57629,1472044,14036.9066934593,13686.1751701894,14.76,2.11,0.739999999999998
57630,1472044,14021.2587192796,13683.5791594019,15.86,1.1,-1.01
57631,1472044,14004.2785654147,13679.1178397172,17.58,1.72,0.619999999999999
57632,1472044,13987.461295621,13671.8195865734,18.38,0.800000000000001,-0.919999999999998
57633,1472044,13970.2467848329,13661.7509924362,19.97,1.59,0.789999999999999
57634,1472044,13954.8913812887,13651.5409394493,18.45,-1.52,-3.11
57635,1472044,13941.6427657579,13642.7317234504,15.91,-2.54,-1.02
57636,1472044,13930.5832857745,13636.444907132,12.74,-3.17,-0.630000000000001
57637,1472044,13922.7971243885,13632.4307707528,8.76,-3.98,-0.81
57638,1472044,13916.1042253889,13628.9802631117,7.53,-1.23,2.75
57639,1472044,13909.3979415111,13625.0579400141,7.77,0.239999999999999,1.47
57640,1472044,13904.5518493824,13622.5650640831,5.46,-2.31,-2.55
57641,1472044,13895.9590326129,13626.0710491363,7.41,1.95,4.26
57642,1472044,13894.9802076659,13635.102556063,9.12,1.71,-0.240000000000001
57643,1472044,13894.981982215,13660.8783282136,11.09,1.97,0.260000000000002
57644,1472044,13895.2216802166,13671.055505861,10.18,-0.91,-2.88
57645,1472044,13895.4893979255,13682.4223535871,11.37,1.19,2.1
57646,1472044,13879.5001268865,13691.9896654604,12.72,1.35,0.160000000000002
57647,1472044,13869.1202623888,13692.0427032668,10.38,-2.34,-3.69
57648,1472044,13861.6903593813,13692.0806677082,7.43,-2.95,-0.610000000000001
57649,1472044,13855.1004454083,13692.1143400728,6.59,-0.84,2.11
57650,1472044,13847.8705397899,13692.1512825912,7.23,0.640000000000001,1.48
57651,1472044,13840.280638871,13692.190064571,7.59,0.359999999999999,-0.280000000000001
57652,1472044,13831.0907588389,13692.2370219353,9.19,1.6,1.24
57653,1472044,13820.6708948633,13692.2902641263,10.42,1.23,-0.369999999999999
57654,1472044,13808.0710593458,13692.3546452786,12.6,2.18,0.949999999999999
57655,1472044,13795.6612213481,13692.4180556041,12.41,-0.19,-2.37
57656,1472044,13782.3813947074,13692.4859112948,13.27,0.859999999999999,1.05
57657,1472044,13758.4447220238,13691.2598698839,13.86,0.59,-0.27
57658,1472044,13744.6710517244,13689.7153290192,13.86,0,-0.59
57659,1472044,13731.2551390951,13688.2109060991,13.49,-0.369999999999999,-0.369999999999999
57660,1472044,13718.1671709967,13686.7432579614,13.17,-0.32,0.0499999999999989
57661,1472044,13708.4679630514,13685.6556159095,9.76,-3.41,-3.09
57662,1472044,13702.5450860684,13684.9914410499,5.96,-3.8,-0.39
57663,1472044,13699.096699637,13684.60474864,3.47,-2.49,1.31
57664,1472044,13697.8743609308,13684.4676789962,1.24,-2.23,0.259999999999999
57665,1472044,13697.4768524084,13684.4231035023,0.4,-0.84,1.39
57666,1472044,13697.3675375648,13684.4108452414,0.11,-0.29,0.55
57667,1472044,13697.3675375648,13684.4108452414,0,-0.11,0.18
57668,1472044,13697.3675375648,13684.4108452414,0,0,0.11
57669,1472044,13697.3675375648,13684.4108452414,0,0,0
57670,1472044,13697.3675375648,13684.4108452414,0,0,0
57671,1472044,13697.3675375648,13684.4108452414,0,0,0
57672,1472044,13697.3675375648,13684.4108452414,0,0,0
57673,1472044,13697.3675375648,13684.4108452414,0,0,0
57674,1472044,13697.3675375648,13684.4108452414,0,0,0
57675,1472044,13697.3675375648,13684.4108452414,0,0,0
57676,1472044,13697.3675375648,13684.4108452414,0,0,0
57677,1472044,13697.3675375648,13684.4108452414,0,0,0
57678,1472044,13697.3675375648,13684.4108452414,0,0,0
57679,1472044,13697.3675375648,13684.4108452414,0,0,0
57680,1472044,13697.3675375648,13684.4108452414,0,0,0
57681,1472044,13697.3675375648,13684.4108452414,0,0,0
57682,1472044,13697.3675375648,13684.4108452414,0,0,0
57683,1472044,13697.3675375648,13684.4108452414,0,0,0
57684,1472044,13697.3675375648,13684.4108452414,0,0,0
57685,1472044,13697.3675375648,13684.4108452414,0,0,0
57686,1472044,13697.3675375648,13684.4108452414,0,0,0
57687,1472044,13697.3675375648,13684.4108452414,0,0,0
57688,1472044,13697.3675375648,13684.4108452414,0,0,0
57689,1472044,13697.3675375648,13684.4108452414,0,0,0
57690,1472044,13697.3675375648,13684.4108452414,0,0,0
57691,1472044,13697.3675375648,13684.4108452414,0,0,0
57692,1472044,13697.3675375648,13684.4108452414,0,0,0
57693,1472044,13697.3675375648,13684.4108452414,0,0,0
57694,1472044,13697.3675375648,13684.4108452414,0,0,0
57695,1472044,13684.4349969885,13682.2758126795,1.72,1.72,1.72
57696,1472044,13681.4180325001,13681.6558729442,3.08,1.36,-0.36
57697,1472044,13676.9513578029,13680.7380400895,4.56,1.48,0.119999999999999
57698,1472044,13670.7117267017,13679.4558920007,6.37,1.81,0.330000000000001
57699,1472044,13662.277939609,13677.7228786499,8.6,2.23,0.419999999999999
57700,1472044,13652.4630096822,13675.7060617191,10.02,1.42,-0.81
57701,1472044,13643.7059763942,13673.9066262538,8.94,-1.08,-2.5
57702,1472044,13638.0344749695,13672.7412200632,5.79,-3.15,-2.07
57703,1472044,13634.7432409821,13672.0649221702,3.36,-2.43,0.719999999999999
57704,1472044,13628.5038024596,13677.1239528621,4.9,1.54,3.97
57705,1472044,13627.2073129057,13683.8603253901,6.86,1.96,0.419999999999999
57706,1472044,13625.5403977651,13692.5213757834,8.82,1.96,0
57707,1472044,13623.6334619636,13702.4295388749,10.1,1.28,-0.680000000000001
57708,1472044,13621.4543767514,13713.7517510103,11.52,1.42,0.140000000000001
57709,1472044,13618.9823529374,13726.5960298247,13.09,1.57,0.15
57710,1472044,13616.8410662544,13737.7218462595,11.33,-1.76,-3.33
57711,1472044,13615.3725933924,13745.351819225,7.77,-3.56,-1.8
57712,1472044,13614.3028950142,13750.9098175499,5.66,-2.11,1.45
57713,1472044,13602.3823852548,13760.1386342831,7.7,2.04,4.15
57714,1472044,13592.7181086827,13760.4712877614,9.67,1.97,-0.0700000000000003
57715,1472044,13581.2848797286,13760.8648302424,11.44,1.77,-0.2
57716,1472044,13568.3324257968,13761.3070219923,12.96,1.52,-0.249999999999998
57717,1472044,13555.2204152187,13761.7586262334,13.12,0.159999999999998,-1.36
57718,1472044,13541.3518472146,13762.3218504476,13.89,0.770000000000001,0.610000000000003
57719,1472044,13528.1437135636,13761.8810531117,13.22,-0.67,-1.44
57720,1472044,13514.2880609879,13761.5339339669,13.86,0.639999999999999,1.31
57721,1472044,13500.7922954921,13761.1958309037,13.5,-0.359999999999999,-0.999999999999998
57722,1472044,13487.046608413,13760.8514666727,13.75,0.25,0.609999999999999
57723,1472044,13473.6408146871,13760.5156176299,13.42,-0.33,-0.58
57724,1472044,13460.5849476706,13760.1870840851,13.05,-0.369999999999999,-0.0399999999999991
57725,1472044,13449.6384443047,13759.9103819702,10.95,-2.1,-1.73
57726,1472044,13441.6909829569,13759.7094886538,7.95,-3,-0.899999999999998
57727,1472044,13437.6931708037,13759.4121341525,4,-3.95,-0.950000000000001
57728,1472044,13428.4648741157,13749.8914306582,5.37,1.37,5.32
57729,1472044,13428.7368658011,13742.7766277429,7.11,1.74,0.37
57730,1472044,13429.0707432353,13734.0430073104,8.75,1.64,-0.100000000000001
57731,1472044,13429.453518051,13724.0303211853,10.02,1.27,-0.37
57732,1472044,13429.8821341621,13712.8185109733,11.22,1.2,-0.0699999999999985
57733,1472044,13430.3619397196,13700.2676788643,12.55,1.33,0.129999999999999
57734,1472044,13430.8600817953,13687.2371971207,13.04,0.489999999999998,-0.840000000000002
57735,1472044,13431.3750323458,13673.7670365451,13.48,0.440000000000001,-0.0499999999999972
57736,1472044,13431.9044993066,13659.9171533421,13.87,0.389999999999999,-0.0500000000000025
57737,1472044,13424.8235520969,13641.3846364518,13.49,-0.379999999999999,-0.769999999999998
57738,1472044,13412.6129807283,13634.9334313821,13.81,0.32,0.699999999999999
