"V1","V2","V3","V4","V5","acceleration","jerk"
61467,"1473353#1",14402.4147439232,13323.9492998113,13.17,0.140000000000001,0
61468,"1473353#1",14389.2866160814,13321.7565026549,13.31,0.140000000000001,0
61469,"1473353#1",14376.5234324395,13319.624662294,12.94,-0.370000000000001,-0.510000000000002
61470,"1473353#1",14365.7230567921,13317.8206706439,10.95,-1.99,-1.62
61471,"1473353#1",14356.076693885,13316.209434266,9.78,-1.17,0.82
61472,"1473353#1",14346.8150018914,13314.6624496455,9.38,-0.399999999999999,0.770000000000001
61473,"1473353#1",14336.0738063845,13312.8683428812,10.89,1.51,1.91
61474,"1473353#1",14324.3166851317,13310.9045455781,11.92,1.03,-0.48
61475,"1473353#1",14312.3425700303,13308.9045036939,12.14,0.220000000000001,-0.809999999999999
61476,"1473353#1",14299.6287031723,13306.7809007377,12.89,0.75,0.529999999999999
61477,"1473353#1",14286.9345630277,13304.6605927435,12.87,-0.0200000000000014,-0.770000000000001
61478,"1473353#1",14275.4338890506,13302.7396299454,11.66,-1.21,-1.19
61479,"1473353#1",14263.2526434573,13300.704990961,12.35,0.69,1.9
61480,"1473353#1",14250.509186529,13298.576445562,12.91,0.56,-0.129999999999999
61481,"1473353#1",14237.6177792493,13296.4231879486,13.07,0.16,-0.4
61482,"1473353#1",14222.0643924338,13294.3846934784,13.01,-0.0600000000000005,-0.220000000000001
61483,"1473353#1",14207.9855483373,13292.6120545122,14.19,1.18,1.24
61484,"1473353#1",14192.7161043171,13290.6895095024,15.39,1.2,0.0200000000000014
61485,"1473353#1",14176.2759037054,13288.619556883,16.57,1.18,-0.0200000000000014
61486,"1473353#1",14158.5161215117,13286.3834583986,17.9,1.33,0.149999999999999
61487,"1473353#1",14139.1143708189,13284.5988747795,19.48,1.58,0.250000000000004
61488,"1473353#1",14119.3765941428,13289.862245631,20.67,1.19,-0.390000000000001
61489,"1473353#1",14102.3026122882,13303.3989534993,22.13,1.46,0.269999999999996
61490,"1473353#1",14093.8634053907,13323.1698815419,21.98,-0.149999999999999,-1.61
61491,"1473353#1",14094.5935086958,13341.632135538,18.71,-3.27,-3.12
61492,"1473353#1",14103.0492899345,13356.5407865364,17.29,-1.42,1.85
61493,"1473353#1",14114.65,13365.22,15.07,-2.22,-0.799999999999997
61494,"1473353#1",14141.3973078949,13376.3765577068,13.42,-1.65,0.569999999999999
61495,"1473353#1",14153.8308819266,13380.2400582955,13.02,-0.4,1.25
61496,"1473353#1",14166.2262575742,13384.0916894508,12.98,-0.0399999999999991,0.360000000000001
61497,"1473353#1",14179.3822152965,13387.8949413868,13.7,0.719999999999999,0.759999999999998
61498,"1473353#1",14192.1580556826,13391.051442999,13.15,-0.549999999999999,-1.27
61499,"1473353#1",14205.2348467161,13394.2822998923,13.47,0.32,0.869999999999999
61500,"1473353#1",14227.4531430031,13399.8276213783,13.41,-0.0600000000000005,-0.380000000000001
61501,"1473353#1",14240.2778269738,13403.0772953696,13.23,-0.18,-0.119999999999999
61502,"1473353#1",14252.8413727586,13406.1501185354,12.95,-0.280000000000001,-0.100000000000001
61503,"1473353#1",14266.2348475227,13407.8427005111,13.49,0.540000000000001,0.820000000000002
61504,"1473353#1",14279.2711629597,13409.4901469674,13.14,-0.35,-0.890000000000001
61505,"1473353#1",14295.5003980423,13412.7282122877,11.42,-1.72,-1.37
61506,"1473353#1",14304.3482181971,13414.6774886943,9.06,-2.36,-0.639999999999999
61507,"1473353#1",14310.6959920388,13416.0759761825,6.5,-2.56,-0.200000000000001
61508,"1473353#1",14314.7488014916,13416.9688566557,4.16,-2.34,0.220000000000001
61509,"1473353#1",14316.5847730027,13417.3733422676,1.88,-2.28,0.0599999999999996
61510,"1473353#1",14318.1668335602,13417.7218883801,1.62,-0.26,2.02
61511,"1473353#1",14318.4402761257,13417.782130918,0.28,-1.34,-1.08
61512,"1473353#1",14318.5672316025,13417.8101006678,0.13,-0.15,1.19
61513,"1473353#1",14319.2508380162,13417.9607070127,0.7,0.57,0.72
61514,"1473353#1",14322.2977694602,13418.631981007,3.12,2.42,1.85
61515,"1473353#1",14336.4445496582,13433.5013798153,4.97,1.85,-0.57
61516,"1473353#1",14338.5442629723,13439.6424092023,6.59,1.62,-0.23
61517,"1473353#1",14339.7173713155,13448.0105820504,8.44,1.85,0.23
61518,"1473353#1",14340.4548064191,13458.4056860539,10.43,1.99,0.140000000000001
61519,"1473353#1",14341.1930901847,13470.0169620988,11.64,1.21,-0.779999999999999
61520,"1473353#1",14342.7199227388,13482.7950508676,12.87,1.23,0.0199999999999978
61521,"1473353#1",14345.2781470283,13497.3418164354,14.77,1.9,0.670000000000002
61522,"1473353#1",14349.0065437078,13512.9787350257,16.08,1.31,-0.590000000000002
61523,"1473353#1",14353.7741759631,13530.0831087441,17.76,1.68,0.370000000000005
61524,"1473353#1",14358.5781895529,13546.4006316391,17.01,-0.75,-2.43
61525,"1473353#1",14362.5857705546,13560.0129567349,14.2,-2.81,-2.06
61526,"1473353#1",14365.3706323504,13571.1866610751,11.52,-2.68,0.130000000000003
61527,"1473353#1",14367.5105335021,13580.5040868495,9.56,-1.96,0.720000000000001
61528,"1473353#1",14369.0953138529,13587.4044398289,7.08,-2.48,-0.520000000000001
61529,"1473353#1",14370.2436080901,13592.4042718605,5.14,-1.94,0.54
61530,"1473353#1",14371.3299292492,13597.2130402346,4.93,-0.21,1.73
61531,"1473353#1",14371.7988992093,13599.3522380227,2.19,-2.74,-2.53
61532,"1473353#1",14372.4263339047,13602.2142697666,2.93,0.74,3.48
61533,"1473353#1",14373.0923140762,13605.2521259862,3.11,0.18,-0.56
61534,"1473353#1",14373.8353852001,13608.6416311573,3.47,0.36,0.180000000000001
61535,"1473353#1",14374.6041533081,13612.1483526456,3.59,0.12,-0.240000000000001
61536,"1473353#1",14375.7198307017,13617.2374944154,5.21,1.62,1.5
61537,"1473353#1",14376.640639299,13621.4377457801,4.3,-0.91,-2.53
61538,"1473353#1",14377.6856499862,13626.2045426778,4.88,0.58,1.49
61539,"1473353#1",14378.11032762,13630.0709038233,3.88,-1,-1.58
61540,"1473353#1",14378.706018264,13635.5888429909,5.56,1.68,2.68
61541,"1473353#1",14379.0687992328,13638.9493176551,3.37,-2.19,-3.87
61542,"1473353#1",14379.3983073908,13642.0015831045,3.08,-0.29,1.9
61543,"1473353#1",14379.6290704331,13644.1391631424,2.14,-0.94,-0.65
61544,"1473353#1",14379.7911412209,13645.6404402852,1.51,-0.63,0.31
61545,"1473353#1",14379.9210125144,13646.8434504461,1.21,-0.3,0.33
61546,"1473353#1",14379.9800449206,13647.3902732465,0.55,-0.66,-0.36
61547,"1473353#1",14380.0272708455,13647.8277314868,0.45,-0.1,0.56
61548,"1473353#1",14380.0444439091,13647.9868072105,0.16,-0.29,-0.19
61549,"1473353#1",14380.050883808,13648.0464606069,0.06,-0.1,0.19
61550,"1473353#1",14380.0519571244,13648.0564028397,0.01,-0.05,0.05
61551,"1473353#1",14380.0519571244,13648.0564028397,0,-0.01,0.04
61552,"1473353#1",14380.0519571244,13648.0564028397,0,0,0.01
61553,"1473353#1",14380.0519571244,13648.0564028397,0,0,0
61554,"1473353#1",14380.0519571244,13648.0564028397,0,0,0
61555,"1473353#1",14380.0519571244,13648.0564028397,0,0,0
61556,"1473353#1",14380.0648369222,13648.1757096325,0.12,0.12,0.12
61557,"1473353#1",14380.1024029988,13648.5236877782,0.35,0.23,0.11
61558,"1473353#1",14380.1431890249,13648.9014926221,0.38,0.03,-0.2
61559,"1473353#1",14380.2301276594,13649.7068134736,0.81,0.43,0.4
61560,"1473353#1",14380.3277994587,13650.6115566524,0.91,0.1,-0.33
61561,"1473353#1",14380.4372777392,13651.6256643913,1.02,0.11,0.01
61562,"1473353#1",14380.5628557668,13652.7889056212,1.17,0.15,0.0399999999999999
61563,"1473353#1",14380.7184866558,13654.2305293677,1.45,0.28,0.13
61564,"1473353#1",14380.8290382528,13655.2545793393,1.03,-0.42,-0.7
61565,"1473353#1",14380.9320766345,13656.2090336818,0.96,-0.0700000000000001,0.35
61566,"1473353#1",14381.0490681303,13657.2927370499,1.08,0.12,0.19
61567,"1473353#1",14381.3023708185,13659.6391039752,2.36,1.28,1.16
61568,"1473353#1",14381.7606769536,13663.8844373527,4.27,1.91,0.63
61569,"1473353#1",14382.1019915929,13667.0460673622,3.18,-1.09,-3
61570,"1473353#1",14382.5441979808,13671.1422672487,4.12,0.94,2.03
61571,"1473353#1",14382.8865859366,13674.313839491,3.19,-0.93,-1.87
61572,"1473353#1",14383.1066158141,13676.3519972015,2.05,-1.14,-0.21
61573,"1473353#1",14383.4618835675,13679.6428762366,3.31,1.26,2.4
61574,"1473353#1",14383.724846104,13682.0787232565,2.45,-0.86,-2.12
61575,"1473353#1",14383.8568640305,13683.3016178828,1.22,-1.23,-0.37
61576,"1473353#1",14384.0157148689,13684.7730683275,1.48,0.26,1.49
61577,"1473353#1",14384.0489876797,13685.0812775422,0.31,-1.17,-1.43
61578,"1473353#1",14384.0672340598,13685.2502954987,0.17,-0.14,1.03
61579,"1473353#1",14384.076893908,13685.3397755933,0.08,-0.09,0.05
61580,"1473353#1",14384.0801138575,13685.3696022915,0.03,-0.05,0.04
61581,"1473353#1",14384.0811871739,13685.3795445243,0.01,-0.02,0.03
61582,"1473353#1",14384.0811871739,13685.3795445243,0,-0.01,0.01
61583,"1473353#1",14384.0811871739,13685.3795445243,0,0,0.01
61584,"1473353#1",14384.0811871739,13685.3795445243,0,0,0
61585,"1473353#1",14384.0811871739,13685.3795445243,0,0,0
61586,"1473353#1",14384.0811871739,13685.3795445243,0,0,0
61587,"1473353#1",14384.0811871739,13685.3795445243,0,0,0
61588,"1473353#1",14384.1251931494,13685.7871760664,0.42,0.42,0.42
61589,"1473353#1",14384.255064443,13686.9901862272,1.21,0.79,0.37
61590,"1473353#1",14384.4439681427,13688.7400191885,1.76,0.55,-0.24
61591,"1473353#1",14384.629651893,13690.4600254515,1.72,-0.04,-0.59
61592,"1473353#1",14384.8003092126,13692.0408404563,1.59,-0.13,-0.0899999999999999
61593,"1473353#1",14384.850755087,13692.5081253948,0.47,-1.12,-0.99
61594,"1473353#1",14384.869001467,13692.6771433513,0.17,-0.3,0.82
61595,"1473353#1",14384.8797346318,13692.7765656786,0.1,-0.07,0.23
61596,"1473353#1",14384.8851012142,13692.8262768423,0.05,-0.05,0.02
61597,"1473353#1",14384.9752597981,13693.661424392,0.84,0.79,0.84
61598,"1473353#1",14385.2403689676,13696.1171558773,2.47,1.63,0.84
61599,"1473353#1",14385.6879419379,13700.2630669275,4.16,1.69,0.0599999999999996
61600,"1473353#1",14386.5171718908,13712.4198154136,6.44,2.28,0.59
61601,"1473353#1",14386.6224629679,13720.1691001411,7.75,1.31,-0.970000000000001
61602,"1473353#1",14386.7425627254,13729.0082842691,8.84,1.09,-0.22
61603,"1473353#1",14386.884807574,13739.4773179592,10.47,1.63,0.540000000000001
61604,"1473353#1",14387.0570773619,13752.1561476812,12.68,2.21,0.579999999999998
61605,"1473353#1",14387.2523073976,13766.5248214277,14.37,1.69,-0.52
61606,"1473353#1",14387.4437333686,13780.6135210163,14.09,-0.279999999999999,-1.97
61607,"1473353#1",14387.6166824538,13793.3423461236,12.72,-1.37,-1.09
61608,"1473353#1",14387.7812082529,13805.4512284528,12.11,-0.610000000000001,0.759999999999998
61609,"1473353#1",14387.9587765595,13818.5200221805,13.07,0.960000000000001,1.57
61610,"1473353#1",14387.7852698333,13832.8775876694,14.31,1.24,0.279999999999999
61611,"1473353#1",14387.4077159837,13852.1194894124,13.7,-0.610000000000001,-1.85
61612,"1473353#1",14387.2428440601,13867.0185772117,14.9,1.2,1.81
61613,"1473353#1",14387.0653577746,13883.0575952183,16.04,1.14,-0.0600000000000023
61614,"1473353#1",14386.8714949491,13900.5765226172,17.52,1.48,0.340000000000002
61615,"1473353#1",14386.6594851467,13919.7353496127,19.16,1.64,0.16
61616,"1473353#1",14386.4464794736,13938.9841710982,19.24,0.0799999999999983,-1.56
61617,"1473353#1",14386.2369040218,13957.9230115625,18.94,-0.299999999999997,-0.379999999999995
61618,"1473353#1",14386.0193981029,13977.2793139015,19.36,0.419999999999998,0.719999999999995
61619,"1473353#1",14385.8024284634,13996.3480795714,19.07,-0.289999999999999,-0.709999999999997
61620,"1473353#1",14385.5905787159,14014.9668743682,18.62,-0.449999999999999,-0.16
61621,"1473353#1",14385.3719024458,14034.1856303292,19.22,0.599999999999998,1.05
61622,"1473353#1",14385.1543639295,14053.3043927629,19.13,-0.0899999999999999,-0.689999999999998
61623,"1473353#1",14384.013535337,14072.0876260701,18.82,-0.309999999999999,-0.219999999999999
61624,"1473353#1",14382.4061139206,14090.5477749425,18.53,-0.289999999999999,0.0199999999999996
61625,"1473353#1",14380.7691985332,14109.3466421428,18.87,0.34,0.629999999999999
61626,"1473353#1",14379.0880421894,14128.653586835,19.39,0.52,0.18
61627,"1473353#1",14377.4580665598,14147.3727556052,18.78,-0.609999999999999,-1.13
61628,"1473353#1",14375.8306933395,14166.0620374641,18.76,-0.0199999999999996,0.59
61629,"1473353#1",14374.0892273433,14185.1226485092,19.15,0.389999999999997,0.409999999999997
61630,"1473353#1",14372.3413583325,14204.252966173,19.2,0.0500000000000007,-0.339999999999996
61631,"1473353#1",14370.6171460599,14223.1243623068,18.96,-0.239999999999998,-0.289999999999999
61632,"1473353#1",14368.9595801153,14242.0117286688,18.96,0,0.239999999999998
61633,"1473353#1",14367.3563489638,14260.5224296246,18.58,-0.380000000000003,-0.380000000000003
