"V1","V2","V3","V4","V5","acceleration","jerk"
47206,1478580,14349.2209609817,14267.0128844909,18.61,-0.0399999999999991,0
47207,1478580,14350.5308879551,14248.4891432024,18.57,-0.0399999999999991,0
47208,1478580,14351.859155317,14229.7060495856,18.83,0.259999999999998,0.299999999999997
47209,1478580,14353.7864864653,14211.3076067021,18.51,-0.319999999999997,-0.579999999999995
47210,1478580,14355.7798471597,14192.7845558426,18.63,0.119999999999997,0.439999999999994
47211,1478580,14357.8299164514,14173.7345475513,19.15,0.52,0.400000000000002
47212,1478580,14359.7957927845,14154.9874442235,18.86,-0.289999999999999,-0.809999999999999
47213,1478580,14361.7302462215,14135.7846347962,19.29,0.43,0.719999999999999
47214,1478580,14363.6646996585,14116.581825369,19.31,0.0199999999999996,-0.41
47215,1478580,14365.5590607963,14097.7770016293,18.89,-0.419999999999998,-0.439999999999998
47216,1478580,14367.4313711695,14079.1910700178,18.69,-0.199999999999999,0.219999999999999
47217,1478580,14369.2976676978,14060.6648362595,18.62,-0.0700000000000003,0.129999999999999
47218,1478580,14370.5669561329,14041.3482440543,19.36,0.739999999999998,0.809999999999999
47219,1478580,14371.6882202554,14022.8121261552,18.57,-0.789999999999999,-1.53
47220,1478580,14372.7396345479,14000.2805818847,19.3,0.73,1.52
47221,1478580,14372.2620868895,13979.6160991127,20.67,1.37,0.640000000000001
47222,1478580,14371.7556599581,13957.7019499902,21.93,1.26,-0.110000000000003
47223,1478580,14371.2252054716,13934.7480784641,22.95,1.02,-0.239999999999998
47224,1478580,14370.757361249,13914.5034835859,20.26,-2.69,-3.71
47225,1478580,14370.3729203667,13897.8679251279,16.63,-3.63,-0.940000000000005
47226,1478580,14370.0561725005,13884.1615845956,13.71,-2.92,0.710000000000004
47227,1478580,14364.3123535105,13862.2444886738,12.86,-0.850000000000001,2.07
47228,1478580,14354.1698321422,13854.8747411065,13.28,0.42,1.27
47229,1478580,14344.2569830803,13849.4540226638,11.65,-1.63,-2.05
47230,1478580,14337.1201644724,13849.3930776233,9.06,-2.59,-0.960000000000001
47231,1478580,14332.171730123,13849.5175665378,4.94,-4.12,-1.53
47232,1478580,14307.4966025171,13847.0923830144,6.68,1.74,5.86
47233,1478580,14299.7713863415,13848.024243814,7.91,1.23,-0.509999999999999
47234,1478580,14290.6117370668,13847.9440866934,9.16,1.25,0.0199999999999996
47235,1478580,14279.6421570948,13847.8480906658,10.97,1.81,0.56
47236,1478580,14266.6726537003,13847.7345930834,12.97,2,0.19
47237,1478580,14253.4431602609,13847.6188202989,13.23,0.26,-1.74
47238,1478580,14240.4836564836,13847.5054102243,12.95,-0.280000000000001,-0.540000000000001
47239,1478580,14227.7703724947,13848.6215227265,12.82,-0.129999999999999,0.150000000000002
47240,1478580,14219.3209788434,13851.5817824525,8.97,-3.85,-3.72
47241,1478580,14214.8382296181,13854.4651588386,5.33,-3.64,0.209999999999999
47242,1478580,14214.7831628323,13858.4237646205,2.28,-3.05,0.59
47243,1478580,14211.7532314119,13860.3678622486,3.6,1.32,4.37
47244,1478580,14210.0070197715,13863.1294038071,3.34,-0.26,-1.58
47245,1478580,14209.37,13864.4,1.6,-1.74,-1.48
47246,1478580,14209.37,13864.4,0.53,-1.07,0.67
47247,1478580,14209.37,13864.4,0.09,-0.44,0.63
47248,1478580,14209.37,13864.4,0.05,-0.04,0.4
47249,1478580,14209.37,13864.4,0.01,-0.04,-6.93889390390723e-18
47250,1478580,14209.37,13864.4,0,-0.01,0.03
47251,1478580,14209.37,13864.4,0,0,0.01
47252,1478580,14209.37,13864.4,0,0,0
47253,1478580,14209.37,13864.4,0,0,0
47254,1478580,14209.37,13864.4,0,0,0
47255,1478580,14209.37,13864.4,0,0,0
47256,1478580,14209.37,13864.4,0,0,0
47257,1478580,14209.37,13864.4,0,0,0
47258,1478580,14209.37,13864.4,0,0,0
47259,1478580,14209.37,13864.4,0,0,0
47260,1478580,14209.37,13864.4,0,0,0
47261,1478580,14209.37,13864.4,0,0,0
47262,1478580,14206.8344780681,13874.7949435787,1.37,1.37,1.37
47263,1478580,14207.9317840873,13878.5478117485,3.92,2.55,1.18
47264,1478580,14209.6510314655,13883.9992800444,5.71,1.79,-0.76
47265,1478580,14212.2047478333,13890.5919602818,7.08,1.37,-0.42
47266,1478580,14215.3219433431,13898.6393196098,8.63,1.55,0.180000000000001
47267,1478580,14232.0173756935,13918.1686532896,9.86,1.23,-0.320000000000002
47268,1478580,14241.8877152329,13924.5435177884,11.74,1.88,0.650000000000002
47269,1478580,14253.1550614362,13932.5971105559,13.85,2.11,0.229999999999999
47270,1478580,14264.0256561833,13940.0141390595,13.17,-0.68,-2.79
47271,1478580,14275.5810854152,13947.1029739055,13.55,0.380000000000001,1.06
47272,1478580,14287.4360038289,13953.4052487603,13.44,-0.110000000000001,-0.490000000000002
47273,1478580,14299.4679588073,13958.7142670339,13.18,-0.26,-0.149999999999999
47274,1478580,14312.2160083748,13963.0338540774,13.45,0.27,0.529999999999999
47275,1478580,14325.0495285446,13966.672953753,13.37,-0.0800000000000001,-0.35
47276,1478580,14337.788194787,13969.4600637911,13.04,-0.33,-0.25
47277,1478580,14351.1726823076,13971.781881722,13.59,0.550000000000001,0.880000000000001
47278,1478580,14364.1369912164,13973.5230105479,13.09,-0.5,-1.05
47279,1478580,14377.3532259658,13974.3159412186,13.24,0.15,0.65
47280,1478580,14391.0485991351,13975.1376186205,13.72,0.48,0.33
47281,1478580,14404.4145646408,13975.9395326447,13.39,-0.33,-0.81
