"V1","V2","V3","V4","V5","acceleration","jerk"
24106,1479781,13687.8762053018,14269.3262532205,10.88,-1.64,0
24107,1479781,13684.5362180272,14257.4278720013,9.24,-1.64,0
24108,1479781,13682.7062731952,14249.9050403575,7.86,-1.38,0.260000000000001
24109,1479781,13683.9772997895,14245.8076519945,4.29,-3.57,-2.19
24110,1479781,13684.8868689373,14242.8754882942,3.07,-1.22,2.35
24111,1479781,13685.1150019158,14242.1400596137,0.78,-2.29,-1.07
24112,1479781,13681.8830212099,14224.6131822451,3.25,2.47,4.76
24113,1479781,13679.1139646148,14219.6882634059,5.65,2.4,-0.0699999999999994
24114,1479781,13673.5809173915,14202.069814635,7.59,1.94,-0.460000000000001
24115,1479781,13671.1222541343,14193.2667143295,9.14,1.55,-0.389999999999999
24116,1479781,13668.1444201894,14182.6047536751,11.07,1.93,0.379999999999999
24117,1479781,13665.6723069145,14173.7534963658,9.19,-1.88,-3.81
24118,1479781,13663.8081344449,14167.0789356309,6.94,-2.25,-0.369999999999998
24119,1479781,13663.0603134543,14164.4014062163,2.77,-4.17,-1.92
24120,1479781,13662.5788028164,14162.6773854782,1.79,-0.98,3.19
24121,1479781,13662.3878125634,14161.9935560234,0.72,-1.07,-0.0900000000000001
24122,1479781,13662.3205624743,14161.7527710041,0.24,-0.48,0.59
24123,1479781,13662.2586923923,14161.5312487863,0.23,-0.00999999999999998,0.47
24124,1479781,13662.2586923923,14161.5312487863,0,-0.23,-0.22
24125,1479781,13662.2586923923,14161.5312487863,0,0,0.23
24126,1479781,13662.2586923923,14161.5312487863,0,0,0
24127,1479781,13662.2586923923,14161.5312487863,0,0,0
24128,1479781,13662.2586923923,14161.5312487863,0,0,0
24129,1479781,13662.2586923923,14161.5312487863,0,0,0
24130,1479781,13662.2586923923,14161.5312487863,0,0,0
24131,1479781,13662.2586923923,14161.5312487863,0,0,0
24132,1479781,13662.056942125,14160.8088937284,0.76,0.76,0.76
24133,1479781,13661.6157815406,14159.2293440018,1.64,0.88,0.12
24134,1479781,13661.1638609419,14157.6112686722,1.67,0.03,-0.85
24135,1479781,13660.2062196733,14154.1824899974,3.56,1.89,1.86
24136,1479781,13659.1446167095,14149.811439371,4.5,0.94,-0.95
24137,1479781,13657.6555771269,14143.7435999059,6.16,1.66,0.72
24138,1479781,13655.5913750786,14136.1180461618,7.9,1.74,0.0800000000000001
24139,1479781,13650.3484129937,14117.2041450033,9.85,1.95,0.209999999999999
24140,1479781,13649.2133517588,14105.325369099,11.94,2.09,0.140000000000001
24141,1479781,13648.5714435444,14083.6406412429,12.11,0.17,-1.92
24142,1479781,13648.4373103282,14071.2413667367,12.39,0.280000000000001,0.110000000000001
24143,1479781,13648.2916027135,14057.7721548336,13.47,1.08,0.799999999999999
24144,1479781,13647.5869061278,14045.8742604873,11.98,-1.49,-2.57
24145,1479781,13644.53317222,14033.1865810612,13.05,1.07,2.56
24146,1479781,13641.4560380524,14020.4016780379,13.15,0.0999999999999996,-0.970000000000001
24147,1479781,13638.4327244824,14007.8403892881,12.91,-0.24,-0.34
24148,1479781,13635.4187710163,13995.317989977,12.88,-0.0299999999999994,0.210000000000001
24149,1479781,13638.7532229907,13977.398028173,13.42,0.539999999999999,0.569999999999999
24150,1479781,13642.7089344733,13962.3906051208,15.52,2.1,1.56
24151,1479781,13646.9959877683,13946.1261169934,16.82,1.3,-0.799999999999999
24152,1479781,13651.6857488045,13928.3338113131,18.4,1.58,0.279999999999998
24153,1479781,13661.6850126815,13905.339568053,19.85,1.45,-0.129999999999995
24154,1479781,13664.6953197207,13862.8230334707,21.57,1.72,0.269999999999996
24155,1479781,13666.1336239857,13844.3489386121,18.53,-3.04,-4.76
24156,1479781,13667.4104780147,13827.9485683789,16.45,-2.08,0.959999999999997
24157,1479781,13668.7797002076,13810.361788384,17.64,1.19,3.27
24158,1479781,13669.8501242849,13789.5123506605,17.79,0.149999999999999,-1.04
24159,1479781,13670.1806112202,13775.4462325611,14.07,-3.72,-3.87
24160,1479781,13670.428887475,13764.8791488148,10.57,-3.5,0.219999999999999
24161,1479781,13666.1954475043,13756.749295252,6.07,-4.5,-1
24162,1479781,13662.1818306702,13756.3862802262,4.04,-2.03,2.47
24163,1479781,13649.3017746939,13755.8831746767,5.51,1.47,3.5
24164,1479781,13642.2559452246,13756.1256351669,7.05,1.54,0.0700000000000003
24165,1479781,13633.3712042342,13756.4313761255,8.89,1.84,0.300000000000001
24166,1479781,13625.0465900506,13757.0751543246,8.35,-0.540000000000001,-2.38
24167,1479781,13619.8632822262,13757.4914715073,5.19,-3.16,-2.62
24168,1479781,13602.4623379049,13760.1358822378,7.31,2.12,5.28
24169,1479781,13593.757493133,13760.4355111722,8.71,1.4,-0.719999999999998
24170,1479781,13583.3536545481,13760.7936210697,10.41,1.7,0.299999999999998
24171,1479781,13570.7510230474,13761.2246366845,12.61,2.2,0.5
24172,1479781,13557.7783067237,13761.654746263,12.98,0.370000000000001,-1.83
24173,1479781,13543.9197304833,13762.2175646961,13.87,0.889999999999999,0.519999999999998
24174,1479781,13530.4320236575,13761.966730613,13.51,-0.359999999999999,-1.25
24175,1479781,13517.5270447069,13761.615078702,12.91,-0.6,-0.24
24176,1479781,13504.1912290243,13761.2809827863,13.34,0.43,1.03
24177,1479781,13490.3355764486,13760.9338636414,13.87,0.529999999999999,0.0999999999999996
24178,1479781,13476.7098517295,13760.592504771,13.62,-0.25,-0.779999999999999
24179,1479781,13463.7739290165,13760.2676941077,12.94,-0.68,-0.43
24180,1479781,13452.9473873313,13759.9940243446,10.83,-2.11,-1.43
24181,1479781,13444.1202069915,13759.7708937807,8.83,-2,0.109999999999999
24182,1479781,13438.8190044154,13759.5090809358,5.31,-3.52,-1.52
24183,1479781,13436.2180260903,13759.2924259145,2.61,-2.7,0.820000000000001
24184,1479781,13435.2809803951,13759.2179587069,0.94,-1.67,1.03
24185,1479781,13428.4648741157,13749.8914306582,2.94,2,3.67
24186,1479781,13428.6688678798,13744.5553284717,5.34,2.4,0.4
24187,1479781,13428.9607241265,13736.9209051188,7.64,2.3,-0.1
24188,1479781,13429.3289825321,13727.2879416212,9.65,2.01,-0.289999999999999
24189,1479781,13429.7556885892,13716.1260949128,11.17,1.52,-0.490000000000001
24190,1479781,13430.26108887,13702.9057518554,13.23,2.06,0.540000000000001
24191,1479781,13430.7718373018,13689.5455109878,13.37,0.139999999999999,-1.92
24192,1479781,13431.2661592695,13676.6149562514,12.94,-0.43,-0.569999999999999
24193,1479781,13431.7711775394,13663.4046058947,13.22,0.280000000000001,0.710000000000001
24194,1479781,13432.28612809,13649.9344453191,13.48,0.26,-0.0200000000000014
24195,1479781,13416.300025088,13636.8814056862,13.14,-0.34,-0.6
24230,1479781,13410.5368450924,13752.1226109446,11,-0.0611428571428572,0.00796734693877551
24231,1479781,13423.4569052715,13754.346154281,13.11,2.11,2.17114285714286
