"V1","V2","V3","V4","V5","acceleration","jerk"
27936,1480174,14344.0550656442,13277.8163356328,21.69,-0.920000000000002,0
27937,1480174,14344.4515505143,13298.5781726681,20.77,-0.920000000000002,0
27938,1480174,14344.6218849573,13319.9875196184,21.1,0.330000000000002,1.25
27939,1480174,14343.935767956,13342.5693201629,22.61,1.51,1.18
27940,1480174,14343.3533596843,13364.2079945751,21.65,-0.960000000000001,-2.47
27941,1480174,14342.6634352004,13386.8574891436,22.67,1.02,1.98
27942,1480174,14341.9719883766,13409.5569605315,22.71,0.0399999999999991,-0.980000000000004
27943,1480174,14342.7510683132,13445.8712550783,24.02,1.31,1.27
27944,1480174,14341.5161848315,13472.7881910408,25.45,1.43,0.120000000000001
27945,1480174,14345.5864502941,13499.0949134368,26.63,1.18,-0.25
27946,1480174,14352.5230425002,13525.8334540454,27.63,1,-0.18
27947,1480174,14360.3489811583,13552.4153799373,27.71,0.0800000000000018,-0.919999999999998
27948,1480174,14367.0695706078,13578.5840733793,27.03,-0.68,-0.760000000000002
27949,1480174,14373.1822535206,13605.6623830963,27.76,0.73,1.41
27950,1480174,14378.2015595205,13630.9159936057,25.77,-1.99,-2.72
27951,1480174,14380.576808881,13652.9181546468,22.12,-3.65,-1.66
27952,1480174,14382.4937521065,13670.6749823102,17.86,-4.26,-0.610000000000003
27953,1480174,14383.9652689946,13684.305783389,13.71,-4.15,0.110000000000003
27954,1480174,14385.0074592924,13693.959691374,9.71,-4,0.149999999999999
27955,1480174,14385.7373144958,13700.7204096333,6.8,-2.91,1.09
27956,1480174,14382.9203856393,13707.425949082,4.31,-2.49,0.420000000000001
27957,1480174,14380.7728981377,13707.5298597675,2.15,-2.16,0.330000000000001
27958,1480174,14366.7771312704,13706.6742675053,4.15,2,4.16
27959,1480174,14360.4299796782,13707.0783302062,6.37,2.22,0.219999999999999
27960,1480174,14346.4376752452,13708.0569208764,7.74,1.37,-0.85
27961,1480174,14330.3300005388,13708.7380497241,9.74,2,0.63
27962,1480174,14318.3600023656,13708.7314364654,11.97,2.23,0.23
27963,1480174,14304.9673445588,13707.6159853759,13.45,1.48,-0.750000000000002
27964,1480174,14279.2935489045,13705.3710476265,13.46,0.0100000000000016,-1.47
27965,1480174,14266.1169034581,13704.1840704662,13.23,-0.23,-0.240000000000002
27966,1480174,14252.3526373909,13702.9441593282,13.82,0.59,0.82
27967,1480174,14238.558492309,13701.701556632,13.85,0.0299999999999994,-0.56
27968,1480174,14225.1228954026,13700.4912526341,13.49,-0.359999999999999,-0.389999999999999
27969,1480174,14211.9521060881,13699.3574345299,13.22,-0.27,0.0899999999999999
27970,1480174,14198.6119935328,13698.4639598457,13.37,0.149999999999999,0.419999999999998
27971,1480174,14185.6210985836,13697.5938745512,13.02,-0.35,-0.499999999999998
27972,1480174,14172.1512766317,13696.6917123795,13.5,0.48,0.83
27973,1480174,14159.9799863103,13696.6500998616,12.19,-1.31,-1.79
27974,1480174,14150.998999229,13697.0525561248,8.98,-3.21,-1.9
27975,1480174,14144.6853353408,13697.3354842208,6.33,-2.65,0.559999999999999
27976,1480174,14139.5704683934,13697.5646917923,5.11,-1.22,1.43
27977,1480174,14136.2038469847,13697.7155569321,3.37,-1.74,-0.52
27978,1480174,14123.1204979329,13702.0053366882,5.11,1.74,3.48
27979,1480174,14117.1553436185,13698.8038004937,6.77,1.66,-0.080000000000001
27980,1480174,14109.5240469203,13695.3552019108,8.38,1.61,-0.049999999999998
27981,1480174,14091.518479023,13690.9293501481,10.58,2.2,0.589999999999998
27982,1480174,14079.9053794974,13689.2078625914,11.74,1.16,-1.04
27983,1480174,14066.1768001725,13690.5144043382,13.25,1.51,0.35
27984,1480174,14051.0520981906,13688.272197845,15.29,2.04,0.529999999999999
27985,1480174,14034.7205854554,13685.8510840972,16.5,1.21,-0.829999999999998
27986,1480174,14017.0466476077,13682.6195489444,17.98,1.48,0.27
27987,1480174,13998.0620568448,13676.930804921,19.85,1.87,0.390000000000001
27988,1480174,13978.9635533636,13667.3747607582,21.38,1.53,-0.340000000000003
27989,1480174,13964.242855356,13657.7588838659,17.6,-3.78,-5.31
27990,1480174,13952.5930670923,13650.0127536443,13.98,-3.62,0.159999999999997
27991,1480174,13942.2256715323,13643.1193068067,12.45,-1.53,2.09
27992,1480174,13934.31637685,13638.3694930673,9.24,-3.21,-1.68
27993,1480174,13928.5389739951,13635.3909672151,6.5,-2.74,0.469999999999999
27994,1480174,13924.2548075703,13633.182275737,4.82,-1.68,1.06
27995,1480174,13921.2416697737,13631.6288599464,3.38,-1.44,0.239999999999999
27996,1480174,13917.277482584,13629.5851329771,4.46,1.08,2.52
27997,1480174,13913.6512122006,13627.5705658202,4.16,-0.3,-1.38
27998,1480174,13908.5369555415,13624.5493113083,5.94,1.78,2.08
27999,1480174,13904.6435428849,13622.604967737,4.36,-1.58,-3.36
28000,1480174,13896.2732797452,13624.4308818461,5.84,1.48,3.06
28001,1480174,13895.0123482456,13632.4027473692,8.09,2.25,0.77
28002,1480174,13894.8910947606,13657.0193983787,9.94,1.85,-0.4
28003,1480174,13895.1639925836,13668.6061851109,11.59,1.65,-0.199999999999999
28004,1480174,13895.3928594377,13678.323490291,9.72,-1.87,-3.52
28005,1480174,13896.1832020683,13695.5355579811,8.08,-1.64,0.229999999999999
28006,1480174,13896.8822175803,13702.8522428393,7.35,-0.73,0.91
28007,1480174,13897.5745758018,13710.0992449845,7.28,-0.0699999999999994,0.660000000000001
28008,1480174,13898.2707381894,13717.3860658229,7.32,0.04,0.109999999999999
28009,1480174,13898.9982849468,13725.0013908793,7.66,0.34,0.3
28010,1480174,13899.5736650622,13731.0239682116,6.05,-1.61,-1.95
28011,1480174,13900.1975482947,13737.5542338809,6.56,0.51,2.12
28012,1480174,13900.6492930134,13742.2827036872,4.75,-1.81,-2.32
28013,1480174,13901.275078329,13748.8328787031,6.58,1.83,3.64
28014,1480174,13901.7448928364,13753.7504873017,4.95,-1.63,-3.46
28015,1480174,13901.6547630666,13755.9282439007,2.2,-2.75,-1.12
28016,1480174,13901.3660238905,13757.092988374,1.2,-1,1.75
28017,1480174,13901.2890267768,13757.4035869003,0.32,-0.88,0.12
28018,1480174,13901.2818082974,13757.4327055121,0.03,-0.29,0.59
28019,1480174,13901.2818082974,13757.4327055121,0,-0.03,0.26
28020,1480174,13892.6207779349,13763.6152902328,2.37,2.37,2.4
28021,1480174,13888.8182235754,13763.9799549316,3.82,1.45,-0.92
28022,1480174,13883.3732046364,13764.5021318695,5.47,1.65,0.2
28023,1480174,13875.7780502481,13765.2305066475,7.63,2.16,0.51
28024,1480174,13866.1621667105,13766.1526692105,9.65,2.02,-0.14
28025,1480174,13854.5952343393,13767.2619372211,11.63,1.98,-0.04
28026,1480174,13841.7722337356,13768.8320231156,12.92,1.29,-0.690000000000001
28027,1480174,13828.5928641804,13770.543256042,13.28,0.359999999999999,-0.93
28028,1480174,13815.2845767892,13772.271227891,13.42,0.140000000000001,-0.219999999999999
28029,1480174,13801.4984504662,13772.8778487759,13.8,0.380000000000001,0.24
28030,1480174,13788.5504668695,13773.4358100462,12.96,-0.84,-1.22
28031,1480174,13775.1459842411,13773.9274670808,13.42,0.459999999999999,1.3
28032,1480174,13761.8833151299,13772.4029645237,13.35,-0.0700000000000003,-0.529999999999999
28033,1480174,13742.9413779087,13770.1690469061,12.8,-0.549999999999999,-0.479999999999999
28034,1480174,13732.6507697343,13768.8097149373,10.38,-2.42,-1.87
28035,1480174,13724.898115021,13767.7856324714,7.82,-2.56,-0.140000000000001
28036,1480174,13718.4172370902,13767.0779269624,6.52,-1.3,1.26
28037,1480174,13710.8955081237,13766.3181945391,7.56,1.04,2.34
28038,1480174,13705.3736039221,13765.7604544665,5.55,-2.01,-3.05
28039,1480174,13703.0844715962,13765.5395367358,2.3,-3.25,-1.24
28040,1480174,13697.3872124577,13770.5099284363,4.62,2.32,5.57
28041,1480174,13697.4400139584,13776.859708905,6.35,1.73,-0.590000000000001
28042,1480174,13697.5124393239,13785.5694077842,8.71,2.36,0.630000000000002
28043,1480174,13697.6037401865,13796.5490281854,10.97,2.26,-0.100000000000001
28044,1480174,13697.7086779721,13809.1685918886,12.62,1.65,-0.610000000000001
28045,1480174,13697.8290820241,13823.6480912883,14.48,1.86,0.210000000000003
28046,1480174,13697.9637882148,13839.8475312243,16.2,1.72,-0.140000000000002
28047,1480174,13690.0591915209,13867.9712743671,17.33,1.13,-0.59
28048,1480174,13678.3848501603,13902.1231699985,14.22,-3.11,-4.24
28049,1480174,13688.8949215782,13918.9790337961,13.23,-0.99,2.12
28050,1480174,13700.1300263973,13925.2771938213,12.88,-0.35,0.640000000000001
28051,1480174,13711.7751078675,13931.8051780089,13.35,0.469999999999999,0.819999999999999
28052,1480174,13723.6353182186,13937.0572408811,12.99,-0.359999999999999,-0.829999999999998
28053,1480174,13734.6573569293,13945.0181726571,13.62,0.629999999999999,0.989999999999998
28054,1480174,13743.4719288385,13952.9614816093,11.88,-1.74,-2.37
28055,1480174,13750.3755316611,13959.5737441406,9.57,-2.31,-0.570000000000002
28056,1480174,13754.5390579551,13964.0592149966,6.12,-3.45,-1.14
28057,1480174,13756.9133564463,13966.6171060565,3.49,-2.63,0.82
28058,1480174,13757.8726002493,13967.6505233616,1.41,-2.08,0.55
28059,1480174,13758.3011985443,13968.1122630085,0.63,-0.78,1.3
28060,1480174,13758.9747101507,13968.8378538823,0.99,0.36,1.14
28061,1480174,13759.7356034645,13969.6440220014,1.11,0.12,-0.24
28062,1480174,13761.2792660602,13970.4894247401,1.77,0.66,0.54
28063,1480174,13763.2439275456,13971.5653918621,2.23,0.46,-0.2
28064,1480174,13767.1823231424,13973.2767754084,4.33,2.1,1.64
28065,1480174,13771.2589332221,13974.4424727351,4.23,-0.0999999999999996,-2.2
28066,1480174,13775.2489925741,13975.1832957651,4.07,-0.16,-0.0600000000000005
28067,1480174,13779.4836897405,13975.9298477787,4.3,0.23,0.39
28068,1480174,13785.3886179231,13976.8584371398,6,1.7,1.47
28069,1480174,13790.1673143237,13976.5295591811,4.78,-1.22,-2.92
28070,1480174,13802.3766392292,13983.8307126445,6.24,1.46,2.68
28071,1480174,13803.17879081,13991.8707967759,8.08,1.84,0.38
28072,1480174,13804.1060303848,14001.1646564032,9.34,1.26,-0.58
28073,1480174,13805.239764426,14012.5282406583,11.42,2.08,0.82
28074,1480174,13806.5353186499,14025.5137725786,13.05,1.63,-0.449999999999999
28075,1480174,13807.8348439212,14038.5391068956,13.09,0.0399999999999991,-1.59
28076,1480174,13808.9043390774,14052.2824403311,13.79,0.699999999999999,0.66
28077,1480174,13809.4521057967,14064.840499561,12.57,-1.22,-1.92
28078,1480174,13810.1656092484,14074.4025806141,9.6,-2.97,-1.75
28079,1480174,13811.0106595762,14079.9586844598,5.62,-3.98,-1.01
28080,1480174,13811.4767905399,14083.0234392501,3.1,-2.52,1.46
28081,1480174,13802.8125705974,14093.8816620831,5.12,2.02,4.54
28082,1480174,13795.8883572197,14095.8914802588,7.21,2.09,0.0699999999999998
28083,1480174,13787.9461596283,14098.1967779444,8.27,1.06,-1.03
28084,1480174,13780.8493455016,14099.3910637951,7.23,-1.04,-2.1
28085,1480174,13773.6466095816,14100.0183558054,7.23,0,1.04
28086,1480174,13766.2047786932,14100.6664707871,7.47,0.239999999999999,0.239999999999999
28087,1480174,13758.304682449,14101.3544964637,7.93,0.46,0.220000000000001
28088,1480174,13750.8230023993,14102.0060819405,7.51,-0.42,-0.88
28089,1480174,13742.5543014122,14102.7262096979,8.29,0.779999999999999,1.2
28090,1480174,13734.3288002055,14108.2483109597,7.52,-0.77,-1.55
28091,1480174,13736.4239581965,14116.8878950349,8.9,1.38,2.15
