"V1","V2","V3","V4","V5","acceleration","jerk"
62034,1481214,13456.47,13903.93,0,2.03,0
62035,1481214,13458.4810517384,13903.6532855166,2.03,2.03,0
62036,1481214,13462.0276355924,13903.1652865755,3.59,1.56,-0.47
62037,1481214,13473.5797103916,13901.482910641,5.56,1.97,0.41
62038,1481214,13481.0807217543,13900.260278833,7.6,2.04,0.0700000000000003
62039,1481214,13490.6938600006,13898.6933796475,9.74,2.14,0.100000000000001
62040,1481214,13501.7183727532,13896.8964326349,11.17,1.43,-0.710000000000001
62041,1481214,13514.5510424251,13895.2275485526,12.95,1.78,0.35
62042,1481214,13527.3646739245,13894.1364721128,12.85,-0.0999999999999996,-1.88
62043,1481214,13540.4473319017,13893.0224881583,13.14,0.290000000000001,0.390000000000001
62044,1481214,13554.6826245937,13895.4922094723,13.71,0.57,0.279999999999999
62045,1481214,13568.4100926264,13895.3366411826,13.73,0.0199999999999996,-0.550000000000001
62046,1481214,13582.2298977338,13895.2632464038,13.83,0.0999999999999996,0.0800000000000001
62047,1481214,13604.8273241521,13894.7991632061,13.16,-0.67,-0.77
62048,1481214,13618.4259434363,13894.2426979668,13.61,0.449999999999999,1.12
62049,1481214,13631.4595749682,13892.6725885791,13.17,-0.44,-0.889999999999999
62050,1481214,13644.0325820424,13889.6073560322,12.95,-0.220000000000001,0.219999999999999
