"V1","V2","V3","V4","V5","acceleration","jerk"
59342,1483810,13409.1428422668,13365.3682658298,13.27,0.00999999999999979,0
59343,1483810,13422.1817148822,13367.834173557,13.28,0.00999999999999979,0
59344,1483810,13435.7904854717,13370.4078602203,13.85,0.57,0.56
59345,1483810,13458.0182380152,13373.3629927028,13.25,-0.6,-1.17
59346,1483810,13471.8307404019,13374.2349891566,13.84,0.59,1.19
59347,1483810,13485.3349206235,13371.7804484858,12.89,-0.949999999999999,-1.54
59348,1483810,13498.7281713055,13372.6273464545,13.42,0.529999999999999,1.48
59349,1483810,13512.5805050958,13373.5032737128,13.88,0.460000000000001,-0.0699999999999985
59350,1483810,13526.2963459843,13373.8196164033,13.75,-0.130000000000001,-0.590000000000002
59351,1483810,13539.5054559703,13372.6590073484,13.25,-0.5,-0.369999999999999
59352,1483810,13552.2175401474,13370.2007744046,13.01,-0.24,0.26
59353,1483810,13574.0969661472,13357.596895146,13.71,0.700000000000001,0.940000000000001
59354,1483810,13584.8701311503,13349.9175842514,13.23,-0.48,-1.18
59355,1483810,13596.0748741921,13341.9306365636,13.76,0.529999999999999,1.01
59356,1483810,13606.5711778119,13334.4486775741,12.89,-0.869999999999999,-1.4
59357,1483810,13617.4013436881,13326.728735405,13.3,0.41,1.28
59358,1483810,13628.0116490539,13319.1655138663,13.04,-0.260000000000002,-0.670000000000002
59359,1483810,13638.5486675831,13311.6545325378,12.93,-0.109999999999999,0.150000000000002
59360,1483810,13649.6540694406,13303.9090152659,13.55,0.620000000000001,0.73
59361,1483810,13660.2602395702,13296.5836309632,12.89,-0.66,-1.28
59362,1483810,13671.327189783,13288.9399987776,13.45,0.559999999999999,1.22
59363,1483810,13682.1143806595,13281.489588521,13.1,-0.35,-0.909999999999998
59405,1483810,14209.9925305937,13275.7010129973,13.57,0.0111904761904762,0.00859977324263038
59406,1483810,14222.16,13277.67,13.11,-0.460000000000001,-0.471190476190477
59407,1483810,14237.2456755857,13280.1616770575,13.29,0.18,0.640000000000001
59408,1483810,14250.2601851089,13282.1131231544,13.16,-0.129999999999999,-0.309999999999999
59409,1483810,14263.2153579626,13284.0556720806,13.1,-0.0600000000000005,0.0699999999999985
59410,1483810,14276.3386513801,13286.023429657,13.26,0.16,0.220000000000001
59411,1483810,14289.936638154,13288.0623645986,13.76,0.5,0.34
59412,1483810,14302.723690444,13289.9797048747,12.93,-0.83,-1.33
59413,1483810,14316.0657919284,13292.0338774845,13.5,0.57,1.4
59414,1483810,14328.9075292872,13294.3560061643,13.05,-0.449999999999999,-1.02
59415,1483810,14342.3692125876,13296.7902376079,13.68,0.629999999999999,1.08
59416,1483810,14355.3880773583,13299.1443956487,13.22,-0.459999999999999,-1.09
59417,1483810,14368.2101338937,13301.4629655106,13.04,-0.180000000000001,0.279999999999998
59418,1483810,14381.376604841,13303.8438146857,13.37,0.33,0.510000000000002
59419,1483810,14394.7890860825,13306.2691490846,13.64,0.270000000000001,-0.0599999999999987
