"V1","V2","V3","V4","V5","acceleration","jerk"
32983,1483320,14399.4853269668,13323.4599979665,13.5,-0.220000000000001,0
32984,1483320,14386.3867891952,13321.272143253,13.28,-0.220000000000001,0
32985,1483320,14373.5249719858,13319.1238280824,13.05,-0.229999999999999,-0.00999999999999801
32986,1483320,14354.6860394773,13312.634922619,13.74,0.69,0.919999999999998
32987,1483320,14341.4099238365,13310.4176374564,13.46,-0.279999999999999,-0.969999999999999
32988,1483320,14328.429709733,13308.2497717253,13.16,-0.300000000000001,-0.0200000000000014
32989,1483320,14315.0352334773,13306.0127187901,13.58,0.42,0.720000000000001
32990,1483320,14302.2917406036,13303.8843886042,12.92,-0.66,-1.08
32991,1483320,14289.0156249629,13301.6671034416,13.46,0.540000000000001,1.2
32992,1483320,14276.183361628,13299.5239474263,13.01,-0.450000000000001,-0.990000000000002
32993,1483320,14262.7395684494,13297.2786579192,13.63,0.620000000000001,1.07
32994,1483320,14249.5324965007,13295.0729039572,13.39,-0.24,-0.860000000000001
32995,1483320,14232.8981036556,13292.2476332618,13.59,0.199999999999999,0.44
32996,1483320,14219.8904066995,13289.8879256742,13.22,-0.369999999999999,-0.569999999999999
32997,1483320,14206.55800929,13287.4693146444,13.55,0.33,0.699999999999999
32998,1483320,14193.5699911493,13285.1131769623,13.2,-0.350000000000001,-0.680000000000001
32999,1483320,14180.1490390705,13282.6785013575,13.64,0.440000000000001,0.790000000000003
33000,1483320,14167.4857213834,13280.3812671174,12.86,-0.780000000000001,-1.22
33001,1483320,14154.7436884347,13278.0697532551,12.95,0.0899999999999999,0.870000000000001
33002,1483320,14141.9327796323,13275.7457447232,13.01,0.0600000000000005,-0.0299999999999994
33035,1483320,13726.0587457872,13281.7071486616,12.99,-0.000606060606060593,-0.00183654729109276
33036,1483320,13715.3402449639,13289.6319603377,13.33,0.34,0.34060606060606
33037,1483320,13699.4947497055,13300.2816874197,13.02,-0.31,-0.65
33038,1483320,13688.0126673203,13307.5140234254,13.57,0.550000000000001,0.860000000000001
33039,1483320,13676.9028853219,13314.5118548001,13.13,-0.44,-0.99
33040,1483320,13665.3784960746,13321.7708390593,13.62,0.489999999999998,0.929999999999998
33041,1483320,13654.3128298228,13328.7627432115,13.09,-0.529999999999999,-1.02
33042,1483320,13643.2843942763,13336.548859663,13.5,0.41,0.94
33043,1483320,13632.4846966522,13344.1734862918,13.22,-0.279999999999999,-0.69
33044,1483320,13621.7830295663,13351.7289029965,13.1,-0.120000000000001,0.159999999999998
33045,1483320,13610.4686716167,13359.7168817264,13.85,0.75,0.870000000000001
33046,1483320,13589.2391745697,13376.5952999326,12.93,-0.92,-1.67
33047,1483320,13577.3538655176,13384.3690803258,13.71,0.780000000000001,1.7
33048,1483320,13559.6991076059,13393.4563011167,12.89,-0.82,-1.6
33049,1483320,13546.3829085311,13394.7613843321,13.39,0.5,1.32
33050,1483320,13533.1861372506,13396.0547627654,13.25,-0.140000000000001,-0.640000000000001
33051,1483320,13520.9845975901,13397.2506013469,12.27,-0.98,-0.84
33052,1483320,13507.7745689187,13395.2294557607,12.62,0.35,1.33
33053,1483320,13492.4895816632,13393.0752028324,13.35,0.73,0.380000000000001
33054,1483320,13479.7698528976,13390.6977882427,12.94,-0.41,-1.14
33055,1483320,13466.8633584083,13388.2854657109,13.13,0.190000000000001,0.600000000000001
33056,1483320,13453.3965667478,13385.7684193525,13.7,0.569999999999999,0.379999999999997
33057,1483320,13430.929781833,13381.0983438321,13.56,-0.139999999999999,-0.709999999999997
33058,1483320,13418.0712591139,13378.5664618442,13.11,-0.450000000000001,-0.310000000000002
