"V1","V2","V3","V4","V5","acceleration","jerk"
69579,1486952,14402.8980484042,13324.0300263783,13.82,-0.15,0
69580,1486952,14389.424703076,13321.7795673883,13.67,-0.15,0
69581,1486952,14376.1584882396,13319.5637054985,13.45,-0.220000000000001,-0.0700000000000003
69582,1486952,14362.6358261275,13317.3050091037,13.71,0.260000000000002,0.480000000000002
69583,1486952,14349.5076982857,13315.1122119473,13.31,-0.4,-0.660000000000002
69584,1486952,14336.8135581412,13312.9919039531,12.87,-0.440000000000001,-0.0400000000000009
69585,1486952,14324.0010577155,13310.8518261874,13,0.130000000000001,0.570000000000002
69586,1486952,14310.8729298737,13308.659029031,13.31,0.31,0.18
69587,1486952,14297.458764686,13306.4184549268,13.6,0.289999999999999,-0.0200000000000014
69588,1486952,14284.3503635577,13304.2289527323,13.29,-0.31,-0.6
69589,1486952,14271.4688196348,13302.0773425998,13.06,-0.229999999999999,0.0800000000000018
69590,1486952,14258.5675489984,13299.9224375055,13.08,0.0199999999999996,0.249999999999998
69591,1486952,14244.9265266053,13297.6439713392,13.82,0.74,0.720000000000001
69592,1486952,14228.8248638138,13294.8562535919,13.66,-0.16,-0.9
69593,1486952,14215.895659752,13292.5120517387,13.14,-0.52,-0.359999999999999
69594,1486952,14202.2875248833,13290.0447525281,13.83,0.69,1.21
69595,1486952,14188.7482670529,13287.5899414551,13.76,-0.0700000000000003,-0.76
69596,1486952,14175.6517901836,13285.2154112675,13.3,-0.459999999999999,-0.389999999999999
69597,1486952,14162.9390568139,13282.9104578472,12.93,-0.370000000000001,0.0899999999999981
69598,1486952,14149.8819382522,13280.5430637384,13.27,0.34,0.710000000000001
69599,1486952,14136.2836429604,13278.0775485473,13.82,0.550000000000001,0.210000000000001
69623,1486952,13832.0376275047,13277.5997657366,21.17,0.30625,-0.01015625
69624,1486952,13825.6111502148,13299.0672489264,22.41,1.24,0.933749999999998
69625,1486952,13818.4926596488,13317.3825319453,19.65,-2.76,-4
69626,1486952,13812.5732634224,13332.6126451529,16.34,-3.31,-0.549999999999997
69627,1486952,13807.834848328,13344.8041923227,13.08,-3.26,0.0499999999999989
69628,1486952,13802.2935293131,13360.2686312081,13.31,0.23,3.49
69629,1486952,13798.0723382466,13372.5324987049,12.97,-0.34,-0.57
69630,1486952,13790.5309725641,13384.3031651201,13.58,0.609999999999999,0.949999999999999
69631,1486952,13786.0272462504,13397.3898778201,13.85,0.27,-0.34
69632,1486952,13781.7838509375,13409.7201331386,13.04,-0.81,-1.08
69633,1486952,13777.1046347651,13422.7653655474,13.86,0.82,1.63
69634,1486952,13772.6307771156,13434.8327388213,12.86,-1,-1.82
69635,1486952,13768.3863480635,13446.2812724401,12.21,-0.649999999999999,0.350000000000001
69636,1486952,13765.4176810607,13454.2886825225,8.54,-3.67,-3.02
69637,1486952,13763.2693951031,13460.08327202,6.18,-2.36,1.31
69638,1486952,13762.2891092778,13462.7274050916,2.81,-3.37,-1.01
69639,1486952,13761.7294425478,13464.2369987957,1.62,-1.19,2.18
69640,1486952,13761.6355853943,13464.4901604728,0.27,-1.35,-0.16
69641,1486952,13761.5834425313,13464.6308058489,0.15,-0.12,1.23
69642,1486952,13761.5591091952,13464.6964403578,0.06,-0.09,0.03
69643,1486952,13761.5591091952,13464.6964403578,0,-0.06,0.03
69644,1486952,13761.5591091952,13464.6964403578,0,0,0.06
69645,1486952,13761.5591091952,13464.6964403578,0,0,0
69646,1486952,13761.5591091952,13464.6964403578,0,0,0
69647,1486952,13761.5591091952,13464.6964403578,0,0,0
69648,1486952,13761.5591091952,13464.6964403578,0,0,0
69649,1486952,13761.5591091952,13464.6964403578,0,0,0
69650,1486952,13761.5591091952,13464.6964403578,0,0,0
69651,1486952,13761.5591091952,13464.6964403578,0,0,0
69652,1486952,13761.5591091952,13464.6964403578,0,0,0
69653,1486952,13761.5591091952,13464.6964403578,0,0,0
69654,1486952,13761.5591091952,13464.6964403578,0,0,0
69655,1486952,13761.5591091952,13464.6964403578,0,0,0
69656,1486952,13761.5591091952,13464.6964403578,0,0,0
69657,1486952,13761.5591091952,13464.6964403578,0,0,0
69658,1486952,13761.5591091952,13464.6964403578,0,0,0
69659,1486952,13761.5591091952,13464.6964403578,0,0,0
69660,1486952,13761.5591091952,13464.6964403578,0,0,0
69661,1486952,13761.5591091952,13464.6964403578,0,0,0
69662,1486952,13761.5591091952,13464.6964403578,0,0,0
69663,1486952,13761.5591091952,13464.6964403578,0,0,0
69664,1486952,13761.5591091952,13464.6964403578,0,0,0
69665,1486952,13761.5591091952,13464.6964403578,0,0,0
69666,1486952,13761.5591091952,13464.6964403578,0,0,0
69667,1486952,13761.5591091952,13464.6964403578,0,0,0
69668,1486952,13761.5591091952,13464.6964403578,0,0,0
69669,1486952,13761.5591091952,13464.6964403578,0,0,0
69670,1486952,13761.5591091952,13464.6964403578,0,0,0
69671,1486952,13761.5591091952,13464.6964403578,0,0,0
69672,1486952,13761.5591091952,13464.6964403578,0,0,0
69673,1486952,13761.5591091952,13464.6964403578,0,0,0
69674,1486952,13761.5591091952,13464.6964403578,0,0,0
69675,1486952,13761.5591091952,13464.6964403578,0,0,0
69676,1486952,13761.5591091952,13464.6964403578,0,0,0
69677,1486952,13761.5591091952,13464.6964403578,0,0,0
69678,1486952,13761.5591091952,13464.6964403578,0,0,0
69679,1486952,13761.5591091952,13464.6964403578,0,0,0
69680,1486952,13761.5591091952,13464.6964403578,0,0,0
69681,1486952,13761.5591091952,13464.6964403578,0,0,0
69682,1486952,13761.5591091952,13464.6964403578,0,0,0
69683,1486952,13761.5591091952,13464.6964403578,0,0,0
69684,1486952,13761.5591091952,13464.6964403578,0,0,0
69685,1486952,13761.5591091952,13464.6964403578,0,0,0
69686,1486952,13761.5591091952,13464.6964403578,0,0,0
69687,1486952,13761.2323472534,13465.5778180483,0.94,0.94,0.94
69688,1486952,13760.3320138181,13468.0062948766,2.59,1.65,0.71
69689,1486952,13749.5574603675,13480.6737133759,2.84,0.25,-1.4
69690,1486952,13746.8912464126,13483.4372081102,3.84,1,0.75
69691,1486952,13744.8082667603,13485.5961883714,3,-0.84,-1.84
69692,1486952,13712.8902221331,13495.3923979809,5.22,2.22,3.06
69693,1486952,13707.282058297,13491.2899487991,6.98,1.76,-0.459999999999999
