"V1","V2","V3","V4","V5","acceleration","jerk"
56362,1486528,14120.6110079204,14266.2310219002,9.69,-3.68,0
56363,1486528,14119.4596938113,14260.3425182004,6.01,-3.68,0
56364,1486528,14118.5194539556,14255.5335735122,4.9,-1.11,2.57
56365,1486528,14117.7212095066,14251.4508776137,4.16,-0.74,0.369999999999999
56366,1486528,14112.0635698283,14245.3802132878,3.62,-0.54,0.2
56367,1486528,14110.8468533266,14240.6543270266,4.88,1.26,1.8
56368,1486528,14109.3010249842,14234.6501272684,6.2,1.32,0.0600000000000005
56369,1486528,14106.6424658828,14227.4328135866,7.72,1.52,0.199999999999999
56370,1486528,14102.6540462986,14219.085947424,9.4,1.68,0.160000000000001
56371,1486528,14096.1466517055,14214.8651367749,10.66,1.26,-0.420000000000001
56372,1486528,14089.228271881,14213.8410199042,8.66,-2,-3.26
56373,1486528,14082.1590937143,14214.8718402955,7.15,-1.51,0.49
56374,1486528,14074.07543046,14215.7386092339,8.13,0.98,2.49
56375,1486528,14068.2289433832,14216.3654974698,5.88,-2.25,-3.23
56376,1486528,14063.6651039814,14216.8548541029,4.58,-1.3,0.950000000000001
56377,1486528,14059.419440747,14217.3100943694,4.27,-0.31,0.989999999999999
56378,1486528,14055.0345754394,14217.7802605464,4.41,0.140000000000001,0.450000000000001
56379,1486528,14044.2000741422,14209.3200183812,6.62,2.21,2.07
56380,1486528,14044.4911724863,14200.7841107317,8.55,1.93,-0.279999999999999
56381,1486528,14044.2991662685,14190.4458935927,10.34,1.79,-0.140000000000001
56382,1486528,14044.0822772333,14178.7679075015,11.67,1.33,-0.459999999999999
56383,1486528,14043.3523594328,14165.178723204,13.62,1.95,0.619999999999999
56384,1486528,14042.5449345086,14151.4624677021,13.74,0.120000000000001,-1.83
56385,1486528,14033.6902596182,14133.323606368,13.66,-0.0800000000000001,-0.200000000000001
56386,1486528,14031.8284652069,14119.6094049122,13.84,0.18,0.26
56387,1486528,14030.091776923,14106.8167502305,12.9,-0.94,-1.12
56388,1486528,14024.1373768391,14094.9160614145,13.39,0.49,1.43
56389,1486528,14023.4760984711,14081.822749728,13.11,-0.280000000000001,-0.770000000000001
56390,1486528,14023.3567523336,14068.82413505,12.99,-0.119999999999999,0.160000000000002
56391,1486528,14023.2780871117,14055.8443734273,12.98,-0.00999999999999979,0.109999999999999
56392,1486528,14023.289782262,14042.245925604,13.61,0.629999999999999,0.639999999999999
56393,1486528,14023.3315017271,14028.6380753412,13.62,0.00999999999999979,-0.619999999999999
56394,1486528,14023.1681548335,14018.4690566096,10.18,-3.44,-3.45
56395,1486528,14023.2306199092,14011.2594389575,7.21,-2.97,0.47
56396,1486528,14023.2640919018,14006.7295626208,4.52,-2.69,0.279999999999999
56397,1486528,14028.2133657682,13991.6049605083,6.14,1.62,4.31
56398,1486528,14030.2798019799,13978.786101721,8.2,2.06,0.44
56399,1486528,14028.3253729273,13969.2442042641,9.74,1.54,-0.519999999999999
56400,1486528,14026.5897689264,13957.8214275242,11.58,1.84,0.299999999999999
56401,1486528,14026.1935103421,13944.2272015759,13.6,2.02,0.18
56402,1486528,14026.6217607252,13930.6552939608,13.6,0,-2.02
56403,1486528,14027.2478095014,13920.0637802385,10.61,-2.99,-2.99
56404,1486528,14028.4487133428,13913.0812141431,7.09,-3.52,-0.529999999999999
56405,1486528,14029.3556942395,13908.1743326841,4.99,-2.1,1.42
56406,1486528,14029.6337865786,13906.6698179281,1.53,-3.46,-1.36
56407,1486528,14029.8409926351,13905.5488069334,1.14,-0.39,3.07
56408,1486528,14029.8700741869,13905.391472057,0.16,-0.98,-0.59
56409,1486528,14029.8737093809,13905.3718051974,0.02,-0.14,0.84
56410,1486528,14029.8737093809,13905.3718051974,0,-0.02,0.12
56411,1486528,14029.8737093809,13905.3718051974,0,0,0.02
56412,1486528,14029.8737093809,13905.3718051974,0,0,0
56413,1486528,14029.8737093809,13905.3718051974,0,0,0
56414,1486528,14029.8737093809,13905.3718051974,0,0,0
56415,1486528,14029.8737093809,13905.3718051974,0,0,0
56416,1486528,14029.8737093809,13905.3718051974,0,0,0
56417,1486528,14029.8737093809,13905.3718051974,0,0,0
56418,1486528,14029.8737093809,13905.3718051974,0,0,0
56419,1486528,14029.8737093809,13905.3718051974,0,0,0
56420,1486528,14029.8737093809,13905.3718051974,0,0,0
56421,1486528,14029.8737093809,13905.3718051974,0,0,0
56422,1486528,14029.8737093809,13905.3718051974,0,0,0
56423,1486528,14029.8737093809,13905.3718051974,0,0,0
56424,1486528,14029.8737093809,13905.3718051974,0,0,0
56425,1486528,14029.8737093809,13905.3718051974,0,0,0
56426,1486528,14029.8737093809,13905.3718051974,0,0,0
56427,1486528,14029.8737093809,13905.3718051974,0,0,0
56428,1486528,14029.8737093809,13905.3718051974,0,0,0
56429,1486528,14029.8737093809,13905.3718051974,0,0,0
56430,1486528,14029.8737093809,13905.3718051974,0,0,0
56431,1486528,14029.8737093809,13905.3718051974,0,0,0
56432,1486528,14029.8737093809,13905.3718051974,0,0,0
56433,1486528,14029.8737093809,13905.3718051974,0,0,0
56434,1486528,14029.8737093809,13905.3718051974,0,0,0
56435,1486528,14029.8737093809,13905.3718051974,0,0,0
56436,1486528,14029.8737093809,13905.3718051974,0,0,0
56437,1486528,14029.8737093809,13905.3718051974,0,0,0
56438,1486528,14029.8737093809,13905.3718051974,0,0,0
56439,1486528,14029.8737093809,13905.3718051974,0,0,0
56440,1486528,14029.8737093809,13905.3718051974,0,0,0
56441,1486528,14029.8737093809,13905.3718051974,0,0,0
56442,1486528,14029.8737093809,13905.3718051974,0,0,0
56443,1486528,14029.8737093809,13905.3718051974,0,0,0
56444,1486528,14029.8737093809,13905.3718051974,0,0,0
56445,1486528,14029.8737093809,13905.3718051974,0,0,0
56446,1486528,14030.2172352115,13903.5132869695,1.89,1.89,1.89
56447,1486528,14030.7170743831,13900.8090937806,2.75,0.86,-1.03
56448,1486528,14042.3211829722,13886.8990084449,5.15,2.4,1.54
56449,1486528,14049.228825504,13884.081904497,7.46,2.31,-0.0900000000000007
56450,1486528,14057.3402127129,13880.7738843116,8.76,1.3,-1.01
56451,1486528,14068.0832682438,13881.0578220338,10.9,2.14,0.840000000000001
56452,1486528,14080.7817723311,13882.309059,12.76,1.86,-0.280000000000001
56453,1486528,14094.3408266776,13883.2959520001,13.6,0.84,-1.02
56454,1486528,14107.8421875293,13883.8885616194,13.52,-0.0800000000000001,-0.92
56455,1486528,14121.3016752128,13884.7953644083,13.49,-0.0299999999999994,0.0500000000000007
56456,1486528,14134.5433855244,13885.6487370075,13.28,-0.210000000000001,-0.180000000000001
56457,1486528,14150.3180062747,13885.72723479,13.04,-0.24,-0.0299999999999994
56458,1486528,14166.4641436913,13884.659598541,14.63,1.59,1.83
56459,1486528,14180.680128456,13877.7100379825,16.01,1.38,-0.210000000000001
56460,1486528,14185.8026710887,13873.9405344374,6.35,-9.66,-11.04
56461,1486528,14194.6627589157,13865.9650346192,3.62,-2.73,6.93
56462,1486528,14203.9598317594,13876.7325479067,5.8,2.18,4.91
56463,1486528,14206.3289709401,13884.5273415954,8.15,2.35,0.170000000000001
56464,1486528,14210.0688698426,13894.1887470935,10.35,2.2,-0.150000000000001
56465,1486528,14226.9434085154,13918.8264698831,11.72,1.37,-0.829999999999998
56466,1486528,14237.8754568037,13925.8798676618,13.01,1.29,-0.0800000000000018
56467,1486528,14248.868979964,13933.589108743,13.43,0.42,-0.869999999999999
56468,1486528,14259.9829027577,13941.2512997328,13.5,0.0700000000000003,-0.35
56469,1486528,14271.1453200246,13948.2873217456,13.2,-0.300000000000001,-0.370000000000001
56470,1486528,14282.8741613607,13954.8658891648,13.45,0.25,0.550000000000001
56471,1486528,14294.659045861,13960.540648835,13.08,-0.369999999999999,-0.619999999999999
56472,1486528,14307.3826209859,13964.8685695385,13.45,0.369999999999999,0.739999999999998
56473,1486528,14319.8117381175,13968.8804860996,13.06,-0.389999999999999,-0.759999999999998
56474,1486528,14332.7628221084,13971.7260130208,13.26,0.199999999999999,0.589999999999998
56475,1486528,14345.8574175969,13974.2933214461,13.35,0.0899999999999999,-0.109999999999999
56476,1486528,14358.7248132686,13976.2809151238,13.02,-0.33,-0.42
56477,1486528,14371.649468101,13977.2640196562,12.97,-0.0499999999999989,0.280000000000001
56478,1486528,14384.6261128984,13978.042922603,13,0.0299999999999994,0.0799999999999983
56479,1486528,14397.7025780405,13978.827817111,13.1,0.0999999999999996,0.0700000000000003
