"V1","V2","V3","V4","V5","acceleration","jerk"
64664,1487058,13901.57,13592.13,0,2.51,0
64665,1487058,13901.1309529295,13594.6013028285,2.51,2.51,0
64666,1487058,13900.7618735197,13596.6787725368,2.1,-0.41,-2.92
64667,1487058,13900.2528587886,13599.5439084854,2.91,0.81,1.22
64668,1487058,13904.7391548792,13611.8778985055,5.01,2.1,1.29
64669,1487058,13910.8164436598,13614.5280798346,6.63,1.62,-0.48
64670,1487058,13918.0622792732,13618.688922392,8.36,1.73,0.109999999999999
64671,1487058,13927.2746808185,13623.6157898566,10.45,2.09,0.36
64672,1487058,13938.120090623,13629.2248170603,12.21,1.76,-0.329999999999998
64673,1487058,13949.9763107127,13636.386608567,13.87,1.66,-0.100000000000003
64674,1487058,13962.8117700816,13644.9322146186,15.42,1.55,-0.109999999999998
64675,1487058,13975.2497765859,13657.1715834549,16.56,1.14,-0.410000000000002
64676,1487058,13991.2413041423,13666.3878597781,18.48,1.92,0.780000000000003
64677,1487058,14009.4632806576,13673.9803262507,19.79,1.31,-0.610000000000003
64678,1487058,14030.3914455561,13678.5375803988,21.44,1.65,0.340000000000003
64679,1487058,14053.0340763749,13681.8936747962,22.88,1.44,-0.210000000000004
64680,1487058,14077.2297404128,13685.4799600283,24.46,1.58,0.140000000000004
64681,1487058,14109.1921757708,13691.6306729183,23.65,-0.810000000000002,-2.39
64682,1487058,14129.484545271,13707.6719521763,21.21,-2.44,-1.63
64683,1487058,14136.9962856659,13729.2008753732,22.84,1.63,4.07
64684,1487058,14142.6305383908,13752.8283868001,24.29,1.45,-0.18
64685,1487058,14151.2728094375,13785.6921993378,25.29,1,-0.449999999999999
64686,1487058,14168.9544632275,13819.9289387818,26.69,1.4,0.400000000000002
64687,1487058,14186.2745050057,13841.9390943584,22.61,-4.08,-5.48
64688,1487058,14206.8372844774,13874.804541707,19.42,-3.19,0.890000000000004
64689,1487058,14211.695449378,13889.2771541807,15.28,-4.14,-0.950000000000005
64690,1487058,14216.6187258211,13901.3912383324,13.09,-2.19,1.95
64691,1487058,14237.5867672804,13921.7657044919,13.44,0.35,2.54
64692,1487058,14248.1228194665,13928.9925799681,12.78,-0.66,-1.01
64693,1487058,14256.6942995766,13935.0213332045,10.47,-2.31,-1.65
64694,1487058,14264.5215765851,13940.3518711353,9.47,-1,1.31
64695,1487058,14271.5057836093,13944.6628068638,8.21,-1.26,-0.26
64696,1487058,14278.5153027154,13948.8598941755,8.17,-0.0400000000000009,1.22
64697,1487058,14286.372303457,13952.8944244081,8.84,0.67,0.710000000000001
64698,1487058,14293.7190475509,13956.4225756547,8.14,-0.699999999999999,-1.37
64699,1487058,14300.869675996,13959.1892290565,7.69,-0.45,0.249999999999999
64700,1487058,14308.5033520372,13961.775846558,8.05,0.36,0.81
64701,1487058,14315.8528962157,13964.2661879739,7.76,-0.290000000000001,-0.650000000000001
64702,1487058,14324.6294651639,13966.5810475171,9.09,1.33,1.62
64703,1487058,14334.6523728056,13968.7739730532,10.27,1.18,-0.15
64704,1487058,14343.0286916599,13970.5276822444,8.55,-1.72,-2.9
64705,1487058,14350.0756156063,13971.6129300934,7.14,-1.41,0.309999999999998
64706,1487058,14355.2446776315,13972.4089814608,5.23,-1.91,-0.499999999999998
64707,1487058,14358.9213336035,13972.9751977299,3.72,-1.51,0.399999999999999
64708,1487058,14361.6714247639,13973.3750846599,2.78,-0.94,0.57
64709,1487058,14361.9469306063,13976.6816399145,2.16,-0.62,0.320000000000001
64710,1487058,14366.5985586644,13976.9608466631,4.66,2.5,3.12
64711,1487058,14367.8163668685,13977.0339437089,1.22,-3.44,-5.94
64712,1487058,14369.9625042773,13977.1627622732,2.15,0.93,4.37
64713,1487058,14369.9625042773,13977.1627622732,0,-2.15,-3.08
64714,1487058,14369.9625042773,13977.1627622732,0,0,2.15
64715,1487058,14372.4879589956,13977.3143487697,2.52,2.52,2.52
64716,1487058,14372.4879589956,13977.3143487697,0,-2.52,-5.04
64717,1487058,14375.0733059206,13977.469530203,2.59,2.59,5.11
64718,1487058,14375.0733059206,13977.469530203,0,-2.59,-5.18
64719,1487058,14375.0733059206,13977.469530203,0,0,2.59
64720,1487058,14375.0733059206,13977.469530203,0,0,0
64721,1487058,14377.4989402943,13977.6151251384,2.44,2.44,2.44
64722,1487058,14382.2304246281,13977.8991251359,4.74,2.3,-0.14
64723,1487058,14388.9583158539,13978.3029563561,6.74,2,-0.3
64724,1487058,14395.3767640114,13978.6882137367,6.43,-0.31,-2.31
64725,1487058,14399.8586974838,13978.9572348314,4.49,-1.94,-1.63
64726,1487058,14401.2961104459,13979.0435133116,1.44,-3.05,-1.11
64727,1487058,14401.8351403068,13979.0758677417,0.53,-0.91,2.14
64728,1487058,14402.1146372716,13979.0926441129,0.28,-0.25,0.66
64729,1487058,14402.2643677885,13979.1016314546,0.15,-0.13,0.12
64730,1487058,14402.3342420297,13979.1058255474,0.07,-0.08,0.05
64731,1487058,14402.3342420297,13979.1058255474,0,-0.07,0.00999999999999998
64732,1487058,14403.9014214399,13979.1998930571,1.57,1.57,1.64
64733,1487058,14404.2308285771,13979.2196652088,0.34,-1.23,-2.8
64734,1487058,14404.4604153696,13979.2334457994,0.22,-0.12,1.11
64735,1487058,14404.5402716453,13979.2382390483,0.09,-0.13,-0.00999999999999998
