"V1","V2","V3","V4","V5","acceleration","jerk"
26468,1487356,14395.7767048266,13322.8405451259,11.08,-0.790000000000001,0
26469,1487356,14385.627310725,13321.1452872191,10.29,-0.790000000000001,0
26470,1487356,14376.5530225098,13319.6296047369,9.2,-1.09,-0.299999999999999
26471,1487356,14368.149442554,13318.2259509598,8.52,-0.68,0.41
26472,1487356,14358.3058125118,13316.5817649627,9.98,1.46,2.14
26473,1487356,14348.8468533831,13315.0018307231,9.59,-0.390000000000001,-1.85
26474,1487356,14337.6815335357,13313.1368822775,11.31,1.72,2.11
26475,1487356,14327.5321394341,13311.4416243707,10.29,-1.02,-2.74
26476,1487356,14316.070918884,13309.5272514964,11.62,1.33,2.35
26477,1487356,14302.7652506206,13307.3047996827,13.49,1.87,0.540000000000001
26478,1487356,14289.4694457139,13305.08399535,13.48,-0.00999999999999979,-1.88
26479,1487356,14275.7988332505,13302.8005867408,13.86,0.379999999999999,0.389999999999999
26480,1487356,14262.1183574304,13300.5155306507,13.87,0.00999999999999979,-0.369999999999999
26481,1487356,14249.3749005021,13298.3869852517,12.91,-0.959999999999999,-0.969999999999999
26482,1487356,14233.5636033626,13295.8325360166,13.34,0.43,1.39
26483,1487356,14218.9886759645,13293.9974361989,14.7,1.36,0.93
26484,1487356,14202.4691020246,13291.9174898433,16.65,1.95,0.59
26485,1487356,14184.7886931591,13289.6913850951,17.82,1.17,-0.779999999999998
26486,1487356,14165.7390943815,13287.2928883967,19.2,1.38,0.209999999999997
26487,1487356,14145.298177812,13285.0466817375,20.57,1.37,-0.00999999999999801
26488,1487356,14123.700705944,13287.8115364832,22.08,1.51,0.139999999999997
26489,1487356,14105.6281864927,13299.3714018587,21.68,-0.399999999999999,-1.91
26490,1487356,14094.5289172617,13318.1034040724,22.11,0.43,0.829999999999998
26491,1487356,14093.3697426878,13336.1901735801,18.16,-3.95,-4.38
26492,1487356,14098.5509630654,13350.072188135,15.01,-3.15,0.799999999999999
26493,1487356,14105.8148524147,13359.0137936468,11.65,-3.36,-0.209999999999999
26494,1487356,14114.65,13365.22,13.47,1.82,5.18
26495,1487356,14143.6414629621,13377.0738869221,13.66,0.19,-1.63
26496,1487356,14156.0081898216,13380.9166160023,12.94,-0.720000000000001,-0.91
26497,1487356,14168.9001444627,13384.9225497924,13.5,0.56,1.28
26498,1487356,14181.3917889742,13388.3914427802,12.98,-0.52,-1.08
26499,1487356,14194.1676293604,13391.5479443924,13.16,0.18,0.699999999999999
26500,1487356,14207.5939114683,13394.8651493542,13.83,0.67,0.49
26501,1487356,14230.04134453,13400.4834512768,13.66,-0.17,-0.84
26502,1487356,14243.3216295187,13403.8485709805,13.69,0.0299999999999994,0.199999999999999
26503,1487356,14256.5717035077,13406.6215339598,13.57,-0.119999999999999,-0.149999999999999
26504,1487356,14269.8858095324,13408.30408582,13.42,-0.15,-0.0300000000000011
26505,1487356,14283.4380217752,13410.0167280265,13.66,0.24,0.390000000000001
26506,1487356,14301.5492827692,13407.4686658433,13.4,-0.26,-0.5
26507,1487356,14311.5550878611,13405.2911754389,10.23,-3.17,-2.91
26508,1487356,14318.0234941362,13402.8754660885,6.91,-3.32,-0.15
26509,1487356,14322.1289538449,13401.2926835451,4.4,-2.51,0.81
26510,1487356,14323.7974768346,13400.1110901409,2.09,-2.31,0.199999999999999
26511,1487356,14324.3804759327,13399.5203177215,0.83,-1.26,1.05
26512,1487356,14324.4296445314,13399.4704935415,0.07,-0.76,0.5
26513,1487356,14324.4366686169,13399.4633758016,0.01,-0.06,0.7
26514,1487356,14324.4366686169,13399.4633758016,0,-0.01,0.05
26515,1487356,14328.8190789645,13391.5211336393,1.55,1.55,1.56
26516,1487356,14328.9679272646,13387.6439898216,3.88,2.33,0.78
26517,1487356,14329.1969541594,13381.6783845144,5.97,2.09,-0.24
26518,1487356,14329.4946507597,13373.9240968789,7.76,1.79,-0.3
26519,1487356,14329.8449046206,13364.8008177407,9.13,1.37,-0.419999999999999
26520,1487356,14330.2469484828,13354.3285323773,10.48,1.35,-0.0200000000000014
26521,1487356,14330.6572879175,13345.8590906209,8.48,-2,-3.35
26522,1487356,14331.0221903057,13340.0806006584,5.8,-2.68,-0.680000000000001
26523,1487356,14331.2799538235,13335.9987312375,4.08,-1.72,0.960000000000001
26524,1487356,14331.4797363055,13332.8350329334,3.17,-0.91,0.81
26525,1487356,14331.6001099776,13330.9288298542,1.91,-1.26,-0.35
26526,1487356,14331.8489953041,13326.7665079395,4.17,2.26,3.52
26527,1487356,14331.9964417258,13320.8083320816,5.97,1.8,-0.46
26528,1487356,14332.1706224942,13313.1003087326,7.71,1.74,-0.0599999999999996
26529,1487356,14331.6078466144,13303.3093430283,9.7,1.99,0.249999999999999
26530,1487356,14330.8497859914,13291.9145308714,11.41,1.71,-0.279999999999998
26531,1487356,14329.9661513691,13278.6238751504,13.32,1.91,0.199999999999999
