"V1","V2","V3","V4","V5","acceleration","jerk"
26422,1490773,14403.4010795988,13324.1140479072,13.59,-2.62,0
26423,1490773,14392.571113881,13322.3051138142,10.97,-2.62,0
26424,1490773,14383.3390119577,13320.7630716366,9.36,-1.61,1.01
26425,1490773,14375.6357303315,13319.4763890077,7.81,-1.55,0.0600000000000014
26426,1490773,14366.8770695325,13318.0134259161,8.88,1.07,2.62
26427,1490773,14358.5523964307,13316.6229519867,8.44,-0.440000000000001,-1.51
26428,1490773,14350.5433507451,13315.285197448,8.13,-0.309999999999999,0.130000000000003
26429,1490773,14341.1731618272,13313.720090537,9.5,1.37,1.68
26430,1490773,14331.2604882877,13312.0643721732,10.05,0.550000000000001,-0.819999999999999
26431,1490773,14319.6315906728,13310.1219921226,11.79,1.74,1.19
26432,1490773,14308.9002585226,13308.3295328392,10.87,-0.92,-2.66
26433,1490773,14297.5573982536,13306.4349297364,11.51,0.640000000000001,1.56
26434,1490773,14285.0013451036,13304.3376864756,12.73,1.22,0.58
26435,1490773,14272.5932423049,13302.2651554292,12.58,-0.15,-1.37
26436,1490773,14260.2344562901,13300.2008617876,12.53,-0.0500000000000007,0.0999999999999996
26437,1490773,14247.1753719456,13298.0195969979,13.24,0.710000000000001,0.760000000000002
26438,1490773,14231.698020272,13295.377187337,13.02,-0.220000000000001,-0.930000000000001
26439,1490773,14218.9852869022,13293.0722339167,12.91,-0.109999999999999,0.110000000000001
26440,1490773,14206.213516071,13290.7565763784,12.98,0.0700000000000003,0.18
26441,1490773,14193.2547932784,13288.4070224663,13.17,0.19,0.119999999999999
26442,1490773,14180.0008831785,13286.0039479639,13.47,0.300000000000001,0.110000000000001
26443,1490773,14167.1602353089,13283.6758022879,13.05,-0.42,-0.720000000000001
26444,1490773,14153.5029025557,13281.1995829788,13.88,0.83,1.25
26445,1490773,14140.5736984939,13278.8553811257,13.14,-0.74,-1.57
26446,1490773,14127.4786693247,13276.1068990487,13.39,0.25,0.99
26478,1490773,13724.7722040529,13282.6583638666,13.41,0.000624999999999987,-0.00779296875
26479,1490773,13714.0778258872,13290.5653402576,13.31,-0.0999999999999996,-0.100625
26480,1490773,13699.4524428434,13300.3083356733,11.49,-1.82,-1.72
26481,1490773,13689.6541735714,13306.4800711888,11.59,0.0999999999999996,1.92
26482,1490773,13679.2043786224,13313.0621898086,12.35,0.76,0.66
26483,1490773,13668.8222746529,13319.6016712227,12.27,-0.0800000000000001,-0.84
26484,1490773,13657.9578724549,13326.444942727,12.84,0.57,0.65
26485,1490773,13647.4506921494,13333.6074378925,12.72,-0.119999999999999,-0.69
26486,1490773,13636.2425339495,13341.5204392046,13.72,1,1.12
26487,1490773,13625.8594661127,13348.8509236563,12.71,-1.01,-2.01
26488,1490773,13614.5941234322,13356.8042974242,13.79,1.08,2.09
26489,1490773,13593.0826236093,13373.907550041,13.29,-0.5,-1.58
26490,1490773,13581.5838134272,13381.7788794297,13.44,0.15,0.65
26491,1490773,13569.8376358029,13387.9274547324,13.33,-0.109999999999999,-0.26
26492,1490773,13551.2296865202,13394.2863652545,13.03,-0.300000000000001,-0.190000000000001
26493,1490773,13538.2220092475,13395.5612111159,13.07,0.0400000000000009,0.340000000000002
26494,1490773,13524.7266684811,13396.8838515046,13.56,0.49,0.449999999999999
26495,1490773,13511.2611846633,13398.2035656978,13.52,-0.0400000000000009,-0.530000000000001
26496,1490773,13494.4256635963,13396.7992159422,13.63,0.110000000000001,0.150000000000002
26497,1490773,13484.4095066668,13391.5649750173,10.8,-2.83,-2.94
26498,1490773,13471.6996076762,13389.1893976878,12.93,2.13,4.96
26499,1490773,13458.1148587164,13386.650304208,13.82,0.890000000000001,-1.24
26500,1490773,13435.3785139881,13382.0529548585,13.81,-0.00999999999999979,-0.9
26501,1490773,13422.2767533554,13379.2415729346,13.41,-0.4,-0.390000000000001
26502,1490773,13408.7121970945,13377.1211735974,13.73,0.32,0.720000000000001
