"V1","V2","V3","V4","V5","acceleration","jerk"
28139,1491248,14392.1963063243,13322.2425095378,13.53,-0.19,0
28140,1491248,14379.0385884122,13320.0447699385,13.34,-0.19,0
28141,1491248,14365.6737400083,13317.8124332391,13.55,0.210000000000001,0.4
28142,1491248,14352.3779351016,13315.5916289064,13.48,-0.0700000000000003,-0.280000000000001
28143,1491248,14338.8749997031,13313.3362274735,13.69,0.209999999999999,0.279999999999999
28144,1491248,14326.0526359207,13311.1945022269,13,-0.69,-0.899999999999999
28145,1491248,14313.0132782897,13309.0165323991,13.23,0.23,0.92
28146,1491248,14300.003510729,13306.8435050142,13.19,-0.0400000000000009,-0.270000000000001
28147,1491248,14286.8852462439,13304.6523553387,13.3,0.110000000000001,0.150000000000002
28148,1491248,14273.964248894,13302.4941552825,13.1,-0.200000000000001,-0.310000000000002
28149,1491248,14260.8755744792,13300.3079480499,13.27,0.17,0.370000000000001
28150,1491248,14247.2345520861,13298.0294818836,13.83,0.56,0.390000000000001
28151,1491248,14230.9502124267,13295.2416018417,13.84,0.00999999999999979,-0.550000000000001
28152,1491248,14217.5093503655,13292.8046309655,13.66,-0.18,-0.19
28153,1491248,14204.1176861888,13290.3765801876,13.61,-0.0500000000000007,0.129999999999999
28154,1491248,14190.8932948197,13287.9788577443,13.44,-0.17,-0.119999999999999
28155,1491248,14177.7869783734,13285.602543537,13.32,-0.119999999999999,0.0500000000000007
28156,1491248,14164.8380951578,13283.2547736445,13.16,-0.16,-0.0400000000000009
28157,1491248,14152.0761639035,13280.9409001259,12.97,-0.19,-0.0299999999999994
28158,1491248,14139.1371202648,13278.5949142531,13.15,0.18,0.369999999999999
28159,1491248,14126.038451213,13275.7249673915,13.42,0.27,0.0899999999999999
28191,1491248,13725.7612330111,13281.9271171778,13.07,-0.0109375,-0.00877929687499999
28192,1491248,13714.8738735853,13289.9767758495,13.53,0.459999999999999,0.470937499999999
28193,1491248,13698.8178399112,13300.7080594761,13.25,-0.279999999999999,-0.739999999999998
28194,1491248,13687.8519012441,13307.6152867888,12.96,-0.289999999999999,-0.00999999999999979
28195,1491248,13676.1836686655,13314.96487511,13.79,0.829999999999998,1.12
28196,1491248,13665.0231184326,13321.9946843889,13.2,-0.59,-1.42
28197,1491248,13653.8716924009,13329.0741878696,13.21,0.0100000000000016,0.600000000000001
28198,1491248,13643.1455176805,13336.6469070554,13.13,-0.0800000000000001,-0.0900000000000016
28199,1491248,13632.1824358261,13344.3868835575,13.41,0.279999999999999,0.359999999999999
28200,1491248,13621.0069544723,13352.276814895,13.68,0.27,-0.00999999999999979
28201,1491248,13610.2481029057,13359.8726040554,13.17,-0.51,-0.779999999999999
28202,1491248,13588.5016257135,13377.111072833,13.56,0.390000000000001,0.9
28203,1491248,13576.859234512,13384.6719667209,13.39,-0.17,-0.56
28204,1491248,13558.3754495514,13393.5860291194,13.64,0.25,0.42
28205,1491248,13544.7109194096,13394.925251283,13.73,0.0899999999999999,-0.16
28206,1491248,13531.3449587537,13396.235211491,13.43,-0.300000000000001,-0.390000000000001
28207,1491248,13517.8396656711,13397.5588272782,13.58,0.15,0.450000000000001
28208,1491248,13504.2846110075,13398.8873200581,13.61,0.0299999999999994,-0.120000000000001
28209,1491248,13487.8790334898,13395.5756007052,13.27,-0.34,-0.369999999999999
28210,1491248,13474.7562839519,13393.1228584508,13.35,0.0800000000000001,0.42
28211,1491248,13461.4074495906,13390.6278592138,13.58,0.23,0.15
28212,1491248,13438.5701550114,13386.1158792046,13.8,0.220000000000001,-0.00999999999999979
28213,1491248,13424.9893001466,13383.2016930163,13.89,0.0899999999999999,-0.130000000000001
28214,1491248,13412.3014631718,13381.0120683279,12.88,-1.01,-1.1
