"V1","V2","V3","V4","V5","acceleration","jerk"
66420,1493010,13446.3902905284,13278.7351692589,11.98,1.63,0
66421,1493010,13447.0876770595,13292.3373033571,13.61,1.63,0
66422,1493010,13447.786087653,13305.9594112206,13.65,0.0400000000000009,-1.59
66423,1493010,13448.472209497,13319.3418339016,13.4,-0.25,-0.290000000000001
66424,1493010,13449.1747163403,13333.0438368259,13.71,0.31,0.56
66425,1493010,13449.8040027182,13345.3177155386,12.29,-1.42,-1.73
66426,1493010,13449.8257116358,13354.7655836172,9.45,-2.84,-1.42
66427,1493010,13449.7878190834,13360.3254544929,5.56,-3.89,-1.05
66428,1493010,13449.7796065107,13363.4453024634,3.11,-2.45,1.44
66429,1493010,13454.886785567,13370.7127805504,4.42,1.31,3.76
66430,1493010,13460.4988438393,13371.8187651565,5.72,1.3,-0.0100000000000002
66431,1493010,13467.7395763653,13373.2457173231,7.38,1.66,0.36
66432,1493010,13476.5206815291,13374.9762351946,8.95,1.57,-0.0900000000000007
66433,1493010,13487.0580077256,13377.0528566403,10.74,1.79,0.220000000000002
66434,1493010,13499.7047614195,13379.5451890831,12.88,2.14,0.35
66435,1493010,13513.4405683795,13382.2521444128,14,1.12,-1.02
66436,1493010,13528.4714657101,13385.2143269592,15.32,1.32,0.200000000000001
66437,1493010,13541.5302936128,13387.7878680619,13.31,-2.01,-3.33
66438,1493010,13551.7830923794,13389.8084168616,10.45,-2.86,-0.850000000000001
66439,1493010,13558.0819409996,13391.0497492342,6.42,-4.03,-1.17
66440,1493010,13561.28,13391.68,3.91,-2.51,1.52
66441,1493010,13561.28,13391.68,1.48,-2.43,0.0799999999999996
66442,1493010,13561.28,13391.68,0.65,-0.83,1.6
66443,1493010,13561.28,13391.68,0.08,-0.57,0.26
66444,1493010,13561.28,13391.68,0,-0.08,0.49
66445,1493010,13561.28,13391.68,0,0,0.08
66446,1493010,13561.28,13391.68,0,0,0
66447,1493010,13561.28,13391.68,0,0,0
66448,1493010,13569.3026484206,13393.3073745949,2.44,2.44,2.44
66449,1493010,13574.0777503993,13394.2640882892,4.87,2.43,-0.00999999999999979
66450,1493010,13580.61254005,13395.8710686848,6.74,1.87,-0.56
66451,1493010,13588.8800497514,13398.5477052568,8.69,1.95,0.0799999999999992
66452,1493010,13606.421862707,13404.4083056795,10.05,1.36,-0.589999999999998
66453,1493010,13616.8981766258,13408.4988535424,11.24,1.19,-0.170000000000002
66454,1493010,13627.9303024913,13414.9304240261,12.77,1.53,0.34
66455,1493010,13640.2150973079,13422.0922824661,14.22,1.45,-0.0799999999999983
66456,1493010,13653.7784783642,13429.9995382683,15.7,1.48,0.0299999999999976
66457,1493010,13668.8364230655,13438.7781031494,17.44,1.74,0.260000000000003
66458,1493010,13684.9828938899,13448.1912630821,18.68,1.24,-0.500000000000004
66459,1493010,13698.5215043782,13457.8807409671,16.7,-1.98,-3.22
66460,1493010,13708.4102497754,13465.9922645275,12.79,-3.91,-1.93
66461,1493010,13715.5851956147,13471.8777171186,9.28,-3.51,0.4
66462,1493010,13721.9694428763,13481.5201564129,6.21,-3.07,0.44
66463,1493010,13723.2810437104,13484.0729202586,2.87,-3.34,-0.27
66464,1493010,13727.6313899532,13513.688034073,5.11,2.24,5.58
66465,1493010,13726.1461964449,13520.4467765776,6.92,1.81,-0.430000000000001
66466,1493010,13724.3862850622,13528.4556911061,8.2,1.28,-0.53
66467,1493010,13722.1756646669,13538.5156691114,10.3,2.1,0.820000000000002
66468,1493010,13719.0978224371,13550.2380444788,12.12,1.82,-0.280000000000003
66469,1493010,13715.6128080407,13563.4460070263,13.66,1.54,-0.279999999999998
66470,1493010,13714.825989616,13579.3908591607,15.6,1.94,0.399999999999999
66471,1493010,13712.2465127996,13595.8314221857,16.67,1.07,-0.869999999999997
66472,1493010,13709.9875344155,13614.2030611071,18.51,1.84,0.769999999999998
66473,1493010,13707.8811072459,13631.3340436994,17.26,-1.25,-3.09
66474,1493010,13706.2420969974,13644.6636552994,13.43,-3.83,-2.58
66475,1493010,13703.2472004796,13653.9620240896,9.78,-3.65,0.180000000000001
66476,1493010,13701.4596604464,13659.2901664141,5.62,-4.16,-0.509999999999999
66477,1493010,13700.3527851234,13662.5894431559,3.48,-2.14,2.02
66478,1493010,13699.7993474619,13664.2390815269,1.74,-1.74,0.4
66479,1493010,13699.6307716224,13664.7415575824,0.53,-1.21,0.53
66480,1493010,13699.5226286311,13665.0639007123,0.33,-0.2,1.01
66481,1493010,13699.4749184879,13665.2061109167,0.15,-0.18,0.02
66482,1493010,13699.4653764592,13665.2345529576,0.03,-0.12,0.06
66483,1493010,13699.4653764592,13665.2345529576,0,-0.03,0.09
66484,1493010,13699.4653764592,13665.2345529576,0,0,0.03
66485,1493010,13699.4653764592,13665.2345529576,0,0,0
66486,1493010,13699.4653764592,13665.2345529576,0,0,0
66487,1493010,13699.4653764592,13665.2345529576,0,0,0
66488,1493010,13699.4653764592,13665.2345529576,0,0,0
66489,1493010,13699.4653764592,13665.2345529576,0,0,0
66490,1493010,13699.4653764592,13665.2345529576,0,0,0
66491,1493010,13699.4653764592,13665.2345529576,0,0,0
66492,1493010,13699.4653764592,13665.2345529576,0,0,0
66493,1493010,13699.4653764592,13665.2345529576,0,0,0
66494,1493010,13699.4653764592,13665.2345529576,0,0,0
66495,1493010,13699.4653764592,13665.2345529576,0,0,0
66496,1493010,13699.4653764592,13665.2345529576,0,0,0
66497,1493010,13699.4653764592,13665.2345529576,0,0,0
66498,1493010,13699.4653764592,13665.2345529576,0,0,0
66499,1493010,13699.4653764592,13665.2345529576,0,0,0
66500,1493010,13699.4653764592,13665.2345529576,0,0,0
66501,1493010,13699.4653764592,13665.2345529576,0,0,0
66502,1493010,13699.4653764592,13665.2345529576,0,0,0
66503,1493010,13699.4653764592,13665.2345529576,0,0,0
66504,1493010,13699.4653764592,13665.2345529576,0,0,0
66505,1493010,13699.4653764592,13665.2345529576,0,0,0
66506,1493010,13699.4653764592,13665.2345529576,0,0,0
66507,1493010,13699.4653764592,13665.2345529576,0,0,0
66508,1493010,13699.4653764592,13665.2345529576,0,0,0
66509,1493010,13699.4653764592,13665.2345529576,0,0,0
66510,1493010,13699.4653764592,13665.2345529576,0,0,0
66511,1493010,13699.4653764592,13665.2345529576,0,0,0
66512,1493010,13699.4653764592,13665.2345529576,0,0,0
66513,1493010,13699.4653764592,13665.2345529576,0,0,0
66514,1493010,13699.4653764592,13665.2345529576,0,0,0
66515,1493010,13699.4653764592,13665.2345529576,0,0,0
66516,1493010,13699.4653764592,13665.2345529576,0,0,0
66517,1493010,13699.4653764592,13665.2345529576,0,0,0
66518,1493010,13699.4653764592,13665.2345529576,0,0,0
66519,1493010,13699.4653764592,13665.2345529576,0,0,0
66520,1493010,13699.4653764592,13665.2345529576,0,0,0
66521,1493010,13699.4653764592,13665.2345529576,0,0,0
66522,1493010,13699.4653764592,13665.2345529576,0,0,0
66523,1493010,13699.4653764592,13665.2345529576,0,0,0
66524,1493010,13699.4653764592,13665.2345529576,0,0,0
66525,1493010,13699.4653764592,13665.2345529576,0,0,0
66526,1493010,13699.4653764592,13665.2345529576,0,0,0
66527,1493010,13699.4653764592,13665.2345529576,0,0,0
66528,1493010,13699.4653764592,13665.2345529576,0,0,0
66529,1493010,13699.4653764592,13665.2345529576,0,0,0
66530,1493010,13699.4653764592,13665.2345529576,0,0,0
66531,1493010,13699.4653764592,13665.2345529576,0,0,0
66532,1493010,13699.4653764592,13665.2345529576,0,0,0
66533,1493010,13699.4653764592,13665.2345529576,0,0,0
66534,1493010,13699.4653764592,13665.2345529576,0,0,0
66535,1493010,13699.4653764592,13665.2345529576,0,0,0
66536,1493010,13699.4653764592,13665.2345529576,0,0,0
66537,1493010,13699.4653764592,13665.2345529576,0,0,0
66538,1493010,13699.4653764592,13665.2345529576,0,0,0
66539,1493010,13699.4653764592,13665.2345529576,0,0,0
66540,1493010,13699.4653764592,13665.2345529576,0,0,0
66541,1493010,13699.4653764592,13665.2345529576,0,0,0
66542,1493010,13699.4653764592,13665.2345529576,0,0,0
66543,1493010,13699.4653764592,13665.2345529576,0,0,0
66544,1493010,13699.4653764592,13665.2345529576,0,0,0
66545,1493010,13699.4653764592,13665.2345529576,0,0,0
66546,1493010,13699.4653764592,13665.2345529576,0,0,0
66547,1493010,13699.4653764592,13665.2345529576,0,0,0
66548,1493010,13699.4653764592,13665.2345529576,0,0,0
66549,1493010,13699.4653764592,13665.2345529576,0,0,0
66550,1493010,13696.7005855182,13693.9671352326,1.79,1.79,1.79
66551,1493010,13697.4819289023,13697.1012064691,3.23,1.44,-0.35
66552,1493010,13698.7422382,13702.1564730768,5.21,1.98,0.54
66553,1493010,13700.4573232135,13709.0359049862,7.09,1.88,-0.1
66554,1493010,13701.281371473,13718.2118071621,9.33,2.24,0.36
66555,1493010,13700.3339869858,13729.1006713193,10.93,1.6,-0.640000000000001
66556,1493010,13699.2201818019,13741.902309418,12.86,1.93,0.33
66557,1493010,13697.3742407504,13768.9499823684,14.77,1.91,-0.0199999999999996
66558,1493010,13697.5112751963,13785.4294126243,16.48,1.71,-0.199999999999999
66559,1493010,13697.6629443888,13803.6687820338,18.23,1.75,0.0399999999999991
66560,1493010,13697.8245918177,13823.1081099571,19.44,1.21,-0.539999999999999
66561,1493010,13697.9775914417,13841.5074738351,18.4,-1.04,-2.25
66562,1493010,13691.1516772465,13866.5031960232,13.84,-4.56,-3.52
66563,1493010,13684.4674648489,13875.6016087052,11.29,-2.55,2.01
66564,1493010,13676.1910749933,13905.9278917596,7.65,-3.64,-1.09
66565,1493010,13678.6622151154,13924.0774659745,9.51,1.86,5.5
66566,1493010,13674.4127025384,13934.5371859927,11.29,1.78,-0.0800000000000001
66567,1493010,13669.530844423,13946.5533568196,12.97,1.68,-0.0999999999999979
66568,1493010,13664.1897829999,13959.6998074004,14.19,1.22,-0.460000000000003
66569,1493010,13659.8536993075,13970.372612946,11.51,-2.68,-3.9
66570,1493010,13656.6656238844,13978.2197191066,8.48,-3.03,-0.35
66571,1493010,13654.817518769,13982.7686318869,4.91,-3.57,-0.540000000000001
66572,1493010,13653.3165985145,13992.6773751504,6.49,1.58,5.15
66573,1493010,13654.6352533045,14000.8415682854,8.27,1.78,0.199999999999999
66574,1493010,13656.2281627788,14010.7037556394,9.99,1.72,-0.0599999999999987
66575,1493010,13658.1559180886,14022.6390754703,12.09,2.1,0.379999999999999
66576,1493010,13663.6706078298,14039.7148501607,13.9,1.81,-0.289999999999999
66577,1493010,13664.5075543915,14055.1922375517,15.5,1.6,-0.210000000000001
66578,1493010,13665.2365078484,14068.6725426988,13.5,-2,-3.6
66579,1493010,13665.7710737168,14078.5580998066,9.9,-3.6,-1.6
66580,1493010,13666.1836073768,14086.1869539787,7.64,-2.26,1.34
66581,1493010,13666.4109328623,14090.3908121024,4.21,-3.43,-1.17
66582,1493010,13666.4627695526,14091.3494115795,0.96,-3.25,0.18
66583,1493010,13666.4957074495,14091.9585216639,0.61,-0.35,2.9
66584,1493010,13666.5281053809,14092.5576463371,0.6,-0.01,0.34
66585,1493010,13666.5335050362,14092.6575004493,0.1,-0.5,-0.49
66586,1493010,13666.5340450017,14092.6674858605,0.01,-0.09,0.41
66587,1493010,13666.5340450017,14092.6674858605,0,-0.01,0.08
66588,1493010,13666.5340450017,14092.6674858605,0,0,0.01
66589,1493010,13666.5340450017,14092.6674858605,0,0,0
66590,1493010,13666.5340450017,14092.6674858605,0,0,0
66591,1493010,13666.5340450017,14092.6674858605,0,0,0
66592,1493010,13666.5340450017,14092.6674858605,0,0,0
66593,1493010,13666.5340450017,14092.6674858605,0,0,0
66594,1493010,13666.5340450017,14092.6674858605,0,0,0
66595,1493010,13666.5340450017,14092.6674858605,0,0,0
66596,1493010,13666.5340450017,14092.6674858605,0,0,0
66597,1493010,13666.5340450017,14092.6674858605,0,0,0
66598,1493010,13666.5340450017,14092.6674858605,0,0,0
66599,1493010,13666.5659029676,14093.2566251225,0.59,0.59,0.59
66600,1493010,13666.6360984857,14094.5547285811,1.3,0.71,0.12
66601,1493010,13666.7408517972,14096.4918983578,1.94,0.64,-0.0700000000000002
66602,1493010,13666.9217402477,14099.8370111165,3.34,1.4,0.76
66603,1493010,13667.216021458,14105.2790602315,5.45,2.11,0.71
66604,1493010,13667.6094341436,14113.0288011633,7.76,2.31,0.199999999999999
66605,1493010,13667.8468187838,14121.2453727435,8.22,0.460000000000001,-1.85
66606,1493010,13671.8983083369,14140.3242630176,9.59,1.37,0.909999999999998
66607,1493010,13675.8024970653,14150.9143904602,11.29,1.7,0.33
66608,1493010,13678.5308714621,14160.2227723363,9.7,-1.59,-3.29
66609,1493010,13680.9442170626,14168.4563719751,8.58,-1.12,0.470000000000001
66610,1493010,13683.0931634948,14175.7879222362,7.64,-0.94,0.179999999999999
66611,1493010,13685.6302704081,14184.443757754,9.01,1.37,2.31
66612,1493010,13688.4739678465,14194.145586699,10.12,1.11,-0.260000000000001
66613,1493010,13691.7508298798,14205.3252412203,11.65,1.53,0.420000000000002
66614,1493010,13697.1451351997,14240.6781159144,13.03,1.38,-0.150000000000002
66615,1493010,13705.7935275543,14258.5378287139,13.31,0.280000000000001,-1.1
66616,1493010,13708.484149093,14269.007626025,10.81,-2.5,-2.78
