"V1","V2","V3","V4","V5","acceleration","jerk"
21784,1496885,14344.0893076089,13278.6656456397,25.88,1.21,0
21785,1496885,14344.4458981707,13305.7481704402,27.09,1.21,0
21786,1496885,14344.4682150751,13333.3446738247,27.29,0.199999999999999,-1.01
21787,1496885,14343.4237592487,13360.0786153201,26.76,-0.529999999999998,-0.729999999999997
21788,1496885,14342.6561279685,13387.0973778769,27.04,0.279999999999998,0.809999999999995
21789,1496885,14341.4055386982,13414.4324019979,27.5,0.460000000000001,0.180000000000003
21790,1496885,14340.3369058443,13455.8584131093,27.47,-0.0300000000000011,-0.490000000000002
21791,1496885,14342.7251188612,13482.8245974462,27.09,-0.379999999999999,-0.349999999999998
21792,1496885,14348.1541540104,13509.5531939292,27.29,0.199999999999999,0.579999999999998
21793,1496885,14355.584506775,13536.2321576422,27.7,0.41,0.210000000000001
21794,1496885,14363.2240463166,13562.1809521343,27.05,-0.649999999999999,-1.06
21795,1496885,14368.9968246785,13586.975604333,25.46,-1.59,-0.940000000000001
21796,1496885,14374.0538095651,13609.6379698531,23.22,-2.24,-0.650000000000002
21797,1496885,14378.0298288844,13629.3252363682,20.11,-3.11,-0.869999999999997
21798,1496885,14379.8673466906,13646.3463388094,17.12,-2.99,0.120000000000001
21799,1496885,14381.4236555803,13660.7625762741,14.49,-2.63,0.359999999999998
21800,1496885,14382.6880223886,13672.4745264351,11.79,-2.7,-0.0700000000000003
21801,1496885,14383.8182246374,13682.9436975044,10.53,-1.26,1.44
21802,1496885,14384.6006723481,13690.1915851677,7.29,-3.24,-1.98
21803,1496885,14385.3852666918,13697.4593572965,7.3,0.00999999999999979,3.25
21804,1496885,14385.9777373864,13702.9474697658,5.52,-1.78,-1.79
21805,1496885,14382.5907712786,13707.4418981639,2.4,-3.12,-1.34
21806,1496885,14381.4820684289,13707.495545076,1.11,-1.29,1.83
21807,1496885,14380.8328280215,13707.5269599344,0.66,-0.45,0.84
21808,1496885,14380.4932253468,13707.5433923219,0.33,-0.33,0.12
21809,1496885,14380.183587614,13707.5583747929,0.31,-0.02,0.31
21810,1496885,14380.1636109861,13707.5593414039,0.02,-0.29,-0.27
21811,1496885,14380.1536226721,13707.5598247094,0.01,-0.01,0.28
21812,1496885,14380.1536226721,13707.5598247094,0,-0.01,0
21813,1496885,14380.1536226721,13707.5598247094,0,0,0.01
21814,1496885,14380.1536226721,13707.5598247094,0,0,0
21815,1496885,14380.1536226721,13707.5598247094,0,0,0
21816,1496885,14380.1536226721,13707.5598247094,0,0,0
21817,1496885,14368.9427474583,13706.5364033448,1.36,1.36,1.36
21818,1496885,14365.0905453913,13706.7816363677,3.86,2.5,1.14
21819,1496885,14359.5018584549,13707.1374148464,5.6,1.74,-0.76
21820,1496885,14345.600223548,13708.1223017207,7.66,2.06,0.320000000000001
21821,1496885,14330.1800005616,13708.7379668511,9.04,1.38,-0.680000000000001
21822,1496885,14319.740002155,13708.7321988962,10.45,1.41,0.0300000000000011
21823,1496885,14307.7425995217,13707.9024463521,12.03,1.58,0.17
21824,1496885,14294.64,13706.55,13.21,1.18,-0.399999999999999
21825,1496885,14269.2641596645,13704.4675812619,13.1,-0.110000000000001,-1.29
21826,1496885,14256.2468689627,13703.2949590785,13.07,-0.0299999999999994,0.0800000000000018
21827,1496885,14243.2395379325,13702.1232340813,13.06,-0.00999999999999979,0.0199999999999996
21828,1496885,14229.9134974129,13700.92279913,13.38,0.32,0.33
21829,1496885,14216.9061663827,13699.7510741327,13.06,-0.32,-0.640000000000001
21830,1496885,14204.049810543,13698.8281660558,12.89,-0.17,0.15
21831,1496885,14190.3205697979,13697.9086289089,13.76,0.869999999999999,1.04
21832,1496885,14177.219920744,13697.0311926634,13.12,-0.640000000000001,-1.51
21833,1496885,14163.4864673621,13696.4929673272,13.76,0.640000000000001,1.28
21834,1496885,14151.5084879288,13697.0297249018,12,-1.76,-2.4
21835,1496885,14143.3167088334,13697.396815153,8.19,-3.81,-2.05
21836,1496885,14138.3417015291,13697.61975533,4.99,-3.2,0.610000000000001
21837,1496885,14123.2879099447,13702.0951877779,7.05,2.06,5.26
21838,1496885,14115.0487919632,13697.7210616302,9.33,2.28,0.220000000000001
21839,1496885,14096.9058027681,13691.9303667476,11.11,1.78,-0.500000000000001
21840,1496885,14084.7820899455,13689.9307700577,12.3,1.19,-0.589999999999998
21841,1496885,14071.3884470514,13687.9453406269,13.54,1.24,0.0499999999999972
21842,1496885,14055.9881520094,13689.0039578451,14.94,1.4,0.160000000000002
21843,1496885,14039.2411798346,13686.5212530752,16.93,1.99,0.59
21844,1496885,14020.8784628093,13683.4925279023,18.62,1.69,-0.299999999999999
21845,1496885,14001.5334910689,13678.1520929407,20.1,1.48,-0.210000000000001
21846,1496885,13982.4725272259,13669.2101632846,21.1,1,-0.48
21847,1496885,13963.5433684267,13657.2937838383,22.39,1.29,0.289999999999999
21848,1496885,13945.7480878551,13645.46141766,21.37,-1.02,-2.31
21849,1496885,13931.6054416642,13636.9718770905,16.52,-4.85,-3.83
21850,1496885,13919.4551190447,13630.707808106,13.68,-2.84,2.01
21851,1496885,13911.6020655931,13626.3600295006,8.98,-4.7,-1.86
21852,1496885,13905.6521714128,13623.0439079296,6.82,-2.16,2.54
21853,1496885,13903.0847533418,13621.926605621,2.8,-4.02,-1.86
21854,1496885,13896.2074195678,13624.7746294818,4.49,1.69,5.71
21855,1496885,13895.0727427969,13630.6969101764,6.03,1.54,-0.15
21856,1496885,13894.9361631678,13638.8022939027,8.11,2.08,0.539999999999999
21857,1496885,13895.0349606535,13663.1277044127,9.64,1.53,-0.549999999999998
21858,1496885,13895.2899635372,13673.954701851,10.83,1.19,-0.340000000000002
21859,1496885,13888.4700097906,13691.9438322114,12.22,1.39,0.200000000000001
21860,1496885,13875.430180017,13692.0104615945,13.03,0.809999999999999,-0.580000000000002
21861,1496885,13861.6803595118,13692.0807188044,13.75,0.720000000000001,-0.0899999999999981
21862,1496885,13848.1505361347,13692.1498518989,13.53,-0.220000000000001,-0.940000000000001
21863,1496885,13835.0607070138,13692.2167367627,13.08,-0.449999999999999,-0.229999999999999
21864,1496885,13821.3108865086,13692.2869939726,13.75,0.67,1.12
21865,1496885,13807.5710658729,13692.3572000863,13.75,0,-0.67
21866,1496885,13794.1212414515,13692.4259244116,13.44,-0.31,-0.31
21867,1496885,13780.9414135054,13692.4932691408,13.18,-0.26,0.0500000000000007
21868,1496885,13764.4397012536,13702.8531070426,12.97,-0.209999999999999,0.0500000000000007
21869,1496885,13758.6150111289,13715.3084466586,13.74,0.77,0.979999999999999
21870,1496885,13753.5923530688,13727.7649700223,13.49,-0.25,-1.02
21871,1496885,13750.7564195628,13740.3391332609,12.89,-0.6,-0.35
21872,1496885,13748.3781076001,13750.8842616247,10.8,-2.09,-1.49
21873,1496885,13747.5716508932,13757.8906637254,7.06,-3.74,-1.65
21874,1496885,13747.2122578279,13761.6535398362,3.78,-3.28,0.460000000000001
21875,1496885,13739.9572998157,13769.7748668265,5.71,1.93,5.21
21876,1496885,13732.0361091304,13768.7285216983,7.99,2.28,0.35
21877,1496885,13722.8447098284,13767.5251239575,9.28,1.29,-0.990000000000001
21878,1496885,13713.1142191813,13766.5422955052,9.78,0.5,-0.789999999999999
21879,1496885,13706.4978835163,13765.8740123552,6.65,-3.13,-3.63
21880,1496885,13703.1443939949,13765.5425873307,3.37,-3.28,-0.150000000000001
21881,1496885,13697.3874619136,13770.5399273991,4.71,1.34,4.62
21882,1496885,13697.4420927576,13777.1097002621,6.56,1.85,0.51
21883,1496885,13697.5138529074,13785.739401907,8.63,2.07,0.220000000000002
21884,1496885,13697.602243451,13796.3690344083,10.63,2,-0.0700000000000012
21885,1496885,13697.7051855894,13808.7486064088,12.37,1.74,-0.260000000000002
21886,1496885,13697.8223467145,13822.8381192915,14.09,1.72,-0.0199999999999978
21887,1496885,13697.9535605225,13838.6175737477,15.78,1.69,-0.0300000000000011
21888,1496885,13694.2575162404,13862.3575761487,11.55,-4.23,-5.92
21889,1496885,13689.5241272617,13868.7073492536,7.92,-3.63,0.599999999999998
21890,1496885,13686.6430120193,13872.6708294113,4.9,-3.02,0.610000000000001
21891,1496885,13658.5684677577,13901.5612762699,6.18,1.28,4.3
21892,1496885,13655.6582434668,13903.7309524154,3.63,-2.55,-3.83
21893,1496885,13643.0385794117,13909.6275027859,5.2,1.57,4.12
21894,1496885,13635.8610769764,13910.9032609096,7.29,2.09,0.52
21895,1496885,13627.1279567292,13912.455520794,8.87,1.58,-0.510000000000001
21896,1496885,13610.5846261002,13914.7052947863,10.68,1.81,0.230000000000001
21897,1496885,13598.1254324783,13914.8470491226,12.46,1.78,-0.0299999999999994
21898,1496885,13584.7898434872,13915.089886502,13.34,0.879999999999999,-0.900000000000002
21899,1496885,13571.9482845298,13915.9450259895,12.87,-0.470000000000001,-1.35
21900,1496885,13558.1787807526,13916.8619587733,13.81,0.940000000000001,1.41
21901,1496885,13545.2773543875,13917.721084925,12.93,-0.880000000000001,-1.82
21902,1496885,13532.1763699966,13918.5934999577,13.13,0.200000000000001,1.08
21903,1496885,13518.8758275799,13919.4792038713,13.33,0.199999999999999,-1.77635683940025e-15
21904,1496885,13505.2017396087,13920.5248051605,13.72,0.390000000000001,0.190000000000001
21905,1496885,13491.7376165773,13922.7697753147,13.65,-0.0700000000000003,-0.460000000000001
21906,1496885,13486.460469455,13923.6496720418,5.35,-8.3,-8.23
21907,1496885,13484.6751168772,13923.9473567289,1.81,-3.54,4.76
21908,1496885,13483.1067684802,13924.2088587469,1.59,-0.22,3.32
21909,1496885,13482.92,13924.24,0.21,-1.38,-1.16
21910,1496885,13480.3149265016,13924.6112368584,2.74,2.53,3.91
21911,1496885,13475.9071025214,13925.222455117,4.45,1.71,-0.82
21912,1496885,13463.2411968432,13926.9627866757,6.01,1.56,-0.15
21913,1496885,13455.0572554627,13928.0811352264,8.26,2.25,0.69
21914,1496885,13444.9115460515,13929.4675624853,10.24,1.98,-0.27
21915,1496885,13432.9867594128,13931.4265293068,12.1,1.86,-0.120000000000001
21916,1496885,13419.7557284671,13934.9024781146,13.68,1.58,-0.279999999999999
21917,1496885,13408.8265874082,13937.7736931385,11.3,-2.38,-3.96
