"V1","V2","V3","V4","V5","acceleration","jerk"
77288,1499694,14393.8446880981,13995.3331302738,13.1,0.57,0
77289,1499694,14380.2118854828,13994.3256198127,13.67,0.57,0
77290,1499694,14366.8240875678,13993.3964981908,13.42,-0.25,-0.82
77291,1499694,14353.3309589932,13992.2860958993,13.54,0.119999999999999,0.369999999999999
77292,1499694,14329.9602943367,13989.5852149182,12.92,-0.619999999999999,-0.739999999999998
77293,1499694,14316.5683376812,13987.964108433,13.49,0.57,1.19
77294,1499694,14303.7386721794,13985.9494435703,12.98,-0.51,-1.08
77295,1499694,14291.1497085793,13983.3303473833,12.86,-0.120000000000001,0.389999999999999
77296,1499694,14277.91692156,13980.018633059,13.7,0.84,0.960000000000001
77297,1499694,14265.7713406246,13975.1956086952,13.07,-0.629999999999999,-1.47
77298,1499694,14252.9126890546,13970.8911133935,13.56,0.49,1.12
77299,1499694,14240.3290381451,13966.6786758822,13.26,-0.300000000000001,-0.790000000000001
77300,1499694,14223.0741196213,13960.9803368639,12.85,-0.41,-0.109999999999999
77301,1499694,14213.0153760049,13957.7003861233,10.59,-2.26,-1.85
77302,1499694,14205.1243011452,13955.1272678675,8.3,-2.29,-0.0299999999999994
77303,1499694,14195.6093448255,13954.8507206852,5.56,-2.74,-0.450000000000002
77304,1499694,14192.5127909626,13955.3703308335,3.17,-2.39,0.350000000000001
77305,1499694,14188.7765149141,13959.7499757072,1.73,-1.44,0.95
77306,1499694,14188.7487736303,13961.7397823363,1.99,0.26,1.7
77307,1499694,14188.7125287369,13964.3395296909,2.6,0.61,0.35
77308,1499694,14188.6750292125,13967.0292683,2.68,0.0800000000000001,-0.53
77309,1499694,14188.751321829,13969.6077427603,2.58,-0.1,-0.18
77310,1499694,14188.8484287228,13972.2559629647,2.65,0.0699999999999998,0.17
77311,1499694,14188.9411383232,13974.7842637637,2.53,-0.12,-0.19
77312,1499694,14189.0206560438,13976.9528063462,2.17,-0.36,-0.24
77313,1499694,14189.07892018,13978.5417384688,1.59,-0.58,-0.22
77314,1499694,14189.1679653694,13980.9701064299,2.42,0.83,1.41
77315,1499694,14189.2302603579,13982.6689646742,1.71,-0.71,-1.54
