"V1","V2","V3","V4","V5","acceleration","jerk"
22832,1506668,14404.9003098256,13324.364465013,13.84,-0.56,0
22833,1506668,14391.8017720541,13322.1766102994,13.28,-0.56,0
22834,1506668,14378.565147288,13319.9656908525,13.42,0.140000000000001,0.700000000000001
22835,1506668,14365.3383858786,13317.7564188865,13.41,-0.00999999999999979,-0.15
22836,1506668,14352.604792307,13315.6295209684,12.92,-0.49,-0.48
22837,1506668,14339.0229500544,13313.3609396879,13.77,0.85,1.34
22838,1506668,14325.6482382937,13311.1269555075,13.56,-0.209999999999999,-1.06
22839,1506668,14312.3820234574,13308.9110936177,13.45,-0.110000000000001,0.0999999999999979
22840,1506668,14298.7311377075,13306.6309799705,13.84,0.390000000000001,0.500000000000002
22841,1506668,14285.8298670711,13304.4760748761,13.07,-0.77,-1.16
22842,1506668,14272.9877765752,13302.3310546675,13.03,-0.0400000000000009,0.729999999999999
22843,1506668,14260.0174624415,13300.1646172065,13.15,0.120000000000001,0.160000000000002
22844,1506668,14247.3233222969,13298.0443092123,12.86,-0.290000000000001,-0.410000000000002
22845,1506668,14231.4106018341,13295.561455921,13.43,0.57,0.860000000000001
22846,1506668,14216.170922812,13293.6426585623,15.37,1.94,1.37
22847,1506668,14199.2544822309,13291.5127435254,17.04,1.67,-0.27
22848,1506668,14181.2268150544,13289.2429161812,18.17,1.13,-0.539999999999997
22849,1506668,14161.5422296508,13286.7644695928,19.85,1.68,0.549999999999997
22850,1506668,14140.2314456305,13284.6797689397,21.41,1.56,-0.120000000000001
22851,1506668,14119.5114717366,13289.7966100105,21.65,0.239999999999998,-1.32
22852,1506668,14102.8251557761,13302.7412694542,21.43,-0.219999999999999,-0.459999999999997
22853,1506668,14093.9584785151,13322.4460990463,22.09,0.66,0.879999999999999
22854,1506668,14095.3985952092,13343.6472622601,21.61,-0.48,-1.14
22855,1506668,14105.0396003987,13358.3205517615,17.79,-3.82,-3.34
22856,1506668,14114.65,13365.22,14.08,-3.71,0.110000000000001
22857,1506668,14143.3740742733,13376.9908008879,13.81,-0.27,3.44
22858,1506668,14156.5143184112,13381.0738859955,13.76,-0.0500000000000007,0.219999999999999
22859,1506668,14169.3680746682,13385.0679503522,13.46,-0.299999999999999,-0.249999999999998
22860,1506668,14182.5664673076,13388.6816682324,13.7,0.239999999999998,0.539999999999997
22861,1506668,14195.5558855725,13391.8909381086,13.38,-0.319999999999999,-0.559999999999997
22862,1506668,14208.8462544849,13395.174563266,13.69,0.309999999999999,0.629999999999997
22863,1506668,14230.6617374054,13400.6406539491,13,-0.69,-0.999999999999998
22864,1506668,14243.6027450403,13403.9198034414,13.35,0.35,1.04
22865,1506668,14257.0876003134,13406.6867297099,13.79,0.44,0.0899999999999999
22866,1506668,14269.9354149945,13408.3103546422,12.95,-0.84,-1.28
22867,1506668,14283.3586530358,13410.0066979111,13.53,0.58,1.42
22868,1506668,14300.9692493521,13413.9330630467,12.9,-0.629999999999999,-1.21
22869,1506668,14311.3795984525,13416.2265825273,10.65,-2.25,-1.62
22870,1506668,14318.3230864547,13417.7563126875,7.12,-3.53,-1.28
22871,1506668,14322.9227810385,13418.7696782366,4.71,-2.41,1.12
22872,1506668,14324.28022806,13419.0687394071,1.39,-3.32,-0.91
22873,1506668,14325.2177454274,13419.2752852515,0.96,-0.43,2.89
22874,1506668,14325.8525228116,13419.4151340003,0.65,-0.31,0.12
22875,1506668,14328.0861447632,13414.36167459,2.04,1.39,1.7
22876,1506668,14327.340383487,13410.4445771686,4.07,2.03,0.64
22877,1506668,14327.7863419729,13405.052989181,5.42,1.35,-0.680000000000001
22878,1506668,14328.8965721517,13389.5026206208,6.78,1.36,0.0100000000000007
22879,1506668,14329.2107648264,13381.318649521,8.19,1.41,0.0499999999999989
22880,1506668,14329.6039852069,13371.0761948478,10.25,2.06,0.650000000000001
22881,1506668,14330.060504478,13359.1849547882,11.9,1.65,-0.41
22882,1506668,14330.6629599753,13345.7692695334,13.43,1.53,-0.120000000000001
22883,1506668,14331.5950681484,13331.0086708209,14.79,1.36,-0.17
22884,1506668,14332.0774487087,13317.4293061507,13.6,-1.19,-2.55
22885,1506668,14331.629752044,13303.6386151835,13.69,0.0899999999999999,1.28
22886,1506668,14330.6851633693,13289.4400007357,14.23,0.540000000000001,0.450000000000001
