"V1","V2","V3","V4","V5","acceleration","jerk"
41729,1509016,14344.4517081807,13298.3781727303,24.13,0.91,0
41730,1509016,14344.723598734,13323.7161325385,25.04,0.91,0
41731,1509016,14343.5929405345,13349.6999941355,26.02,0.98,0.0700000000000003
41732,1509016,14342.9648585186,13376.9620788952,27.27,1.25,0.27
41733,1509016,14342.1376189676,13404.1194825768,27.17,-0.0999999999999979,-1.35
41734,1509016,14339.3508617266,13445.3961469831,27.42,0.25,0.349999999999998
41735,1509016,14341.4779693357,13472.4604112735,27.17,-0.25,-0.5
41736,1509016,14345.6609280493,13499.5184143978,27.39,0.219999999999999,0.469999999999999
41737,1509016,14352.4948002099,13525.7375250454,27.1,-0.289999999999999,-0.509999999999998
41738,1509016,14360.1964727903,13551.8973633374,27.27,0.169999999999998,0.459999999999997
41739,1509016,14367.0113724594,13578.3306705862,27.31,0.0399999999999991,-0.129999999999999
41740,1509016,14373.0666170921,13605.1349096691,27.49,0.18,0.140000000000001
41741,1509016,14378.1382338484,13630.3294018744,25.72,-1.77,-1.95
41742,1509016,14380.5102632595,13652.3017362172,22.1,-3.62,-1.85
41743,1509016,14382.4604792957,13670.3667730955,18.17,-3.93,-0.310000000000002
41744,1509016,14383.9373627662,13684.0472853379,13.76,-4.41,-0.480000000000002
41745,1509016,14385.0643450656,13694.4866297089,10.51,-3.25,1.16
41746,1509016,14385.7491209771,13700.8297741934,6.37,-4.14,-0.89
41747,1509016,14382.8704440695,13707.4283656095,4.25,-2.12,2.02
41748,1509016,14367.3759191564,13706.6361483826,5.64,1.39,3.51
41749,1509016,14359.9309897732,13707.1100961418,7.47,1.83,0.44
41750,1509016,14344.2842280238,13708.2250430475,9.41,1.94,0.11
41751,1509016,14326.5200011202,13708.735944752,11.38,1.97,0.0300000000000002
41752,1509016,14313.1538493418,13708.4609939188,13.38,2,0.0299999999999994
41753,1509016,14299.5063589867,13707.0523040999,13.72,0.34,-1.66
41754,1509016,14273.8456085726,13704.8802868505,13.43,-0.290000000000001,-0.630000000000001
41755,1509016,14260.2207779069,13703.6529363174,13.69,0.26,0.550000000000001
41756,1509016,14246.9843744312,13702.4605760407,13.29,-0.4,-0.66
41757,1509016,14233.1503906632,13701.2143846002,13.89,0.600000000000001,1
41758,1509016,14220.3024143776,13700.05701458,12.9,-0.99,-1.59
41759,1509016,14206.9933959806,13702.3260916677,13.05,0.15,1.14
41760,1509016,14193.7928840617,13701.4432637806,13.23,0.18,0.0299999999999994
41761,1509016,14180.1533528499,13700.5310750266,13.67,0.44,0.26
41762,1509016,14166.7333312845,13699.633566706,13.45,-0.220000000000001,-0.66
41763,1509016,14153.8566105123,13700.2111085869,12.89,-0.559999999999999,-0.339999999999998
41764,1509016,14145.0356630714,13700.6108413024,8.83,-4.06,-3.5
41765,1509016,14138.9419168211,13700.886987346,6.1,-2.73,1.33
41766,1509016,14135.2457100791,13701.0544857659,3.7,-2.4,0.330000000000001
41767,1509016,14133.2774544347,13708.2208179116,5.29,1.59,3.99
41768,1509016,14132.885324461,13716.3466926966,6.79,1.5,-0.0899999999999999
41769,1509016,14135.8388646765,13724.7529225409,8.91,2.12,0.62
41770,1509016,14138.2975684072,13734.6578675142,10.21,1.3,-0.819999999999999
41771,1509016,14141.1761635623,13746.7293955837,12.41,2.2,0.899999999999999
41772,1509016,14146.6868453272,13769.0733385712,14.31,1.9,-0.299999999999999
41773,1509016,14150.9722213027,13784.6029120602,16.12,1.81,-0.0899999999999999
41774,1509016,14155.7842915321,13802.0411482126,18.09,1.97,0.159999999999998
41775,1509016,14177.3901350369,13825.0914518446,19.61,1.52,-0.449999999999999
41776,1509016,14190.6329983276,13848.4894203342,20.59,0.98,-0.539999999999999
41777,1509016,14208.56322617,13880.7073906186,17.69,-2.9,-3.88
41778,1509016,14213.2450170185,13893.2775216798,13.42,-4.27,-1.37
41779,1509016,14229.9341040291,13916.8231499741,13.13,-0.289999999999999,3.98
41780,1509016,14241.299695005,13924.1637386268,13.53,0.399999999999999,0.689999999999998
41781,1509016,14252.041301905,13931.7993388426,13.19,-0.34,-0.739999999999998
41782,1509016,14262.6453443983,13939.074118115,12.86,-0.33,0.00999999999999979
41783,1509016,14274.0710788513,13946.1988278016,13.47,0.610000000000001,0.940000000000001
41784,1509016,14286.110885569,13952.76888283,13.73,0.26,-0.350000000000001
41785,1509016,14298.0662416187,13958.2393050113,13.15,-0.58,-0.84
41786,1509016,14310.4922750752,13962.4497791577,13.13,-0.0199999999999996,0.56
41787,1509016,14323.0078251361,13966.2262466994,13.09,-0.0400000000000009,-0.0200000000000014
41788,1509016,14336.3619330758,13969.1480100598,13.67,0.58,0.620000000000001
41789,1509016,14349.8977128979,13971.585532532,13.76,0.0899999999999999,-0.49
41790,1509016,14362.6496657046,13973.4337759029,12.89,-0.869999999999999,-0.959999999999999
41791,1509016,14375.8060081515,13974.2231132322,13.18,0.289999999999999,1.16
41792,1509016,14388.6728711364,13974.9950827447,12.89,-0.289999999999999,-0.579999999999998
41793,1509016,14401.5596982221,13975.7682500376,12.92,0.0299999999999994,0.319999999999999
