"V1","V2","V3","V4","V5","acceleration","jerk"
29588,1509182,13446.4158920898,13279.2345133888,11.98,1.44,0
29589,1509182,13447.1030379963,13292.6369098351,13.42,1.44,0
29590,1509182,13447.795304215,13306.1391751073,13.52,0.0999999999999996,-1.34
29591,1509182,13448.4665771535,13319.2319781931,13.11,-0.41,-0.51
29592,1509182,13449.1665238407,13332.8840467043,13.67,0.56,0.970000000000001
29593,1509182,13449.7266860029,13343.8096962663,10.94,-2.73,-3.29
29594,1509182,13449.8556303957,13350.3756855697,6.56,-4.38,-1.65
29595,1509182,13449.8294599998,13354.2155963903,3.84,-2.72,1.66
29596,1509182,13449.8111270923,13356.9055339183,2.7,-1.14,1.58
29597,1509182,13449.7992686316,13358.6454935089,1.74,-0.96,0.179999999999999
29598,1509182,13449.7825032217,13361.1054363783,2.46,0.72,1.68
29599,1509182,13449.8151514185,13365.3149646146,4.21,1.75,1.03
29600,1509182,13457.9969647144,13371.3257125786,5.71,1.5,-0.25
29601,1509182,13465.0610940081,13372.7178610338,7.2,1.49,-0.00999999999999979
29602,1509182,13473.901066916,13374.4599801424,9.01,1.81,0.319999999999999
29603,1509182,13484.9583915188,13376.6390791828,11.27,2.26,0.45
29604,1509182,13498.1447662004,13379.2377562993,13.44,2.17,-0.0899999999999999
29605,1509182,13512.4986844737,13382.0665246188,14.63,1.19,-0.979999999999999
29606,1509182,13525.7144930274,13384.6710023538,13.47,-1.16,-2.35
29607,1509182,13535.8671203744,13390.0368424119,11,-2.47,-1.31
29608,1509182,13548.2489998681,13392.4768137647,12.61,1.61,4.08
29609,1509182,13561.7493692686,13395.1371945741,13.76,1.15,-0.459999999999999
29610,1509182,13575.0484590151,13394.4585742353,6.71,-7.05,-8.2
29611,1509182,13583.2573820489,13396.7273459771,8.53,1.82,8.87
29612,1509182,13592.666550167,13399.7735986464,9.9,1.37,-0.449999999999998
29613,1509182,13611.4689548885,13406.3563715179,11.48,1.58,0.209999999999999
29614,1509182,13623.4293333637,13412.3064238522,13.4,1.92,0.34
29615,1509182,13636.4916468396,13419.921564472,15.12,1.72,-0.200000000000001
29616,1509182,13651.1781104037,13428.4835612005,17,1.88,0.160000000000002
29617,1509182,13666.918543706,13437.660007106,18.22,1.22,-0.660000000000002
29618,1509182,13684.0066760177,13447.6221421231,19.78,1.56,0.340000000000003
29619,1509182,13701.0033552559,13459.9165494604,21.04,1.26,-0.300000000000004
29620,1509182,13723.5075955413,13477.2962530756,22.02,0.98,-0.279999999999998
29621,1509182,13725.5671237592,13481.2972958796,4.5,-17.52,-18.5
29622,1509182,13726.6746922674,13483.4489677876,2.42,-2.08,15.44
29623,1509182,13727.4023922378,13484.8626695783,1.6,-0.82,1.26
29624,1509182,13727.5213872015,13485.0938409404,0.25,-1.35,-0.53
29625,1509182,13727.5351173896,13485.1205145591,0.03,-0.22,1.13
29626,1509182,13727.5351173896,13485.1205145591,0,-0.03,0.19
29627,1509182,13727.5351173896,13485.1205145591,0,0,0.03
29628,1509182,13727.5351173896,13485.1205145591,0,0,0
29629,1509182,13727.5351173896,13485.1205145591,0,0,0
29630,1509182,13727.5351173896,13485.1205145591,0,0,0
29631,1509182,13727.5351173896,13485.1205145591,0,0,0
29632,1509182,13727.5351173896,13485.1205145591,0,0,0
29633,1509182,13727.5351173896,13485.1205145591,0,0,0
29634,1509182,13727.5351173896,13485.1205145591,0,0,0
29635,1509182,13727.5351173896,13485.1205145591,0,0,0
29636,1509182,13727.5351173896,13485.1205145591,0,0,0
29637,1509182,13727.5351173896,13485.1205145591,0,0,0
29638,1509182,13727.5351173896,13485.1205145591,0,0,0
29639,1509182,13727.5351173896,13485.1205145591,0,0,0
29640,1509182,13727.5351173896,13485.1205145591,0,0,0
29641,1509182,13727.5351173896,13485.1205145591,0,0,0
29642,1509182,13727.5351173896,13485.1205145591,0,0,0
29643,1509182,13727.5351173896,13485.1205145591,0,0,0
29644,1509182,13727.5351173896,13485.1205145591,0,0,0
29645,1509182,13727.5351173896,13485.1205145591,0,0,0
29646,1509182,13727.5351173896,13485.1205145591,0,0,0
29647,1509182,13727.5351173896,13485.1205145591,0,0,0
29648,1509182,13727.5351173896,13485.1205145591,0,0,0
29649,1509182,13727.5351173896,13485.1205145591,0,0,0
29650,1509182,13727.5351173896,13485.1205145591,0,0,0
29651,1509182,13727.5351173896,13485.1205145591,0,0,0
29652,1509182,13727.5351173896,13485.1205145591,0,0,0
29653,1509182,13727.5351173896,13485.1205145591,0,0,0
29654,1509182,13727.5351173896,13485.1205145591,0,0,0
29655,1509182,13727.5351173896,13485.1205145591,0,0,0
29656,1509182,13727.5351173896,13485.1205145591,0,0,0
29657,1509182,13727.5351173896,13485.1205145591,0,0,0
29658,1509182,13727.5351173896,13485.1205145591,0,0,0
29659,1509182,13727.5351173896,13485.1205145591,0,0,0
29660,1509182,13727.5351173896,13485.1205145591,0,0,0
29661,1509182,13727.5351173896,13485.1205145591,0,0,0
29662,1509182,13727.5351173896,13485.1205145591,0,0,0
29663,1509182,13727.5351173896,13485.1205145591,0,0,0
29664,1509182,13727.5351173896,13485.1205145591,0,0,0
29665,1509182,13727.5351173896,13485.1205145591,0,0,0
29666,1509182,13727.5351173896,13485.1205145591,0,0,0
29667,1509182,13727.5351173896,13485.1205145591,0,0,0
29668,1509182,13727.5351173896,13485.1205145591,0,0,0
29669,1509182,13727.5351173896,13485.1205145591,0,0,0
29670,1509182,13727.5351173896,13485.1205145591,0,0,0
29671,1509182,13727.5351173896,13485.1205145591,0,0,0
29672,1509182,13727.5351173896,13485.1205145591,0,0,0
29673,1509182,13727.5351173896,13485.1205145591,0,0,0
29674,1509182,13727.5351173896,13485.1205145591,0,0,0
29675,1509182,13727.5351173896,13485.1205145591,0,0,0
29676,1509182,13727.5351173896,13485.1205145591,0,0,0
29677,1509182,13727.5351173896,13485.1205145591,0,0,0
29678,1509182,13727.5351173896,13485.1205145591,0,0,0
29679,1509182,13727.5351173896,13485.1205145591,0,0,0
29680,1509182,13727.5351173896,13485.1205145591,0,0,0
29681,1509182,13727.5351173896,13485.1205145591,0,0,0
29682,1509182,13727.5351173896,13485.1205145591,0,0,0
29683,1509182,13727.5351173896,13485.1205145591,0,0,0
29684,1509182,13727.5351173896,13485.1205145591,0,0,0
29685,1509182,13727.5351173896,13485.1205145591,0,0,0
29686,1509182,13727.5351173896,13485.1205145591,0,0,0
29687,1509182,13727.5351173896,13485.1205145591,0,0,0
29688,1509182,13727.5351173896,13485.1205145591,0,0,0
29689,1509182,13727.5351173896,13485.1205145591,0,0,0
29690,1509182,13727.5351173896,13485.1205145591,0,0,0
29691,1509182,13727.5351173896,13485.1205145591,0,0,0
29692,1509182,13727.5351173896,13485.1205145591,0,0,0
29693,1509182,13727.5351173896,13485.1205145591,0,0,0
29694,1509182,13727.5351173896,13485.1205145591,0,0,0
29695,1509182,13727.5351173896,13485.1205145591,0,0,0
29696,1509182,13727.5351173896,13485.1205145591,0,0,0
29697,1509182,13727.5351173896,13485.1205145591,0,0,0
29698,1509182,13727.5351173896,13485.1205145591,0,0,0
29699,1509182,13727.5351173896,13485.1205145591,0,0,0
29700,1509182,13753.0867488996,13512.9765935569,1.37,1.37,1.37
29701,1509182,13755.8283197751,13514.7772015472,3.27,1.9,0.53
29702,1509182,13759.8988838494,13517.4506652401,4.88,1.61,-0.29
29703,1509182,13767.6089736311,13523.0488855384,7.28,2.4,0.79
29704,1509182,13774.3776661028,13529.3680945256,9.26,1.98,-0.420000000000001
29705,1509182,13782.0966069776,13536.574449483,10.55,1.29,-0.689999999999999
29706,1509182,13791.1020379982,13544.9818635999,12.33,1.78,0.489999999999998
29707,1509182,13804.6433437057,13551.1983254275,14.21,1.88,0.100000000000001
29708,1509182,13817.4349045593,13560.942163015,16.08,1.87,-0.0100000000000033
29709,1509182,13831.3878882266,13571.5707022739,17.54,1.46,-0.409999999999997
29710,1509182,13847.2218726719,13582.8749169372,19.46,1.92,0.460000000000001
29711,1509182,13865.5886162169,13592.5838327218,20.86,1.4,-0.520000000000003
29712,1509182,13909.4414455713,13617.5240962932,22.14,1.28,-0.119999999999997
29713,1509182,13929.9302404065,13628.6990880402,23.35,1.21,-0.0700000000000003
29714,1509182,13951.0272170765,13641.0446615286,24.48,1.13,-0.0800000000000018
29715,1509182,13972.7692533097,13655.5200979793,26.12,1.64,0.510000000000002
29716,1509182,13996.80701309,13669.3182153725,27.75,1.63,-0.0100000000000016
29717,1509182,14022.6524399035,13677.1388612355,27.08,-0.670000000000002,-2.3
29718,1509182,14050.0763889067,13681.4552858819,27.77,0.690000000000001,1.36
29719,1509182,14076.9131986102,13685.4330421512,27.13,-0.640000000000001,-1.33
29720,1509182,14112.2992639916,13692.9612377564,27.35,0.220000000000002,0.860000000000003
29721,1509182,14132.885324461,13716.3466926966,27.16,-0.190000000000001,-0.410000000000004
29722,1509182,14140.2993634264,13743.0524917881,27.75,0.59,0.780000000000001
29723,1509182,14149.067609758,13777.7008793984,27.05,-0.699999999999999,-1.29
29724,1509182,14159.3386605814,13812.0153886234,27.46,0.41,1.11
29725,1509182,14183.2925464547,13828.7036450088,24.32,-3.14,-3.55
29726,1509182,14194.026911165,13854.2197742196,20.34,-3.98,-0.84
29727,1509182,14210.4492935833,13886.0600754227,16.71,-3.63,0.350000000000001
29728,1509182,14215.2858228853,13898.5460709501,13.39,-3.32,0.309999999999999
29729,1509182,14235.0750808785,13920.1435049301,13.61,0.219999999999999,3.54
29730,1509182,14246.0741522995,13927.5251458678,13.25,-0.359999999999999,-0.579999999999998
29731,1509182,14256.8513410372,13935.1282816952,13.2,-0.0500000000000007,0.309999999999999
29732,1509182,14267.653550955,13942.3562068603,12.99,-0.209999999999999,-0.159999999999998
29733,1509182,14278.9700206011,13949.1321654454,13.19,0.199999999999999,0.409999999999998
29734,1509182,14290.6180905346,13954.9333927972,13.03,-0.16,-0.359999999999999
29735,1509182,14302.5365829231,13959.7540487591,12.87,-0.16,0
29736,1509182,14315.445640546,13964.1281922511,13.63,0.760000000000002,0.920000000000002
29737,1509182,14328.5077247485,13967.4295771836,13.49,-0.140000000000001,-0.900000000000002
29738,1509182,14341.2073153276,13970.2081378044,13,-0.49,-0.35
29739,1509182,14354.8493382796,13972.3480979911,13.81,0.81,1.3
29740,1509182,14367.7504934666,13973.7398088128,12.99,-0.82,-1.63
29741,1509182,14380.6073744011,13974.5111794351,12.88,-0.109999999999999,0.710000000000001
29742,1509182,14393.8934835034,13975.3083023374,13.31,0.43,0.539999999999999
