"V1","V2","V3","V4","V5","acceleration","jerk"
57954,151007,14397.5045394574,13995.6058719606,13.61,-0.67,0
57955,151007,14384.600322403,13994.6442159861,12.94,-0.67,0
57956,151007,14371.1337214719,13993.6955895028,13.5,0.56,1.23
57957,151007,14357.5809450563,13992.6989777318,13.59,0.0899999999999999,-0.470000000000001
57958,151007,14334.1504850529,13990.0859161886,12.97,-0.619999999999999,-0.709999999999999
57959,151007,14320.5969060776,13988.4663492832,13.65,0.68,1.3
57960,151007,14306.9344008304,13986.5306298825,13.8,0.15,-0.529999999999999
57961,151007,14294.1883089615,13983.8916028665,13.02,-0.780000000000001,-0.930000000000001
57962,151007,14280.7365111799,13981.1550811993,13.74,0.720000000000001,1.5
57963,151007,14268.781080193,13976.3363915519,12.89,-0.85,-1.57
57964,151007,14256.5256287656,13972.1005622947,12.97,0.0800000000000001,0.93
57965,151007,14243.6290460701,13967.7833693667,13.6,0.629999999999999,0.549999999999999
57966,151007,14225.4319347601,13961.7491721982,13.85,0.25,-0.379999999999999
57967,151007,14213.8234981291,13957.9638982339,12.21,-1.64,-1.89
57968,151007,14204.839081572,13955.0342635932,9.44,-2.77,-1.13
57969,151007,14195.4101140035,13954.8682443705,5.46,-3.98,-1.21
57970,151007,14192.301703834,13955.4616666103,3.2,-2.26,1.72
57971,151007,14188.7609017292,13960.8698668753,2.63,-0.57,1.69
57972,151007,14188.7281419217,13963.2196385227,2.34,-0.29,0.28
57973,151007,14188.6998430242,13965.249441265,2.03,-0.31,-0.02
57974,151007,14188.6813315773,13967.6990255563,2.46,0.43,0.74
57975,151007,14188.7645137089,13969.9675009767,2.27,-0.19,-0.62
57976,151007,14188.8447643117,13972.1560301268,2.19,-0.0800000000000001,0.11
57977,151007,14188.9349088244,13974.6143779392,2.45,0.26,0.34
57978,151007,14189.0144265449,13976.7829205217,2.18,-0.27,-0.53
57979,151007,14189.099074441,13979.0913690773,2.31,0.13,0.4
57980,151007,14189.200212187,13981.8495154034,2.76,0.45,0.32
