"V1","V2","V3","V4","V5","acceleration","jerk"
52167,"1513084#1",13601.92,13406.2,0,2.29,0
52168,"1513084#1",13604.0558547148,13407.0259689082,2.29,2.29,0
52169,"1513084#1",13607.7866053083,13408.4687093591,3.99,1.7,-0.59
52170,"1513084#1",13613.7278256286,13410.7662735272,6.38,2.39,0.69
52171,"1513084#1",13621.1116736603,13414.7323774219,8.4,2.02,-0.369999999999999
52172,"1513084#1",13630.2062822857,13420.0398244496,10.53,2.13,0.109999999999999
52173,"1513084#1",13640.9332565618,13426.2998901745,12.42,1.89,-0.239999999999998
52174,"1513084#1",13654.6683052742,13430.5182945407,14.51,2.09,0.199999999999999
52175,"1513084#1",13668.6636411412,13438.6773737761,16.2,1.69,-0.4
52176,"1513084#1",13683.8338940934,13447.5214127498,17.56,1.36,-0.33
52177,"1513084#1",13697.8411215831,13457.3226377042,17.15,-0.41,-1.77
52178,"1513084#1",13708.2710805673,13465.8781070419,13.49,-3.66,-3.25
52179,"1513084#1",13722.13,13474.62,9.61,-3.88,-0.220000000000002
52180,"1513084#1",13724.9034980001,13480.0080709761,6.06,-3.55,0.330000000000001
52181,"1513084#1",13726.65638535,13483.4134029627,3.83,-2.23,1.32
52182,"1513084#1",13727.2925507328,13484.6492806288,1.39,-2.44,-0.210000000000001
52183,"1513084#1",13727.4710431784,13484.9960376718,0.39,-1,1.44
52184,"1513084#1",13727.5122337427,13485.0760585279,0.08,-0.31,0.69
52185,"1513084#1",13727.5259639308,13485.1027321466,0.03,-0.05,0.26
52186,"1513084#1",13727.5351173896,13485.1205145591,0.02,-0.01,0.04
52187,"1513084#1",13727.5351173896,13485.1205145591,0,-0.02,-0.01
52188,"1513084#1",13727.5351173896,13485.1205145591,0,0,0.02
52189,"1513084#1",13727.5351173896,13485.1205145591,0,0,0
52190,"1513084#1",13727.5351173896,13485.1205145591,0,0,0
52191,"1513084#1",13727.5351173896,13485.1205145591,0,0,0
52192,"1513084#1",13727.5351173896,13485.1205145591,0,0,0
52193,"1513084#1",13727.5351173896,13485.1205145591,0,0,0
52194,"1513084#1",13727.5351173896,13485.1205145591,0,0,0
52195,"1513084#1",13727.5351173896,13485.1205145591,0,0,0
52196,"1513084#1",13727.5351173896,13485.1205145591,0,0,0
52197,"1513084#1",13727.5351173896,13485.1205145591,0,0,0
52198,"1513084#1",13727.5351173896,13485.1205145591,0,0,0
52199,"1513084#1",13727.5351173896,13485.1205145591,0,0,0
52200,"1513084#1",13727.5351173896,13485.1205145591,0,0,0
52201,"1513084#1",13727.5351173896,13485.1205145591,0,0,0
52202,"1513084#1",13727.5351173896,13485.1205145591,0,0,0
52203,"1513084#1",13727.5351173896,13485.1205145591,0,0,0
52204,"1513084#1",13727.5351173896,13485.1205145591,0,0,0
52205,"1513084#1",13727.5351173896,13485.1205145591,0,0,0
52206,"1513084#1",13727.5351173896,13485.1205145591,0,0,0
52207,"1513084#1",13727.5351173896,13485.1205145591,0,0,0
52208,"1513084#1",13727.5351173896,13485.1205145591,0,0,0
52209,"1513084#1",13727.5351173896,13485.1205145591,0,0,0
52210,"1513084#1",13727.5351173896,13485.1205145591,0,0,0
52211,"1513084#1",13727.5351173896,13485.1205145591,0,0,0
52212,"1513084#1",13727.5351173896,13485.1205145591,0,0,0
52213,"1513084#1",13727.5351173896,13485.1205145591,0,0,0
52214,"1513084#1",13727.5351173896,13485.1205145591,0,0,0
52215,"1513084#1",13727.5351173896,13485.1205145591,0,0,0
52216,"1513084#1",13727.5351173896,13485.1205145591,0,0,0
52217,"1513084#1",13727.5351173896,13485.1205145591,0,0,0
52218,"1513084#1",13727.5351173896,13485.1205145591,0,0,0
52219,"1513084#1",13727.5351173896,13485.1205145591,0,0,0
52220,"1513084#1",13727.5351173896,13485.1205145591,0,0,0
52221,"1513084#1",13727.5351173896,13485.1205145591,0,0,0
52222,"1513084#1",13727.5351173896,13485.1205145591,0,0,0
52223,"1513084#1",13727.5351173896,13485.1205145591,0,0,0
52224,"1513084#1",13727.5351173896,13485.1205145591,0,0,0
52225,"1513084#1",13727.5351173896,13485.1205145591,0,0,0
52226,"1513084#1",13727.5351173896,13485.1205145591,0,0,0
52227,"1513084#1",13727.5351173896,13485.1205145591,0,0,0
52228,"1513084#1",13727.5351173896,13485.1205145591,0,0,0
52229,"1513084#1",13727.5351173896,13485.1205145591,0,0,0
52230,"1513084#1",13727.5351173896,13485.1205145591,0,0,0
52231,"1513084#1",13727.5351173896,13485.1205145591,0,0,0
52232,"1513084#1",13727.5351173896,13485.1205145591,0,0,0
52233,"1513084#1",13727.5351173896,13485.1205145591,0,0,0
52234,"1513084#1",13727.5351173896,13485.1205145591,0,0,0
52235,"1513084#1",13727.5351173896,13485.1205145591,0,0,0
52236,"1513084#1",13727.5351173896,13485.1205145591,0,0,0
52237,"1513084#1",13727.5351173896,13485.1205145591,0,0,0
52238,"1513084#1",13727.5351173896,13485.1205145591,0,0,0
52239,"1513084#1",13727.5351173896,13485.1205145591,0,0,0
52240,"1513084#1",13727.5351173896,13485.1205145591,0,0,0
52241,"1513084#1",13727.5351173896,13485.1205145591,0,0,0
52242,"1513084#1",13727.5351173896,13485.1205145591,0,0,0
52243,"1513084#1",13727.5351173896,13485.1205145591,0,0,0
52244,"1513084#1",13727.5351173896,13485.1205145591,0,0,0
52245,"1513084#1",13727.5351173896,13485.1205145591,0,0,0
52246,"1513084#1",13727.5351173896,13485.1205145591,0,0,0
52247,"1513084#1",13727.5351173896,13485.1205145591,0,0,0
52248,"1513084#1",13727.5351173896,13485.1205145591,0,0,0
52249,"1513084#1",13727.5351173896,13485.1205145591,0,0,0
52250,"1513084#1",13753.7554247229,13513.4157662375,2.16,2.16,2.16
52251,"1513084#1",13756.9483517791,13515.5128157871,3.82,1.66,-0.5
52252,"1513084#1",13762.1389478574,13518.9218937199,6.21,2.39,0.73
52253,"1513084#1",13770.0065234483,13525.287223063,7.89,1.68,-0.71
52254,"1513084#1",13776.9725752037,13531.7906854441,9.52,1.63,-0.0499999999999998
52255,"1513084#1",13785.1300922646,13539.4064923876,11.17,1.65,0.0200000000000005
52256,"1513084#1",13794.4528688541,13547.5619296806,12.39,1.22,-0.43
52257,"1513084#1",13805.3555317787,13555.8743325314,13.71,1.32,0.0999999999999996
52258,"1513084#1",13817.6419024705,13565.2417011706,15.45,1.74,0.419999999999998
52259,"1513084#1",13831.0972676553,13575.5003340105,16.92,1.47,-0.269999999999996
52260,"1513084#1",13846.1423357068,13586.1382963448,18.43,1.51,0.0399999999999956
52261,"1513084#1",13860.4269207815,13593.9062454595,16.33,-2.1,-3.61
52262,"1513084#1",13872.5878237901,13599.2916366261,13.3,-3.03,-0.929999999999996
52263,"1513084#1",13895.0271091044,13631.1628352284,13.47,0.17,3.2
52264,"1513084#1",13894.9351257295,13658.8888799308,13.03,-0.440000000000001,-0.610000000000001
52265,"1513084#1",13895.2607665311,13672.7150456346,13.83,0.800000000000001,1.24
52266,"1513084#1",13888.9300037857,13691.9414817884,13,-0.83,-1.63
52267,"1513084#1",13875.7201762313,13692.0089798061,13.21,0.210000000000001,1.04
52268,"1513084#1",13862.2903515488,13692.0776019391,13.43,0.219999999999999,0.00999999999999801
52269,"1513084#1",13849.2105222973,13692.1444357067,13.09,-0.34,-0.559999999999999
52270,"1513084#1",13835.370702967,13692.2151527819,13.84,0.75,1.09
52271,"1513084#1",13821.9108786761,13692.2839282034,13.46,-0.379999999999999,-1.13
52272,"1513084#1",13808.5010537325,13692.3524481441,13.41,-0.0500000000000007,0.329999999999998
52273,"1513084#1",13794.8812315303,13692.422041104,13.62,0.209999999999999,0.26
52274,"1513084#1",13781.5914050202,13692.4899478908,13.29,-0.33,-0.539999999999999
52275,"1513084#1",13764.5456047104,13702.6266463223,13.36,0.0700000000000003,0.4
52276,"1513084#1",13758.7971650746,13714.9189342197,13.57,0.210000000000001,0.140000000000001
52277,"1513084#1",13753.6869575225,13727.3455060819,13.49,-0.0800000000000001,-0.290000000000001
52278,"1513084#1",13750.7542194593,13740.3488882363,13.33,-0.16,-0.0800000000000001
52279,"1513084#1",13748.4133092573,13750.7281820189,10.64,-2.69,-2.53
52280,"1513084#1",13747.5745032191,13757.8607996293,7.19,-3.45,-0.760000000000001
52281,"1513084#1",13747.2559934919,13761.1956236957,3.35,-3.84,-0.39
52282,"1513084#1",13747.1361958035,13762.4499157326,1.27,-2.08,1.76
52283,"1513084#1",13741.5435207289,13769.9843977658,3.32,2.05,4.13
52284,"1513084#1",13736.9533939614,13769.3780676102,4.63,1.31,-0.74
52285,"1513084#1",13730.2020411995,13768.4862515497,6.8,2.17,0.86
52286,"1513084#1",13721.591088334,13767.398501887,8.69,1.89,-0.28
52287,"1513084#1",13715.6811584317,13766.8015692687,5.93,-2.76,-4.65
52288,"1513084#1",13709.9702160683,13766.2247353918,5.74,-0.19,2.57
52289,"1513084#1",13704.2891218357,13765.6509163261,5.71,-0.0300000000000002,0.159999999999999
52290,"1513084#1",13697.397356998,13771.7298862586,7.05,1.34,1.37
52291,"1513084#1",13697.4726926824,13780.7895730377,9.06,2.01,0.670000000000001
52292,"1513084#1",13697.5589212749,13791.1592145276,10.38,1.32,-0.69
52293,"1513084#1",13697.6582878785,13803.108801394,11.94,1.56,0.239999999999998
52294,"1513084#1",13697.7727881407,13816.8783253397,13.78,1.84,0.280000000000001
52295,"1513084#1",13697.8982644628,13831.9678036505,15.09,1.31,-0.529999999999999
52296,"1513084#1",13698.0105196217,13845.4673369306,13.5,-1.59,-2.9
52297,"1513084#1",13691.5054311087,13866.0310115201,9.28,-4.22,-2.63
52298,"1513084#1",13687.9189344838,13870.9155739129,6.07,-3.21,1.01
52299,"1513084#1",13685.7254576329,13873.9076328626,3.71,-2.36,0.849999999999999
52300,"1513084#1",13657.6064101409,13902.2785245825,5.83,2.12,4.48
52301,"1513084#1",13655.4578147966,13903.8803791472,2.68,-3.15,-5.27
52302,"1513084#1",13643.3044128353,13909.580252485,4.68,2,5.15
52303,"1513084#1",13637.4462318352,13910.6215091155,5.95,1.27,-0.729999999999999
52304,"1513084#1",13630.189963941,13911.9112673284,7.37,1.42,0.149999999999999
52305,"1513084#1",13620.8168743409,13913.5772779371,9.52,2.15,0.73
52306,"1513084#1",13603.6050778273,13914.7847045188,11.25,1.73,-0.419999999999999
52307,"1513084#1",13590.5059256245,13914.9337399766,13.1,1.85,0.119999999999999
52308,"1513084#1",13577.6656219677,13915.564299551,12.86,-0.24,-2.09
52309,"1513084#1",13564.2752784395,13916.455983461,13.41,0.550000000000001,0.790000000000001
52310,"1513084#1",13551.2042277524,13917.3264051616,13.11,-0.300000000000001,-0.850000000000001
52311,"1513084#1",13538.153132868,13918.195497974,13.08,-0.0299999999999994,0.270000000000001
52312,"1513084#1",13524.3437174856,13919.1150885339,13.84,0.76,0.789999999999999
52313,"1513084#1",13511.5021585282,13919.9702280214,12.87,-0.970000000000001,-1.73
52314,"1513084#1",13498.7507971453,13921.6004172343,12.87,0,0.970000000000001
52315,"1513084#1",13485.6023165585,13923.7927580516,13.32,0.450000000000001,0.450000000000001
52316,"1513084#1",13465.5893737284,13926.6419045855,13.58,0.26,-0.190000000000001
52317,"1513084#1",13452.2929459649,13928.4588824971,13.42,-0.16,-0.42
52318,"1513084#1",13438.669556863,13930.3205401934,13.75,0.33,0.49
52319,"1513084#1",13425.8683100151,13933.2966304198,13.16,-0.59,-0.92
52320,"1513084#1",13413.0821821568,13936.655697908,13.22,0.0600000000000005,0.65
52321,"1513084#1",13408.4880741895,13937.8626245773,4.74,-8.48,-8.54
52322,"1513084#1",13405.8670146966,13938.5512080034,2.71,-2.03,6.45
52323,"1513084#1",13405.1416292281,13938.7417753723,0.75,-1.96,0.0700000000000003
