"V1","V2","V3","V4","V5","acceleration","jerk"
23603,1516611,13446.3150219381,13277.267097517,11.94,1.87,0
23604,1516611,13447.0221370624,13291.0589823846,13.81,1.87,0
23605,1516611,13447.7123551563,13304.5213001265,13.48,-0.33,-2.2
23606,1516611,13448.4051334063,13318.0335522813,13.52,0.0399999999999991,0.369999999999999
23607,1516611,13449.1071282184,13331.7255683229,13.71,0.190000000000001,0.150000000000002
23608,1516611,13449.7492153769,13344.2491191006,12.54,-1.17,-1.36
23609,1516611,13449.8332083638,13353.6656091634,9.42,-3.12,-1.95
23610,1516611,13449.7878872355,13360.3154547251,6.66,-2.76,0.359999999999999
23611,1516611,13449.7816973876,13363.55528259,3.24,-3.42,-0.66
23612,1516611,13455.1124452528,13370.7572519593,4.53,1.29,4.71
23613,1516611,13461.3916712917,13371.9947172529,6.4,1.87,0.58
23614,1516611,13469.3584393285,13373.5647513441,8.12,1.72,-0.150000000000001
23615,1516611,13479.3855784093,13375.5408287348,10.23,2.11,0.390000000000002
23616,1516611,13491.4534659528,13377.9190823458,12.3,2.07,-0.0400000000000009
23617,1516611,13505.120593878,13380.6125028988,13.92,1.62,-0.450000000000001
23618,1516611,13520.6813009056,13383.6790965794,15.87,1.95,0.33
23619,1516611,13534.5740885166,13386.4169885414,14.16,-1.71,-3.66
23620,1516611,13545.1899050385,13388.5090783033,10.82,-3.34,-1.63
23621,1516611,13553.2842198543,13390.1042484083,8.25,-2.57,0.77
23622,1516611,13559.2004281378,13391.2701727396,6.03,-2.22,0.350000000000001
23623,1516611,13561.28,13391.68,3.48,-2.55,-0.330000000000001
23624,1516611,13561.28,13391.68,0.75,-2.73,-0.18
23625,1516611,13568.2927192547,13393.1050306308,2.16,1.41,4.14
23626,1516611,13572.1167228926,13393.8711873881,3.9,1.74,0.33
23627,1516611,13577.4213022982,13394.9339843257,5.41,1.51,-0.23
23628,1516611,13584.560775408,13397.149324355,7.48,2.07,0.56
23629,1516611,13593.5513354399,13400.0600511219,9.45,1.97,-0.100000000000001
23630,1516611,13611.5529176051,13406.3887792675,10.64,1.19,-0.779999999999998
23631,1516611,13622.5049500688,13411.7675217052,12.24,1.6,0.409999999999998
23632,1516611,13634.9193313286,13419.0049271751,14.37,2.13,0.529999999999999
23633,1516611,13647.8261410726,13426.5294113589,14.94,0.57,-1.56
23634,1516611,13656.9317484824,13431.8378493306,10.54,-4.4,-4.97
23635,1516611,13663.5406570862,13435.6907478585,7.65,-2.89,1.51
23636,1516611,13667.5751150183,13438.0427787245,4.67,-2.98,-0.0900000000000016
23637,1516611,13669.4757161854,13439.1508018305,2.2,-2.47,0.510000000000001
23638,1516611,13670.1582047863,13439.548682855,0.79,-1.41,1.06
23639,1516611,13670.3223476144,13439.6443757596,0.19,-0.6,0.81
23640,1516611,13670.4000994803,13439.6897039775,0.09,-0.1,0.5
23641,1516611,13670.4605731538,13439.7249592582,0.07,-0.02,0.08
23642,1516611,13670.4605731538,13439.7249592582,0,-0.07,-0.05
23643,1516611,13670.4605731538,13439.7249592582,0,0,0.07
23644,1516611,13670.4605731538,13439.7249592582,0,0,0
23645,1516611,13670.4605731538,13439.7249592582,0,0,0
23646,1516611,13670.4605731538,13439.7249592582,0,0,0
23647,1516611,13670.4605731538,13439.7249592582,0,0,0
23648,1516611,13670.4605731538,13439.7249592582,0,0,0
23649,1516611,13670.4605731538,13439.7249592582,0,0,0
23650,1516611,13670.4605731538,13439.7249592582,0,0,0
23651,1516611,13670.4605731538,13439.7249592582,0,0,0
23652,1516611,13670.4605731538,13439.7249592582,0,0,0
23653,1516611,13670.4605731538,13439.7249592582,0,0,0
23654,1516611,13670.4605731538,13439.7249592582,0,0,0
23655,1516611,13670.4605731538,13439.7249592582,0,0,0
23656,1516611,13670.4605731538,13439.7249592582,0,0,0
23657,1516611,13670.4605731538,13439.7249592582,0,0,0
23658,1516611,13670.4605731538,13439.7249592582,0,0,0
23659,1516611,13670.5210468273,13439.7602145388,0.07,0.07,0.07
23660,1516611,13670.7024678478,13439.8659803808,0.21,0.14,0.07
23661,1516611,13671.3331218714,13440.2336425932,0.73,0.52,0.38
23662,1516611,13672.0242495686,13440.6365600863,0.8,0.0700000000000001,-0.45
23663,1516611,13672.9313546711,13441.165389296,1.05,0.25,0.18
23664,1516611,13674.8060385495,13442.2583029961,2.17,1.12,0.87
23665,1516611,13678.0543387261,13444.1520152137,3.76,1.59,0.47
23666,1516611,13682.771285259,13446.9019271042,5.46,1.7,0.11
23667,1516611,13688.7581789355,13450.3921998882,6.93,1.47,-0.23
23668,1516611,13695.0577374213,13455.0394879921,7.84,0.91,-0.56
23669,1516611,13702.1553670339,13460.8615197579,9.18,1.34,0.43
23670,1516611,13710.6137622368,13467.7997580495,10.95,1.77,0.43
23671,1516611,13724.7204288252,13479.6524227269,12.24,1.29,-0.479999999999999
23672,1516611,13758.4863061727,13516.5229129524,13.97,1.73,0.44
23673,1516611,13774.3034924058,13524.773755507,15.05,1.08,-0.65
23674,1516611,13784.1677378319,13533.9904068605,13.5,-1.55,-2.63
23675,1516611,13795.2246819828,13544.0237584477,14.94,1.44,2.99
23676,1516611,13808.3821705721,13554.0463376577,16.54,1.6,0.16
23677,1516611,13822.4067487965,13564.729413321,17.63,1.09,-0.51
23678,1516611,13837.5569854813,13576.2102672395,19.01,1.38,0.290000000000003
23679,1516611,13854.488077371,13587.6687907759,20.47,1.46,0.0799999999999947
23680,1516611,13874.2203367034,13596.4057434277,21.58,1.11,-0.349999999999998
23681,1516611,13898.8947567972,13580.6587199371,21.8,0.220000000000002,-0.889999999999997
23682,1516611,13897.4103879039,13558.9594308016,21.75,-0.0500000000000007,-0.270000000000003
23683,1516611,13895.9150995152,13537.1005147115,21.91,0.16,0.210000000000001
23684,1516611,13896.8361563918,13515.7365456658,21.44,-0.469999999999999,-0.629999999999999
23685,1516611,13898.5015745563,13497.3116607995,18.5,-2.94,-2.47
23686,1516611,13900.6128188996,13483.4259675771,14.06,-4.44,-1.5
23687,1516611,13902.5314731732,13473.1943076053,10.41,-3.65,0.789999999999999
23688,1516611,13904.0391188945,13465.1544441501,8.18,-2.23,1.42
23689,1516611,13901.4456356205,13453.3518940853,7.87,-0.31,1.92
23690,1516611,13900.3322826737,13445.2126772692,8.23,0.36,0.67
23691,1516611,13900.7154248323,13437.7179467517,7.52,-0.710000000000001,-1.07
23692,1516611,13902.5516351289,13430.3043091397,7.66,0.140000000000001,0.850000000000001
23693,1516611,13904.8651298777,13423.0635158508,7.65,-0.00999999999999979,-0.15
23694,1516611,13909.2126700298,13417.349384716,7.19,-0.46,-0.45
23695,1516611,13913.6994767884,13411.4522103832,7.41,0.22,0.68
23696,1516611,13916.7981114578,13404.3811268197,7.86,0.45,0.23
23697,1516611,13918.9130063614,13396.5206675744,8.15,0.29,-0.16
23698,1516611,13921.051284624,13388.5732990746,8.23,0.0800000000000001,-0.21
23699,1516611,13923.1694810465,13380.6206275943,8.23,0,-0.0800000000000001
23700,1516611,13924.9753311316,13373.6507706754,7.2,-1.03,-1.03
23701,1516611,13927.1901735658,13366.5840104415,7.42,0.22,1.25
23702,1516611,13930.1347840976,13359.2209832912,7.93,0.51,0.29
23703,1516611,13932.8640258893,13352.3964877609,7.35,-0.58,-1.09
23704,1516611,13935.9014677746,13344.8013349123,8.17,0.82,1.4
23705,1516611,13936.6819132519,13337.0011834662,7.85,-0.32,-1.14
23706,1516611,13937.4857198264,13328.9009677289,8.14,0.290000000000001,0.610000000000001
23707,1516611,13938.2668144215,13321.0296278662,7.9,-0.24,-0.530000000000001
23708,1516611,13938.989647852,13313.7454043777,7.33,-0.57,-0.33
23709,1516611,13939.79,13305.68,8.1,0.77,1.34
23710,1516611,13941.8646551367,13290.9163441311,8.17,0.0700000000000003,-0.699999999999999
23711,1516611,13943.3016113673,13281.1110773427,9.91,1.74,1.67
