"V1","V2","V3","V4","V5","acceleration","jerk"
54128,"1516507#1",14403.2038124636,13324.081098288,13.85,-0.629999999999999,0
54129,"1516507#1",14390.1644548326,13321.9031284602,13.22,-0.629999999999999,0
54130,"1516507#1",14377.31250098,13319.7564607707,13.03,-0.190000000000001,0.439999999999998
54131,"1516507#1",14364.1350563544,13317.5554262095,13.35,0.32,0.510000000000002
54132,"1516507#1",14350.789934664,13315.326384472,13.54,0.19,-0.130000000000001
54133,"1516507#1",14337.1785023411,13313.0528607486,13.8,0.260000000000002,0.0700000000000021
54134,"1516507#1",14324.5040889101,13310.9358477163,12.85,-0.950000000000001,-1.21
54135,"1516507#1",14311.0997870791,13308.696921093,13.59,0.74,1.69
54136,"1516507#1",14298.228106513,13306.5469584416,13.05,-0.539999999999999,-1.28
54137,"1516507#1",14285.0112084603,13304.3393339565,13.4,0.35,0.889999999999999
54138,"1516507#1",14271.380049424,13302.0625152712,13.82,0.42,0.0700000000000003
54139,"1516507#1",14258.0645178038,13299.8384159766,13.5,-0.32,-0.74
54140,"1516507#1",14245.3703776593,13297.7181079824,12.87,-0.630000000000001,-0.31
54141,"1516507#1",14229.5234737745,13294.9829189888,13.4,0.530000000000001,1.16
54142,"1516507#1",14216.7713820971,13292.6708294898,12.96,-0.44,-0.970000000000001
54143,"1516507#1",14203.2616429975,13290.2213704759,13.74,0.779999999999999,1.22
54144,"1516507#1",14190.0962890898,13287.8343521506,13.38,-0.359999999999999,-1.14
54145,"1516507#1",14177.0785288358,13285.4740941204,13.23,-0.15,0.209999999999999
54146,"1516507#1",14163.6081480439,13283.0317711852,13.69,0.459999999999999,0.609999999999999
54147,"1516507#1",14150.0393714828,13280.5716080532,13.79,0.0999999999999996,-0.359999999999999
54148,"1516507#1",14137.2971193823,13278.2613025739,12.94,-0.85,-0.949999999999999
54149,"1516507#1",14124.6852261417,13275.3661054317,12.95,0.00999999999999979,0.859999999999999
54180,"1516507#1",13732.7892421765,13276.7652011814,13.78,0.0267741935483871,0.000541103017689913
54181,"1516507#1",13722.3921018446,13284.4181119957,12.91,-0.869999999999999,-0.896774193548386
54182,"1516507#1",13711.7540098798,13292.2834727215,13.23,0.32,1.19
54183,"1516507#1",13695.2556021189,13302.9518424226,13.57,0.34,0.0199999999999996
54184,"1516507#1",13683.7904424786,13310.1735191269,13.55,-0.0199999999999996,-0.359999999999999
54185,"1516507#1",13672.5368171489,13317.2619545635,13.3,-0.25,-0.23
54186,"1516507#1",13661.020889274,13324.515609172,13.62,0.319999999999999,0.569999999999999
54187,"1516507#1",13649.4929950284,13332.1655644755,13.84,0.220000000000001,-0.0999999999999979
54188,"1516507#1",13638.7668203079,13339.7382836613,13.13,-0.709999999999999,-0.93
54189,"1516507#1",13627.9017689917,13347.4090502394,13.3,0.17,0.879999999999999
54190,"1516507#1",13617.3226400786,13354.8779545391,12.95,-0.350000000000001,-0.520000000000001
54191,"1516507#1",13606.7925264345,13362.3122538769,12.89,-0.0599999999999987,0.290000000000003
54192,"1516507#1",13585.5022603649,13379.2085492942,12.99,0.0999999999999996,0.159999999999998
54193,"1516507#1",13573.678245459,13386.6198395722,13.46,0.470000000000001,0.370000000000001
54194,"1516507#1",13554.812520352,13393.9352217884,13.5,0.0399999999999991,-0.430000000000001
54195,"1516507#1",13541.7749861307,13395.2129938454,13.09,-0.41,-0.449999999999999
54196,"1516507#1",13528.1502652537,13396.5483144149,13.7,0.609999999999999,1.02
54197,"1516507#1",13514.8838277599,13397.8485206377,13.32,-0.379999999999999,-0.989999999999998
54198,"1516507#1",13501.1794883532,13399.1916443953,13.78,0.459999999999999,0.839999999999998
54199,"1516507#1",13485.0382285337,13395.0446325318,13.04,-0.74,-1.2
54200,"1516507#1",13472.2890104433,13392.6617061618,12.96,-0.0799999999999983,0.660000000000002
54201,"1516507#1",13458.8713676574,13390.1538461039,13.66,0.699999999999999,0.779999999999998
54202,"1516507#1",13436.0280223513,13385.5703871896,13.82,0.16,-0.539999999999999
54203,"1516507#1",13423.4249108173,13382.8660056224,12.89,-0.93,-1.09
54204,"1516507#1",13410.5027819781,13380.7343167059,13.1,0.209999999999999,1.14
