"V1","V2","V3","V4","V5","acceleration","jerk"
43467,1517755,13417.726720806,13912.5062529269,13.55,-0.0899999999999999,0
43468,1517755,13430.7579934963,13909.136159149,13.46,-0.0899999999999999,0
43469,1517755,13440.7105554024,13906.5622688046,10.28,-3.18,-3.09
43470,1517755,13452.6622157533,13904.5559629561,12.12,1.84,5.02
43471,1517755,13466.6441385979,13902.5300700766,13.56,1.44,-0.399999999999999
43472,1517755,13486.3511692117,13899.4012191153,13.84,0.279999999999999,-1.16
43473,1517755,13499.487808848,13897.2600047252,13.31,-0.529999999999999,-0.809999999999999
43474,1517755,13512.5482897568,13895.398082273,13.2,-0.110000000000001,0.419999999999998
43475,1517755,13525.8900102683,13894.2620392303,13.39,0.190000000000001,0.300000000000002
43476,1517755,13538.3050840227,13893.2048998493,12.46,-0.93,-1.12
43477,1517755,13550.6267194533,13892.3935027512,12.35,-0.110000000000001,0.819999999999999
43478,1517755,13563.2190492627,13892.0634782844,12.6,0.25,0.360000000000001
43479,1517755,13575.9788709931,13891.996028978,12.76,0.16,-0.0899999999999999
43480,1517755,13588.9599668773,13891.9243027107,12.72,-0.0399999999999991,-0.199999999999999
43481,1517755,13611.6213435663,13891.2210996053,13.09,0.369999999999999,0.409999999999998
43482,1517755,13625.0087121701,13890.6578543501,13.4,0.31,-0.0599999999999987
43483,1517755,13636.2506861972,13888.3322533579,11.48,-1.92,-2.23
43484,1517755,13644.345118657,13886.0929785645,8.4,-3.08,-1.16
43485,1517755,13654.3770322849,13881.9567750317,6.05,-2.35,0.73
43486,1517755,13659.6482405866,13877.6149060653,6.89,0.84,3.19
43487,1517755,13662.2700610052,13873.8823592689,4.59,-2.3,-3.14
43488,1517755,13663.0455140603,13871.8985315144,2.13,-2.46,-0.16
43489,1517755,13663.4860296456,13870.77156833,1.2,-0.93,1.53
43490,1517755,13663.5515608897,13870.6039209141,0.18,-1.02,-0.0900000000000001
43491,1517755,13668.2477663517,13859.703237962,5.44,5.26,6.28
43492,1517755,13668.8067167065,13852.5249669653,7.2,1.76,-3.5
43493,1517755,13669.531023208,13843.2231241322,9.33,2.13,0.37
43494,1517755,13670.3570276213,13832.6152347706,10.65,1.32,-0.81
43495,1517755,13671.3157827438,13820.3025060472,12.35,1.7,0.379999999999999
43496,1517755,13669.1398584261,13805.735787297,14.36,2.01,0.31
43497,1517755,13669.9088461995,13787.0130404083,15.65,1.29,-0.719999999999999
43498,1517755,13670.3180205003,13769.597846571,17.42,1.77,0.48
43499,1517755,13671.2438809087,13750.3458429248,13.19,-4.23,-6
43500,1517755,13675.9603345396,13725.3165879277,12.92,-0.27,3.96
43501,1517755,13677.4344116779,13715.4056093388,10.02,-2.9,-2.63
43502,1517755,13678.5215803458,13708.0960153495,7.39,-2.63,0.27
43503,1517755,13679.2906562424,13704.6093666451,3.6,-3.79,-1.16
43504,1517755,13679.8860743157,13703.3866331017,1.37,-2.23,1.56
43505,1517755,13680.1750272042,13702.7932477057,0.66,-0.71,1.52
43506,1517755,13680.4026870557,13702.3257319391,0.52,-0.14,0.57
43507,1517755,13680.4464677964,13702.2358250609,0.1,-0.42,-0.28
43508,1517755,13680.4596020186,13702.2088529975,0.03,-0.07,0.35
43509,1517755,13680.4596020186,13702.2088529975,0,-0.03,0.04
43510,1517755,13680.4596020186,13702.2088529975,0,0,0.03
43511,1517755,13680.4596020186,13702.2088529975,0,0,0
43512,1517755,13680.4596020186,13702.2088529975,0,0,0
43513,1517755,13680.4596020186,13702.2088529975,0,0,0
43514,1517755,13680.4596020186,13702.2088529975,0,0,0
43515,1517755,13680.4596020186,13702.2088529975,0,0,0
43516,1517755,13680.4596020186,13702.2088529975,0,0,0
43517,1517755,13680.4596020186,13702.2088529975,0,0,0
43518,1517755,13680.4596020186,13702.2088529975,0,0,0
43519,1517755,13680.4596020186,13702.2088529975,0,0,0
43520,1517755,13680.4596020186,13702.2088529975,0,0,0
43521,1517755,13680.4596020186,13702.2088529975,0,0,0
43522,1517755,13680.4596020186,13702.2088529975,0,0,0
43523,1517755,13680.4596020186,13702.2088529975,0,0,0
43524,1517755,13680.4596020186,13702.2088529975,0,0,0
43525,1517755,13680.4596020186,13702.2088529975,0,0,0
43526,1517755,13680.4596020186,13702.2088529975,0,0,0
43527,1517755,13680.4596020186,13702.2088529975,0,0,0
43528,1517755,13680.4596020186,13702.2088529975,0,0,0
43529,1517755,13680.4596020186,13702.2088529975,0,0,0
43530,1517755,13680.4596020186,13702.2088529975,0,0,0
43531,1517755,13680.4596020186,13702.2088529975,0,0,0
43532,1517755,13680.4596020186,13702.2088529975,0,0,0
43533,1517755,13680.4596020186,13702.2088529975,0,0,0
43534,1517755,13680.4596020186,13702.2088529975,0,0,0
43535,1517755,13680.4596020186,13702.2088529975,0,0,0
43536,1517755,13680.4596020186,13702.2088529975,0,0,0
43537,1517755,13680.4596020186,13702.2088529975,0,0,0
43538,1517755,13680.4596020186,13702.2088529975,0,0,0
43539,1517755,13680.4596020186,13702.2088529975,0,0,0
43540,1517755,13680.4596020186,13702.2088529975,0,0,0
43541,1517755,13680.4596020186,13702.2088529975,0,0,0
43542,1517755,13680.4596020186,13702.2088529975,0,0,0
43543,1517755,13680.4596020186,13702.2088529975,0,0,0
43544,1517755,13680.4596020186,13702.2088529975,0,0,0
43545,1517755,13680.4596020186,13702.2088529975,0,0,0
43546,1517755,13680.4596020186,13702.2088529975,0,0,0
43547,1517755,13680.4596020186,13702.2088529975,0,0,0
43548,1517755,13680.4596020186,13702.2088529975,0,0,0
43549,1517755,13680.4596020186,13702.2088529975,0,0,0
43550,1517755,13680.4596020186,13702.2088529975,0,0,0
43551,1517755,13680.4596020186,13702.2088529975,0,0,0
43552,1517755,13680.4596020186,13702.2088529975,0,0,0
43553,1517755,13680.4596020186,13702.2088529975,0,0,0
43554,1517755,13680.4596020186,13702.2088529975,0,0,0
43555,1517755,13680.4596020186,13702.2088529975,0,0,0
43556,1517755,13680.4596020186,13702.2088529975,0,0,0
43557,1517755,13680.4596020186,13702.2088529975,0,0,0
43558,1517755,13680.4596020186,13702.2088529975,0,0,0
43559,1517755,13680.4596020186,13702.2088529975,0,0,0
43560,1517755,13680.4596020186,13702.2088529975,0,0,0
43561,1517755,13681.0856666104,13700.9231846394,1.43,1.43,1.43
43562,1517755,13682.3290396457,13698.3698292989,2.85,1.42,-0.00999999999999979
43563,1517755,13699.1014044021,13681.2837854541,4.62,1.77,0.35
43564,1517755,13705.511229325,13682.0025652937,6.46,1.84,0.0699999999999998
43565,1517755,13713.2825209369,13682.8740162001,7.81,1.35,-0.49
43566,1517755,13722.5742826469,13683.9159683707,9.35,1.54,0.19
43567,1517755,13733.3865144548,13685.1284218056,10.88,1.53,-0.0099999999999989
43568,1517755,13746.0968494569,13686.5537232241,12.8,1.92,0.389999999999999
43569,1517755,13759.7711426258,13688.0871202153,13.76,0.959999999999999,-0.960000000000001
43570,1517755,13782.5799100726,13689.184797852,13.11,-0.65,-1.61
43571,1517755,13795.9997349165,13689.1162328554,13.42,0.31,0.960000000000001
43572,1517755,13809.5495580637,13689.0470036674,13.55,0.130000000000001,-0.18
43573,1517755,13822.7393859095,13688.9796137788,13.18,-0.370000000000001,-0.500000000000002
43574,1517755,13834.1392371182,13688.9213692959,11.4,-1.78,-1.41
43575,1517755,13842.0691336169,13688.8808536161,7.94,-3.46,-1.68
43576,1517755,13847.639060918,13688.8523955661,5.56,-2.38,1.08
43577,1517755,13851.5090104073,13688.8326230969,3.88,-1.68,0.700000000000001
43578,1517755,13854.4989713822,13688.8173466931,2.99,-0.89,0.79
43579,1517755,13856.0889506297,13688.8092231205,1.59,-1.4,-0.51
43580,1517755,13858.0089255701,13688.7994135233,1.92,0.33,1.73
43581,1517755,13859.5389056007,13688.7915965006,1.53,-0.39,-0.72
43582,1517755,13861.2988826294,13688.7826043699,1.76,0.23,0.62
43583,1517755,13863.0588596582,13688.7736122392,1.76,0,-0.23
43584,1517755,13864.5588400804,13688.7659484915,1.5,-0.26,-0.26
43585,1517755,13865.8888227214,13688.7591533018,1.33,-0.17,0.0900000000000001
43586,1517755,13867.8587970092,13688.7490882464,1.97,0.64,0.81
43587,1517755,13868.8387842184,13688.7440812646,0.98,-0.99,-1.63
43588,1517755,13869.7187727327,13688.7395851992,0.89,-0.09,0.9
43589,1517755,13869.9787693392,13688.7382568163,0.26,-0.63,-0.54
43590,1517755,13870.1987664678,13688.7371327999,0.22,-0.04,0.59
43591,1517755,13870.2987651626,13688.7366218834,0.1,-0.12,-0.08
43592,1517755,13870.3087650321,13688.7365707918,0.01,-0.09,0.03
43593,1517755,13870.3087650321,13688.7365707918,0,-0.01,0.08
43594,1517755,13870.3087650321,13688.7365707918,0,0,0.01
43595,1517755,13870.3087650321,13688.7365707918,0,0,0
43596,1517755,13870.3087650321,13688.7365707918,0,0,0
43597,1517755,13870.3087650321,13688.7365707918,0,0,0
43598,1517755,13870.3087650321,13688.7365707918,0,0,0
43599,1517755,13870.3087650321,13688.7365707918,0,0,0
43600,1517755,13870.3087650321,13688.7365707918,0,0,0
43601,1517755,13870.3087650321,13688.7365707918,0,0,0
43602,1517755,13870.3087650321,13688.7365707918,0,0,0
43603,1517755,13870.3087650321,13688.7365707918,0,0,0
43604,1517755,13870.3087650321,13688.7365707918,0,0,0
43605,1517755,13870.3087650321,13688.7365707918,0,0,0
43606,1517755,13870.3087650321,13688.7365707918,0,0,0
43607,1517755,13870.3087650321,13688.7365707918,0,0,0
43608,1517755,13870.3187649016,13688.7365197001,0.01,0.01,0.01
43609,1517755,13870.4687629438,13688.7357533253,0.15,0.14,0.13
43610,1517755,13870.618760986,13688.7349869506,0.15,0,-0.14
43611,1517755,13871.0987547211,13688.7325345513,0.47,0.32,0.32
43612,1517755,13872.1187414082,13688.7273232028,1.02,0.55,0.23
43613,1517755,13873.9087180454,13688.7181777972,1.79,0.77,0.22
43614,1517755,13875.1487018611,13688.7118424324,1.25,-0.54,-1.31
43615,1517755,13876.51868398,13688.7048428761,1.37,0.12,0.66
43616,1517755,13879.6086436497,13688.6890555557,3.1,1.73,1.61
43617,1517755,13884.3885812618,13688.6646337462,4.77,1.67,-0.0600000000000005
43618,1517755,13892.2503493064,13685.0901135961,5.23,0.460000000000001,-1.21
43619,1517755,13892.1331286863,13680.1114933729,4.98,-0.25,-0.710000000000001
43620,1517755,13891.9935467031,13674.1831363603,5.92,0.94,1.19
43621,1517755,13891.8843290972,13669.5444219355,4.65,-1.27,-2.21
43622,1517755,13891.7993559169,13665.9354221352,3.61,-1.04,0.229999999999999
43623,1517755,13891.7101458466,13662.1464722063,3.79,0.18,1.22
43624,1517755,13891.5853929779,13656.8479406435,5.3,1.51,1.33
43625,1517755,13891.6577414524,13636.8502178081,5.19,-0.109999999999999,-1.62
43626,1517755,13891.727107241,13630.8406181219,6.01,0.819999999999999,0.929999999999999
43627,1517755,13892.6411733788,13625.8473708608,5.08,-0.93,-1.75
