"V1","V2","V3","V4","V5","acceleration","jerk"
10544,1519112,13490.2761040274,13280.909066867,13.36,0.48,0
10545,1519112,13499.776286759,13290.9734659085,13.84,0.48,0
10546,1519112,13508.6861402168,13300.4124759922,12.98,-0.859999999999999,-1.34
10547,1519112,13518.1588657729,13310.4477871752,13.8,0.82,1.68
10548,1519112,13527.0206691736,13319.8358935065,12.91,-0.890000000000001,-1.71
10549,1519112,13536.3767017336,13329.7475812908,13.64,0.73,1.62
10550,1519112,13545.485619714,13339.3974783487,13.27,-0.370000000000001,-1.1
10551,1519112,13553.3726933835,13347.7529657032,11.49,-1.78,-1.41
10552,1519112,13558.5003209128,13353.1851232784,7.47,-4.02,-2.24
10553,1519112,13561.08643527,13356.7627141916,4.48,-2.99,1.03
10554,1519112,13569.0076024836,13361.2246875187,6.59,2.11,5.1
10555,1519112,13576.2059984494,13356.0935379867,8.84,2.25,0.140000000000001
10556,1519112,13585.0737056968,13349.7724725565,10.89,2.05,-0.199999999999999
10557,1519112,13595.374577752,13342.4298207941,12.65,1.76,-0.290000000000001
10558,1519112,13606.2047436281,13334.709878625,13.3,0.65,-1.11
10559,1519112,13617.3932007062,13326.7345398728,13.75,0.449999999999999,-0.200000000000001
10560,1519112,13628.6223726936,13318.7301787816,13.79,0.0399999999999991,-0.41
10561,1519112,13639.5665403158,13310.9289740633,13.44,-0.35,-0.389999999999999
10562,1519112,13650.6579117647,13303.2156895212,13.5,0.0600000000000005,0.41
10563,1519112,13661.815372351,13295.5095443587,13.57,0.0700000000000003,0.00999999999999979
10564,1519112,13672.5367375014,13288.1045980852,13.03,-0.540000000000001,-0.610000000000001
10565,1519112,13683.7847084611,13280.3359399457,13.67,0.640000000000001,1.18
10607,1519112,14210.9303308742,13275.8527714691,12.86,-0.0192857142857143,-0.0156972789115646
10608,1519112,14225.2794472246,13278.3674143089,13.35,0.49,0.509285714285715
10609,1519112,14238.2346200783,13280.3099632351,13.1,-0.25,-0.74
10610,1519112,14251.6348179537,13282.3192409412,13.55,0.450000000000001,0.700000000000001
10611,1519112,14264.9262319349,13284.3122071678,13.44,-0.110000000000001,-0.560000000000002
10612,1519112,14277.8616258988,13286.2517903705,13.08,-0.359999999999999,-0.249999999999998
10613,1519112,14291.4299443379,13288.2862767268,13.72,0.640000000000001,1
10614,1519112,14304.2169966279,13290.2036170028,12.93,-0.790000000000001,-1.43
10615,1519112,14317.5713749291,13292.3061270539,13.52,0.59,1.38
10616,1519112,14330.6197609351,13294.6656233216,13.26,-0.26,-0.85
10617,1519112,14344.0617634119,13297.0962959473,13.66,0.4,0.66
10618,1519112,14357.3758405357,13299.5038362567,13.53,-0.130000000000001,-0.530000000000001
10619,1519112,14370.1880566593,13301.8206267096,13.02,-0.51,-0.379999999999999
10620,1519112,14383.6595803714,13304.2566375621,13.69,0.67,1.18
10621,1519112,14396.8654129658,13306.644604373,13.42,-0.27,-0.94
