"V1","V2","V3","V4","V5","acceleration","jerk"
30992,1519816,13486.9606500828,13277.3967079529,13.88,-0.970000000000001,0
30993,1519816,13495.8224534835,13286.7848142842,12.91,-0.970000000000001,0
30994,1519816,13504.9313714638,13296.4347113421,13.27,0.359999999999999,1.33
30995,1519816,13514.108932383,13306.1573280462,13.37,0.0999999999999996,-0.26
30996,1519816,13523.2933575961,13315.8872167149,13.38,0.0100000000000016,-0.0899999999999981
30997,1519816,13532.8004046215,13325.958887721,13.84,0.459999999999999,0.449999999999998
30998,1519816,13541.7994938998,13335.4924333449,13.12,-0.720000000000001,-1.18
30999,1519816,13550.4965542473,13344.7060125252,12.67,-0.449999999999999,0.270000000000001
31000,1519816,13556.9627190834,13351.5562032023,9.42,-3.25,-2.8
31001,1519816,13560.8207097357,13356.1367829331,6.04,-3.38,-0.13
31002,1519816,13562.0750905667,13359.0915466683,3.21,-2.83,0.55
31003,1519816,13570.1476199442,13360.4120620272,5.46,2.25,5.08
31004,1519816,13576.344429141,13355.9948620342,7.6,2.14,-0.11
31005,1519816,13584.2024066376,13350.3935506107,9.65,2.05,-0.089999999999999
31006,1519816,13593.2736884316,13343.9273734856,11.14,1.49,-0.56
31007,1519816,13603.4931306682,13336.6427664011,12.55,1.41,-0.0800000000000001
31008,1519816,13614.5675860002,13328.7486901981,13.6,1.05,-0.360000000000001
31009,1519816,13625.2674641665,13321.1216195137,13.14,-0.459999999999999,-1.51
31010,1519816,13636.195345825,13313.332023731,13.42,0.279999999999999,0.739999999999998
31011,1519816,13647.4324511823,13305.4434247009,13.73,0.31,0.0300000000000011
31012,1519816,13658.7627042997,13297.6179365823,13.77,0.0399999999999991,-0.270000000000001
31013,1519816,13669.8049698652,13289.9913533905,13.42,-0.35,-0.389999999999999
31014,1519816,13680.5510196629,13282.5693581234,13.06,-0.359999999999999,-0.00999999999999979
31015,1519816,13691.1489615767,13275.2496568186,12.88,-0.18,0.18
31056,1519816,14213.3192536942,13276.239356208,13.6,0.0175609756097561,0.00481856038072575
31057,1519816,14227.3166728795,13278.6728838347,12.99,-0.609999999999999,-0.627560975609756
31058,1519816,14240.3212929578,13280.6228470698,13.15,0.16,0.77
31059,1519816,14253.7808275028,13282.6410219465,13.61,0.459999999999999,0.299999999999999
31060,1519816,14266.6964425768,13284.5776394257,13.06,-0.549999999999999,-1.01
31061,1519816,14279.7307309899,13286.5320512461,13.19,0.129999999999999,0.679999999999998
31062,1519816,14293.170486645,13288.5472603993,13.59,0.4,0.270000000000001
31063,1519816,14306.7981417537,13290.5906439263,13.78,0.19,-0.210000000000001
31064,1519816,14319.5000956358,13292.6548912081,12.87,-0.91,-1.1
31065,1519816,14332.3221521712,13294.9734610699,13.04,0.17,1.08
31066,1519816,14345.3902190008,13297.3365161555,13.28,0.24,0.0700000000000003
31067,1519816,14358.90110436,13299.7796446439,13.73,0.450000000000001,0.210000000000001
31068,1519816,14372.2250218955,13302.1889643622,13.54,-0.190000000000001,-0.640000000000002
31069,1519816,14385.8343113724,13304.6498869401,13.83,0.290000000000001,0.480000000000002
31070,1519816,14399.0795056139,13307.0449713868,13.46,-0.369999999999999,-0.66
