"V1","V2","V3","V4","V5","acceleration","jerk"
45407,1520371,13456.47,13903.93,0,2,0
45408,1520371,13458.451331762,13903.6573748932,2,2,0
45409,1520371,13461.7997824398,13903.1966384627,3.37,1.37,-0.63
45410,1520371,13466.5054453746,13902.5491538341,4.75,1.38,0.00999999999999979
45411,1520371,13478.6034140542,13900.6640690749,6.13,1.38,0
45412,1520371,13486.0155976507,13899.4559158014,7.51,1.38,0
45413,1520371,13495.0858995484,13897.9774965494,9.19,1.68,0.3
45414,1520371,13505.3405716612,13896.3060301698,10.39,1.2,-0.479999999999999
45415,1520371,13517.1416677671,13895.0069576705,11.88,1.49,0.289999999999999
45416,1520371,13530.4036767296,13893.8777020396,13.32,1.44,-0.0500000000000007
45417,1520371,13544.0954232006,13892.7307997408,13.74,0.42,-1.02
45418,1520371,13558.3602343537,13895.3900143755,13.74,0,-0.42
45419,1520371,13571.9500427046,13895.3178410728,13.6,-0.140000000000001,-0.140000000000001
45420,1520371,13584.8798603629,13895.2491728753,12.93,-0.67,-0.529999999999999
45421,1520371,13607.9547068383,13894.671188467,13.64,0.710000000000001,1.38
45422,1520371,13621.4534097428,13894.1188118775,13.51,-0.130000000000001,-0.840000000000002
45423,1520371,13634.3796155645,13892.0778088586,13.11,-0.4,-0.27
45424,1520371,13644.4657360432,13889.4853822168,10.42,-2.69,-2.29
45425,1520371,13655.4674425583,13886.5924393984,6.03,-4.39,-1.7
45426,1520371,13659.3799048354,13886.835418678,3.92,-2.11,2.28
45427,1520371,13660.5276935136,13886.9067008646,1.14,-2.78,-0.67
45428,1520371,13661.2962128895,13886.9544289374,0.78,-0.36,2.42
45429,1520371,13661.7553283608,13886.982941812,0.45,-0.33,0.0299999999999999
45430,1520371,13661.9848860964,13886.9971982493,0.24,-0.21,0.12
45431,1520371,13662.0248091809,13886.9996776297,0.04,-0.2,0.01
45432,1520371,13662.0248091809,13886.9996776297,0,-0.04,0.16
45433,1520371,13662.0248091809,13886.9996776297,0,0,0.04
45434,1520371,13662.0248091809,13886.9996776297,0,0,0
45435,1520371,13662.0248091809,13886.9996776297,0,0,0
45436,1520371,13662.0248091809,13886.9996776297,0,0,0
45437,1520371,13662.0248091809,13886.9996776297,0,0,0
45438,1520371,13662.0248091809,13886.9996776297,0,0,0
45439,1520371,13662.0248091809,13886.9996776297,0,0,0
45440,1520371,13662.0248091809,13886.9996776297,0,0,0
45441,1520371,13662.0248091809,13886.9996776297,0,0,0
45442,1520371,13662.0248091809,13886.9996776297,0,0,0
45443,1520371,13662.0248091809,13886.9996776297,0,0,0
45444,1520371,13662.0248091809,13886.9996776297,0,0,0
45445,1520371,13662.0248091809,13886.9996776297,0,0,0
45446,1520371,13662.0248091809,13886.9996776297,0,0,0
45447,1520371,13689.5789686647,13877.3635600038,2.39,2.39,2.39
45448,1520371,13693.318694452,13875.2009571656,4.32,1.93,-0.46
45449,1520371,13698.7897747704,13872.0371493096,6.32,2,0.0699999999999998
45450,1520371,13702.6680089201,13869.7944500699,4.48,-1.84,-3.84
45451,1520371,13717.3536018522,13864.2737001424,6.16,1.68,3.52
45452,1520371,13725.0684551552,13863.0066697238,7.82,1.66,-0.0199999999999996
45453,1520371,13734.5070473889,13861.2536789521,9.6,1.78,0.119999999999999
45454,1520371,13745.8535275575,13859.1495209305,11.54,1.94,0.16
45455,1520371,13758.3967808573,13857.3618697737,12.67,1.13,-0.809999999999999
45456,1520371,13771.8041811432,13855.7452178732,13.51,0.84,-0.290000000000001
45457,1520371,13785.2584300652,13854.6347288162,13.49,-0.0199999999999996,-0.859999999999999
45458,1520371,13799.0741607058,13853.5279644893,13.87,0.379999999999999,0.399999999999999
45459,1520371,13811.9235726154,13852.5058521783,12.89,-0.979999999999999,-1.36
45460,1520371,13825.386158971,13852.2795875094,13.48,0.59,1.57
45461,1520371,13838.5835239792,13852.5433238205,13.2,-0.280000000000001,-0.870000000000001
45462,1520371,13851.4409999405,13854.0737314822,12.97,-0.229999999999999,0.0500000000000025
45463,1520371,13864.784236355,13856.1250827411,13.5,0.529999999999999,0.759999999999998
45464,1520371,13878.2680089058,13857.8807968844,13.6,0.0999999999999996,-0.43
45465,1520371,13891.8589637314,13859.4391122983,13.68,0.0800000000000001,-0.0199999999999996
45466,1520371,13904.7183128702,13862.223152653,13.16,-0.52,-0.6
45467,1520371,13918.2332585809,13864.7402593181,13.75,0.59,1.11
45468,1520371,13931.5474304386,13867.0165943196,13.51,-0.24,-0.83
45469,1520371,13944.7323995445,13867.6463479831,13.2,-0.31,-0.0700000000000003
45470,1520371,13958.3856456925,13866.7231328398,13.71,0.510000000000002,0.820000000000002
45471,1520371,13977.9852902305,13864.9971800268,13.43,-0.280000000000001,-0.790000000000003
45472,1520371,13991.0442735657,13866.7946127157,13.26,-0.17,0.110000000000001
45473,1520371,14004.5891998021,13869.3201006319,13.78,0.52,0.69
45474,1520371,14016.5134591877,13871.3151289786,12.09,-1.69,-2.21
45475,1520371,14025.21254668,13872.7705590875,8.82,-3.27,-1.58
45476,1520371,14028.9362654901,13875.387925195,5.01,-3.81,-0.540000000000001
45477,1520371,14030.4379991133,13877.8804933736,2.91,-2.1,1.71
45478,1520371,14030.8663286347,13878.5914320637,0.83,-2.08,0.0199999999999996
45479,1520371,14031.1811250299,13879.1139291733,0.61,-0.22,1.86
45480,1520371,14031.366906509,13879.4222881233,0.37,-0.24,-0.02
45481,1520371,14031.4133518788,13879.4993778607,0.09,-0.28,-0.04
45482,1520371,14031.4339942654,13879.5336399663,0.04,-0.05,0.23
45483,1520371,14031.4494760553,13879.5593365454,0.03,-0.01,0.04
45484,1520371,14031.4494760553,13879.5593365454,0,-0.03,-0.02
45485,1520371,14031.4494760553,13879.5593365454,0,0,0.03
45486,1520371,14031.4494760553,13879.5593365454,0,0,0
45487,1520371,14031.4494760553,13879.5593365454,0,0,0
45488,1520371,14031.4494760553,13879.5593365454,0,0,0
45489,1520371,14031.4494760553,13879.5593365454,0,0,0
45490,1520371,14031.4494760553,13879.5593365454,0,0,0
45491,1520371,14031.4494760553,13879.5593365454,0,0,0
45492,1520371,14031.4494760553,13879.5593365454,0,0,0
45493,1520371,14031.4494760553,13879.5593365454,0,0,0
45494,1520371,14031.4494760553,13879.5593365454,0,0,0
45495,1520371,14031.4494760553,13879.5593365454,0,0,0
45496,1520371,14031.4494760553,13879.5593365454,0,0,0
45497,1520371,14031.4494760553,13879.5593365454,0,0,0
45498,1520371,14031.4494760553,13879.5593365454,0,0,0
45499,1520371,14031.4494760553,13879.5593365454,0,0,0
45500,1520371,14031.4494760553,13879.5593365454,0,0,0
45501,1520371,14031.4494760553,13879.5593365454,0,0,0
45502,1520371,14031.4494760553,13879.5593365454,0,0,0
45503,1520371,14031.4494760553,13879.5593365454,0,0,0
45504,1520371,14031.4494760553,13879.5593365454,0,0,0
45505,1520371,14031.4494760553,13879.5593365454,0,0,0
45506,1520371,14031.4494760553,13879.5593365454,0,0,0
45507,1520371,14031.4494760553,13879.5593365454,0,0,0
45508,1520371,14031.4494760553,13879.5593365454,0,0,0
45509,1520371,14031.4494760553,13879.5593365454,0,0,0
45510,1520371,14031.4494760553,13879.5593365454,0,0,0
45511,1520371,14031.4494760553,13879.5593365454,0,0,0
45512,1520371,14031.4494760553,13879.5593365454,0,0,0
45513,1520371,14031.4494760553,13879.5593365454,0,0,0
45514,1520371,14031.4494760553,13879.5593365454,0,0,0
45515,1520371,14031.4494760553,13879.5593365454,0,0,0
45516,1520371,14031.4494760553,13879.5593365454,0,0,0
45517,1520371,14031.4494760553,13879.5593365454,0,0,0
45518,1520371,14031.4494760553,13879.5593365454,0,0,0
45519,1520371,14031.4494760553,13879.5593365454,0,0,0
45520,1520371,14041.025254768,13883.8587968478,2.23,2.23,2.23
45521,1520371,14044.5445229826,13882.4253564989,3.8,1.57,-0.66
45522,1520371,14050.0920010365,13880.1658018435,5.99,2.19,0.620000000000001
45523,1520371,14059.0072214354,13880.1635210046,8.27,2.28,0.089999999999999
45524,1520371,14069.2973885406,13881.1774544083,10.34,2.07,-0.209999999999999
45525,1520371,14081.1897963652,13882.3492633226,11.95,1.61,-0.460000000000001
45526,1520371,14094.9008077632,13883.3005545844,13.75,1.8,0.190000000000001
45527,1520371,14108.5605589994,13883.9369602856,13.68,-0.0700000000000003,-1.87
45528,1520371,14122.059956209,13884.8464518893,13.54,-0.140000000000001,-0.0700000000000003
45529,1520371,14135.1032505937,13885.6610294542,13.07,-0.469999999999999,-0.329999999999998
45530,1520371,14151.2474250319,13885.6943596661,13.42,0.35,0.819999999999999
45531,1520371,14167.9989812499,13884.2444194605,15.3,1.88,1.53
45532,1520371,14182.6695435979,13876.2460955679,16.87,1.57,-0.31
45533,1520371,14205.2998307232,13881.3104625823,18.07,1.2,-0.370000000000001
45534,1520371,14210.1735581324,13894.459191842,14.03,-4.04,-5.24
45535,1520371,14228.5483441211,13919.8619802411,13.34,-0.69,3.35
45536,1520371,14239.7072681233,13927.0617590651,13.28,-0.0600000000000005,0.629999999999999
45537,1520371,14250.3721346005,13934.667545639,13.1,-0.18,-0.119999999999999
45538,1520371,14261.7689321687,13942.4660832291,13.81,0.710000000000001,0.890000000000001
45539,1520371,14272.9119662084,13949.3468316612,13.09,-0.720000000000001,-1.43
45540,1520371,14284.4508852044,13955.6251268883,13.15,0.0600000000000005,0.780000000000001
45541,1520371,14296.559258757,13961.1943716585,13.35,0.199999999999999,0.139999999999999
45542,1520371,14308.8408867631,13965.3636058232,12.97,-0.379999999999999,-0.579999999999998
45543,1520371,14321.6284060076,13969.2796324098,13.39,0.42,0.799999999999999
45544,1520371,14334.4818196819,13972.1036998519,13.16,-0.23,-0.65
45545,1520371,14347.5869062624,13974.5604711339,13.33,0.17,0.4
45546,1520371,14360.8298480444,13976.6060744581,13.4,0.0700000000000003,-0.0999999999999996
45547,1520371,14373.9852641645,13977.4042221867,13.18,-0.220000000000001,-0.290000000000001
45548,1520371,14387.7904178221,13978.2328550908,13.83,0.65,0.870000000000001
45549,1520371,14400.667242275,13979.0057664765,12.9,-0.93,-1.58
