"V1","V2","V3","V4","V5","acceleration","jerk"
23553,1521974,14401.0048332643,13995.8667230016,13.47,-0.270000000000001,0
23554,1521974,14387.8413351872,13994.8857447278,13.2,-0.270000000000001,0
23555,1521974,14374.196354825,13993.9081381897,13.68,0.48,0.750000000000002
23556,1521974,14361.1976210819,13993.0060178669,13.03,-0.65,-1.13
23557,1521974,14347.87,13991.74,13.59,0.56,1.21
23558,1521974,14323.4367035772,13988.805687111,13.8,0.210000000000001,-0.35
23559,1521974,14310.2083567827,13987.0177771106,13.35,-0.450000000000001,-0.660000000000002
23560,1521974,14297.3985503191,13984.5627371141,13.05,-0.299999999999999,0.150000000000002
23561,1521974,14284.2858151594,13982.062527554,13.34,0.289999999999999,0.589999999999998
23562,1521974,14271.3873455982,13977.3868584184,13.77,0.43,0.140000000000001
23563,1521974,14258.6497717979,13972.8116293652,13.53,-0.24,-0.67
23564,1521974,14246.4549149254,13968.729342523,12.86,-0.67,-0.43
23565,1521974,14228.3506817262,13962.7009159386,13.76,0.9,1.57
23566,1521974,14215.8105278227,13958.6118280115,13.19,-0.57,-1.47
23567,1521974,14206.8546332229,13955.6914937983,9.42,-3.77,-3.2
23568,1521974,14196.7748451345,13954.7482071262,6.21,-3.21,0.56
23569,1521974,14193.7266135572,13955.0163195112,3.06,-3.15,0.0600000000000001
23570,1521974,14191.9529511867,13955.6125691981,1.89,-1.17,1.98
23571,1521974,14188.7609017292,13960.8698668753,2.25,0.36,1.53
23572,1521974,14188.7288389389,13963.1696433813,2.31,0.0600000000000001,-0.3
23573,1521974,14188.6958003245,13965.5394130853,2.36,0.0499999999999998,-0.0100000000000002
23574,1521974,14188.6733563713,13967.1492566395,1.62,-0.74,-0.79
23575,1521974,14188.7516882701,13969.6177360441,2.47,0.85,1.59
23576,1521974,14188.832305314,13971.8162584779,2.2,-0.27,-1.12
23577,1521974,14188.8953331846,13973.5351032899,1.71,-0.49,-0.22
23578,1521974,14188.9616590253,13975.3438876559,1.81,0.1,0.59
23579,1521974,14189.0562008313,13977.9221548738,2.58,0.77,0.67
23580,1521974,14189.115930732,13979.5510601316,1.64,-0.94,-1.71
23581,1521974,14189.1811572493,13981.3298646463,1.78,0.14,1.08
23582,1521974,14182.4801257011,13990.0110315617,2.47,0.69,0.55
23583,1521974,14178.6508422177,13989.9622514094,3.83,1.36,0.67
23584,1521974,14173.250845608,13989.9683025038,5.4,1.57,0.21
23585,1521974,14165.6108504048,13989.9768636818,7.65,2.25,0.68
23586,1521974,14156.4108561809,13989.9871729536,9.19,1.54,-0.710000000000001
23587,1521974,14145.5108630244,13989.9993871997,10.9,1.71,0.170000000000002
23588,1521974,14133.301631778,13989.9453604068,12.21,1.31,-0.4
23589,1521974,14119.5621731664,13989.8879991604,13.75,1.54,0.229999999999999
23590,1521974,14105.6921803178,13989.8739143745,13.87,0.119999999999999,-1.42
23591,1521974,14092.1021873249,13989.8601139247,13.59,-0.279999999999999,-0.399999999999999
23592,1521974,14072.5637215627,13990.6010305156,13.32,-0.27,0.00999999999999979
23593,1521974,14060.1766408777,13991.1669210542,12.4,-0.92,-0.65
23594,1521974,14051.2359657058,13991.5753662413,8.95,-3.45,-2.53
23595,1521974,14041.9314783248,13985.9599426739,5.89,-3.06,0.390000000000001
23596,1521974,14039.2357384185,13983.7373814704,3.5,-2.39,0.67
23597,1521974,14032.9236784838,13986.3319863182,5.11,1.61,4
23598,1521974,14031.8909379752,13991.1852787668,5.01,-0.100000000000001,-1.71
23599,1521974,14030.7642281908,13994.2230616856,3.24,-1.77,-1.67
23600,1521974,14026.5530674915,14008.6631074897,5.47,2.23,4
23601,1521974,14026.4933510657,14016.4328780107,7.77,2.3,0.0700000000000003
23602,1521974,14026.4706472807,14025.6760092048,9.25,1.48,-0.819999999999999
23603,1521974,14026.794650642,14036.1629163841,10.5,1.25,-0.23
23604,1521974,14026.5352979757,14048.8080672808,12.65,2.15,0.9
23605,1521974,14026.6157887426,14062.0378224273,13.23,0.58,-1.57
23606,1521974,14026.6974354616,14075.4575740574,13.42,0.19,-0.390000000000001
23607,1521974,14027.1300949693,14088.7273722803,13.27,-0.15,-0.34
23608,1521974,14030.9652281671,14101.5246481014,13.69,0.42,0.57
23609,1521974,14034.4469944394,14114.4156529917,13.56,-0.129999999999999,-0.549999999999999
23610,1521974,14036.0710745795,14126.4364376457,12.13,-1.43,-1.3
23611,1521974,14037.0339028191,14135.0325633185,8.66,-3.47,-2.04
23612,1521974,14037.0781054139,14140.0323679277,5,-3.66,-0.19
23613,1521974,14027.7584117211,14148.8181399414,7.05,2.05,5.71
23614,1521974,14019.2170893626,14150.6118162029,8.73,1.68,-0.369999999999999
23615,1521974,14008.555066082,14152.0605603363,10.76,2.03,0.349999999999999
23616,1521974,13996.4463370403,14153.7058812759,12.21,1.45,-0.579999999999998
23617,1521974,13983.7387528621,14155.6693965915,12.86,0.649999999999999,-0.800000000000002
23618,1521974,13970.9394555954,14157.8277268439,12.97,0.110000000000001,-0.539999999999997
23619,1521974,13958.2538136656,14160.2427583345,12.92,-0.0500000000000007,-0.160000000000002
23620,1521974,13941.1333483434,14166.271068316,13.88,0.960000000000001,1.01
23621,1521974,13942.5301466169,14179.7488817359,13.55,-0.33,-1.29
23622,1521974,13943.9052970943,14193.0178139147,13.33,-0.220000000000001,0.109999999999999
23623,1521974,13945.2682189593,14206.8104621151,13.86,0.529999999999999,0.75
23624,1521974,13946.4271505177,14219.617619037,12.86,-1,-1.53
23625,1521974,13946.9715767023,14228.2805284865,8.68,-4.18,-3.18
23626,1521974,13947.3447720707,14234.2188131897,5.95,-2.73,1.45
23627,1521974,13948.0298723422,14247.7378286869,7.37,1.42,4.15
23628,1521974,13948.3431339012,14256.3821544093,8.65,1.28,-0.14
23629,1521974,13948.7386039849,14267.2949910439,10.92,2.27,0.989999999999999
