"V1","V2","V3","V4","V5","acceleration","jerk"
29517,1524125,14394.6424758603,13995.3925835026,13.51,0.200000000000001,0
29518,1524125,14380.9700618177,13994.3782377287,13.71,0.200000000000001,0
29519,1524125,14367.2730077661,13993.4276535358,13.73,0.0199999999999996,-0.180000000000001
29520,1524125,14354.2364428363,13992.3766442836,13.08,-0.65,-0.67
29521,1524125,14330.806328561,13994.9564956736,13.64,0.56,1.21
29522,1524125,14317.1670929948,13994.8270505633,13.67,0.0299999999999994,-0.530000000000001
29523,1524125,14304.4679082797,13992.7385005597,12.89,-0.779999999999999,-0.809999999999999
29524,1524125,14291.712197465,13989.246474269,13.23,0.34,1.12
29525,1524125,14279.1859730446,13985.4808266792,13.09,-0.140000000000001,-0.48
29526,1524125,14266.3007602012,13985.139636309,12.96,-0.129999999999999,0.0100000000000016
29527,1524125,14253.5518947005,13987.6162072109,13.17,0.209999999999999,0.339999999999998
29528,1524125,14244.541327837,13997.2060164889,13.82,0.65,0.440000000000001
29529,1524125,14244.9545023204,14010.0075556727,12.94,-0.880000000000001,-1.53
29530,1524125,14249.4194137047,14022.2257603519,13.24,0.300000000000001,1.18
29531,1524125,14260.5070022102,14028.8225945617,13.35,0.109999999999999,-0.190000000000001
29532,1524125,14288.6813570013,14027.7136372604,13.82,0.470000000000001,0.360000000000001
29533,1524125,14300.7227215287,14022.5687272133,13.18,-0.640000000000001,-1.11
29534,1524125,14310.1389811374,14013.5570929349,13.13,-0.0499999999999989,0.590000000000002
29535,1524125,14311.9586305363,13997.4219835372,13.21,0.0800000000000001,0.129999999999999
29536,1524125,14312.2039321836,13983.9042090494,13.52,0.309999999999999,0.229999999999999
29537,1524125,14312.4459679806,13970.5664049321,13.33,-0.19,-0.499999999999998
29538,1524125,14312.6860079802,13957.3385827077,13.23,-0.0999999999999996,0.0899999999999999
29539,1524125,14312.9369341476,13943.5108592487,13.84,0.609999999999999,0.709999999999999
29540,1524125,14313.1746154775,13930.4130156252,13.1,-0.74,-1.35
29541,1524125,14313.4249973365,13916.615287228,13.8,0.700000000000001,1.44
29542,1524125,14313.526572191,13902.8361516725,13.78,-0.0200000000000014,-0.720000000000002
29543,1524125,14313.5366337265,13889.7561555423,13.08,-0.699999999999999,-0.679999999999998
29544,1524125,14313.5469337235,13876.3661595038,13.39,0.31,1.01
29545,1524125,14313.5543183367,13866.766162344,9.6,-3.79,-4.1
29546,1524125,14313.5585260277,13861.2961639624,5.47,-4.13,-0.339999999999999
29547,1524125,14314.0602751165,13856.6325642082,3.66,-1.81,2.32
29548,1524125,14331.8297432111,13832.3110992227,5.44,1.78,3.59
29549,1524125,14339.5115152658,13832.6667368179,7.69,2.25,0.47
29550,1524125,14348.8515111971,13833.0991440369,9.35,1.66,-0.590000000000001
29551,1524125,14353.2867606019,13833.3044796575,4.44,-4.91,-6.57
29552,1524125,14355.0748453845,13833.3872613604,1.79,-2.65,2.26
29553,1524125,14356.1536898343,13833.4372078627,1.09,-0.7,1.95
29554,1524125,14356.3135186417,13833.4446073445,0.15,-0.94,-0.24
29555,1524125,14356.3235079422,13833.4450698121,0.02,-0.13,0.81
29556,1524125,14356.3235079422,13833.4450698121,0,-0.02,0.11
29557,1524125,14356.3235079422,13833.4450698121,0,0,0.02
29558,1524125,14356.3235079422,13833.4450698121,0,0,0
29559,1524125,14356.3235079422,13833.4450698121,0,0,0
29560,1524125,14358.8531322927,13833.6425647618,2.44,2.44,2.44
29561,1524125,14363.789130991,13834.0146063888,4.95,2.51,0.0700000000000003
29562,1524125,14366.8099786478,13834.2499347436,3.02,-1.93,-4.44
29563,1524125,14373.1519492112,13830.1208491174,4.52,1.5,3.43
29564,1524125,14372.9516898743,13823.834042041,6.29,1.77,0.270000000000001
29565,1524125,14372.6818072077,13815.2582876517,8.58,2.29,0.52
29566,1524125,14371.9759770841,13791.8718421158,10.63,2.05,-0.239999999999999
29567,1524125,14371.6841945416,13779.6753318384,12.21,1.58,-0.470000000000001
29568,1524125,14371.3498404478,13765.6993307172,13.97,1.76,0.18
29569,1524125,14371.9832496306,13750.2141192787,15.5,1.53,-0.23
29570,1524125,14372.7469102489,13733.0811299756,17.16,1.66,0.130000000000001
29571,1524125,14373.5782539075,13714.4296483261,18.66,1.5,-0.16
29572,1524125,14370.8774022773,13684.6321086381,20.08,1.42,-0.0800000000000018
29573,1524125,14368.0859606079,13662.9510696084,21.87,1.79,0.370000000000005
29574,1524125,14365.155329944,13640.1889540672,22.95,1.08,-0.710000000000004
29575,1524125,14362.1046647344,13616.4945340114,23.88,0.93,-0.149999999999999
29576,1524125,14358.1146659808,13591.4517841063,25.38,1.5,0.57
29577,1524125,14350.6274085503,13559.2260921486,26.7,1.32,-0.18
29578,1524125,14343.1860749696,13532.9809892314,27.27,0.57,-0.75
29579,1524125,14334.1245778995,13496.8149619225,27.21,-0.0599999999999987,-0.629999999999999
29580,1524125,14330.575952988,13471.3308460611,25.73,-1.48,-1.42
29581,1524125,14327.3903172814,13437.1521755616,24.54,-1.19,0.289999999999999
29582,1524125,14328.9318660785,13388.5832978599,23.87,-0.669999999999998,0.520000000000003
29583,1524125,14329.8203523236,13365.4403466179,23.15,-0.720000000000002,-0.0500000000000043
29584,1524125,14330.8091730221,13343.4538815001,22.01,-1.14,-0.419999999999995
29585,1524125,14331.9885251394,13321.1282341411,22.36,0.349999999999998,1.48999999999999
29586,1524125,14331.2440837235,13297.8414296641,23.21,0.850000000000001,0.500000000000004
