"V1","V2","V3","V4","V5","acceleration","jerk"
59121,1528806,14099.9598994172,14035.0291004844,0,2.23,0
59122,1528806,14102.1898699041,14035.0405733897,2.23,2.23,0
59123,1528806,14106.8698079663,14035.0646510564,4.68,2.45,0.22
59124,1528806,14113.4797204858,14035.0986581883,6.61,1.93,-0.519999999999999
59125,1528806,14121.8996090507,14035.1419774091,8.41,1.8,-0.130000000000001
59126,1528806,14138.2431601612,14034.4302727691,10.38,1.97,0.170000000000001
59127,1528806,14150.3435566723,14032.7979418361,12.21,1.83,-0.140000000000001
59128,1528806,14163.7429574513,14031.444485093,13.48,1.27,-0.56
59129,1528806,14172.8261045298,14030.6254373828,9.11,-4.37,-5.64
59130,1528806,14178.841697551,14030.0829978905,6.04,-3.07,1.3
59131,1528806,14182.1582413856,14029.7839377069,3.33,-2.71,0.359999999999999
59132,1528806,14184.2002863653,14029.6035554993,2.05,-1.28,1.43
59133,1528806,14188.0449663153,14033.9399910149,2.03,-0.02,1.26
59134,1528806,14188.0389330336,14035.6299802455,1.69,-0.34,-0.32
59135,1528806,14188.0309719578,14037.8599660349,2.23,0.54,0.88
59136,1528806,14188.02368918,14039.8999530352,2.04,-0.19,-0.73
59137,1528806,14188.0179414974,14041.5099427756,1.61,-0.43,-0.24
59138,1528806,14188.011836816,14043.2199318787,1.71,0.0999999999999999,0.53
59139,1528806,14188.0034116416,14045.5799168398,2.36,0.65,0.55
59140,1528806,14187.9975568594,14047.219906389,1.64,-0.72,-1.37
59141,1528806,14187.9879178887,14049.9198891834,2.7,1.06,1.78
59142,1528806,14187.9792071151,14052.3598736347,2.44,-0.26,-1.32
59143,1528806,14187.9708890404,14054.6898587869,2.33,-0.11,0.15
59144,1528806,14187.9638561618,14056.6598462332,1.97,-0.36,-0.25
59145,1528806,14187.9571802821,14058.5298343168,1.87,-0.0999999999999999,0.26
59146,1528806,14187.9508614013,14060.2998230376,1.76,-0.11,-0.0100000000000002
59147,1528806,14187.9418293287,14062.8298069153,2.53,0.77,0.88
59148,1528806,14187.9360816462,14064.4397966557,1.6,-0.93,-1.7
59149,1528806,14187.9288702681,14066.4597837834,2.03,0.43,1.36
59150,1528806,14187.9222657882,14068.3097719944,1.85,-0.18,-0.609999999999999
59151,1528806,14187.9136621143,14070.7197566368,2.42,0.57,0.75
59152,1528806,14187.9063079367,14072.7797435096,2.06,-0.36,-0.93
59153,1528806,14187.8998105564,14074.5997319118,1.82,-0.24,0.12
59154,1528806,14187.8938129747,14076.2797212061,1.68,-0.14,0.0999999999999999
59155,1528806,14187.8867443962,14078.2597085887,1.98,0.3,0.44
59156,1528806,14187.8768912261,14081.0196910008,2.76,0.78,0.48
59157,1528806,14187.8693942489,14083.1196776187,2.09,-0.67,-1.45
59158,1528806,14187.8614331731,14085.3496634082,2.23,0.14,0.81
59159,1528806,14187.8550071926,14087.1496519378,1.8,-0.43,-0.57
59160,1528806,14187.8478672143,14089.1496391929,2,0.2,0.63
59161,1528806,14187.8415840334,14090.9096279774,1.76,-0.24,-0.44
59162,1528806,14187.8330517593,14093.2996127473,2.39,0.63,0.87
59163,1528806,14187.8274111765,14094.8796026789,1.59,-0.8,-1.43
59164,1528806,14187.8207352968,14096.7495907624,1.86,0.27,1.07
59165,1528806,14187.8113105254,14099.3895739392,2.64,0.78,0.51
59166,1528806,14187.8024926522,14101.8595581993,2.47,-0.17,-0.95
59167,1528806,14187.7942459773,14104.169543479,2.3,-0.17,-4.44089209850063e-16
59168,1528806,14187.7858922027,14106.5095285675,2.34,0.04,0.21
59169,1528806,14187.7905933584,14108.3592366257,1.85,-0.49,-0.53
59170,1528806,14187.9010304117,14110.4363027434,2.08,0.23,0.72
59171,1528806,14188.0279268335,14112.8229315997,2.38,0.3,0.0699999999999998
59172,1528806,14188.1091617814,14114.3507735036,1.53,-0.85,-1.15
59173,1528806,14188.2265011505,14116.5576562537,2.21,0.68,1.53
59174,1528806,14184.5700263618,14121.6701170833,1.7,-0.51,-1.19
59175,1528806,14181.3604818012,14122.3932517277,3.29,1.59,2.1
59176,1528806,14175.8388945025,14123.6373070734,5.66,2.37,0.78
59177,1528806,14168.4832817407,14125.2945822159,7.55,1.89,-0.48
59178,1528806,14159.6350844264,14127.2881479377,9.06,1.51,-0.379999999999999
59179,1528806,14149.3754156472,14129.4258101069,10.5,1.44,-0.0700000000000012
59180,1528806,14140.7575955066,14130.6896439661,8.71,-1.79,-3.23
59181,1528806,14127.2354962147,14132.7277245302,7.45,-1.26,0.529999999999998
59182,1528806,14119.1033267131,14134.0564153134,8.24,0.79,2.05
59183,1528806,14110.9514189361,14135.3883310743,8.27,0.0299999999999994,-0.760000000000001
59184,1528806,14102.9184689846,14137.0837791126,8.2,-0.0700000000000003,-0.0999999999999996
59185,1528806,14095.1209443393,14138.7328726227,7.97,-0.23,-0.159999999999999
59186,1528806,14090.6107073738,14139.6867397597,4.61,-3.36,-3.13
59187,1528806,14085.6209307205,14137.7797030967,6.25,1.64,5
59188,1528806,14084.9734176551,14129.8159836874,7.99,1.74,0.100000000000001
59189,1528806,14084.1427532095,14119.5996978369,10.24,2.25,0.51
59190,1528806,14083.1889073047,14107.8684115481,11.78,1.54,-0.710000000000001
59191,1528806,14085.8709531235,14094.3975918699,13.81,2.03,0.490000000000002
59192,1528806,14088.9773725169,14081.444887189,13.31,-0.5,-2.53
59193,1528806,14089.2003170191,14068.2588620834,13.21,-0.0999999999999996,0.4
59194,1528806,14089.2220808655,14055.0388799982,13.22,0.00999999999999979,0.109999999999999
59195,1528806,14089.244733704,14041.2788986446,13.76,0.539999999999999,0.529999999999999
59196,1528806,14089.2820329525,14022.0900247932,12.99,-0.77,-1.31
59197,1528806,14089.193486714,14012.06075143,10.04,-2.95,-2.18
59198,1528806,14089.0761533107,14004.1716239198,7.88,-2.16,0.790000000000002
59199,1528806,14089.0020949649,13999.1921746168,4.98,-2.9,-0.74
59200,1528806,14088.9530201575,13995.8925395365,3.3,-1.68,1.22
59201,1528806,14088.9234265615,13993.9027595941,1.99,-1.31,0.370000000000001
59202,1528806,14088.9159909846,13993.402814885,0.51,-1.48,-0.17
59203,1528806,14088.9130167538,13993.2028370013,0.2,-0.31,1.17
59204,1528806,14088.9115296385,13993.1028480595,0.1,-0.1,0.21
59205,1528806,14088.9103399462,13993.022856906,0.08,-0.02,0.08
59206,1528806,14088.9101912346,13993.0128580118,0.01,-0.07,-0.05
59207,1528806,14088.9101912346,13993.0128580118,0,-0.01,0.06
59208,1528806,14088.9101912346,13993.0128580118,0,0,0.01
59209,1528806,14088.9101912346,13993.0128580118,0,0,0
59210,1528806,14084.5512189999,13990.0533945105,1.18,1.18,1.18
59211,1528806,14082.2036674184,13990.1606398948,2.34,1.16,-0.02
59212,1528806,14079.5963867259,13990.2797507259,2.61,0.27,-0.89
59213,1528806,14078.2477932642,13990.3413597765,1.35,-1.26,-1.53
59214,1528806,14076.5595540418,13990.4184851806,1.69,0.34,1.6
59215,1528806,14075.1010751869,13990.4851142278,1.46,-0.23,-0.57
59216,1528806,14073.7225129816,13990.5480923684,1.38,-0.0800000000000001,0.15
59217,1528806,14072.5936903063,13990.5996614256,1.13,-0.25,-0.17
59218,1528806,14071.4249093062,13990.6530559361,1.17,0.04,0.29
59219,1528806,14070.2161699813,13990.7082758999,1.2,0.03,-0.01
59220,1528806,14069.596815947,13990.7365704269,0.63,-0.57,-0.6
59221,1528806,14069.1472847931,13990.757106777,0.45,-0.18,0.39
59222,1528806,14068.9974410752,13990.7639522271,0.15,-0.3,-0.12
59223,1528806,14068.8675765196,13990.7698849505,0.12,-0.03,0.27
59224,1528806,14068.8475973572,13990.7707976772,0.02,-0.1,-0.07
59225,1528806,14068.8475973572,13990.7707976772,0,-0.02,0.08
59226,1528806,14068.8475973572,13990.7707976772,0,0,0.02
59227,1528806,14068.8475973572,13990.7707976772,0,0,0
59228,1528806,14068.8475973572,13990.7707976772,0,0,0
59229,1528806,14068.8475973572,13990.7707976772,0,0,0
59230,1528806,14068.8475973572,13990.7707976772,0,0,0
59231,1528806,14068.8475973572,13990.7707976772,0,0,0
59232,1528806,14068.8475973572,13990.7707976772,0,0,0
59233,1528806,14068.8475973572,13990.7707976772,0,0,0
59234,1528806,14068.8276181948,13990.7717104038,0.02,0.02,0.02
59235,1528806,14068.8176286136,13990.7721667672,0.01,-0.01,-0.03
59236,1528806,14068.8176286136,13990.7721667672,0.01,0,0.01
59237,1528806,14068.8076390324,13990.7726231305,0.01,0,0
59238,1528806,14068.7976494512,13990.7730794939,0.01,0,0
59239,1528806,14068.7776702888,13990.7739922205,0.01,0,0
59240,1528806,14068.7576911264,13990.7749049472,0.02,0.01,0.01
59241,1528806,14068.7477015452,13990.7753613106,0.02,0,-0.01
59242,1528806,14068.7077432204,13990.7771867639,0.04,0.02,0.02
59243,1528806,14068.6478057332,13990.7799249439,0.06,0.02,-3.46944695195361e-18
59244,1528806,14068.5578995025,13990.784032214,0.09,0.03,0.01
59245,1528806,14068.3980662033,13990.7913340274,0.17,0.08,0.05
59246,1528806,14068.3081599725,13990.7954412974,0.09,-0.08,-0.16
59247,1528806,14068.0883891862,13990.8054812908,0.22,0.13,0.21
59248,1528806,14068.0084725366,13990.8091321975,0.08,-0.14,-0.27
59249,1528806,14067.8985871434,13990.8141521942,0.12,0.04,0.18
59250,1528806,14067.5789205451,13990.828755821,0.31,0.19,0.15
59251,1528806,14067.219295622,13990.8451849012,0.36,0.05,-0.14
59252,1528806,14066.8996290237,13990.859788528,0.32,-0.04,-0.09
59253,1528806,14066.6498894937,13990.8711976114,0.25,-0.07,-0.03
59254,1528806,14066.1803791774,13990.8926466883,0.47,0.22,0.29
59255,1528806,14065.9006709039,13990.9054248618,0.28,-0.19,-0.41
59256,1528806,14065.501087656,13990.9236793953,0.4,0.12,0.31
59257,1528806,14064.9916190149,13990.9469539255,0.51,0.11,-0.01
59258,1528806,14064.2623795875,13990.9802684491,0.73,0.22,0.11
59259,1528806,14063.5930776472,13991.0108447927,0.67,-0.0599999999999999,-0.28
59260,1528806,14061.6451093137,13991.0998356436,1.94,1.27,1.33
59261,1528806,14059.0977661083,13991.2162082947,2.56,0.62,-0.65
59262,1528806,14057.4295060483,13991.292420972,1.67,-0.89,-1.51
59263,1528806,14056.3606208602,13991.3412518491,1.07,-0.6,0.29
59264,1528806,14055.19183986,13991.3946463596,1.17,0.0999999999999999,0.7
59265,1528806,14054.8422045181,13991.4106190765,0.35,-0.82,-0.92
59266,1528806,14054.5924649882,13991.4220281599,0.24,-0.11,0.71
59267,1528806,14054.4626004326,13991.4279608833,0.13,-0.11,0
59268,1528806,14054.4126525266,13991.4302427,0.05,-0.08,0.03
59269,1528806,14054.4026629454,13991.4306990633,0.01,-0.04,0.04
59270,1528806,14054.4026629454,13991.4306990633,0,-0.01,0.03
59271,1528806,14054.4026629454,13991.4306990633,0,0,0.01
59272,1528806,14054.4026629454,13991.4306990633,0,0,0
59273,1528806,14054.4026629454,13991.4306990633,0,0,0
59274,1528806,14054.4026629454,13991.4306990633,0,0,0
59275,1528806,14054.4026629454,13991.4306990633,0,0,0
59276,1528806,14054.4026629454,13991.4306990633,0,0,0
59277,1528806,14054.4026629454,13991.4306990633,0,0,0
59278,1528806,14054.4026629454,13991.4306990633,0,0,0
59279,1528806,14054.4026629454,13991.4306990633,0,0,0
59280,1528806,14054.4026629454,13991.4306990633,0,0,0
59281,1528806,14054.4026629454,13991.4306990633,0,0,0
59282,1528806,14054.4026629454,13991.4306990633,0,0,0
59283,1528806,14054.4026629454,13991.4306990633,0,0,0
59284,1528806,14054.4026629454,13991.4306990633,0,0,0
59285,1528806,14054.4026629454,13991.4306990633,0,0,0
59286,1528806,14054.4026629454,13991.4306990633,0,0,0
59287,1528806,14054.4026629454,13991.4306990633,0,0,0
59288,1528806,14054.4026629454,13991.4306990633,0,0,0
59289,1528806,14054.4026629454,13991.4306990633,0,0,0
59290,1528806,14054.4026629454,13991.4306990633,0,0,0
59291,1528806,14054.4026629454,13991.4306990633,0,0,0
59292,1528806,14054.4026629454,13991.4306990633,0,0,0
59293,1528806,14054.4026629454,13991.4306990633,0,0,0
59294,1528806,14054.4026629454,13991.4306990633,0,0,0
59295,1528806,14054.4026629454,13991.4306990633,0,0,0
59296,1528806,14054.4026629454,13991.4306990633,0,0,0
59297,1528806,14054.4026629454,13991.4306990633,0,0,0
59298,1528806,14054.4026629454,13991.4306990633,0,0,0
59299,1528806,14054.4026629454,13991.4306990633,0,0,0
59300,1528806,14054.4026629454,13991.4306990633,0,0,0
59301,1528806,14054.4026629454,13991.4306990633,0,0,0
59302,1528806,14054.4026629454,13991.4306990633,0,0,0
59303,1528806,14054.4026629454,13991.4306990633,0,0,0
59304,1528806,14054.4026629454,13991.4306990633,0,0,0
59305,1528806,14054.4026629454,13991.4306990633,0,0,0
59306,1528806,14054.4026629454,13991.4306990633,0,0,0
59307,1528806,14054.4026629454,13991.4306990633,0,0,0
59308,1528806,14054.4026629454,13991.4306990633,0,0,0
59309,1528806,14054.4026629454,13991.4306990633,0,0,0
59310,1528806,14054.4026629454,13991.4306990633,0,0,0
59311,1528806,14054.4026629454,13991.4306990633,0,0,0
59312,1528806,14054.4026629454,13991.4306990633,0,0,0
59313,1528806,14054.4026629454,13991.4306990633,0,0,0
59314,1528806,14054.4026629454,13991.4306990633,0,0,0
59315,1528806,14054.4026629454,13991.4306990633,0,0,0
59316,1528806,14054.4026629454,13991.4306990633,0,0,0
59317,1528806,14054.4026629454,13991.4306990633,0,0,0
59318,1528806,14054.4026629454,13991.4306990633,0,0,0
59319,1528806,14054.4026629454,13991.4306990633,0,0,0
59320,1528806,14054.4026629454,13991.4306990633,0,0,0
59321,1528806,14054.4026629454,13991.4306990633,0,0,0
59322,1528806,14054.4026629454,13991.4306990633,0,0,0
59323,1528806,14054.4026629454,13991.4306990633,0,0,0
59324,1528806,14054.4026629454,13991.4306990633,0,0,0
59325,1528806,14054.4026629454,13991.4306990633,0,0,0
59326,1528806,14054.4026629454,13991.4306990633,0,0,0
59327,1528806,14054.4026629454,13991.4306990633,0,0,0
59328,1528806,14054.4026629454,13991.4306990633,0,0,0
59329,1528806,14054.4026629454,13991.4306990633,0,0,0
59330,1528806,14054.4026629454,13991.4306990633,0,0,0
59331,1528806,14054.4026629454,13991.4306990633,0,0,0
59332,1528806,14054.4026629454,13991.4306990633,0,0,0
59333,1528806,14054.4026629454,13991.4306990633,0,0,0
59334,1528806,14054.4026629454,13991.4306990633,0,0,0
59335,1528806,14054.4026629454,13991.4306990633,0,0,0
59336,1528806,14054.4026629454,13991.4306990633,0,0,0
59337,1528806,14054.4026629454,13991.4306990633,0,0,0
59338,1528806,14054.4026629454,13991.4306990633,0,0,0
59339,1528806,14054.4026629454,13991.4306990633,0,0,0
59340,1528806,14054.4026629454,13991.4306990633,0,0,0
59341,1528806,14054.4026629454,13991.4306990633,0,0,0
59342,1528806,14054.4026629454,13991.4306990633,0,0,0
59343,1528806,14054.4026629454,13991.4306990633,0,0,0
59344,1528806,14054.4026629454,13991.4306990633,0,0,0
59345,1528806,14054.4026629454,13991.4306990633,0,0,0
59346,1528806,14054.4026629454,13991.4306990633,0,0,0
59347,1528806,14054.4026629454,13991.4306990633,0,0,0
59348,1528806,14054.4026629454,13991.4306990633,0,0,0
59349,1528806,14054.4026629454,13991.4306990633,0,0,0
59350,1528806,14054.4026629454,13991.4306990633,0,0,0
59351,1528806,14054.4026629454,13991.4306990633,0,0,0
59352,1528806,14054.4026629454,13991.4306990633,0,0,0
59353,1528806,14054.4026629454,13991.4306990633,0,0,0
59354,1528806,14054.4026629454,13991.4306990633,0,0,0
59355,1528806,14054.4026629454,13991.4306990633,0,0,0
59356,1528806,14054.4026629454,13991.4306990633,0,0,0
59357,1528806,14054.4026629454,13991.4306990633,0,0,0
59358,1528806,14054.4026629454,13991.4306990633,0,0,0
59359,1528806,14054.4026629454,13991.4306990633,0,0,0
59360,1528806,14054.4026629454,13991.4306990633,0,0,0
59361,1528806,14054.4026629454,13991.4306990633,0,0,0
59362,1528806,14054.4026629454,13991.4306990633,0,0,0
59363,1528806,14054.4026629454,13991.4306990633,0,0,0
59364,1528806,14054.4026629454,13991.4306990633,0,0,0
59365,1528806,14054.4026629454,13991.4306990633,0,0,0
59366,1528806,14054.4026629454,13991.4306990633,0,0,0
59367,1528806,14054.4026629454,13991.4306990633,0,0,0
59368,1528806,14054.4026629454,13991.4306990633,0,0,0
59369,1528806,14054.4026629454,13991.4306990633,0,0,0
59370,1528806,14054.4026629454,13991.4306990633,0,0,0
59371,1528806,14054.4026629454,13991.4306990633,0,0,0
59372,1528806,14054.4026629454,13991.4306990633,0,0,0
59373,1528806,14054.4026629454,13991.4306990633,0,0,0
59374,1528806,14054.4026629454,13991.4306990633,0,0,0
59375,1528806,14054.4026629454,13991.4306990633,0,0,0
59376,1528806,14054.4026629454,13991.4306990633,0,0,0
59377,1528806,14054.4026629454,13991.4306990633,0,0,0
59378,1528806,14054.4026629454,13991.4306990633,0,0,0
59379,1528806,14054.4026629454,13991.4306990633,0,0,0
59380,1528806,14054.4026629454,13991.4306990633,0,0,0
59381,1528806,14054.4026629454,13991.4306990633,0,0,0
59382,1528806,14054.4026629454,13991.4306990633,0,0,0
59383,1528806,14054.4026629454,13991.4306990633,0,0,0
59384,1528806,14054.4026629454,13991.4306990633,0,0,0
59385,1528806,14054.4026629454,13991.4306990633,0,0,0
59386,1528806,14054.4026629454,13991.4306990633,0,0,0
59387,1528806,14054.4026629454,13991.4306990633,0,0,0
59388,1528806,14054.4026629454,13991.4306990633,0,0,0
59389,1528806,14054.4026629454,13991.4306990633,0,0,0
59390,1528806,14054.4026629454,13991.4306990633,0,0,0
59391,1528806,14054.4026629454,13991.4306990633,0,0,0
59392,1528806,14054.4026629454,13991.4306990633,0,0,0
59393,1528806,14054.4026629454,13991.4306990633,0,0,0
59394,1528806,14054.4026629454,13991.4306990633,0,0,0
59395,1528806,14054.4026629454,13991.4306990633,0,0,0
59396,1528806,14054.4026629454,13991.4306990633,0,0,0
59397,1528806,14054.4026629454,13991.4306990633,0,0,0
59398,1528806,14054.4026629454,13991.4306990633,0,0,0
59399,1528806,14054.4026629454,13991.4306990633,0,0,0
59400,1528806,14054.4026629454,13991.4306990633,0,0,0
59401,1528806,14054.4026629454,13991.4306990633,0,0,0
59402,1528806,14054.4026629454,13991.4306990633,0,0,0
59403,1528806,14054.4026629454,13991.4306990633,0,0,0
59404,1528806,14054.4026629454,13991.4306990633,0,0,0
59405,1528806,14054.4026629454,13991.4306990633,0,0,0
59406,1528806,14054.4026629454,13991.4306990633,0,0,0
59407,1528806,14054.4026629454,13991.4306990633,0,0,0
59408,1528806,14054.4026629454,13991.4306990633,0,0,0
59409,1528806,14054.4026629454,13991.4306990633,0,0,0
59410,1528806,14054.4026629454,13991.4306990633,0,0,0
59411,1528806,14054.4026629454,13991.4306990633,0,0,0
59412,1528806,14054.4026629454,13991.4306990633,0,0,0
59413,1528806,14054.4026629454,13991.4306990633,0,0,0
59414,1528806,14054.4026629454,13991.4306990633,0,0,0
59415,1528806,14054.4026629454,13991.4306990633,0,0,0
59416,1528806,14054.4026629454,13991.4306990633,0,0,0
59417,1528806,14054.4026629454,13991.4306990633,0,0,0
59418,1528806,14054.4026629454,13991.4306990633,0,0,0
59419,1528806,14054.4026629454,13991.4306990633,0,0,0
59420,1528806,14054.4026629454,13991.4306990633,0,0,0
59421,1528806,14054.4026629454,13991.4306990633,0,0,0
59422,1528806,14054.4026629454,13991.4306990633,0,0,0
59423,1528806,14054.4026629454,13991.4306990633,0,0,0
59424,1528806,14054.4026629454,13991.4306990633,0,0,0
59425,1528806,14054.4026629454,13991.4306990633,0,0,0
59426,1528806,14054.4026629454,13991.4306990633,0,0,0
59427,1528806,14054.4026629454,13991.4306990633,0,0,0
59428,1528806,14054.4026629454,13991.4306990633,0,0,0
59429,1528806,14054.4026629454,13991.4306990633,0,0,0
59430,1528806,14054.4026629454,13991.4306990633,0,0,0
59431,1528806,14054.4026629454,13991.4306990633,0,0,0
59432,1528806,14054.4026629454,13991.4306990633,0,0,0
59433,1528806,14054.4026629454,13991.4306990633,0,0,0
59434,1528806,14054.4026629454,13991.4306990633,0,0,0
59435,1528806,14054.4026629454,13991.4306990633,0,0,0
59436,1528806,14054.4026629454,13991.4306990633,0,0,0
59437,1528806,14054.4026629454,13991.4306990633,0,0,0
59438,1528806,14054.4026629454,13991.4306990633,0,0,0
59439,1528806,14054.4026629454,13991.4306990633,0,0,0
59440,1528806,14054.4026629454,13991.4306990633,0,0,0
59441,1528806,14054.4026629454,13991.4306990633,0,0,0
59442,1528806,14054.4026629454,13991.4306990633,0,0,0
59443,1528806,14053.9231630479,13991.4526045035,0.48,0.48,0.48
59444,1528806,14052.2049550819,13991.5310989976,1.72,1.24,0.76
59445,1528806,14050.1570909364,13991.6246534818,2.06,0.34,-0.9
59446,1528806,14043.9591758385,13987.2624567018,2.39,0.33,-0.01
59447,1528806,14041.5276215586,13985.7005207928,2.89,0.5,0.17
59448,1528806,14039.6882113118,13984.1314224338,2.43,-0.46,-0.96
59449,1528806,14038.4966993595,13983.0937812303,1.58,-0.85,-0.39
59450,1528806,14030.2998679866,13978.884067814,1.67,0.0899999999999999,0.94
59451,1528806,14030.0751287116,13977.7868475726,1.12,-0.55,-0.64
59452,1528806,14029.7279867956,13976.0920341639,1.72,0.6,1.15
59453,1528806,14029.519300326,13975.0731867968,1.05,-0.67,-1.27
59454,1528806,14029.2624554402,13973.8192208066,1.27,0.22,0.89
59455,1528806,14029.0557755712,13972.8101700488,1.04,-0.23,-0.45
59456,1528806,14029.0056105544,13972.5652548164,0.25,-0.79,-0.56
59457,1528806,14028.9835379471,13972.4574921141,0.11,-0.14,0.65
59458,1528806,14028.9735049437,13972.4085090676,0.05,-0.06,0.08
59459,1528806,14028.9694917424,13972.388915849,0.02,-0.03,0.03
59460,1528806,14028.9694917424,13972.388915849,0,-0.02,0.01
59461,1528806,14028.9694917424,13972.388915849,0,0,0.02
59462,1528806,14028.9694917424,13972.388915849,0,0,0
59463,1528806,14028.9694917424,13972.388915849,0,0,0
59464,1528806,14028.9694917424,13972.388915849,0,0,0
59465,1528806,14028.9694917424,13972.388915849,0,0,0
59466,1528806,14028.9694917424,13972.388915849,0,0,0
59467,1528806,14028.9694917424,13972.388915849,0,0,0
59468,1528806,14028.9694917424,13972.388915849,0,0,0
59469,1528806,14028.9694917424,13972.388915849,0,0,0
59470,1528806,14028.9694917424,13972.388915849,0,0,0
59471,1528806,14028.9694917424,13972.388915849,0,0,0
59472,1528806,14028.9694917424,13972.388915849,0,0,0
59473,1528806,14028.9694917424,13972.388915849,0,0,0
59474,1528806,14028.9694917424,13972.388915849,0,0,0
59475,1528806,14028.9694917424,13972.388915849,0,0,0
59476,1528806,14028.9694917424,13972.388915849,0,0,0
59477,1528806,14028.9694917424,13972.388915849,0,0,0
59478,1528806,14028.9694917424,13972.388915849,0,0,0
59479,1528806,14028.9694917424,13972.388915849,0,0,0
59480,1528806,14028.9694917424,13972.388915849,0,0,0
59481,1528806,14028.9694917424,13972.388915849,0,0,0
59482,1528806,14028.9694917424,13972.388915849,0,0,0
59483,1528806,14028.9694917424,13972.388915849,0,0,0
59484,1528806,14028.9694917424,13972.388915849,0,0,0
59485,1528806,14028.9694917424,13972.388915849,0,0,0
59486,1528806,14028.9694917424,13972.388915849,0,0,0
59487,1528806,14028.9694917424,13972.388915849,0,0,0
59488,1528806,14028.9694917424,13972.388915849,0,0,0
59489,1528806,14028.9694917424,13972.388915849,0,0,0
59490,1528806,14028.9694917424,13972.388915849,0,0,0
59491,1528806,14028.9694917424,13972.388915849,0,0,0
59492,1528806,14028.9694917424,13972.388915849,0,0,0
59493,1528806,14028.9694917424,13972.388915849,0,0,0
59494,1528806,14028.9694917424,13972.388915849,0,0,0
59495,1528806,14028.9694917424,13972.388915849,0,0,0
59496,1528806,14028.965478541,13972.3693226304,0.02,0.02,0.02
59497,1528806,14028.9494257357,13972.290949756,0.09,0.07,0.05
59498,1528806,14028.9213333263,13972.1537972258,0.14,0.05,-0.02
59499,1528806,14028.8531089035,13971.8207125097,0.34,0.2,0.15
59500,1528806,14028.7929108834,13971.5268142307,0.3,-0.04,-0.24
59501,1528806,14028.6564620378,13970.8606447984,0.68,0.38,0.42
59502,1528806,14028.4879075815,13970.0377296173,0.84,0.16,-0.22
59503,1528806,14028.3594851387,13969.4107466222,0.64,-0.2,-0.36
59504,1528806,14028.2431022998,13968.8425432829,0.59,-0.05,0.15
59505,1528806,14028.0845808469,13968.0686111483,0.79,0.2,0.25
59506,1528806,14027.8417821658,13966.8832214231,1.21,0.42,0.22
59507,1528806,14027.6050032867,13965.7272215259,1.18,-0.03,-0.45
59508,1528806,14027.4805940452,13965.1198317494,0.61,-0.57,-0.54
59509,1528806,14027.3220725923,13964.3458996148,0.8,0.19,0.76
59510,1528806,14027.1434851326,13963.4740013872,0.89,0.09,-0.1
59511,1528806,14026.9207524582,13962.386577755,1.11,0.22,0.13
59512,1528806,14026.6960131832,13961.2893575136,1.12,0.01,-0.21
59513,1528806,14026.6733911424,13960.6902090295,0.6,-0.52,-0.53
59514,1528806,14026.6407580825,13959.5706845396,1.12,0.52,1.04
59515,1528806,14026.6221106197,13958.9309562597,0.64,-0.48,-1
59516,1528806,14026.5868552604,13957.7214699805,1.21,0.57,1.05
59517,1528806,14026.5600495326,13956.8018605781,0.92,-0.29,-0.86
59518,1528806,14026.5320783384,13955.8422681582,0.96,0.0399999999999999,0.33
59519,1528806,14026.5090603765,13955.0526035627,0.79,-0.17,-0.21
59520,1528806,14026.4574884873,13953.2833550385,1.77,0.98,1.15
59521,1528806,14026.4018374655,13951.3741659532,1.91,0.14,-0.84
59522,1528806,14026.320837549,13948.5953462372,2.78,0.87,0.73
59523,1528806,14026.2870390227,13947.4358387299,1.16,-1.62,-2.49
59524,1528806,14026.224686569,13945.2967472939,2.14,0.98,2.6
59525,1528806,14026.1646650481,13943.2376218929,2.05,-0.0900000000000003,-1.07
59526,1528806,14026.1416470862,13942.4479572974,0.79,-1.26,-1.17
59527,1528806,14026.1160068249,13941.5683309125,0.89,0.1,1.36
59528,1528806,14026.0871705355,13939.6995083175,1.87,0.98,0.88
59529,1528806,14026.1975108947,13937.8327665021,1.87,0,-0.98
59530,1528806,14026.2641871546,13936.7047353517,1.12,-0.75,-0.75
59531,1528806,14026.2901495921,13936.2655019834,0.45,-0.67,0.0799999999999998
59532,1528806,14026.3290932483,13935.6066519309,0.65,0.2,0.87
59533,1528806,14026.345024744,13935.337122364,0.27,-0.38,-0.58
59534,1528806,14026.3526954642,13935.2073488688,0.13,-0.14,0.24
59535,1528806,14026.3574159073,13935.1274882564,0.08,-0.05,0.09
59536,1528806,14026.3574159073,13935.1274882564,0.01,-0.07,-0.02
59537,1528806,14026.3574159073,13935.1274882564,0,-0.01,0.06
59538,1528806,14026.3574159073,13935.1274882564,0,0,0.01
59539,1528806,14026.3574159073,13935.1274882564,0,0,0
59540,1528806,14026.3574159073,13935.1274882564,0,0,0
59541,1528806,14026.3574159073,13935.1274882564,0,0,0
59542,1528806,14026.3574159073,13935.1274882564,0,0,0
59543,1528806,14026.3574159073,13935.1274882564,0,0,0
59544,1528806,14026.3574159073,13935.1274882564,0,0,0
59545,1528806,14026.3574159073,13935.1274882564,0,0,0
59546,1528806,14026.3574159073,13935.1274882564,0,0,0
59547,1528806,14026.3574159073,13935.1274882564,0,0,0
59548,1528806,14026.3574159073,13935.1274882564,0,0,0
59549,1528806,14026.3574159073,13935.1274882564,0,0,0
59550,1528806,14026.3574159073,13935.1274882564,0,0,0
59551,1528806,14026.3574159073,13935.1274882564,0,0,0
59552,1528806,14026.3574159073,13935.1274882564,0,0,0
59553,1528806,14026.3574159073,13935.1274882564,0,0,0
59554,1528806,14026.3574159073,13935.1274882564,0,0,0
59555,1528806,14026.3574159073,13935.1274882564,0,0,0
59556,1528806,14026.3574159073,13935.1274882564,0,0,0
59557,1528806,14026.3574159073,13935.1274882564,0,0,0
59558,1528806,14026.3574159073,13935.1274882564,0,0,0
59559,1528806,14026.3574159073,13935.1274882564,0,0,0
59560,1528806,14026.3574159073,13935.1274882564,0,0,0
59561,1528806,14026.3574159073,13935.1274882564,0,0,0
59562,1528806,14026.3574159073,13935.1274882564,0,0,0
59563,1528806,14026.3574159073,13935.1274882564,0,0,0
59564,1528806,14026.3574159073,13935.1274882564,0,0,0
59565,1528806,14026.3574159073,13935.1274882564,0,0,0
59566,1528806,14026.3574159073,13935.1274882564,0,0,0
59567,1528806,14026.3574159073,13935.1274882564,0,0,0
59568,1528806,14026.3574159073,13935.1274882564,0,0,0
59569,1528806,14026.3574159073,13935.1274882564,0,0,0
59570,1528806,14026.3574159073,13935.1274882564,0,0,0
59571,1528806,14026.3574159073,13935.1274882564,0,0,0
59572,1528806,14026.3574159073,13935.1274882564,0,0,0
59573,1528806,14026.3574159073,13935.1274882564,0,0,0
59574,1528806,14026.3574159073,13935.1274882564,0,0,0
59575,1528806,14026.3574159073,13935.1274882564,0,0,0
59576,1528806,14026.3574159073,13935.1274882564,0,0,0
59577,1528806,14026.3574159073,13935.1274882564,0,0,0
59578,1528806,14026.3574159073,13935.1274882564,0,0,0
59579,1528806,14026.3574159073,13935.1274882564,0,0,0
59580,1528806,14026.3574159073,13935.1274882564,0,0,0
59581,1528806,14026.3574159073,13935.1274882564,0,0,0
59582,1528806,14026.3574159073,13935.1274882564,0,0,0
59583,1528806,14026.3574159073,13935.1274882564,0,0,0
59584,1528806,14026.3574159073,13935.1274882564,0,0,0
59585,1528806,14026.3574159073,13935.1274882564,0,0,0
59586,1528806,14026.3574159073,13935.1274882564,0,0,0
59587,1528806,14026.3574159073,13935.1274882564,0,0,0
59588,1528806,14026.3574159073,13935.1274882564,0,0,0
59589,1528806,14026.3574159073,13935.1274882564,0,0,0
59590,1528806,14026.3574159073,13935.1274882564,0,0,0
59591,1528806,14026.3574159073,13935.1274882564,0,0,0
59592,1528806,14026.3668567937,13934.9677670315,0.16,0.16,0.16
59593,1528806,14026.3939993419,13934.5085685101,0.46,0.3,0.14
59594,1528806,14026.425272278,13933.9794919528,0.53,0.07,-0.23
59595,1528806,14026.4931286486,13932.8314956493,1.15,0.62,0.55
59596,1528806,14026.5373828034,13932.0828024078,0.75,-0.4,-1.02
59597,1528806,14026.5898977337,13931.1943530947,0.9,0.15,0.55
59598,1528806,14026.6624745476,13929.9664961787,1.23,0.33,0.18
59599,1528806,14026.7084988685,13929.1878552076,0.78,-0.45,-0.78
59600,1528806,14026.7545231895,13928.4092142365,0.78,0,0.45
59601,1528806,14026.811758563,13927.4409043109,0.97,0.19,0.19
59602,1528806,14026.8412613329,13926.9417754833,0.5,-0.47,-0.66
59603,1528806,14026.8560127178,13926.6922110694,0.25,-0.25,0.22
59604,1528806,14026.8666337149,13926.5125246915,0.18,-0.07,0.18
59605,1528806,14026.8707641027,13926.4426466556,0.07,-0.11,-0.04
59606,1528806,14026.8725342689,13926.412698926,0.04,-0.03,0.08
59607,1528806,14026.8731243243,13926.4027163494,0.01,-0.03,6.93889390390723e-18
59608,1528806,14026.8731243243,13926.4027163494,0,-0.01,0.02
59609,1528806,14026.8731243243,13926.4027163494,0,0,0.01
59610,1528806,14026.8731243243,13926.4027163494,0,0,0
59611,1528806,14026.8731243243,13926.4027163494,0,0,0
59612,1528806,14026.8731243243,13926.4027163494,0,0,0
59613,1528806,14026.8731243243,13926.4027163494,0,0,0
59614,1528806,14026.8731243243,13926.4027163494,0,0,0
59615,1528806,14026.8731243243,13926.4027163494,0,0,0
59616,1528806,14026.8731243243,13926.4027163494,0,0,0
59617,1528806,14026.8731243243,13926.4027163494,0,0,0
59618,1528806,14026.8731243243,13926.4027163494,0,0,0
59619,1528806,14026.8731243243,13926.4027163494,0,0,0
59620,1528806,14026.8731243243,13926.4027163494,0,0,0
59621,1528806,14026.8731243243,13926.4027163494,0,0,0
59622,1528806,14026.8731243243,13926.4027163494,0,0,0
59623,1528806,14026.8731243243,13926.4027163494,0,0,0
59624,1528806,14026.8731243243,13926.4027163494,0,0,0
59625,1528806,14026.8731243243,13926.4027163494,0,0,0
59626,1528806,14026.8731243243,13926.4027163494,0,0,0
59627,1528806,14026.8731243243,13926.4027163494,0,0,0
59628,1528806,14026.8731243243,13926.4027163494,0,0,0
59629,1528806,14026.8731243243,13926.4027163494,0,0,0
59630,1528806,14026.8731243243,13926.4027163494,0,0,0
59631,1528806,14026.8731243243,13926.4027163494,0,0,0
59632,1528806,14026.8731243243,13926.4027163494,0,0,0
59633,1528806,14026.8731243243,13926.4027163494,0,0,0
59634,1528806,14026.8731243243,13926.4027163494,0,0,0
59635,1528806,14026.8731243243,13926.4027163494,0,0,0
59636,1528806,14026.8731243243,13926.4027163494,0,0,0
59637,1528806,14026.8731243243,13926.4027163494,0,0,0
59638,1528806,14026.8731243243,13926.4027163494,0,0,0
59639,1528806,14026.8731243243,13926.4027163494,0,0,0
59640,1528806,14026.8731243243,13926.4027163494,0,0,0
59641,1528806,14026.8731243243,13926.4027163494,0,0,0
59642,1528806,14026.8731243243,13926.4027163494,0,0,0
59643,1528806,14026.8731243243,13926.4027163494,0,0,0
59644,1528806,14026.8731243243,13926.4027163494,0,0,0
59645,1528806,14026.8731243243,13926.4027163494,0,0,0
59646,1528806,14026.8731243243,13926.4027163494,0,0,0
59647,1528806,14026.8731243243,13926.4027163494,0,0,0
59648,1528806,14026.8731243243,13926.4027163494,0,0,0
59649,1528806,14026.8731243243,13926.4027163494,0,0,0
59650,1528806,14026.8731243243,13926.4027163494,0,0,0
59651,1528806,14026.8748944905,13926.3727686198,0.02,0.02,0.02
59652,1528806,14026.8760746013,13926.3528034666,0.02,0,-0.02
59653,1528806,14026.8778447675,13926.322855737,0.03,0.01,0.01
59654,1528806,14026.8802049891,13926.2829254308,0.04,0.01,3.46944695195361e-18
59655,1528806,14026.8849254322,13926.2030648184,0.08,0.04,0.03
59656,1528806,14026.88905582,13926.1331867825,0.07,-0.01,-0.05
59657,1528806,14026.8925961524,13926.0732913232,0.06,-0.01,-1.38777878078145e-17
59658,1528806,14026.8943663186,13926.0433435935,0.03,-0.03,-0.02
59659,1528806,14026.897906651,13925.9834481342,0.06,0.03,0.06
59660,1528806,14026.8984967064,13925.9734655576,0.01,-0.05,-0.08
59661,1528806,14026.8990867618,13925.9634829811,0.01,0,0.05
59662,1528806,14026.9014469834,13925.9235526749,0.03,0.02,0.02
59663,1528806,14026.9061674265,13925.8436920625,0.09,0.06,0.04
59664,1528806,14026.9138381467,13925.7139185673,0.12,0.03,-0.03
59665,1528806,14026.9161983683,13925.6739882611,0.05,-0.07,-0.1
59666,1528806,14026.9209188115,13925.5941276487,0.07,0.02,0.09
59667,1528806,14026.932129864,13925.4044586942,0.2,0.13,0.11
59668,1528806,14026.9403906396,13925.2647026224,0.14,-0.06,-0.19
59669,1528806,14026.9510116367,13925.0850162445,0.18,0.04,0.1
59670,1528806,14026.9651729662,13924.8454344072,0.24,0.06,0.02
59671,1528806,14026.9864149605,13924.4860616513,0.36,0.12,0.06
59672,1528806,14027.0147376196,13924.0068979768,0.48,0.12,0
59673,1528806,14027.0684326607,13923.0984835105,0.91,0.43,0.31
59674,1528806,14027.0979354306,13922.5993546829,0.49,-0.42,-0.85
59675,1528806,14027.1315685882,13922.0303478194,0.58,0.09,0.51
59676,1528806,14027.1834934631,13921.1518810827,0.87,0.29,0.2
59677,1528806,14027.2454492798,13920.1037105447,1.06,0.19,-0.1
59678,1528806,14027.284392936,13919.4448604923,0.66,-0.4,-0.59
59679,1528806,14027.6289771014,13917.5160909728,1.96,1.3,1.7
59680,1528806,14027.8543591279,13916.2967456804,1.23,-0.73,-2.03
59681,1528806,14028.0470244085,13915.2544021239,1.06,-0.17,0.56
59682,1528806,14028.3069407777,13913.8482216657,1.43,0.37,0.54
59683,1528806,14028.4578013277,13913.0320469942,0.83,-0.6,-0.97
59684,1528806,14028.4887004765,13912.864878688,0.17,-0.66,-0.0599999999999999
59685,1528806,14028.5068764464,13912.7665443902,0.11,-0.06,0.6
59686,1528806,14028.5068764464,13912.7665443902,0,-0.11,-0.05
59687,1528806,14028.5068764464,13912.7665443902,0,0,0.11
59688,1528806,14028.5068764464,13912.7665443902,0,0,0
59689,1528806,14028.5068764464,13912.7665443902,0,0,0
59690,1528806,14028.5068764464,13912.7665443902,0,0,0
59691,1528806,14028.5068764464,13912.7665443902,0,0,0
59692,1528806,14028.5068764464,13912.7665443902,0,0,0
59693,1528806,14028.5068764464,13912.7665443902,0,0,0
59694,1528806,14028.5068764464,13912.7665443902,0,0,0
59695,1528806,14028.5068764464,13912.7665443902,0,0,0
59696,1528806,14028.5068764464,13912.7665443902,0,0,0
59697,1528806,14028.5068764464,13912.7665443902,0,0,0
59698,1528806,14028.5068764464,13912.7665443902,0,0,0
59699,1528806,14028.5068764464,13912.7665443902,0,0,0
59700,1528806,14028.5068764464,13912.7665443902,0,0,0
59701,1528806,14028.5068764464,13912.7665443902,0,0,0
59702,1528806,14028.5068764464,13912.7665443902,0,0,0
59703,1528806,14028.5068764464,13912.7665443902,0,0,0
59704,1528806,14028.5068764464,13912.7665443902,0,0,0
59705,1528806,14028.5068764464,13912.7665443902,0,0,0
59706,1528806,14028.5068764464,13912.7665443902,0,0,0
59707,1528806,14028.5068764464,13912.7665443902,0,0,0
59708,1528806,14028.5068764464,13912.7665443902,0,0,0
59709,1528806,14028.5068764464,13912.7665443902,0,0,0
59710,1528806,14028.5068764464,13912.7665443902,0,0,0
59711,1528806,14028.5068764464,13912.7665443902,0,0,0
59712,1528806,14028.5068764464,13912.7665443902,0,0,0
59713,1528806,14028.5068764464,13912.7665443902,0,0,0
59714,1528806,14028.5068764464,13912.7665443902,0,0,0
59715,1528806,14028.5068764464,13912.7665443902,0,0,0
59716,1528806,14028.5068764464,13912.7665443902,0,0,0
59717,1528806,14028.5068764464,13912.7665443902,0,0,0
59718,1528806,14028.5068764464,13912.7665443902,0,0,0
59719,1528806,14028.5068764464,13912.7665443902,0,0,0
59720,1528806,14028.5068764464,13912.7665443902,0,0,0
59721,1528806,14028.5068764464,13912.7665443902,0,0,0
59722,1528806,14028.5068764464,13912.7665443902,0,0,0
59723,1528806,14028.5068764464,13912.7665443902,0,0,0
59724,1528806,14028.5068764464,13912.7665443902,0,0,0
59725,1528806,14028.5068764464,13912.7665443902,0,0,0
59726,1528806,14028.5068764464,13912.7665443902,0,0,0
59727,1528806,14028.5068764464,13912.7665443902,0,0,0
59728,1528806,14028.5068764464,13912.7665443902,0,0,0
59729,1528806,14028.5068764464,13912.7665443902,0,0,0
59730,1528806,14028.6213850566,13912.1470383142,0.63,0.63,0.63
59731,1528806,14028.9485525143,13910.3770209542,1.79,1.16,0.53
59732,1528806,14029.5828938629,13906.9451539619,3.5,1.71,0.55
59733,1528806,14030.5462202663,13901.7334361797,5.3,1.8,0.0899999999999999
59734,1528806,14042.886017013,13886.6686554411,6.7,1.4,-0.399999999999999
59735,1528806,14050.8029531587,13883.4399371095,8.55,1.85,0.45
59736,1528806,14059.6341851952,13880.2252983783,9.48,0.93,-0.920000000000001
59737,1528806,14066.0033408502,13880.8528780479,6.41,-3.07,-4
59738,1528806,14069.4765210434,13881.1951050865,3.48,-2.93,0.14
59739,1528806,14070.4219425859,13881.2882614437,0.95,-2.53,0.4
59740,1528806,14071.2578942656,13881.3706312754,0.84,-0.11,2.42
59741,1528806,14073.5667131906,13881.5981289056,2.32,1.48,1.59
59742,1528806,14077.1195078294,13881.94820069,3.57,1.25,-0.23
59743,1528806,14078.8312184117,13882.1168627262,1.72,-1.85,-3.1
59744,1528806,14079.5278448115,13882.1855042526,0.7,-1.02,0.83
59745,1528806,14080.0453387085,13882.2364951008,0.51,-0.19,0.83
59746,1528806,14080.1946157941,13882.2512039993,0.16,-0.35,-0.16
59747,1528806,14080.2145194056,13882.2531651857,0.02,-0.14,0.21
59748,1528806,14080.2145194056,13882.2531651857,0,-0.02,0.12
59749,1528806,14080.2145194056,13882.2531651857,0,0,0.02
59750,1528806,14080.2145194056,13882.2531651857,0,0,0
59751,1528806,14080.2145194056,13882.2531651857,0,0,0
59752,1528806,14080.2145194056,13882.2531651857,0,0,0
59753,1528806,14080.2145194056,13882.2531651857,0,0,0
59754,1528806,14080.2145194056,13882.2531651857,0,0,0
59755,1528806,14080.2145194056,13882.2531651857,0,0,0
59756,1528806,14080.2145194056,13882.2531651857,0,0,0
59757,1528806,14080.2145194056,13882.2531651857,0,0,0
59758,1528806,14080.2145194056,13882.2531651857,0,0,0
59759,1528806,14080.2145194056,13882.2531651857,0,0,0
59760,1528806,14080.2145194056,13882.2531651857,0,0,0
59761,1528806,14080.2145194056,13882.2531651857,0,0,0
59762,1528806,14080.2145194056,13882.2531651857,0,0,0
59763,1528806,14080.2145194056,13882.2531651857,0,0,0
59764,1528806,14080.2145194056,13882.2531651857,0,0,0
59765,1528806,14080.2145194056,13882.2531651857,0,0,0
59766,1528806,14080.2145194056,13882.2531651857,0,0,0
59767,1528806,14080.2145194056,13882.2531651857,0,0,0
59768,1528806,14080.2145194056,13882.2531651857,0,0,0
59769,1528806,14080.2145194056,13882.2531651857,0,0,0
59770,1528806,14080.4135555198,13882.2727770504,0.2,0.2,0.2
59771,1528806,14081.5580131765,13882.3855452723,1.15,0.95,0.75
59772,1528806,14082.264591382,13882.4551673919,0.71,-0.44,-1.39
59773,1528806,14083.6781713759,13882.5896434422,1.42,0.71,1.15
59774,1528806,14084.5653964144,13882.6598697273,0.89,-0.53,-1.24
59775,1528806,14086.7086928556,13882.8295174947,2.15,1.26,1.79
59776,1528806,14088.4233300086,13882.9652357086,1.72,-0.43,-1.69
59777,1528806,14091.2943503578,13883.1924848109,2.88,1.16,1.59
59778,1528806,14095.4807881733,13883.3053215466,4.2,1.32,0.16
59779,1528806,14101.5863693102,13883.4670899006,6.11,1.91,0.59
59780,1528806,14106.1061231431,13883.7715981759,4.52,-1.59,-3.5
59781,1528806,14110.2467364779,13884.0505627106,4.15,-0.369999999999999,1.22
59782,1528806,14115.1955177166,13884.383975745,4.96,0.81,1.18
59783,1528806,14119.5755882082,13884.6790731685,4.39,-0.57,-1.38
59784,1528806,14122.8282145868,13884.8982115741,3.27,-1.12,-0.549999999999999
59785,1528806,14125.5420623629,13885.08105098,2.72,-0.55,0.57
59786,1528806,14127.9865208377,13885.2457408861,2.45,-0.27,0.28
59787,1528806,14129.0341458983,13885.3163222744,1.06,-1.39,-1.12
59788,1528806,14130.0717935773,13885.386231459,1.03,-0.03,1.36
59789,1528806,14131.5883555699,13885.4884064212,1.52,0.49,0.52
59790,1528806,14132.7756639719,13885.5683986612,1.2,-0.32,-0.81
59791,1528806,14134.3834240761,13885.6452248799,1.6,0.4,0.72
59792,1528806,14135.723101206,13885.6746389486,1.34,-0.26,-0.66
59793,1528806,14136.7428554393,13885.6970287621,1.02,-0.32,-0.0600000000000001
59794,1528806,14136.9328096592,13885.7011994137,0.18,-0.84,-0.52
59795,1528806,14137.0727759265,13885.7042725253,0.14,-0.04,0.8
59796,1528806,14137.2527325559,13885.7082236689,0.18,0.04,0.08
59797,1528806,14137.272727737,13885.7086626848,0.02,-0.16,-0.2
59798,1528806,14137.2827253275,13885.7088821928,0.01,-0.01,0.15
59799,1528806,14137.2827253275,13885.7088821928,0,-0.01,0
59800,1528806,14137.2827253275,13885.7088821928,0,0,0.01
59801,1528806,14137.2827253275,13885.7088821928,0,0,0
59802,1528806,14137.2827253275,13885.7088821928,0,0,0
59803,1528806,14137.2827253275,13885.7088821928,0,0,0
59804,1528806,14137.2827253275,13885.7088821928,0,0,0
59805,1528806,14137.2827253275,13885.7088821928,0,0,0
59806,1528806,14137.2827253275,13885.7088821928,0,0,0
59807,1528806,14137.2827253275,13885.7088821928,0,0,0
59808,1528806,14137.2827253275,13885.7088821928,0,0,0
59809,1528806,14137.2827253275,13885.7088821928,0,0,0
59810,1528806,14137.2827253275,13885.7088821928,0,0,0
59811,1528806,14137.2827253275,13885.7088821928,0,0,0
59812,1528806,14137.4326891853,13885.7121748125,0.16,0.16,0.16
59813,1528806,14137.8625855778,13885.7216136554,0.42,0.26,0.1
59814,1528806,14138.2424940176,13885.7299549585,0.38,-0.04,-0.3
59815,1528806,14138.6823880006,13885.7396133094,0.45,0.07,0.11
59816,1528806,14139.9220892254,13885.7668322984,1.24,0.79,0.72
59817,1528806,14140.9818338207,13885.7901001438,1.06,-0.18,-0.97
59818,1528806,14141.9116097393,13885.8105143855,0.93,-0.13,0.0499999999999999
59819,1528806,14143.0413374683,13885.8353187867,1.12,0.19,0.32
59820,1528806,14143.6211977186,13885.8480502493,0.59,-0.53,-0.72
59821,1528806,14143.71,13885.85,0.49,-0.1,0.43
59822,1528806,14147.1899625005,13885.8378790243,0.35,-0.14,-0.04
59823,1528806,14147.4098250022,13885.8301021132,0.23,-0.12,0.02
59824,1528806,14147.4697875026,13885.8279811375,0.06,-0.17,-0.05
59825,1528806,14147.5097625029,13885.8265671537,0.03,-0.03,0.14
59826,1528806,14147.5097625029,13885.8265671537,0,-0.03,0
59827,1528806,14147.5097625029,13885.8265671537,0,0,0.03
59828,1528806,14147.7895875051,13885.8166692669,0.28,0.28,0.28
59829,1528806,14148.4591687603,13885.7929850379,0.67,0.39,0.11
59830,1528806,14149.458543768,13885.7576354423,1,0.33,-0.0600000000000001
59831,1528806,14150.228062524,13885.7304162536,0.77,-0.23,-0.56
59832,1528806,14152.9863375453,13885.6328513698,2.76,1.99,2.22
59833,1528806,14154.1256250542,13885.5925528308,1.14,-1.62,-3.61
59834,1528806,14155.4747813146,13885.5448308768,1.35,0.21,1.83
59835,1528806,14155.654668816,13885.5384679496,0.17,-1.18,-1.39
59836,1528806,14155.8045750672,13885.5331655102,0.15,-0.02,1.16
59837,1528806,14155.8345563174,13885.5321050223,0.02,-0.13,-0.11
59838,1528806,14155.8345563174,13885.5321050223,0,-0.02,0.11
59839,1528806,14155.8345563174,13885.5321050223,0,0,0.02
59840,1528806,14155.8345563174,13885.5321050223,0,0,0
59841,1528806,14156.6540438237,13885.503118354,0.83,0.83,0.83
59842,1528806,14158.6428000891,13885.4327726587,1.99,1.16,0.33
59843,1528806,14160.3317438522,13885.3730318422,1.69,-0.3,-1.46
59844,1528806,14161.1612251086,13885.3436916778,0.82,-0.87,-0.57
59845,1528806,14162.4304313685,13885.2987976914,1.28,0.46,1.33
59846,1528806,14166.6378988866,13884.6125971357,2.68,1.4,0.94
59847,1528806,14168.1727364452,13884.1974180551,1.6,-1.08,-2.48
59848,1528806,14169.8234108006,13883.7509047043,1.71,0.11,1.19
59849,1528806,14172.6042501978,13882.7889553953,2.96,1.25,1.14
59850,1528806,14173.9348076767,13882.0540970446,1.51,-1.45,-2.7
59851,1528806,14176.0094269035,13880.9082981689,2.37,0.86,2.31
59852,1528806,14176.6747056429,13880.5408689936,0.76,-1.61,-2.47
59853,1528806,14177.9094450195,13879.7488889565,1.48,0.72,2.33
59854,1528806,14179.7538825397,13878.3916306046,2.29,0.81,0.0900000000000001
59855,1528806,14181.6305373092,13877.0106646832,2.33,0.04,-0.77
59856,1528806,14182.4359685408,13876.4179754466,1,-1.33,-1.37
59857,1528806,14183.1608566492,13875.8845551336,0.9,-0.1,1.23
59858,1528806,14184.8039363616,13874.6754690908,2.05,1.15,1.25
59859,1528806,14187.7276517321,13872.5240071618,3.62,1.57,0.42
59860,1528806,14194.7380415278,13865.8848315749,1.33,-2.29,-3.86
59861,1528806,14195.5866818826,13864.9807245303,1.25,-0.0800000000000001,2.21
59862,1528806,14195.7,13864.86,0.26,-0.99,-0.91
59863,1528806,14199.8687351662,13865.5996390858,1.64,1.38,2.37
59864,1528806,14204.1986156419,13877.5483188657,3.41,1.77,0.39
59865,1528806,14204.5244854108,13878.661606292,1.16,-2.25,-4.02
59866,1528806,14205.2324093917,13881.0801272527,2.52,1.36,3.61
59867,1528806,14205.5554699385,13882.1838173736,1.16,-1.36,-2.72
59868,1528806,14205.8251552646,13883.105158692,0.95,-0.21,1.15
59869,1528806,14206.3000914119,13884.4527361475,1.43,0.48,0.69
59870,1528806,14207.0762287324,13886.4577575588,2.15,0.72,0.24
59871,1528806,14207.7621175273,13888.2296369455,1.89,-0.26,-0.98
59872,1528806,14208.2963887991,13889.609837731,1.48,-0.41,-0.15
59873,1528806,14209.0039372401,13891.4376712036,1.96,0.48,0.89
59874,1528806,14209.3360518145,13892.295633854,0.93,-1.03,-1.51
59875,1528806,14209.8811529093,13893.7038116824,1.51,0.58,1.61
59876,1528806,14210.5092826478,13895.3264801734,1.73,0.22,-0.36
59877,1528806,14211.104922917,13896.8652175355,1.65,-0.0800000000000001,-0.3
59878,1528806,14211.5561655452,13898.0309276584,1.25,-0.4,-0.32
59879,1528806,14212.0218479375,13899.2339405052,1.29,0.04,0.44
59880,1528806,14212.6066583836,13900.7447008244,1.63,0.34,0.3
59881,1528806,14213.281428084,13902.1254138622,1.54,-0.0899999999999999,-0.43
59882,1528806,14213.7447871453,13902.9661863524,0.96,-0.58,-0.49
59883,1528806,14226.2291701568,13918.3656406662,1.34,0.38,0.96
59884,1528806,14227.5484104191,13919.2168193374,1.57,0.23,-0.15
59885,1528806,14228.8928590941,13920.0842625693,1.6,0.03,-0.2
59886,1528806,14229.9011956003,13920.7348449931,1.2,-0.4,-0.43
59887,1528806,14231.3716863386,13921.6836110279,1.75,0.55,0.95
59888,1528806,14232.8169686641,13922.6161125021,1.72,-0.03,-0.58
59889,1528806,14233.9429444294,13923.3425962087,1.34,-0.38,-0.35
59890,1528806,14235.3378099297,13924.2425685617,1.67,0.33,0.71
59891,1528806,14236.4133688696,13924.9365231472,1.27,-0.4,-0.73
59892,1528806,14237.4889278096,13925.6304777326,1.29,0.02,0.42
59893,1528806,14238.4048334694,13926.2214234343,1.09,-0.2,-0.22
59894,1528806,14239.5644204516,13926.9695932217,1.38,0.29,0.49
59895,1528806,14240.2114363764,13927.387050277,0.76,-0.62,-0.91
59896,1528806,14240.8981978103,13927.8704784998,0.84,0.08,0.7
59897,1528806,14241.9219679951,13928.6049814668,1.26,0.42,0.34
59898,1528806,14242.4826040488,13929.0072092821,0.69,-0.57,-0.99
59899,1528806,14243.4494981123,13929.7009065287,1.19,0.5,1.07
59900,1528806,14244.2457638116,13930.2721866142,0.98,-0.21,-0.71
59901,1528806,14245.1964075547,13930.9542250836,1.16,0.18,0.39
59902,1528806,14246.772688633,13932.0851264772,1.94,0.78,0.6
59903,1528806,14247.7477078567,13932.7846531125,1.21,-0.73,-1.51
59904,1528806,14248.6496006387,13933.4317152501,1.11,-0.0999999999999999,0.63
59905,1528806,14250.3071333189,13934.62091053,2.04,0.93,1.03
59906,1528806,14251.5340325088,13935.5011482127,1.51,-0.53,-1.46
59907,1528806,14253.5498894159,13936.8758295472,2.44,0.93,1.46
59908,1528806,14254.8811428196,13937.7812931717,1.61,-0.83,-1.76
59909,1528806,14256.9979184179,13939.2210365747,2.55,0.94,1.77
59910,1528806,14259.6273506064,13941.0094678331,3.18,0.63,-0.309999999999999
59911,1528806,14261.8846933343,13942.5448191964,2.73,-0.45,-1.08
59912,1528806,14264.6361721919,13944.3835934646,3.31,0.58,1.03
59913,1528806,14267.4833883716,13946.0911531343,3.31,0,-0.58
59914,1528806,14269.3958257454,13947.2380983341,2.23,-1.08,-1.08
59915,1528806,14272.8605104943,13949.3159721491,4.04,1.81,2.89
59916,1528806,14275.6476950077,13950.9875290546,3.25,-0.79,-2.6
59917,1528806,14279.0810142853,13953.0393801272,4,0.75,1.54
59918,1528806,14282.0903043642,13954.4884395537,3.34,-0.66,-1.41
59919,1528806,14285.3788998096,13956.0719925198,3.65,0.31,0.97
59920,1528806,14288.802643013,13957.720623005,3.8,0.15,-0.16
59921,1528806,14291.7488641381,13959.1393129226,3.27,-0.53,-0.68
59922,1528806,14294.7790381979,13960.5900416485,3.36,0.0899999999999999,0.62
59923,1528806,14298.3110715412,13961.7890581045,3.73,0.37,0.28
59924,1528806,14301.6253119438,13962.91414057,3.51,-0.22,-0.59
59925,1528806,14304.3524583322,13963.8399227129,2.87,-0.64,-0.419999999999999
59926,1528806,14306.9849121376,13964.7335596426,2.78,-0.0900000000000003,0.549999999999999
59927,1528806,14310.0245440497,13965.7654209895,3.21,0.43,0.52
59928,1528806,14313.4334770352,13966.9226486682,3.6,0.39,-0.04
59929,1528806,14316.6530248548,13968.0155859203,3.4,-0.2,-0.59
59930,1528806,14319.1182788691,13968.7281237984,2.57,-0.83,-0.63
59931,1528806,14321.2963269309,13969.2066701811,2.23,-0.34,0.49
59932,1528806,14324.4120100328,13969.8912275626,3.18,0.95,1.29
59933,1528806,14327.6546645464,13970.6036822668,3.32,0.14,-0.81
59934,1528806,14331.0340575033,13971.3461802417,3.46,0.14,4.44089209850063e-16
59935,1528806,14333.0069979001,13971.7796617184,2.02,-1.44,-1.58
59936,1528806,14336.1422150653,13972.4685109957,3.21,1.19,2.63
59937,1528806,14339.6192783389,13973.2324684496,3.56,0.35,-0.84
59938,1528806,14342.0821909098,13973.7101718417,2.5,-1.06,-1.41
59939,1528806,14345.0371458298,13974.1666161655,2.99,0.49,1.55
59940,1528806,14346.6183926097,13974.4108673087,1.6,-1.39,-1.88
59941,1528806,14348.7234273855,13974.7360266431,2.13,0.53,1.92
59942,1528806,14351.7772102293,13975.2077366634,3.1,0.97,0.44
59943,1528806,14354.4949781323,13975.6275433157,2.74,-0.36,-1.33
59944,1528806,14355.9675141961,13975.8550021928,1.5,-1.24,-0.88
59945,1528806,14358.6161025525,13976.2641228577,2.68,1.18,2.42
59946,1528806,14360.4543019341,13976.5480648116,1.86,-0.82,-2
59947,1528806,14361.897020434,13976.6786441339,1.45,-0.41,0.41
59948,1528806,14364.9415409441,13976.8613867483,3.05,1.6,2.01
59949,1528806,14367.0277861462,13976.986610376,2.09,-0.96,-2.56
59950,1528806,14368.8744625212,13977.0974542568,1.85,-0.24,0.72
59951,1528806,14370.7111568618,13977.2076989816,1.84,-0.01,0.23
59952,1528806,14372.8972224084,13977.3389141704,2.19,0.35,0.36
59953,1528806,14374.6141323355,13977.4419690218,1.72,-0.47,-0.82
59954,1528806,14377.0597307781,13977.5887622694,2.45,0.73,1.2
59955,1528806,14378.2975030511,13977.6630576275,1.24,-1.21,-1.94
59956,1528806,14380.2839279085,13977.7822896939,1.99,0.75,1.96
59957,1528806,14382.4500293863,13977.9123065704,2.16,0.17,-0.58
59958,1528806,14384.2667596579,13978.021352983,1.82,-0.34,-0.51
59959,1528806,14386.4228791012,13978.1507707034,2.16,0.34,0.68
59960,1528806,14387.9002202012,13978.2394458081,1.48,-0.68,-1.02
59961,1528806,14389.6470762316,13978.3442981279,1.75,0.27,0.95
59962,1528806,14390.5155132296,13978.3964247097,0.87,-0.88,-1.15
59963,1528806,14391.763267537,13978.4713192238,1.25,0.38,1.26
59964,1528806,14392.9012194654,13978.5396230207,1.13,-0.12,-0.5
59965,1528806,14394.238812083,13978.6199099398,1.34,0.21,0.33
59966,1528806,14395.8159735276,13978.7145766056,1.58,0.24,0.0299999999999998
59967,1528806,14396.8241590081,13978.7750913731,1.01,-0.57,-0.81
59968,1528806,14398.1817156946,13978.8565766044,1.36,0.35,0.92
59969,1528806,14399.7389130703,13978.950044958,1.56,0.2,-0.15
59970,1528806,14400.6472782061,13979.0045681643,0.91,-0.65,-0.85
59971,1528806,14401.7752481,13979.0722728051,1.13,0.22,0.87
59972,1528806,14402.6935952703,13979.1273951675,0.92,-0.21,-0.43
59973,1528806,14403.3623915791,13979.167538627,0.67,-0.25,-0.0400000000000001
59974,1528806,14403.9014214399,13979.1998930571,0.54,-0.13,0.12
59975,1528806,14404.5901818176,13979.2412348289,0.69,0.15,0.28
