"V1","V2","V3","V4","V5","acceleration","jerk"
68592,"1529795#1",14040.6447151016,14271.0193391301,12.44,1.07,0
68593,"1529795#1",14041.3303809624,14257.5267499669,13.51,1.07,0
68594,"1529795#1",14042.0353297148,14243.6746762187,13.86,0.35,-0.720000000000001
68595,"1529795#1",14044.2088888965,14211.7000020576,13.47,-0.389999999999999,-0.739999999999998
68596,"1529795#1",14044.4402926955,14198.0445831726,13.66,0.19,0.579999999999998
68597,"1529795#1",14044.1977780722,14184.9868350261,13.06,-0.6,-0.789999999999999
68598,"1529795#1",14043.7396178207,14171.7573348311,13.24,0.18,0.779999999999999
68599,"1529795#1",14042.925728796,14157.9312694235,13.85,0.609999999999999,0.43
68600,"1529795#1",14033.7861528912,14140.2700836311,13.2,-0.65,-1.26
68601,"1529795#1",14032.7997192278,14126.763778793,13.57,0.370000000000001,1.02
68602,"1529795#1",14030.9621389057,14113.227941229,13.66,0.0899999999999999,-0.280000000000001
68603,"1529795#1",14026.5798866957,14100.2883576342,13.88,0.220000000000001,0.130000000000001
68604,"1529795#1",14023.7691592887,14087.6253539156,13.28,-0.600000000000001,-0.820000000000002
68605,"1529795#1",14023.391054734,14074.4840311043,13.15,-0.129999999999999,0.470000000000002
68606,"1529795#1",14023.3089956349,14060.944279766,13.54,0.389999999999999,0.519999999999998
68607,"1529795#1",14023.2308758575,14048.0545164904,12.89,-0.649999999999999,-1.04
68608,"1529795#1",14023.5316161682,14035.0800051215,12.98,0.0899999999999999,0.739999999999998
68609,"1529795#1",14023.0307701077,14023.1563182786,11.95,-1.03,-1.12
68610,"1529795#1",14023.2107436045,14013.9493655239,9.2,-2.75,-1.72
68611,"1529795#1",14023.2494617593,14008.7095085693,5.25,-3.95,-1.2
68612,"1529795#1",14023.346840217,14005.6916650896,3.03,-2.22,1.73
68613,"1529795#1",14027.9830671112,13992.2234769014,4.43,1.4,3.62
68614,"1529795#1",14029.6492006166,13986.0386324594,6.46,2.03,0.63
68615,"1529795#1",14029.2042640208,13973.5351191369,7.75,1.29,-0.74
68616,"1529795#1",14027.3220725923,13964.3458996148,9.38,1.63,0.340000000000001
68617,"1529795#1",14026.4522438883,13953.1034314598,11.32,1.94,0.309999999999999
68618,"1529795#1",14026.0702622677,13939.9989974758,13.1,1.78,-0.16
68619,"1529795#1",14026.8595530502,13926.6323156101,13.4,0.300000000000001,-1.48
68620,"1529795#1",14028.3396575235,13913.6712199297,13.06,-0.34,-0.640000000000001
68621,"1529795#1",14030.6952632192,13900.927094938,12.96,-0.0999999999999996,0.24
68622,"1529795#1",14049.8121786937,13883.8439989358,13.36,0.399999999999999,0.499999999999998
68623,"1529795#1",14062.4206907942,13880.4998644838,13.35,-0.00999999999999979,-0.409999999999998
68624,"1529795#1",14075.4575562757,13881.78444162,13.1,-0.25,-0.24
68625,"1529795#1",14088.2638288781,13882.9526107585,12.87,-0.23,0.0199999999999996
68626,"1529795#1",14101.5464597841,13883.4644010858,13.3,0.430000000000001,0.660000000000002
68627,"1529795#1",14114.8961962708,13884.363809634,13.38,0.0800000000000001,-0.350000000000001
68628,"1529795#1",14128.6849375447,13885.292795145,13.82,0.44,0.359999999999999
68629,"1529795#1",14142.3315085412,13885.8197337205,13.66,-0.16,-0.6
68630,"1529795#1",14157.9632250839,13885.4568103837,12.91,-0.75,-0.59
68631,"1529795#1",14161.6609126125,13885.32601688,3.7,-9.21,-8.46
68632,"1529795#1",14162.9301188723,13885.2811228936,1.27,-2.43,6.78
68633,"1529795#1",14163.1999501244,13885.2715785028,0.27,-1,1.43
68634,"1529795#1",14163.2898938751,13885.2683970392,0.09,-0.18,0.82
68635,"1529795#1",14163.3198751254,13885.2673365513,0.03,-0.06,0.12
68636,"1529795#1",14163.3298688754,13885.2669830554,0.01,-0.02,0.04
68637,"1529795#1",14163.3298688754,13885.2669830554,0,-0.01,0.01
68638,"1529795#1",14163.3298688754,13885.2669830554,0,0,0.01
68639,"1529795#1",14163.3298688754,13885.2669830554,0,0,0
68640,"1529795#1",14166.8888786132,13884.5447062169,2.06,2.06,2.06
68641,"1529795#1",14170.8273297068,13883.479341029,4.08,2.02,-0.04
68642,"1529795#1",14175.9831659006,13880.9228019521,5.77,1.69,-0.330000000000001
68643,"1529795#1",14182.1299046728,13876.6431973565,7.5,1.73,0.0400000000000009
68644,"1529795#1",14195.1760494529,13865.4181956809,8.92,1.42,-0.31
68645,"1529795#1",14205.6762664908,13882.5965015058,11.16,2.24,0.82
68646,"1529795#1",14210.3865446529,13895.00940702,13.28,2.12,-0.120000000000001
68647,"1529795#1",14229.3802217388,13920.3987107408,13.74,0.460000000000001,-1.66
68648,"1529795#1",14240.9225732909,13927.8879666657,13.76,0.0199999999999996,-0.440000000000001
68649,"1529795#1",14251.9292330985,13935.7735260043,13.54,-0.220000000000001,-0.24
68650,"1529795#1",14263.0340363349,13943.3265548722,13.44,-0.0999999999999996,0.120000000000001
68651,"1529795#1",14274.4727895359,13950.2829035283,13.39,-0.0499999999999989,0.0500000000000007
68652,"1529795#1",14285.9825597955,13956.3626721053,13.03,-0.360000000000001,-0.310000000000002
68653,"1529795#1",14298.367887091,13961.8083452325,13.55,0.520000000000001,0.880000000000003
68654,"1529795#1",14311.3028939193,13966.199381369,13.66,0.109999999999999,-0.410000000000002
68655,"1529795#1",14324.0506298611,13969.8118274901,13.27,-0.390000000000001,-0.5
68656,"1529795#1",14337.0700830737,13972.6723760466,13.33,0.0600000000000005,0.450000000000001
68657,"1529795#1",14350.4627988434,13975.0047029006,13.6,0.27,0.209999999999999
68658,"1529795#1",14363.8035890157,13976.7930829515,13.47,-0.129999999999999,-0.399999999999999
68659,"1529795#1",14379.1200488893,13974.4219447901,13.46,-0.00999999999999979,0.119999999999999
68660,"1529795#1",14392.5159605461,13975.225655485,13.41,-0.0500000000000007,-0.0400000000000009
