"V1","V2","V3","V4","V5","acceleration","jerk"
60969,1536090,14349.0890512649,14268.8782262361,19.43,-0.77,0
60970,1536090,14350.4053268344,14250.2647091417,18.66,-0.77,0
60971,1536090,14351.7300671985,14231.5314909727,18.78,0.120000000000001,0.890000000000001
60972,1536090,14353.6324102763,14212.7393401019,18.89,0.109999999999999,-0.0100000000000016
60973,1536090,14355.6771297004,14193.7390447758,19.11,0.219999999999999,0.109999999999999
60974,1536090,14357.6587206859,14175.3253624399,18.52,-0.59,-0.809999999999999
60975,1536090,14359.6434420475,14156.4997898364,18.93,0.41,1
60976,1536090,14361.5819047144,14137.2571818404,19.34,0.41,0
60977,1536090,14363.4512081652,14118.7010991555,18.66,-0.68,-1.09
60978,1536090,14365.3916754471,14099.4385918751,19.35,0.690000000000001,1.37
60979,1536090,14367.3221196541,14080.2755810166,19.26,-0.0899999999999999,-0.780000000000001
60980,1536090,14369.2655938584,14060.9832248096,19.39,0.129999999999999,0.219999999999999
60981,1536090,14370.5095947481,14042.2965107212,18.73,-0.66,-0.789999999999999
60982,1536090,14371.6278398503,14023.810301594,18.52,-0.210000000000001,0.449999999999999
60983,1536090,14372.7766000173,14001.8801548134,18.71,0.190000000000001,0.400000000000002
60984,1536090,14372.3210006064,13982.1654184678,19.72,1.01,0.819999999999997
60985,1536090,14371.8240460766,13960.6611599082,21.51,1.79,0.780000000000005
60986,1536090,14371.2880467697,13937.4673524428,23.2,1.69,-0.100000000000005
60987,1536090,14370.7217819846,13912.9638946421,24.52,1.32,-0.369999999999997
60988,1536090,14370.1204000036,13886.9408425591,26.03,1.51,0.190000000000001
60989,1536090,14373.722632282,13848.5014588617,26.93,0.899999999999999,-0.610000000000003
60990,1536090,14372.0149611451,13793.501375866,25.73,-1.2,-2.1
60991,1536090,14371.5031458656,13772.1074971826,21.4,-4.33,-3.13
60992,1536090,14371.836306188,13753.5108460834,18.61,-2.79,1.54
60993,1536090,14372.5273856514,13738.0062400201,15.52,-3.09,-0.300000000000001
60994,1536090,14373.2901557034,13720.8932308795,17.13,1.61,4.7
60995,1536090,14371.8798184303,13692.4178431478,18.7,1.57,-0.0399999999999991
60996,1536090,14369.3654777867,13672.8890390081,19.69,0.990000000000002,-0.579999999999998
60997,1536090,14366.6927936997,13652.1303863598,20.93,1.24,0.249999999999996
60998,1536090,14363.7953640803,13629.6261422801,22.69,1.76,0.520000000000003
60999,1536090,14360.7191596057,13605.7333595617,24.09,1.4,-0.360000000000003
61000,1536090,14355.7630282825,13580.6446845816,25.59,1.5,0.100000000000001
61001,1536090,14347.6412239352,13548.5875438702,26.69,1.1,-0.399999999999999
61002,1536090,14337.6629068187,13512.5907688123,27.24,0.549999999999997,-0.550000000000004
61003,1536090,14332.5454191262,13485.4743817976,27.64,0.400000000000002,-0.149999999999995
61004,1536090,14328.3580061577,13448.6113892449,27.32,-0.32,-0.720000000000002
61005,1536090,14327.6049910175,13407.2455018562,25.47,-1.85,-1.53
61006,1536090,14329.4747020184,13374.4437140916,24.05,-1.42,0.430000000000003
61007,1536090,14330.328661596,13352.200100333,22.26,-1.79,-0.370000000000001
61008,1536090,14331.58498449,13331.1683527542,21.07,-1.19,0.599999999999998
61009,1536090,14332.1781538625,13312.7503897727,18.43,-2.64,-1.45
61010,1536090,14331.1206167569,13295.9855320623,16.69,-1.74,0.900000000000002
61011,1536090,14330.1003547801,13280.6494319877,15.37,-1.32,0.419999999999996
