"V1","V2","V3","V4","V5","acceleration","jerk"
74123,1537926,13645.5,13909.19,0,2.17,0
74124,1537926,13643.3634869294,13909.5697524182,2.17,2.17,0
74125,1537926,13639.3562942117,13910.2820069536,4.07,1.9,-0.27
74126,1537926,13633.1141315999,13911.3915140187,6.34,2.27,0.369999999999999
74127,1537926,13625.5132648233,13912.7425226216,7.72,1.38,-0.89
74128,1537926,13610.6246235115,13914.7048397162,9.01,1.29,-0.0899999999999999
74129,1537926,13600.3152907473,13914.8221340346,10.31,1.3,0.0100000000000007
74130,1537926,13587.9660900065,13914.962636928,12.35,2.04,0.739999999999998
74131,1537926,13574.2930913324,13915.7888816386,13.7,1.35,-0.69
74132,1537926,13560.9027478042,13916.6805655487,13.43,-0.27,-1.62
74133,1537926,13547.5822495849,13917.5675983503,13.34,-0.0899999999999999,0.18
74134,1537926,13533.8526574129,13918.4818733579,13.76,0.42,0.51
74135,1537926,13520.9412531465,13919.3416639537,12.94,-0.82,-1.24
74136,1537926,13507.6506886311,13920.2267034232,13.32,0.380000000000001,1.2
74137,1537926,13494.9236325034,13922.2385479448,12.89,-0.43,-0.81
74138,1537926,13482.1275822058,13924.3598819341,13.1,0.209999999999999,0.639999999999999
74139,1537926,13462.1909573924,13927.10630356,13.35,0.25,0.0400000000000009
74140,1537926,13448.9044375483,13928.9219275387,13.41,0.0600000000000005,-0.19
74141,1537926,13436.0637740748,13930.6766245382,12.95,-0.460000000000001,-0.520000000000001
74142,1537926,13422.9764399473,13934.0563589969,13.52,0.57,1.03
74143,1537926,13410.5094816951,13937.3315768428,12.89,-0.629999999999999,-1.2
74285,1537926,13504.4304431229,14274.0341280868,13.65,0.00535211267605634,0.00447431065264828
74286,1537926,13500.3454852069,14260.8316465464,13.82,0.17,0.164647887323944
74287,1537926,13518.6062138536,14250.8735006217,13.6,-0.220000000000001,-0.390000000000001
74288,1537926,13532.2885449453,14249.0000236678,13.8,0.200000000000001,0.420000000000002
74289,1537926,13545.8618929508,14247.1414694122,13.7,-0.100000000000001,-0.300000000000002
74290,1537926,13558.9695859518,14245.3466757771,13.23,-0.469999999999999,-0.369999999999997
74291,1537926,13571.9088505468,14243.574944494,13.06,-0.17,0.299999999999999
74292,1537926,13585.6109967451,14241.6987543221,13.83,0.77,0.94
74293,1537926,13599.0456390046,14239.8591925918,13.57,-0.26,-1.03
74294,1537926,13611.9948111529,14238.0861046998,13.07,-0.5,-0.24
74295,1537926,13622.9228424303,14236.5897650327,11.03,-2.04,-1.54
74296,1537926,13630.5724858473,14236.033391467,7.69,-3.34,-1.3
74297,1537926,13633.9623166984,14236.0672559111,3.39,-4.3,-0.960000000000002
