"V1","V2","V3","V4","V5","acceleration","jerk"
65569,1538556,13409.4699768015,13362.0730833633,13.35,-0.32,0
65570,1538556,13422.2827382978,13364.4968702431,13.03,-0.32,0
65571,1538556,13434.9382879966,13366.8909174067,12.89,-0.139999999999999,0.180000000000001
65572,1538556,13457.8098942591,13370.0399532564,13.04,0.149999999999999,0.289999999999997
65573,1538556,13471.183184806,13370.8855890822,13.4,0.360000000000001,0.210000000000003
65574,1538556,13485.0155584612,13371.7602541974,13.86,0.459999999999999,0.0999999999999979
65575,1538556,13498.6183905622,13372.6204046679,13.63,-0.229999999999999,-0.689999999999998
65576,1538556,13511.5625382034,13373.4389044186,12.98,-0.65,-0.420000000000002
65577,1538556,13525.3798768149,13373.9001413151,13.85,0.869999999999999,1.52
65578,1538556,13538.8878354431,13372.7132741368,13.56,-0.289999999999999,-1.16
65579,1538556,13551.9103498958,13370.2904078208,13.31,-0.25,0.0399999999999991
65580,1538556,13573.10352236,13358.3050402171,12.81,-0.5,-0.25
65581,1538556,13584.1942636558,13350.3993550785,13.62,0.809999999999999,1.31
65582,1538556,13594.7475681486,13342.8767648144,12.96,-0.659999999999998,-1.47
65583,1538556,13605.3578735145,13335.3135432758,13.03,0.0699999999999985,0.729999999999997
65584,1538556,13616.6114744475,13327.2917687812,13.82,0.790000000000001,0.720000000000002
65585,1538556,13627.2950666501,13319.6763070324,13.11,-0.710000000000001,-1.5
65586,1538556,13638.1496614718,13311.9389514598,13.34,0.23,0.940000000000001
65587,1538556,13649.4812769094,13304.0283582219,13.81,0.470000000000001,0.24
65588,1538556,13660.120359902,13296.6802419276,12.93,-0.880000000000001,-1.35
65589,1538556,13671.0803433098,13289.1104887149,13.32,0.390000000000001,1.27
65590,1538556,13682.3036296223,13281.3588795691,13.64,0.32,-0.0700000000000003
65632,1538556,14209.262033533,13275.582801135,13.43,-0.00500000000000002,-0.00773809523809525
65633,1538556,14222.0358605124,13277.6499112675,12.94,-0.49,-0.485
65634,1538556,14235.9501583003,13279.9674221649,12.89,-0.0499999999999989,0.440000000000001
65635,1538556,14249.4294717351,13281.9885627652,13.63,0.74,0.789999999999999
65636,1538556,14262.5132073729,13283.9503888945,13.24,-0.390000000000001,-1.13
65637,1538556,14275.4881591164,13285.8959035443,13.11,-0.130000000000001,0.26
65638,1538556,14288.2356536267,13287.8073123732,12.89,-0.219999999999999,-0.0899999999999981
65639,1538556,14301.111710921,13289.7379984052,13.02,0.129999999999999,0.349999999999998
65640,1538556,14314.3437198687,13291.7224809183,13.38,0.360000000000001,0.230000000000002
65641,1538556,14327.6577969926,13294.1300212276,13.53,0.149999999999999,-0.210000000000003
65642,1538556,14341.2769268812,13296.5927232144,13.84,0.31,0.160000000000002
65643,1538556,14354.6894081227,13299.0180576133,13.63,-0.209999999999999,-0.52
65644,1538556,14368.239655129,13301.4683037375,13.77,0.139999999999999,0.349999999999998
65645,1538556,14381.0518712526,13303.7850941904,13.02,-0.75,-0.889999999999999
65646,1538556,14394.4545120823,13306.2086491803,13.62,0.6,1.35
