"V1","V2","V3","V4","V5","acceleration","jerk"
33460,153973,14349.155358823,14267.9405678187,18.96,-0.0500000000000007,0
33461,153973,14350.4892693814,14249.0776734856,18.91,-0.0500000000000007,0
33462,153973,14351.8281177366,14230.1449535257,18.97,0.0599999999999987,0.109999999999999
33463,153973,14353.7404776033,14211.7351382034,18.52,-0.449999999999999,-0.509999999999998
33464,153973,14355.7648675302,14192.9237521454,18.91,0.390000000000001,0.84
33465,153973,14357.7956772983,14174.052710529,18.98,0.0700000000000003,-0.32
33466,153973,14359.7316451058,14155.6242213237,18.53,-0.449999999999999,-0.52
33467,153973,14361.6169854763,14136.9089443637,18.81,0.279999999999998,0.729999999999997
33468,153973,14363.5093419991,14118.1240199085,18.88,0.0700000000000003,-0.209999999999997
33469,153973,14365.4097169817,14099.2594983156,18.96,0.0800000000000018,0.0100000000000016
33470,153973,14367.3181104242,14080.3153795853,19.03,0.0700000000000003,-0.0100000000000016
33471,153973,14369.2405361714,14061.2319658643,19.18,0.149999999999999,0.0799999999999983
33472,153973,14370.5313316939,14041.9371675632,19.34,0.16,0.0100000000000016
33473,153973,14371.6701061339,14023.1115787869,18.86,-0.48,-0.640000000000001
33474,153973,14372.7440241974,14000.47053117,19.42,0.560000000000002,1.04
33475,153973,14372.2565420691,13979.3761631734,21.1,1.68,1.12
33476,153973,14371.7353289499,13956.8221848795,22.56,1.46,-0.220000000000002
33477,153973,14371.1783055323,13932.7186203109,24.12,1.56,0.100000000000005
33478,153973,14370.7173923351,13912.7739453568,19.95,-4.17,-5.73
33479,153973,14370.345658333,13896.688240093,16.09,-3.86,0.310000000000002
33480,153973,14370.0423104494,13883.5617447473,13.13,-2.96,0.9
33481,153973,14363.7319573108,13861.217093788,13.44,0.309999999999999,3.27
33482,153973,14353.4530593698,13854.2512535022,13.05,-0.389999999999999,-0.699999999999998
33483,153973,14343.3670411971,13849.4438518994,11.59,-1.46,-1.07
33484,153973,14336.5403479224,13849.4076642032,8.75,-2.84,-1.38
33485,153973,14331.4419610169,13849.535925509,5.1,-3.65,-0.81
33486,153973,14306.1557378992,13847.61743737,7.4,2.3,5.95
33487,153973,14296.5315103972,13847.9958912954,9.7,2.3,-1.77635683940025e-15
33488,153973,14285.4519346369,13847.8989326822,11.09,1.39,-0.909999999999998
33489,153973,14273.2224029088,13847.7919106751,12.23,1.14,-0.25
33490,153973,14260.0029090865,13847.6762253984,13.22,0.99,-0.15
33491,153973,14246.9034106696,13847.561590215,13.1,-0.120000000000001,-1.11
33492,153973,14233.1197404391,13847.8578102216,13.8,0.700000000000001,0.820000000000002
33493,153973,14220.7072183291,13850.8949019806,12.85,-0.950000000000001,-1.65
33494,153973,14213.8457443601,13855.1034166083,8.06,-4.79,-3.84
33495,153973,14209.143275326,13858.1258138329,5.59,-2.47,2.32
33496,153973,14207.4726303188,13860.8247393624,3.25,-2.34,0.130000000000001
33497,153973,14207.1774693458,13861.4150613085,0.66,-2.59,-0.25
33498,153973,14206.9270297323,13861.9159405354,0.55,-0.11,2.48
33499,153973,14206.8465312851,13862.0769374298,0.19,-0.36,-0.25
33500,153973,14203.9064565386,13876.5501991041,2.32,2.13,2.49
33501,153973,14205.0638560629,13880.5042889287,4.11,1.79,-0.339999999999999
33502,153973,14206.8415825658,13885.8515882949,5.64,1.53,-0.260000000000001
33503,153973,14209.7078757401,13893.2561789952,7.94,2.3,0.770000000000001
33504,153973,14213.5275875853,13902.5720742476,10.07,2.13,-0.170000000000001
33505,153973,14234.5143351163,13923.7112595822,11.66,1.59,-0.54
33506,153973,14245.8951713317,13931.4555525055,13.77,2.11,0.52
33507,153973,14257.1054109287,13939.2941485444,13.68,-0.0899999999999999,-2.2
33508,153973,14268.6497178911,13946.7906354086,13.77,0.0899999999999999,0.18
33509,153973,14280.0540781432,13953.5079382651,13.24,-0.529999999999999,-0.619999999999999
33510,153973,14291.8659921951,13959.1957134392,13.12,-0.120000000000001,0.409999999999998
33511,153973,14306.163999702,13960.9831734527,13.33,0.210000000000001,0.330000000000002
33512,153973,14318.7889254623,13965.2610408591,13.33,0,-0.210000000000001
33513,153973,14332.1710681847,13968.231085055,13.71,0.380000000000001,0.380000000000001
33514,153973,14345.6181644144,13970.9264689715,13.73,0.0199999999999996,-0.360000000000001
33515,153973,14359.138770247,13973.0086836382,13.67,-0.0600000000000005,-0.0800000000000001
33516,153973,14372.0128289938,13973.995534943,12.92,-0.75,-0.69
33517,153973,14385.6582919111,13974.8142178938,13.67,0.75,1.5
33518,153973,14399.0542035679,13975.6179285887,13.41,-0.26,-1.01
