"V1","V2","V3","V4","V5","acceleration","jerk"
55865,1539491,14344.2798540712,13283.3918060311,27.71,0,0
55866,1539491,14344.4416805922,13311.0981687778,27.71,0,0
55867,1539491,14344.1334187805,13339.1450196282,27.76,0.0500000000000007,0.0500000000000007
55868,1539491,14343.2769382167,13366.7168309108,27.59,-0.170000000000002,-0.220000000000002
55869,1539491,14342.4411735618,13394.1541047812,27.45,-0.140000000000001,0.0300000000000011
55870,1539491,14340.6470394608,13434.4669466151,27.77,0.32,0.460000000000001
55871,1539491,14343.8975714033,13461.5957302274,27.45,-0.32,-0.640000000000001
55872,1539491,14347.0901748615,13488.6028738012,27.22,-0.23,0.0899999999999999
55873,1539491,14352.9194910287,13515.0215732832,27.08,-0.140000000000001,0.0899999999999999
55874,1539491,14360.4534326874,13541.0924101832,27.14,0.0600000000000023,0.200000000000003
55875,1539491,14367.9438206523,13567.6900579618,27.64,0.5,0.439999999999998
55876,1539491,14374.0360329197,13594.1579734386,27.17,-0.469999999999999,-0.969999999999999
55877,1539491,14379.9705741675,13621.2249919769,27.71,0.539999999999999,1.01
55878,1539491,14383.3648532378,13648.1503283215,27.16,-0.550000000000001,-1.09
55879,1539491,14386.3528320242,13675.7591110323,27.77,0.609999999999999,1.16
55880,1539491,14389.2945439443,13702.9403900857,27.33,-0.440000000000001,-1.05
55881,1539491,14390.1633156223,13737.8774669035,27.69,0.360000000000003,0.800000000000004
55882,1539491,14390.530524664,13764.9349752426,27.06,-0.630000000000003,-0.990000000000006
55883,1539491,14390.9045187952,13792.4924375421,27.56,0.5,1.13
55884,1539491,14391.2808198568,13820.2198841882,27.73,0.170000000000002,-0.329999999999998
55885,1539491,14390.6926672712,13853.5194061512,27.63,-0.100000000000001,-0.270000000000003
55886,1539491,14390.3924675876,13880.6477452111,27.13,-0.5,-0.399999999999999
55887,1539491,14390.0922679039,13907.776084271,27.13,0,0.5
55888,1539491,14389.8254852142,13931.8846082199,24.1,-3.03,-3.03
55889,1539491,14389.6060617078,13951.713394197,19.83,-4.27,-1.24000000000001
55890,1539491,14389.3924418934,13970.8997294442,19.19,-0.639999999999997,3.63000000000001
55891,1539491,14389.1739931741,13990.0984866997,19.2,0.00999999999999801,0.649999999999995
55892,1539491,14388.9622572019,14008.7072821437,18.61,-0.59,-0.599999999999998
55893,1539491,14388.7489283744,14027.4560685261,18.75,0.140000000000001,0.73
55894,1539491,14388.5373061776,14046.0548646174,18.6,-0.149999999999999,-0.289999999999999
55895,1539491,14387.9724589255,14064.5662822477,18.52,-0.0800000000000018,0.0699999999999967
55896,1539491,14386.3142135185,14083.634313666,19.14,0.620000000000001,0.700000000000003
55897,1539491,14384.6637655038,14102.6126834946,19.05,-0.0899999999999999,-0.710000000000001
55898,1539491,14383.0488389423,14121.1825949699,18.63,-0.420000000000002,-0.330000000000002
55899,1539491,14381.4009900583,14140.1310776019,19.02,0.390000000000001,0.810000000000002
55900,1539491,14379.7765333508,14158.8105754647,18.75,-0.27,-0.66
55901,1539491,14378.1009151149,14177.5156308111,18.77,0.0199999999999996,0.289999999999999
55902,1539491,14376.3524176355,14196.6559327044,19.22,0.449999999999999,0.43
55903,1539491,14374.6521357473,14215.2684323081,18.7,-0.52,-0.969999999999999
55904,1539491,14372.9880635017,14233.783759366,18.59,-0.109999999999999,0.41
55905,1539491,14371.3196777384,14253.0416250043,19.32,0.73,0.84
55906,1539491,14366.352819454,14272.1090524511,19.18,-0.140000000000001,-0.870000000000001
