"V1","V2","V3","V4","V5","acceleration","jerk"
67452,1540281,14349.0058141174,14270.0552868027,19.06,0.210000000000001,0
67453,1540281,14350.3651190597,14250.8332892459,19.27,0.210000000000001,0
67454,1540281,14351.6792784305,14232.2496974201,18.63,-0.640000000000001,-0.850000000000001
67455,1540281,14353.5617920231,14213.3955512434,18.96,0.330000000000002,0.970000000000002
67456,1540281,14355.6311208384,14194.1665762771,19.33,0.369999999999997,0.0399999999999956
67457,1540281,14357.6426710829,14175.4745013358,18.8,-0.529999999999998,-0.899999999999995
67458,1540281,14359.6434420475,14156.4997898364,19.08,0.279999999999998,0.809999999999995
67459,1540281,14361.5598539499,14137.4760739686,19.12,0.0400000000000027,-0.239999999999995
67460,1540281,14363.4842843121,14118.3727609632,19.2,0.0799999999999983,0.0399999999999956
67461,1540281,14365.3996939069,14099.3589947376,19.11,-0.0899999999999999,-0.169999999999998
67462,1540281,14367.3321427289,14080.1760845947,19.28,0.170000000000002,0.260000000000002
67463,1540281,14369.2285084817,14061.3513615706,18.92,-0.359999999999999,-0.530000000000001
67464,1540281,14370.4794045455,14042.7955984406,18.61,-0.310000000000002,0.0499999999999972
67465,1540281,14371.6489729921,14023.4609401905,19.36,0.75,1.06
67466,1540281,14372.7703620944,14001.6102268817,18.63,-0.73,-1.48
67467,1540281,14372.3064454528,13981.5355866271,20.08,1.45,2.18
67468,1540281,14371.818270222,13960.4112266381,21.13,1.05,-0.399999999999999
67469,1540281,14371.30352606,13938.1371736067,22.28,1.15,0.100000000000001
67470,1540281,14370.7626750352,13914.7334221944,23.42,1.14,-0.0100000000000016
67471,1540281,14370.3726893326,13897.8579277971,16.88,-6.54,-7.68
67472,1540281,14370.0672621413,13884.6414564741,13.22,-3.66,2.88
67473,1540281,14373.6834627392,13863.2903806866,9.93,-3.29,0.369999999999997
67474,1540281,14373.7492048585,13857.8107750462,5.48,-4.45,-1.16
67475,1540281,14373.7860348413,13854.740995974,3.07,-2.41,2.04
67476,1540281,14373.8041499144,13853.2311046388,1.5,-1.57,0.840000000000001
67477,1540281,14373.817946162,13852.0811873968,1.15,-0.35,1.22
67478,1540281,14373.82,13851.91,0.22,-0.93,-0.58
67479,1540281,14373.82,13851.91,0.02,-0.2,0.73
67480,1540281,14373.7681704147,13850.0207765633,1.73,1.71,1.91
67481,1540281,14373.1537157843,13830.1708178998,3.33,1.6,-0.11
67482,1540281,14372.9966703188,13825.2633344393,4.92,1.59,-0.0100000000000002
67483,1540281,14372.7768008736,13818.2767932759,6.99,2.07,0.48
67484,1540281,14372.091255105,13796.6904633894,8.82,1.83,-0.24
67485,1540281,14371.8425224458,13786.2934382348,10.4,1.58,-0.25
67486,1540281,14371.5576757178,13774.386845005,11.91,1.51,-0.0700000000000003
67487,1540281,14371.5112494817,13760.8036053785,13.58,1.67,0.16
67488,1540281,14372.2018836619,13745.3089893966,15.51,1.93,0.26
67489,1540281,14372.9579744665,13728.3458314743,16.99,1.48,-0.450000000000001
67490,1540281,14372.8835115466,13700.2134957907,18.29,1.3,-0.179999999999998
67491,1540281,14370.3474625276,13680.5160833877,19.86,1.57,0.27
67492,1540281,14367.6339156166,13659.4400504792,21.26,1.4,-0.169999999999998
67493,1540281,14364.7786257846,13637.2631047928,22.35,1.09,-0.310000000000002
67494,1540281,14361.7254066484,13613.5488484708,23.91,1.56,0.469999999999999
67495,1540281,14357.4661582973,13588.4715260999,25.47,1.56,0
67496,1540281,14349.8207607674,13556.2225434902,26.75,1.28,-0.279999999999998
67497,1540281,14342.2198319407,13529.5962035057,27.7,0.949999999999999,-0.330000000000002
67498,1540281,14333.6335905429,13493.2889824252,27.24,-0.460000000000001,-1.41
67499,1540281,14329.0446445256,13456.7424486932,27.05,-0.189999999999998,0.270000000000003
67500,1540281,14327.6314332533,13413.0693366146,27.72,0.669999999999998,0.859999999999996
67501,1540281,14329.3722729047,13377.1117486259,27.28,-0.439999999999998,-1.11
67502,1540281,14330.4211163391,13349.791874405,27.34,0.0599999999999987,0.499999999999996
67503,1540281,14331.9598275137,13322.2878791067,27.55,0.210000000000001,0.150000000000002
67504,1540281,14331.0522452647,13294.9578038205,27.26,-0.289999999999999,-0.5
67533,1540281,14243.5583044877,13275.2008825863,11.02,-0.56,-0.00931034482758624
67534,1540281,14241.441940468,13288.0274566938,13,1.98,2.54
67535,1540281,14239.1920827179,13301.6630916297,13.82,0.82,-1.16
67536,1540281,14236.9775300415,13315.0714417937,13.59,-0.23,-1.05
67537,1540281,14234.7619198961,13328.4796173476,13.59,0,0.23
