"V1","V2","V3","V4","V5","acceleration","jerk"
67079,"1542589#1",13434.57,13755.85,0,2.49,0
67080,"1542589#1",13437.052225564,13756.0466119259,2.49,2.49,0
67081,"1542589#1",13440.9872495534,13756.3900135319,3.96,1.47,-1.02
67082,"1542589#1",13446.6050894099,13756.537574322,5.62,1.66,0.19
67083,"1542589#1",13454.3126830143,13756.7301900792,7.71,2.09,0.43
67084,"1542589#1",13463.5597959638,13756.9612790225,9.25,1.54,-0.55
67085,"1542589#1",13474.8062758449,13757.2426866025,11.25,2,0.46
67086,"1542589#1",13488.0821157258,13757.5750650844,13.28,2.03,0.0299999999999994
67087,"1542589#1",13501.1380245244,13757.9019372963,13.06,-0.219999999999999,-2.25
67088,"1542589#1",13514.1339521187,13758.2273077982,13,-0.0600000000000005,0.159999999999998
67089,"1542589#1",13527.2198515194,13758.554930865,13.09,0.0899999999999999,0.15
67090,"1542589#1",13540.2280165617,13759.0772769336,13.02,-0.0700000000000003,-0.16
67091,"1542589#1",13553.4267613684,13758.5320838244,13.21,0.190000000000001,0.260000000000002
67092,"1542589#1",13566.86797069,13758.0534782719,13.45,0.239999999999998,0.0499999999999972
67093,"1542589#1",13580.6999085074,13757.5811509266,13.84,0.390000000000001,0.150000000000002
67094,"1542589#1",13591.0837545215,13757.2236009921,10.39,-3.45,-3.84
67095,"1542589#1",13598.1595610451,13756.9799577259,7.08,-3.31,0.139999999999999
67096,"1542589#1",13603.0966350884,13756.8099580457,4.94,-2.14,1.17
67097,"1542589#1",13611.0295025207,13750.4628792806,6.69,1.75,3.89
67098,"1542589#1",13612.596057219,13742.3222400934,8.3,1.61,-0.14
67099,"1542589#1",13614.4214997262,13732.8362841767,9.66,1.36,-0.250000000000001
67100,"1542589#1",13616.6343291009,13721.337263081,11.71,2.05,0.690000000000001
67101,"1542589#1",13619.1325019732,13708.355447634,13.23,1.52,-0.530000000000001
67102,"1542589#1",13621.6665789941,13695.1870554143,13.4,0.17,-1.35
67103,"1542589#1",13623.5506019545,13685.3966847633,9.98,-3.42,-3.59
67104,"1542589#1",13624.6881965604,13679.4851470181,6.02,-3.96,-0.540000000000001
67105,"1542589#1",13625.2796701679,13676.4115401838,3.13,-2.89,1.07
67106,"1542589#1",13635.312817736,13668.8160067215,4.74,1.61,4.5
67107,"1542589#1",13641.2784001603,13670.0407215205,6.08,1.34,-0.27
67108,"1542589#1",13649.2325100594,13671.6736745858,8.12,2.04,0.699999999999999
67109,"1542589#1",13659.3318786628,13673.7470423325,10.31,2.19,0.150000000000002
67110,"1542589#1",13668.8826879627,13675.7077926265,9.75,-0.56,-2.75
67111,"1542589#1",13674.0548185375,13676.7696143241,5.29,-4.46,-3.9
67112,"1542589#1",13677.777185239,13677.5338041822,3.8,-1.49,2.97
67113,"1542589#1",13678.6490027034,13677.7127854911,0.88,-2.92,-1.43
67114,"1542589#1",13679.1877663049,13677.823391918,0.55,-0.33,2.59
67115,"1542589#1",13679.4032717455,13677.8676344887,0.22,-0.33,-1.11022302462516e-16
67116,"1542589#1",13679.4130674474,13677.8696455146,0.01,-0.21,0.12
67117,"1542589#1",13679.4130674474,13677.8696455146,0,-0.01,0.2
67118,"1542589#1",13679.4130674474,13677.8696455146,0,0,0.01
67119,"1542589#1",13679.4130674474,13677.8696455146,0,0,0
67120,"1542589#1",13679.4130674474,13677.8696455146,0,0,0
67121,"1542589#1",13679.4130674474,13677.8696455146,0,0,0
67122,"1542589#1",13679.4130674474,13677.8696455146,0,0,0
67123,"1542589#1",13679.4130674474,13677.8696455146,0,0,0
67124,"1542589#1",13679.4130674474,13677.8696455146,0,0,0
67125,"1542589#1",13679.4130674474,13677.8696455146,0,0,0
67126,"1542589#1",13679.4130674474,13677.8696455146,0,0,0
67127,"1542589#1",13679.4130674474,13677.8696455146,0,0,0
67128,"1542589#1",13679.4130674474,13677.8696455146,0,0,0
67129,"1542589#1",13679.4130674474,13677.8696455146,0,0,0
67130,"1542589#1",13679.4130674474,13677.8696455146,0,0,0
67131,"1542589#1",13679.4130674474,13677.8696455146,0,0,0
67132,"1542589#1",13679.4130674474,13677.8696455146,0,0,0
67133,"1542589#1",13679.4130674474,13677.8696455146,0,0,0
67134,"1542589#1",13679.4130674474,13677.8696455146,0,0,0
67135,"1542589#1",13679.4130674474,13677.8696455146,0,0,0
67136,"1542589#1",13679.4130674474,13677.8696455146,0,0,0
67137,"1542589#1",13679.4130674474,13677.8696455146,0,0,0
67138,"1542589#1",13679.4130674474,13677.8696455146,0,0,0
67139,"1542589#1",13679.4130674474,13677.8696455146,0,0,0
67140,"1542589#1",13679.4130674474,13677.8696455146,0,0,0
67141,"1542589#1",13679.4130674474,13677.8696455146,0,0,0
67142,"1542589#1",13679.4130674474,13677.8696455146,0,0,0
67143,"1542589#1",13679.4130674474,13677.8696455146,0,0,0
67144,"1542589#1",13679.4130674474,13677.8696455146,0,0,0
67145,"1542589#1",13679.4130674474,13677.8696455146,0,0,0
67146,"1542589#1",13679.4130674474,13677.8696455146,0,0,0
67147,"1542589#1",13679.4130674474,13677.8696455146,0,0,0
67148,"1542589#1",13679.4130674474,13677.8696455146,0,0,0
67149,"1542589#1",13679.4130674474,13677.8696455146,0,0,0
67150,"1542589#1",13679.4130674474,13677.8696455146,0,0,0
67151,"1542589#1",13679.4130674474,13677.8696455146,0,0,0
67152,"1542589#1",13679.4130674474,13677.8696455146,0,0,0
67153,"1542589#1",13679.4130674474,13677.8696455146,0,0,0
67154,"1542589#1",13679.4130674474,13677.8696455146,0,0,0
67155,"1542589#1",13679.4130674474,13677.8696455146,0,0,0
67156,"1542589#1",13681.4897562387,13678.2959830145,2.12,2.12,2.12
67157,"1542589#1",13685.0553917107,13679.0279964575,3.64,1.52,-0.6
67158,"1542589#1",13692.4005454353,13659.9167731714,5.64,2,0.48
67159,"1542589#1",13692.0342439322,13653.7175858691,6.21,0.57,-1.43
67160,"1542589#1",13691.5293259183,13645.1724903284,8.56,2.35,1.78
67161,"1542589#1",13692.8446398622,13634.5288083378,10.75,2.19,-0.160000000000001
67162,"1542589#1",13694.6566754329,13622.443903411,12.22,1.47,-0.719999999999999
67163,"1542589#1",13696.5324733028,13609.9337522388,12.64,0.42,-1.05
67164,"1542589#1",13698.7351284234,13596.5162358913,13.6,0.959999999999999,0.539999999999999
67165,"1542589#1",13701.0828387666,13584.5238776518,12.22,-1.38,-2.34
67166,"1542589#1",13703.8826968861,13573.3710408666,11.51,-0.710000000000001,0.669999999999998
67167,"1542589#1",13706.2694236237,13565.1505095285,8.57,-2.94,-2.23
67168,"1542589#1",13708.569715164,13557.2276843487,8.25,-0.32,2.62
67169,"1542589#1",13710.9397125086,13549.0647735574,8.5,0.25,0.57
67170,"1542589#1",13713.3654744966,13540.7097942769,8.7,0.199999999999999,-0.0500000000000007
67171,"1542589#1",13717.6602935944,13530.6985715367,10.96,2.26,2.06
67172,"1542589#1",13723.3024159899,13520.4717022761,11.68,0.719999999999999,-1.54
67173,"1542589#1",13737.7908270935,13482.6379124832,11.8,0.120000000000001,-0.599999999999998
67174,"1542589#1",13742.8629755482,13470.0838330643,13.54,1.74,1.62
67175,"1542589#1",13747.4814035068,13458.0617256926,12.88,-0.659999999999998,-2.4
67176,"1542589#1",13751.8963559132,13446.1538209546,12.7,-0.180000000000001,0.479999999999997
67177,"1542589#1",13756.4434092578,13433.8896167048,13.08,0.380000000000001,0.560000000000002
67178,"1542589#1",13760.90007775,13421.8691963315,12.82,-0.26,-0.640000000000001
67179,"1542589#1",13765.1933582398,13410.2894621965,12.35,-0.470000000000001,-0.210000000000001
67180,"1542589#1",13769.2947866443,13399.4494378657,11.59,-0.76,-0.289999999999999
67181,"1542589#1",13773.7534823278,13387.6753929871,12.59,1,1.76
67182,"1542589#1",13778.1980121791,13375.9387557174,12.55,-0.0399999999999991,-1.04
67183,"1542589#1",13782.2281914387,13365.2962910059,11.37,-1.18,-1.14
67184,"1542589#1",13785.7625665715,13355.9630926034,9.98,-1.39,-0.209999999999997
67185,"1542589#1",13788.3053334506,13349.2484268188,7.18,-2.8,-1.41
67186,"1542589#1",13792.8268106316,13337.1720007289,6.73,-0.449999999999999,2.35
67187,"1542589#1",13795.5430548756,13329.4918821696,8.15,1.42,1.87
67188,"1542589#1",13797.1742243932,13323.9155584698,5.81,-2.34,-3.76
67189,"1542589#1",13798.7997788694,13318.3584303766,5.79,-0.0199999999999996,2.32
67190,"1542589#1",13800.3186475597,13313.1660188076,5.41,-0.38,-0.36
67191,"1542589#1",13800.9868374826,13310.8817416294,2.38,-3.03,-2.65
67192,"1542589#1",13801.3939279818,13309.4900601553,1.45,-0.93,2.1
67193,"1542589#1",13801.47,13309.23,0.29,-1.16,-0.23
67194,"1542589#1",13801.47,13309.23,0.07,-0.22,0.94
67195,"1542589#1",13801.47,13309.23,0.03,-0.04,0.18
67196,"1542589#1",13801.47,13309.23,0.01,-0.02,0.02
67197,"1542589#1",13804.231819318,13299.5849736473,1.58,1.57,1.59
67198,"1542589#1",13805.1944797619,13296.0434789248,3.66,2.08,0.51
67199,"1542589#1",13806.7315888086,13290.388667188,5.86,2.2,0.12
67200,"1542589#1",13808.6411713785,13283.3635768392,7.28,1.42,-0.78
67201,"1542589#1",13811.4365238605,13275.1573963434,8.67,1.39,-0.0300000000000002
67258,"1542589#1",14219.1533585975,13277.1834536488,13.83,0.0905263157894737,-0.022797783933518
67259,"1542589#1",14233.9821587599,13279.6723326715,13.82,-0.00999999999999979,-0.100526315789473
67260,"1542589#1",14247.3526883006,13281.6771617923,13.52,-0.300000000000001,-0.290000000000001
67261,"1542589#1",14260.9407856296,13283.7146138722,13.74,0.220000000000001,0.520000000000001
67262,"1542589#1",14273.7575062543,13285.6364027335,12.97,-0.77,-0.99
67263,"1542589#1",14287.0093624558,13287.623437513,13.4,0.43,1.2
67264,"1542589#1",14299.895309195,13289.5556064068,13.03,-0.370000000000001,-0.800000000000001
67265,"1542589#1",14312.949376498,13291.5129839508,13.2,0.17,0.540000000000001
67266,"1542589#1",14325.6109913445,13293.759904166,12.86,-0.34,-0.51
67267,"1542589#1",14338.6593773506,13296.1194004337,13.26,0.4,0.74
67268,"1542589#1",14351.9439332391,13298.5216025162,13.51,0.25,-0.15
67269,"1542589#1",14364.6085431861,13300.8117018349,12.86,-0.65,-0.9
67270,"1542589#1",14377.4305997215,13303.1302716968,13.03,0.17,0.82
67271,"1542589#1",14390.7545172571,13305.5395914151,13.55,0.520000000000001,0.350000000000001
67272,"1542589#1",14404.1276368515,13307.9578081781,13.59,0.0399999999999991,-0.480000000000002
