"V1","V2","V3","V4","V5","acceleration","jerk"
59890,1543212,14352.1845590569,14271.8511697213,19.29,0.0100000000000016,0
59891,1543212,14353.5465235511,14252.5992853274,19.3,0.0100000000000016,0
59892,1543212,14354.9035482777,14233.417226421,19.23,-0.0700000000000003,-0.0800000000000018
59893,1543212,14356.7291406344,14214.7788462705,18.73,-0.5,-0.43
59894,1543212,14358.7733153321,14195.7885500694,19.1,0.370000000000001,0.870000000000001
59895,1543212,14360.8239115209,14176.7385984875,19.16,0.0599999999999987,-0.310000000000002
59896,1543212,14362.8582483889,14157.4959258439,19.35,0.190000000000001,0.130000000000003
59897,1543212,14364.772292441,14138.4920726723,19.1,-0.25,-0.440000000000001
59898,1543212,14366.7083830737,14119.2693269511,19.32,0.219999999999999,0.469999999999999
59899,1543212,14368.6384610027,14100.106279198,19.27,-0.0500000000000007,-0.27
59900,1543212,14370.5034013068,14081.5899594324,18.61,-0.66,-0.609999999999999
59901,1543212,14372.42446018,14062.5164586314,19.17,0.560000000000002,1.22
59902,1543212,14373.7623651834,14043.1351108859,19.42,0.25,-0.310000000000002
59903,1543212,14374.9327332863,14023.8606111906,19.31,-0.110000000000003,-0.360000000000003
59904,1543212,14376.0770610297,14001.8201494994,18.8,-0.509999999999998,-0.399999999999995
59905,1543212,14375.6015538701,13981.2456436015,20.59,1.79,2.3
59906,1543212,14375.1024793003,13959.6514100061,21.6,1.01,-0.779999999999998
59907,1543212,14374.5717504637,13936.6875421502,22.97,1.37,0.359999999999996
59908,1543212,14374.0093673605,13912.3540400339,24.34,1.37,3.5527136788005e-15
59909,1543212,14373.4192578923,13886.8208582734,25.54,1.2,-0.170000000000002
59910,1543212,14377.0261222616,13848.5413478358,26.91,1.37,0.170000000000002
59911,1543212,14375.2704545536,13791.9017667426,27.23,0.32,-1.05
59912,1543212,14374.6309292401,13764.8393221492,27.08,-0.150000000000002,-0.470000000000002
59913,1543212,14375.828845873,13737.8960302784,26.97,-0.109999999999999,0.0400000000000027
59914,1543212,14376.2545886888,13700.5770029482,27.15,0.18,0.289999999999999
59915,1543212,14372.8476261849,13674.0952619462,26.69,-0.459999999999997,-0.639999999999997
59916,1543212,14369.3845189806,13647.1771177217,27.15,0.459999999999997,0.919999999999995
59917,1543212,14365.9163077126,13620.2193004769,27.18,0.0300000000000011,-0.429999999999996
59918,1543212,14361.8113588815,13592.9456714804,27.6,0.420000000000002,0.390000000000001
59919,1543212,14354.1984394395,13559.8169123449,27.16,-0.440000000000001,-0.860000000000003
59920,1543212,14346.8083212979,13533.6613109584,27.19,0.0300000000000011,0.470000000000002
59921,1543212,14337.5740129975,13497.7650614499,27,-0.190000000000001,-0.220000000000002
59922,1543212,14333.7683874617,13470.3277289578,27.7,0.699999999999999,0.890000000000001
59923,1543212,14331.2419386947,13435.2453398537,26.06,-1.64,-2.34
59924,1543212,14332.2272243651,13388.8332080596,22.05,-4.01,-2.37
59925,1543212,14332.9202849791,13370.776503848,18.08,-3.97,0.0399999999999956
59926,1543212,14333.5297334106,13354.8981956066,15.88,-2.2,1.77
59927,1543212,14334.2531689781,13341.2683661607,13.65,-2.23,-0.0300000000000029
59928,1543212,14335.0309861153,13328.9128248734,12.38,-1.27,0.960000000000001
59929,1543212,14335.3847293102,13317.1691359494,11.75,-0.630000000000001,0.639999999999999
59930,1543212,14334.9887873371,13304.4563213694,12.27,0.52,1.15
59931,1543212,14334.0813715126,13290.816471791,13.67,1.4,0.880000000000001
59932,1543212,14333.1328676531,13276.2874628263,14.56,0.890000000000001,-0.51
