"V1","V2","V3","V4","V5","acceleration","jerk"
54750,1545670,14349.0403786956,14269.5665074149,19.28,-0.609999999999999,0
54751,1545670,14350.3573596646,14250.9430152309,18.67,-0.609999999999999,0
54752,1545670,14351.7223078034,14231.6412169577,19.35,0.68,1.29
54753,1545670,14353.6505998264,14212.5703160199,19.17,-0.18,-0.859999999999999
54754,1545670,14355.7081589329,14193.4507095772,19.23,0.0599999999999987,0.239999999999998
54755,1545670,14357.7774877482,14174.221734611,19.33,0.0999999999999979,0.0399999999999991
54756,1545670,14359.7396635656,14155.5446241862,18.79,-0.539999999999999,-0.639999999999997
54757,1545670,14361.5989439416,14137.0880379232,18.55,-0.239999999999998,0.300000000000001
54758,1545670,14363.5173604589,14118.0444227709,19.14,0.59,0.829999999999998
54759,1545670,14365.4568254333,14098.7918651327,19.35,0.210000000000001,-0.379999999999999
54760,1545670,14367.3632142608,14079.8676456868,19.02,-0.330000000000002,-0.540000000000003
54761,1545670,14369.2706053958,14060.9334765986,19.03,0.0100000000000016,0.340000000000003
54762,1545670,14370.5174442007,14042.1667479141,18.82,-0.210000000000001,-0.220000000000002
54763,1545670,14371.6731251541,14023.0616700149,19.13,0.309999999999999,0.52
54764,1545670,14372.7481828127,14000.6504831245,19.19,0.0600000000000023,-0.249999999999996
54765,1545670,14372.28033859,13980.4058882462,20.26,1.07,1.01
54766,1545670,14371.7729875219,13958.4517498005,21.96,1.7,0.629999999999999
54767,1545670,14371.2316744288,13935.0280037266,23.42,1.46,-0.239999999999998
54768,1545670,14370.669568259,13910.7044978803,24.34,0.919999999999998,-0.540000000000003
54769,1545670,14370.0725759275,13884.8713950826,25.84,1.5,0.580000000000002
54770,1545670,14373.7157416434,13848.2715621042,25.09,-0.75,-2.25
54771,1545670,14372.0108953228,13793.3314244933,25.68,0.59,1.34
54772,1545670,14371.404609466,13767.9886756791,25.34,-0.34,-0.93
54773,1545670,14372.3470459718,13742.0522229168,25.96,0.620000000000001,0.960000000000001
54774,1545670,14373.5279369105,13715.5585275047,26.52,0.559999999999999,-0.0600000000000023
54775,1545670,14370.2006117536,13679.3754980774,26.51,-0.00999999999999801,-0.569999999999997
54776,1545670,14366.7387643768,13652.4874391527,27.1,0.59,0.599999999999998
54777,1545670,14363.2283923963,13625.2224911689,27.49,0.389999999999997,-0.200000000000003
54778,1545670,14359.6349380913,13598.4382905802,27.03,-0.459999999999997,-0.849999999999994
54779,1545670,14352.3810108558,13565.7753882141,27.08,0.0499999999999972,0.509999999999994
54780,1545670,14345.0087606832,13539.3659259413,27.42,0.340000000000003,0.290000000000006
54781,1545670,14335.1772204346,13503.0182318863,27.54,0.119999999999997,-0.220000000000006
54782,1545670,14331.2379584126,13476.0849757204,27.23,-0.309999999999999,-0.429999999999996
54783,1545670,14327.5468304388,13439.0055788182,27.48,0.25,0.559999999999999
54784,1545670,14329.0093592657,13386.5647848414,27.76,0.280000000000001,0.0300000000000011
54785,1545670,14330.0489955888,13359.4847339493,27.1,-0.66,-0.940000000000001
54786,1545670,14331.5389777986,13331.896901575,27.63,0.529999999999998,1.19
54787,1545670,14331.6795371112,13304.3869609906,27.43,-0.199999999999999,-0.729999999999997
54788,1545670,14329.8644690909,13276.8768317296,27.57,0.140000000000001,0.34
