"V1","V2","V3","V4","V5","acceleration","jerk"
23339,1546204,14344.451810664,13298.2481727707,23.38,0.790000000000003,0
23340,1546204,14344.6966023161,13322.7265006911,24.17,0.790000000000003,0
23341,1546204,14343.6180406482,13348.1601986997,25.47,1.3,0.509999999999994
23342,1546204,14343.0242297783,13375.0129829372,26.86,1.39,0.0900000000000034
23343,1546204,14342.1890740593,13402.4302660799,27.43,0.57,-0.82
23344,1546204,14342.2700453543,13442.4448550852,27.7,0.27,-0.300000000000001
23345,1546204,14344.4738485816,13469.7608517448,27.43,-0.27,-0.539999999999999
23346,1546204,14348.5579116925,13496.9345812249,27.49,0.0599999999999987,0.329999999999998
23347,1546204,14355.2261955232,13523.325407295,27.22,-0.27,-0.329999999999998
23348,1546204,14363.0275365177,13549.8416038301,27.65,0.43,0.699999999999999
23349,1546204,14369.940164142,13576.3632703235,27.42,-0.229999999999997,-0.659999999999997
23350,1546204,14375.9527314743,13602.8798198574,27.19,-0.23,-3.5527136788005e-15
23351,1546204,14381.3581624072,13629.6085999256,27.29,0.0999999999999979,0.329999999999998
23352,1546204,14384.3289256154,13657.058311508,27.61,0.32,0.220000000000002
23353,1546204,14387.28677714,13684.3887197442,27.49,-0.120000000000001,-0.440000000000001
23354,1546204,14389.9073820477,13719.0192035156,27.49,0,0.120000000000001
23355,1546204,14390.247179328,13744.0568978545,25.04,-2.45,-2.45
23356,1546204,14390.5246894871,13764.5050148366,20.45,-4.59,-2.14
23357,1546204,14390.7502258608,13781.1234844817,16.62,-3.83,0.760000000000002
23358,1546204,14390.9202602028,13793.6523307303,12.52,-4.1,-0.270000000000003
23359,1546204,14391.0426632167,13802.6715001767,9.02,-3.5,0.600000000000001
23360,1546204,14391.1295123618,13809.0709108703,6.4,-2.62,0.880000000000001
23361,1546204,14391.1958705368,13813.9604606034,4.89,-1.51,1.11
23362,1546204,14391.2493370417,13817.9000978117,3.94,-0.95,0.560000000000001
23363,1546204,14391.2731829337,13824.0095866868,6.05,2.11,3.06
23364,1546204,14391.1115125071,13831.3978154478,7.39,1.34,-0.77
23365,1546204,14390.7735541008,13846.2098536805,9.19,1.8,0.46
23366,1546204,14390.6489596136,13857.4691643261,11.26,2.07,0.27
23367,1546204,14390.5107548938,13869.9583996692,12.49,1.23,-0.84
23368,1546204,14390.3529647173,13884.2175266502,14.26,1.77,0.539999999999999
23369,1546204,14390.1722695152,13900.5465269027,16.33,2.07,0.299999999999999
23370,1546204,14389.9831647384,13917.6354806267,17.1,0.770000000000003,-1.3
23371,1546204,14389.7733679819,13936.5943198665,18.96,1.86,1.09
23372,1546204,14389.5646777485,13955.4531652285,18.86,-0.100000000000001,-1.96
23373,1546204,14389.3515965339,13974.4894970768,19.04,0.18,0.280000000000001
23374,1546204,14389.1371299527,13993.3382769866,18.86,-0.18,-0.359999999999999
23375,1546204,14388.9215256178,14012.2870504237,18.94,0.0800000000000018,0.260000000000002
23376,1546204,14388.7031906738,14031.4758083265,19.19,0.25,0.169999999999998
23377,1546204,14388.4882689911,14050.3645856472,18.89,-0.300000000000001,-0.550000000000001
23378,1546204,14387.618977146,14068.6309409826,18.31,-0.580000000000002,-0.280000000000001
23379,1546204,14386.0066497152,14087.1709652614,18.6,0.290000000000003,0.870000000000005
23380,1546204,14384.3743956156,14105.9401247139,18.85,0.25,-0.0400000000000027
23381,1546204,14382.7577363003,14124.5299609869,18.66,-0.190000000000001,-0.440000000000001
23382,1546204,14381.1020900241,14143.5681052087,19.1,0.440000000000001,0.630000000000003
23383,1546204,14379.4187196867,14162.925046194,19.43,0.329999999999998,-0.110000000000003
23384,1546204,14377.749760054,14181.3596248438,18.51,-0.919999999999998,-1.25
23385,1546204,14376.0085403997,14200.4202584669,19.14,0.629999999999999,1.55
23386,1546204,14374.3137168803,14218.9730068681,18.64,-0.5,-1.13
23387,1546204,14372.6497255715,14237.6891309802,18.79,0.149999999999999,0.649999999999999
23388,1546204,14371.009822338,14256.6182280898,19,0.210000000000001,0.0600000000000023
