"V1","V2","V3","V4","V5","acceleration","jerk"
43403,1546175,14344.0518428711,13277.7364005733,13.38,-0.930000000000001,0
43404,1546175,14344.4581725067,13290.1781752783,12.45,-0.930000000000001,0
43405,1546175,14344.44940625,13301.2981718229,11.12,-1.33,-0.399999999999999
43406,1546175,14344.4406399934,13312.4181683676,11.12,0,1.33
43407,1546175,14344.7702289105,13325.4254966386,12.7,1.58,1.58
43408,1546175,14344.0942343605,13339.8238897051,14.42,1.72,0.140000000000001
43409,1546175,14343.5011784305,13355.3292462809,15.52,1.1,-0.620000000000001
43410,1546175,14343.1125254977,13372.1143274099,16.79,1.27,0.17
43411,1546175,14342.5818377769,13389.5362466653,17.43,0.640000000000001,-0.629999999999999
43412,1546175,14342.0155273003,13408.1276234956,18.6,1.17,0.530000000000001
43413,1546175,14341.9516804479,13440.17709324,19.71,1.11,-0.0600000000000023
43414,1546175,14343.8924484565,13461.4858495858,21.42,1.71,0.600000000000001
43415,1546175,14346.3198732622,13484.2302046568,22.89,1.47,-0.240000000000002
43416,1546175,14351.087119648,13507.6766896815,23.94,1.05,-0.419999999999998
43417,1546175,14357.8002993535,13532.0746009419,25.31,1.37,0.319999999999997
43418,1546175,14365.2657649579,13557.4491812007,26.45,1.14,-0.229999999999997
43419,1546175,14371.6538792275,13583.8085896992,27.13,0.68,-0.460000000000001
43420,1546175,14377.4952578757,13609.922881145,26.76,-0.369999999999997,-1.05
43421,1546175,14382.1124199258,13636.5779037355,27.09,0.329999999999998,0.699999999999996
43422,1546175,14385.0799552132,13663.9977894814,27.58,0.489999999999998,0.16
43423,1546175,14387.9528048205,13690.5427840215,26.7,-0.879999999999999,-1.37
43424,1546175,14389.9882603141,13724.9786547241,27.26,0.560000000000002,1.44
43425,1546175,14390.3589976024,13752.2961391226,27.32,0.0599999999999987,-0.500000000000004
43426,1546175,14390.7202357654,13778.9136879765,26.61,-0.710000000000001,-0.77
43427,1546175,14391.0845950696,13805.7612156522,26.85,0.240000000000002,0.950000000000003
43428,1546175,14391.0790955064,13832.9674807427,27.15,0.299999999999997,0.0599999999999952
43429,1546175,14390.5591099479,13865.5886672073,27,-0.149999999999999,-0.449999999999996
43430,1546175,14390.2562546091,13892.9569915741,27.37,0.370000000000001,0.52
43431,1546175,14389.9635792817,13919.4053722646,26.44,-0.93,-1.3
43432,1546175,14389.715386178,13941.8339990657,22.43,-4.01,-3.08
43433,1546175,14389.5008313727,13961.2228119803,19.39,-3.04,0.970000000000002
43434,1546175,14389.2909542592,13979.8191520858,18.6,-0.789999999999999,2.25
43435,1546175,14389.0791045116,13998.4379468826,18.62,0.0199999999999996,0.809999999999999
43436,1546175,14388.8654343581,14017.2167313232,18.78,0.16,0.140000000000001
43437,1546175,14388.6517642045,14035.9955157637,18.78,0,-0.16
43438,1546175,14388.4369562972,14054.8742937317,18.88,0.0999999999999979,0.0999999999999979
43439,1546175,14387.1468017297,14074.0604483614,19.24,0.359999999999999,0.260000000000002
43440,1546175,14385.4980864687,14093.0188933923,19.03,-0.209999999999997,-0.569999999999997
43441,1546175,14383.856302223,14111.8976392323,18.95,-0.0800000000000018,0.129999999999995
43442,1546175,14382.1902594239,14131.0553322403,19.23,0.280000000000001,0.360000000000003
43443,1546175,14380.5424105398,14150.0038148723,19.02,-0.210000000000001,-0.490000000000002
43444,1546175,14378.9187607102,14168.5629089578,18.62,-0.399999999999999,-0.189999999999998
43445,1546175,14377.1993745311,14187.3845377707,18.9,0.279999999999998,0.679999999999996
43446,1546175,14375.5090996524,14205.887493503,18.58,-0.32,-0.599999999999998
43447,1546175,14373.8224636863,14224.3506151004,18.54,-0.0399999999999991,0.280000000000001
43448,1546175,14372.1292720716,14243.6966286418,19.42,0.880000000000003,0.920000000000002
43449,1546175,14370.4979999077,14262.5260989245,18.9,-0.520000000000003,-1.40000000000001
