"V1","V2","V3","V4","V5","acceleration","jerk"
67938,1549099,14398.3707676534,13323.2738326181,13,0.720000000000001,0
67939,1549099,14384.8382421846,13321.0134887424,13.72,0.720000000000001,0
67940,1549099,14371.1873564347,13318.7333750952,13.84,0.119999999999999,-0.600000000000001
67941,1549099,14357.7830546037,13316.4944484719,13.59,-0.25,-0.369999999999999
67942,1549099,14345.0889144592,13314.3741404777,12.87,-0.720000000000001,-0.470000000000001
67943,1549099,14332.2665506768,13312.232415231,12.99,0.120000000000001,0.840000000000002
67944,1549099,14319.3948701106,13310.0824525795,13.06,0.0700000000000003,-0.0500000000000007
67945,1549099,14306.1187919175,13307.8649432088,13.46,0.4,0.33
67946,1549099,14292.7342168,13305.6293115474,13.57,0.109999999999999,-0.290000000000001
67947,1549099,14279.9315797312,13303.4908812627,12.98,-0.59,-0.699999999999999
67948,1549099,14266.8034518894,13301.2980841062,13.31,0.33,0.92
67949,1549099,14253.9909514637,13299.1580063405,12.99,-0.32,-0.65
67950,1549099,14241.1981777516,13297.0212235367,12.97,-0.0199999999999996,0.300000000000001
67951,1549099,14225.2137390872,13294.2015183711,13.55,0.58,0.6
67952,1549099,14212.3435724869,13291.868020636,13.08,-0.470000000000001,-1.05
67953,1549099,14199.0503040794,13289.4578100549,13.51,0.43,0.9
67954,1549099,14185.6488003258,13287.0279752574,13.63,0.120000000000001,-0.309999999999999
67955,1549099,14172.8179920331,13284.7016136011,13.04,-0.590000000000002,-0.710000000000003
67956,1549099,14160.1544565479,13282.4055802792,12.87,-0.17,0.420000000000002
67957,1549099,14147.1563754477,13280.0488902883,13.21,0.340000000000002,0.510000000000002
67958,1549099,14134.1287756168,13277.6868482385,13.24,0.0299999999999994,-0.310000000000002
67990,1549099,13733.2866530111,13284.3624329735,17.33,0.1278125,0.00305664062500002
67991,1549099,13732.4363475166,13303.4238813808,19.13,1.8,1.6721875
67992,1549099,13743.089107862,13320.3525071764,20.84,1.71,-0.0899999999999999
67993,1549099,13763.1587202786,13323.6646993616,21.4,0.559999999999999,-1.15
67994,1549099,13779.6030088525,13316.8975044909,17.87,-3.53,-4.09
67995,1549099,13791.6151306488,13310.3097180682,13.69,-4.18,-0.650000000000004
67996,1549099,13808.492517146,13296.4792357027,13.28,-0.41,3.77
67997,1549099,13811.9926216548,13283.6589123971,13.29,0.00999999999999979,0.42
