"V1","V2","V3","V4","V5","acceleration","jerk"
62266,1550380,13411.4940786943,13362.4559822109,13.78,-0.379999999999999,0
62267,1550380,13424.660566735,13364.9466834524,13.4,-0.379999999999999,0
62268,1550380,13437.9154864118,13367.4541132844,13.49,0.0899999999999999,0.469999999999999
62269,1550380,13460.3647915576,13370.2015075634,12.57,-0.92,-1.01
62270,1550380,13473.4287000097,13371.0275801723,13.09,0.52,1.44
62271,1550380,13486.6822297457,13371.8656431399,13.28,0.19,-0.33
62272,1550380,13499.7561182654,13372.6923468202,13.1,-0.18,-0.369999999999999
62273,1550380,13512.7900865148,13373.5165262145,13.06,-0.0399999999999991,0.140000000000001
62274,1550380,13526.1269984204,13373.8344960066,13.37,0.309999999999999,0.349999999999998
62275,1550380,13539.8740359624,13372.6266223295,13.8,0.430000000000001,0.120000000000003
62276,1550380,13553.1679099884,13369.9234710232,13.63,-0.17,-0.600000000000001
62277,1550380,13574.7484046961,13357.1325377223,13.52,-0.110000000000001,0.0599999999999987
62278,1550380,13585.4075679532,13349.5344893768,13.09,-0.43,-0.319999999999999
62279,1550380,13595.9853013916,13341.9944857094,12.99,-0.0999999999999996,0.33
62280,1550380,13607.0841856692,13334.0829961029,13.63,0.640000000000001,0.74
62281,1550380,13618.2807857291,13326.101852883,13.74,0.109999999999999,-0.530000000000001
62282,1550380,13629.2412393151,13318.2890392291,13.46,-0.279999999999999,-0.389999999999999
62283,1550380,13640.4459823569,13310.3020915413,13.76,0.299999999999999,0.579999999999998
62284,1550380,13651.8592312674,13302.3859718267,13.89,0.130000000000001,-0.169999999999998
62285,1550380,13661.9717084507,13295.4015673984,12.29,-1.6,-1.73
62286,1550380,13672.7835839745,13287.934108148,13.14,0.850000000000001,2.45
62287,1550380,13683.5872312826,13280.4723318955,13.13,-0.00999999999999979,-0.860000000000001
62329,1550380,14211.2462214951,13275.9038901123,13.81,0.0161904761904762,0.000623582766439904
62330,1550380,14225.4574572333,13278.3941058208,13.21,-0.6,-0.616190476190476
62331,1550380,14239.1048912319,13280.4404550714,13.8,0.59,1.19
62332,1550380,14252.7918830101,13282.492735769,13.84,0.0399999999999991,-0.550000000000001
62333,1550380,14265.5690458552,13284.4085931832,12.92,-0.92,-0.959999999999999
62334,1550380,14278.8406809465,13286.3985936863,13.42,0.5,1.42
62335,1550380,14292.2804366016,13288.4138028395,13.59,0.17,-0.33
62336,1550380,14304.9883733321,13290.3192802213,12.85,-0.74,-0.91
62337,1550380,14318.3290866353,13292.443141543,13.51,0.66,1.4
62338,1550380,14331.5546000532,13294.8346671718,13.45,-0.0600000000000005,-0.720000000000001
62339,1550380,14344.8883580005,13297.2457662991,13.55,0.100000000000001,0.160000000000002
62340,1550380,14357.9662652419,13299.6106007937,13.29,-0.260000000000002,-0.360000000000003
62341,1550380,14370.7784813655,13301.9273912466,13.02,-0.27,-0.00999999999999801
62342,1550380,14383.9843139598,13304.3153580575,13.41,0.390000000000001,0.66
62343,1550380,14397.3967952013,13306.7406924563,13.64,0.23,-0.16
