"V1","V2","V3","V4","V5","acceleration","jerk"
53384,1550014,13446.738983794,13285.536236308,12.88,0.279999999999999,0
53385,1550014,13447.4128168886,13298.6789738067,13.16,0.279999999999999,0
53386,1550014,13448.0933063891,13311.9515407793,13.29,0.129999999999999,-0.15
53387,1550014,13448.7799402644,13325.3439503429,13.41,0.120000000000001,-0.00999999999999801
53388,1550014,13449.4675982021,13338.7563336718,13.43,0.0199999999999996,-0.100000000000001
53389,1550014,13449.8619685385,13349.4457071678,10.7,-2.73,-2.75
53390,1550014,13449.8116041568,13356.8355355439,7.39,-3.31,-0.579999999999999
53391,1550014,13449.7782777932,13361.7254219796,4.89,-2.5,0.81
53392,1550014,13455.2105581597,13370.7765873546,6.47,1.58,4.08
53393,1550014,13462.8437423132,13372.280881102,7.78,1.31,-0.27
53394,1550014,13471.9486200695,13374.0752057777,9.29,1.51,0.199999999999998
53395,1550014,13483.0942462885,13376.2717066738,11.36,2.07,0.560000000000001
53396,1550014,13495.4662838432,13378.70990001,12.6,1.24,-0.83
53397,1550014,13509.3296375822,13381.4419913534,14.13,1.53,0.290000000000001
53398,1550014,13524.6254397612,13384.4563794669,15.59,1.46,-0.0700000000000021
53399,1550014,13539.3619983712,13387.3605558278,15.02,-0.57,-2.03
53400,1550014,13549.8110229515,13389.4197754178,10.65,-4.37,-3.8
53401,1550014,13557.2872264541,13390.893132533,7.62,-3.03,1.34
53402,1550014,13561.28,13391.68,4.42,-3.2,-0.17
53403,1550014,13570.8126396007,13393.6099082888,6.49,2.07,5.27
53404,1550014,13578.3767923172,13395.1472371608,7.72,1.23,-0.840000000000001
53405,1550014,13586.9106889825,13397.9101174888,8.96,1.24,0.0100000000000016
53406,1550014,13604.5746829436,13403.6953351878,10.14,1.18,-0.0600000000000014
53407,1550014,13615.3685566111,13407.8615314447,11.57,1.43,0.25
53408,1550014,13626.625798963,13414.1699172579,12.92,1.35,-0.0800000000000001
53409,1550014,13639.2043230508,13421.5030156324,14.56,1.64,0.290000000000001
53410,1550014,13653.3378844573,13429.7426783665,16.36,1.8,0.159999999999998
53411,1550014,13668.7241148147,13438.7126290568,17.82,1.46,-0.339999999999998
53412,1550014,13684.2140143268,13447.743017371,17.93,0.109999999999999,-1.35
53413,1550014,13695.4984399136,13455.4009866965,13.68,-4.25,-4.36
53414,1550014,13703.0986249999,13461.6352538269,9.83,-3.85,0.4
53415,1550014,13708.3174703033,13465.9161595371,6.75,-3.08,0.77
53416,1550014,13711.2477552959,13468.3198088173,3.79,-2.96,0.12
53417,1550014,13712.8482011889,13469.6326199017,2.07,-1.72,1.24
53418,1550014,13713.0337601331,13469.7848298825,0.24,-1.83,-0.11
53419,1550014,13713.1497344731,13469.8799611205,0.15,-0.09,1.74
53420,1550014,13713.2115874545,13469.9306977808,0.08,-0.07,0.02
53421,1550014,13713.2270506999,13469.9433819459,0.01,-0.07,-1.38777878078145e-17
53422,1550014,13713.2270506999,13469.9433819459,0,-0.01,0.06
53423,1550014,13713.2270506999,13469.9433819459,0,0,0.01
53424,1550014,13713.2270506999,13469.9433819459,0,0,0
53425,1550014,13713.2270506999,13469.9433819459,0,0,0
53426,1550014,13713.2270506999,13469.9433819459,0,0,0
53427,1550014,13713.2270506999,13469.9433819459,0,0,0
53428,1550014,13713.2270506999,13469.9433819459,0,0,0
53429,1550014,13713.2270506999,13469.9433819459,0,0,0
53430,1550014,13713.2270506999,13469.9433819459,0,0,0
53431,1550014,13713.2270506999,13469.9433819459,0,0,0
53432,1550014,13713.2270506999,13469.9433819459,0,0,0
53433,1550014,13713.2270506999,13469.9433819459,0,0,0
53434,1550014,13713.2270506999,13469.9433819459,0,0,0
53435,1550014,13713.2270506999,13469.9433819459,0,0,0
53436,1550014,13713.2270506999,13469.9433819459,0,0,0
53437,1550014,13713.2270506999,13469.9433819459,0,0,0
53438,1550014,13713.2270506999,13469.9433819459,0,0,0
53439,1550014,13713.2270506999,13469.9433819459,0,0,0
53440,1550014,13713.2270506999,13469.9433819459,0,0,0
53441,1550014,13713.2270506999,13469.9433819459,0,0,0
53442,1550014,13713.2270506999,13469.9433819459,0,0,0
53443,1550014,13713.2270506999,13469.9433819459,0,0,0
53444,1550014,13713.2270506999,13469.9433819459,0,0,0
53445,1550014,13713.2270506999,13469.9433819459,0,0,0
53446,1550014,13713.2270506999,13469.9433819459,0,0,0
53447,1550014,13713.2270506999,13469.9433819459,0,0,0
53448,1550014,13713.2270506999,13469.9433819459,0,0,0
53449,1550014,13713.2270506999,13469.9433819459,0,0,0
53450,1550014,13713.2270506999,13469.9433819459,0,0,0
53451,1550014,13713.2270506999,13469.9433819459,0,0,0
53452,1550014,13713.2270506999,13469.9433819459,0,0,0
53453,1550014,13713.2270506999,13469.9433819459,0,0,0
53454,1550014,13713.2270506999,13469.9433819459,0,0,0
53455,1550014,13713.2270506999,13469.9433819459,0,0,0
53456,1550014,13713.2270506999,13469.9433819459,0,0,0
53457,1550014,13713.2270506999,13469.9433819459,0,0,0
53458,1550014,13713.2270506999,13469.9433819459,0,0,0
53459,1550014,13713.2270506999,13469.9433819459,0,0,0
53460,1550014,13713.2270506999,13469.9433819459,0,0,0
53461,1550014,13713.2270506999,13469.9433819459,0,0,0
53462,1550014,13713.9151651176,13470.5078272913,0.89,0.89,0.89
53463,1550014,13719.4330719252,13476.5836270248,2.82,1.93,1.04
53464,1550014,13721.6221200073,13480.8441631994,4.79,1.97,0.0400000000000005
53465,1550014,13723.1165223514,13483.7527129469,3.26,-1.53,-3.5
53466,1550014,13714.0122169675,13495.9434221107,5.41,2.15,3.68
53467,1550014,13708.3446528282,13492.1546989724,6.87,1.46,-0.69
53468,1550014,13697.8019813846,13491.2550268974,8.32,1.45,-0.00999999999999979
53469,1550014,13693.1877987861,13499.9002109526,9.8,1.48,0.0300000000000002
53470,1550014,13687.9681724232,13510.3043015247,11.64,1.84,0.359999999999999
53471,1550014,13682.1880191743,13521.8256698644,12.89,1.25,-0.59
53472,1550014,13676.3316342689,13533.4989879805,13.07,0.18,-1.07
53473,1550014,13670.448344073,13545.2259354294,13.12,0.0499999999999989,-0.130000000000001
53474,1550014,13664.3991379187,13557.2835970976,13.48,0.360000000000001,0.310000000000002
53475,1550014,13658.4934266474,13569.0552356572,13.17,-0.31,-0.670000000000002
53476,1550014,13650.801733501,13587.4528210796,13.46,0.290000000000001,0.600000000000001
53477,1550014,13647.5390586975,13600.3154745044,13.27,-0.190000000000001,-0.480000000000002
53478,1550014,13644.2960533728,13613.1005836735,13.19,-0.0800000000000001,0.110000000000001
53479,1550014,13640.9768288177,13626.1861768336,13.5,0.31,0.390000000000001
53480,1550014,13637.598595826,13639.504402761,13.74,0.24,-0.0700000000000003
53481,1550014,13634.2916646951,13652.5415307613,13.45,-0.290000000000001,-0.530000000000001
