"V1","V2","V3","V4","V5","acceleration","jerk"
24183,155591,13945.9133036441,13286.0329790634,11.35,-3.35,0
24184,155591,13944.7517713332,13293.9482075939,8,-3.35,0
24185,155591,13948.9286833398,13301.816929186,7.4,-0.6,2.75
24186,155591,13956.8980017153,13302.7250776728,8.03,0.629999999999999,1.23
24187,155591,13964.11096029,13303.63399384,7.27,-0.76,-1.39
24188,155591,13972.0977988769,13304.6404278354,8.05,0.780000000000001,1.54
24189,155591,13980.1640097728,13305.6568636592,8.13,0.0800000000000001,-0.700000000000001
24190,155591,13987.9264191969,13307.1135330212,7.91,-0.220000000000001,-0.300000000000001
24191,155591,13995.6209774738,13308.8303280151,7.89,-0.0200000000000005,0.2
24192,155591,14003.6869772634,13309.8484377314,8.13,0.240000000000001,0.260000000000002
24193,155591,14011.6636855424,13310.8552768604,8.04,-0.0900000000000016,-0.330000000000003
24194,155591,14019.2237001054,13311.8095199155,7.62,-0.419999999999999,-0.329999999999997
24195,155591,14026.7341082735,13312.7575015333,7.57,-0.0499999999999998,0.369999999999999
24196,155591,14034.7306591104,13313.7668452372,8.06,0.49,0.54
24197,155591,14042.7668950631,13314.7811980911,8.09,0.0299999999999994,-0.460000000000001
24198,155591,14050.954836337,13315.7895798485,8.25,0.16,0.130000000000001
24199,155591,14059.2041845571,13316.7665971647,8.31,0.0600000000000005,-0.0999999999999996
24200,155591,14066.2015645125,13320.5847491713,7.26,-1.05,-1.11
24201,155591,14071.2883695227,13328.0940310803,9.08,1.82,2.87
24202,155591,14077.0481807084,13336.5968232749,10.27,1.19,-0.630000000000001
24203,155591,14082.0277495913,13347.5260208209,12.03,1.76,0.57
24204,155591,14088.0417933216,13359.4334503508,13.35,1.32,-0.44
24205,155591,14093.9025555775,13371.0373921716,12.99,-0.359999999999999,-1.68
24206,155591,14098.9884491195,13381.9463054852,12.04,-0.950000000000001,-0.590000000000002
24207,155591,14103.7157031983,13392.6378520934,11.69,-0.35,0.600000000000001
24208,155591,14107.3592069836,13400.8782999068,9.01,-2.68,-2.33
24209,155591,14109.3059615199,13405.2876700335,4.82,-4.19,-1.51
24210,155591,14110.2749738107,13407.4833510623,2.4,-2.42,1.77
24211,155591,14110.8604187363,13408.8099083506,1.45,-0.95,1.47
24212,155591,14111.1753477308,13409.5235046849,0.77,-0.68,0.27
24213,155591,14111.235910999,13409.6607347492,0.15,-0.62,0.0599999999999999
24214,155591,14111.2399485502,13409.6698834202,0.02,-0.13,0.49
24215,155591,14111.2399485502,13409.6698834202,0,-0.02,0.11
24216,155591,14115.5790041846,13417.3249292004,2.19,2.19,2.21
24217,155591,14114.6343021395,13421.8983784508,4.67,2.48,0.29
24218,155591,14113.7199438433,13426.3249289031,4.52,-0.15,-2.63
24219,155591,14107.797145624,13441.6118983002,6.35,1.83,1.98
24220,155591,14106.7284767433,13449.3282476199,7.8,1.45,-0.38
24221,155591,14105.4142472341,13458.8176733558,9.58,1.78,0.33
24222,155591,14107.0956483075,13470.7381900595,11.58,2,0.22
24223,155591,14106.0146976457,13483.6524170952,12.96,1.38,-0.619999999999999
24224,155591,14104.9358493712,13496.8182891286,13.21,0.25,-1.13
24225,155591,14104.0077099737,13510.3247928967,13.54,0.329999999999998,0.0799999999999983
24226,155591,14103.3415665641,13523.5980876256,13.3,-0.239999999999998,-0.569999999999997
24227,155591,14102.68193923,13536.7415457618,13.16,-0.140000000000001,0.0999999999999979
24228,155591,14102.0094615704,13550.1246609065,13.39,0.23,0.370000000000001
24229,155591,14102.6852579086,13571.5230450932,13.48,0.0899999999999999,-0.140000000000001
24230,155591,14103.7211767079,13584.8628828823,13.38,-0.0999999999999996,-0.19
24231,155591,14104.7810966153,13598.5117901569,13.69,0.309999999999999,0.409999999999998
24232,155591,14105.8479845865,13612.2504272821,13.79,0.0999999999999996,-0.209999999999999
24233,155591,14106.8513857552,13625.1715257685,12.96,-0.829999999999998,-0.929999999999998
24234,155591,14107.2425509882,13638.695421571,13.52,0.559999999999999,1.39
24235,155591,14107.5968259264,13651.5505407563,12.87,-0.65,-1.21
24236,155591,14107.6639020453,13660.9385238973,9.39,-3.48,-2.83
24237,155591,14107.5978688125,13666.7281473403,5.78,-3.61,-0.130000000000002
24238,155591,14107.5529342811,13670.6678910995,3.94,-1.84,1.77
24239,155591,14107.5212292056,13673.4477103001,2.77,-1.17,0.67
24240,155591,14107.5022973979,13675.1076023408,1.67,-1.1,0.0699999999999998
24241,155591,14107.4989900339,13675.3975834804,0.28,-1.39,-0.29
24242,155591,14107.4970512343,13675.5675724243,0.18,-0.1,1.29
24243,155591,14107.496138858,13675.6475672215,0.08,-0.1,4.16333634234434e-17
24244,155591,14107.4957967169,13675.6775652704,0.02,-0.06,0.04
24245,155591,14107.4778913326,13677.2474631643,1.57,1.55,1.61
24246,155591,14107.4328427541,13681.1972062731,3.95,2.38,0.83
24247,155591,14113.2223686749,13689.7598378796,5.81,1.86,-0.52
24248,155591,14120.5347041145,13693.1346561069,8.06,2.25,0.390000000000001
24249,155591,14129.5489305095,13707.8292879353,10.36,2.3,0.049999999999998
24250,155591,14133.8168001069,13718.997815689,11.96,1.6,-0.699999999999998
24251,155591,14137.5715407815,13731.6132355353,13.18,1.22,-0.380000000000003
24252,155591,14140.7052894152,13744.7547620639,13.51,0.33,-0.889999999999999
24253,155591,14143.4307924831,13756.184291058,11.75,-1.76,-2.09
24254,155591,14148.5355953601,13775.7729373141,11.55,-0.199999999999999,1.56
24255,155591,14151.9910288747,13788.2949211516,12.99,1.44,1.64
24256,155591,14155.80823218,13802.1279056064,14.34,1.35,-0.0899999999999999
24257,155591,14174.1574559512,13823.1130974959,15.74,1.4,0.0500000000000007
24258,155591,14186.1619913925,13841.7737441638,16.31,0.569999999999999,-0.830000000000002
24259,155591,14194.6995785742,13855.3555200347,16.06,-0.25,-0.819999999999999
24260,155591,14209.7702289763,13884.3070006212,13.51,-2.55,-2.3
24261,155591,14214.7078955602,13897.0540923957,13.67,0.16,2.71
24262,155591,14233.7394349323,13919.2808636915,13.61,-0.0600000000000005,-0.220000000000001
24263,155591,14244.9522631366,13926.7215510033,13.46,-0.149999999999999,-0.0899999999999981
24264,155591,14255.7272547931,13934.3627556566,13.21,-0.25,-0.100000000000001
24265,155591,14266.6154214423,13941.7346064139,13.16,-0.0500000000000007,0.199999999999999
24266,155591,14277.6316056923,13948.330763217,12.83,-0.33,-0.279999999999999
24267,155591,14289.2929722747,13954.2970268669,13.11,0.279999999999999,0.609999999999999
24268,155591,14301.7410137079,13959.4844757192,13.51,0.4,0.120000000000001
24269,155591,14314.2522867232,13963.7238326913,13.21,-0.299999999999999,-0.699999999999999
24270,155591,14326.9544671315,13967.0897378461,13.16,-0.0500000000000007,0.249999999999998
24271,155591,14339.800591448,13969.9003587817,13.15,-0.00999999999999979,0.0400000000000009
24272,155591,14352.50695262,13971.9873634326,12.88,-0.27,-0.26
24273,155591,14365.8938320894,13973.6284152292,13.5,0.619999999999999,0.889999999999999
24274,155591,14378.8305694272,13974.4045769733,12.96,-0.539999999999999,-1.16
24275,155591,14391.9569657229,13975.1921176319,13.15,0.19,0.729999999999999
