"V1","V2","V3","V4","V5","acceleration","jerk"
54373,1556960,13405.8248097494,13919.13982778,13.15,0.379999999999999,0
54374,1556960,13418.8709256061,13915.611972284,13.53,0.379999999999999,0
54375,1556960,13432.1349771615,13912.183425021,13.7,0.17,-0.209999999999999
54376,1556960,13445.4972004483,13909.0748601784,13.73,0.0300000000000011,-0.139999999999999
54377,1556960,13458.5651017762,13906.9721643758,13.69,-0.0400000000000009,-0.0700000000000021
54378,1556960,13477.3765230064,13904.2107716489,12.88,-0.809999999999999,-0.769999999999998
54379,1556960,13490.7394866999,13902.0283873277,13.53,0.649999999999999,1.46
54380,1556960,13504.2011428875,13899.8298849539,13.64,0.110000000000001,-0.539999999999997
54381,1556960,13517.560695062,13898.2707403768,13.46,-0.18,-0.290000000000001
54382,1556960,13530.4048112854,13897.1841040804,12.89,-0.57,-0.390000000000001
54383,1556960,13544.0266382567,13896.0388859616,13.66,0.77,1.34
54384,1556960,13553.6639642316,13895.5444690805,9.65,-4.01,-4.78
54385,1556960,13559.3502203925,13895.3847567177,5.69,-3.96,0.0499999999999998
54386,1556960,13562.9801692014,13895.365478639,3.63,-2.06,1.9
54387,1556960,13564.1901521378,13895.3590526128,1.21,-2.42,-0.359999999999999
54388,1556960,13565.0301402919,13895.3545915698,0.84,-0.37,2.05
54389,1556960,13565.450134369,13895.3523610483,0.42,-0.42,-0.05
54390,1556960,13565.5901323947,13895.3516175412,0.14,-0.28,0.14
54391,1556960,13565.6101321126,13895.3515113259,0.02,-0.12,0.16
54392,1556960,13565.6101321126,13895.3515113259,0,-0.02,0.1
54393,1556960,13565.6101321126,13895.3515113259,0,0,0.02
54394,1556960,13565.6101321126,13895.3515113259,0,0,0
54395,1556960,13565.6101321126,13895.3515113259,0,0,0
54396,1556960,13565.6101321126,13895.3515113259,0,0,0
54397,1556960,13565.6101321126,13895.3515113259,0,0,0
54398,1556960,13565.6101321126,13895.3515113259,0,0,0
54399,1556960,13565.6101321126,13895.3515113259,0,0,0
54400,1556960,13565.6101321126,13895.3515113259,0,0,0
54401,1556960,13565.6101321126,13895.3515113259,0,0,0
54402,1556960,13565.6101321126,13895.3515113259,0,0,0
54403,1556960,13565.6101321126,13895.3515113259,0,0,0
54404,1556960,13565.6101321126,13895.3515113259,0,0,0
54405,1556960,13565.7601299973,13895.350714711,0.15,0.15,0.15
54406,1556960,13566.3901211129,13895.3473689288,0.63,0.48,0.33
54407,1556960,13567.0601116644,13895.3438107159,0.67,0.04,-0.44
54408,1556960,13568.3000941777,13895.3372253668,1.24,0.57,0.53
54409,1556960,13569.7000744346,13895.3297902951,1.41,0.17,-0.4
54410,1556960,13572.210039038,13895.3164602738,2.51,1.1,0.93
54411,1556960,13573.550020141,13895.309343848,1.34,-1.17,-2.27
54412,1556960,13576.5699775523,13895.2933053363,3.02,1.68,2.85
54413,1556960,13578.4499510402,13895.2833210973,1.88,-1.14,-2.82
54414,1556960,13580.7999179,13895.2708407984,2.35,0.47,1.61
54415,1556960,13582.0299005543,13895.2643085569,1.23,-1.12,-1.59
54416,1556960,13584.5198654397,13895.2510847509,2.49,1.26,2.38
54417,1556960,13585.309854299,13895.2468892461,0.79,-1.7,-2.96
54418,1556960,13586.4198386455,13895.2409942965,1.11,0.32,2.02
54419,1556960,13586.5698365302,13895.2401976817,0.15,-0.96,-1.28
54420,1556960,13586.5798363892,13895.240144574,0.01,-0.14,0.82
54421,1556960,13586.5798363892,13895.240144574,0,-0.01,0.13
54422,1556960,13587.2698266587,13895.2364801458,0.69,0.69,0.7
54423,1556960,13587.7698196075,13895.2338247631,0.5,-0.19,-0.88
54424,1556960,13587.9898165051,13895.2326563947,0.22,-0.28,-0.0900000000000001
54425,1556960,13588.019816082,13895.2324970717,0.02,-0.2,0.08
54426,1556960,13588.019816082,13895.2324970717,0.01,-0.01,0.19
54427,1556960,13588.019816082,13895.2324970717,0,-0.01,0
54428,1556960,13588.019816082,13895.2324970717,0,0,0.01
54429,1556960,13588.019816082,13895.2324970717,0,0,0
54430,1556960,13588.019816082,13895.2324970717,0,0,0
54431,1556960,13588.019816082,13895.2324970717,0,0,0
54432,1556960,13588.019816082,13895.2324970717,0,0,0
54433,1556960,13589.5699280896,13895.2175950366,1.8,1.8,1.8
54434,1556960,13591.5497950217,13895.1946400577,1.97,0.17,-1.63
54435,1556960,13602.0696320709,13894.9120099408,0.84,-1.13,-1.3
54436,1556960,13602.6891136254,13894.886660312,0.62,-0.22,0.91
54437,1556960,13603.2086788001,13894.865399333,0.52,-0.1,0.12
54438,1556960,13603.4185031976,13894.8568131684,0.21,-0.31,-0.21
54439,1556960,13603.5483944912,13894.8514979236,0.13,-0.08,0.23
54440,1556960,13603.5683777672,13894.8506801937,0.02,-0.11,-0.03
54441,1556960,13603.5883610431,13894.8498624637,0.02,0,0.11
54442,1556960,13603.5883610431,13894.8498624637,0,-0.02,-0.02
54443,1556960,13603.5883610431,13894.8498624637,0,0,0.02
54444,1556960,13603.5883610431,13894.8498624637,0,0,0
54445,1556960,13603.5883610431,13894.8498624637,0,0,0
54446,1556960,13603.5883610431,13894.8498624637,0,0,0
54447,1556960,13603.5883610431,13894.8498624637,0,0,0
54448,1556960,13603.5883610431,13894.8498624637,0,0,0
54449,1556960,13603.5883610431,13894.8498624637,0,0,0
54450,1556960,13603.5883610431,13894.8498624637,0,0,0
54451,1556960,13603.5883610431,13894.8498624637,0,0,0
54452,1556960,13603.5883610431,13894.8498624637,0,0,0
54453,1556960,13604.6174997546,13894.8077493707,1.03,1.03,1.03
54454,1556960,13607.8747737345,13894.6744593868,3.26,2.23,1.2
54455,1556960,13609.1537033953,13894.6221246692,1.28,-1.98,-4.21
54456,1556960,13610.3127334004,13894.5746963314,1.17,-0.11,1.87
54457,1556960,13610.3127334004,13894.5746963314,0,-1.17,-1.06
54458,1556960,13610.3127334004,13894.5746963314,0,0,1.17
54459,1556960,13610.3127334004,13894.5746963314,0,0,0
54460,1556960,13610.3127334004,13894.5746963314,0,0,0
54461,1556960,13610.3127334004,13894.5746963314,0,0,0
54462,1556960,13612.0712616841,13894.5027360948,1.75,1.75,1.75
54463,1556960,13612.490910479,13894.4855637656,0.43,-1.32,-3.07
54464,1556960,13612.5408686689,13894.4835194407,0.04,-0.39,0.93
54465,1556960,13612.5508603069,13894.4831105757,0.02,-0.02,0.37
54466,1556960,13612.5508603069,13894.4831105757,0,-0.02,0
54467,1556960,13612.5508603069,13894.4831105757,0,0,0.02
54468,1556960,13612.5508603069,13894.4831105757,0,0,0
54469,1556960,13612.5508603069,13894.4831105757,0,0,0
54470,1556960,13612.5508603069,13894.4831105757,0,0,0
54471,1556960,13612.5508603069,13894.4831105757,0,0,0
54472,1556960,13612.5508603069,13894.4831105757,0,0,0
54473,1556960,13612.5508603069,13894.4831105757,0,0,0
54474,1556960,13612.5508603069,13894.4831105757,0,0,0
54475,1556960,13612.5508603069,13894.4831105757,0,0,0
54476,1556960,13612.5508603069,13894.4831105757,0,0,0
54477,1556960,13612.5508603069,13894.4831105757,0,0,0
54478,1556960,13612.5508603069,13894.4831105757,0,0,0
54479,1556960,13612.5508603069,13894.4831105757,0,0,0
54480,1556960,13612.5508603069,13894.4831105757,0,0,0
54481,1556960,13612.5508603069,13894.4831105757,0,0,0
54482,1556960,13612.5508603069,13894.4831105757,0,0,0
54483,1556960,13612.5508603069,13894.4831105757,0,0,0
54484,1556960,13612.5508603069,13894.4831105757,0,0,0
54485,1556960,13612.5508603069,13894.4831105757,0,0,0
54486,1556960,13612.5508603069,13894.4831105757,0,0,0
54487,1556960,13612.5508603069,13894.4831105757,0,0,0
54488,1556960,13612.5508603069,13894.4831105757,0,0,0
54489,1556960,13612.5508603069,13894.4831105757,0,0,0
54490,1556960,13612.5508603069,13894.4831105757,0,0,0
54491,1556960,13612.5508603069,13894.4831105757,0,0,0
54492,1556960,13613.5999822943,13894.4401797527,1.05,1.05,1.05
54493,1556960,13615.6782429931,13894.3551358366,2.07,1.02,-0.0300000000000002
54494,1556960,13619.6449232693,13894.1928164391,3.97,1.9,0.880000000000001
54495,1556960,13625.8056708606,13893.8242258231,6.17,2.2,0.299999999999999
54496,1556960,13629.7643836153,13893.0178801618,4.04,-2.13,-4.33
54497,1556960,13632.1062953687,13892.5408588423,2.4,-1.64,0.49
54498,1556960,13633.6349072245,13892.2294976463,1.56,-0.84,0.8
54499,1556960,13634.3894143584,13892.0758129535,0.77,-0.79,0.0499999999999998
54500,1556960,13634.663780589,13892.0199276106,0.28,-0.49,0.3
54501,1556960,13634.8107624982,13891.9899890341,0.15,-0.13,0.36
54502,1556960,13634.84015888,13891.9840013187,0.03,-0.12,0.01
54503,1556960,13634.8597564679,13891.9800095085,0.02,-0.01,0.11
54504,1556960,13634.8695552619,13891.9780136034,0.01,-0.01,-1.73472347597681e-18
54505,1556960,13634.8695552619,13891.9780136034,0,-0.01,0
54506,1556960,13634.8695552619,13891.9780136034,0,0,0.01
54507,1556960,13634.8695552619,13891.9780136034,0,0,0
54508,1556960,13634.8695552619,13891.9780136034,0,0,0
54509,1556960,13634.8695552619,13891.9780136034,0,0,0
54510,1556960,13634.8695552619,13891.9780136034,0,0,0
54511,1556960,13634.8695552619,13891.9780136034,0,0,0
54512,1556960,13634.8695552619,13891.9780136034,0,0,0
54513,1556960,13634.8695552619,13891.9780136034,0,0,0
54514,1556960,13634.8695552619,13891.9780136034,0,0,0
54515,1556960,13634.8695552619,13891.9780136034,0,0,0
54516,1556960,13634.8695552619,13891.9780136034,0,0,0
54517,1556960,13634.8695552619,13891.9780136034,0,0,0
54518,1556960,13634.8695552619,13891.9780136034,0,0,0
54519,1556960,13634.8695552619,13891.9780136034,0,0,0
54520,1556960,13634.8695552619,13891.9780136034,0,0,0
54521,1556960,13634.8695552619,13891.9780136034,0,0,0
54522,1556960,13635.5358732503,13891.8422920565,0.68,0.68,0.68
54523,1556960,13637.1624730455,13891.5109718095,1.65,0.97,0.29
54524,1556960,13638.6518467885,13891.1225418713,1.54,-0.11,-1.08
54525,1556960,13641.5684170603,13890.3012515148,3.03,1.49,1.6
54526,1556960,13644.2635975095,13889.5423033307,2.8,-0.23,-1.72
54527,1556960,13646.1020956016,13889.0245922479,1.91,-0.89,-0.66
54528,1556960,13655.2977694493,13886.5819020317,4.16,2.25,3.14
54529,1556960,13659.5795202577,13886.84781558,4.29,0.13,-2.12
54530,1556960,13690.9900226076,13876.5475779144,6.47,2.18,2.05
54531,1556960,13693.4052621785,13875.1508969147,2.79,-3.68,-5.86
54532,1556960,13696.5996112885,13873.303673657,3.68,0.89,4.57
54533,1556960,13701.5253149296,13870.4552453816,5.7,2.02,1.13
54534,1556960,13716.7397341488,13864.3606854445,6.86,1.16,-0.86
54535,1556960,13724.9406408854,13863.0304081405,8.31,1.45,0.29
54536,1556960,13734.605366058,13861.2354186316,9.83,1.52,0.0699999999999994
54537,1556960,13746.4277254197,13859.0676868602,12.01,2.18,0.66
54538,1556960,13759.1986778717,13857.2475842617,12.9,0.890000000000001,-1.29
54539,1556960,13772.5018088651,13855.6876369591,13.4,0.5,-0.390000000000001
54540,1556960,13785.507582823,13854.614164204,13.06,-0.34,-0.84
54541,1556960,13798.7850738591,13853.5509600339,13.32,0.26,0.6
54542,1556960,13812.0731002947,13852.4939579311,13.32,0,-0.26
54543,1556960,13825.1662028875,13852.2751919042,13.11,-0.210000000000001,-0.210000000000001
54544,1556960,13838.9534501195,13852.5507164292,13.8,0.690000000000001,0.900000000000002
54545,1556960,13851.9154261242,13854.1466684158,13.08,-0.720000000000001,-1.41
54546,1556960,13865.466223994,13856.2299295832,13.7,0.619999999999999,1.34
54547,1556960,13878.1885296378,13857.8716839288,12.84,-0.859999999999999,-1.48
54548,1556960,13891.8887684569,13859.4425296567,13.79,0.949999999999999,1.81
54549,1556960,13905.2358380255,13862.3374667537,13.66,-0.129999999999999,-1.08
54550,1556960,13918.3416252999,13864.759144609,13.33,-0.33,-0.200000000000001
54551,1556960,13931.8171229885,13867.0294756446,13.67,0.34,0.67
54552,1556960,13945.1419326758,13867.6659085135,13.33,-0.34,-0.68
54553,1556960,13958.1468418864,13866.7470648722,13.06,-0.27,0.0700000000000003
54554,1556960,13978.1746468299,13864.9815570224,13.86,0.799999999999999,1.07
54555,1556960,13990.8383429103,13866.7534719188,12.86,-1,-1.8
54556,1556960,14000.9004710922,13868.702945461,10.26,-2.6,-1.6
54557,1556960,14007.9425895383,13869.8811507873,7.14,-3.12,-0.52
54558,1556960,14012.7261013679,13870.6814723325,4.85,-2.29,0.83
54559,1556960,14016.1485314811,13871.2540735205,3.47,-1.38,0.910000000000001
54560,1556960,14017.9534441921,13871.5560505159,1.83,-1.64,-0.260000000000001
54561,1556960,14019.5512357723,13871.8233744134,1.62,-0.21,1.43
54562,1556960,14020.5868414261,13871.9966399026,1.05,-0.57,-0.36
54563,1556960,14022.8848996866,13872.3811242738,2.33,1.28,1.85
54564,1556960,14026.1889748679,13872.9339236916,3.35,1.02,-0.26
54565,1556960,14029.6535884235,13876.5785333628,5.41,2.06,1.04
54566,1556960,14042.1736475538,13883.3910426287,6.95,1.54,-0.52
54567,1556960,14049.9716050187,13880.2148405923,8.42,1.47,-0.0700000000000003
54568,1556960,14059.6945565575,13876.9189694968,10.4,1.98,0.510000000000001
54569,1556960,14071.9556891719,13878.1218938549,12.32,1.92,-0.0600000000000005
54570,1556960,14085.5034760255,13879.4190862897,13.61,1.29,-0.630000000000001
54571,1556960,14098.3505970317,13880.0303016787,12.87,-0.74,-2.03
54572,1556960,14111.2345532895,13880.8143705429,12.91,0.0400000000000009,0.780000000000001
54573,1556960,14124.883722159,13881.7322971043,13.68,0.77,0.729999999999999
54574,1556960,14138.2023396071,13882.431206016,13.34,-0.34,-1.11
54575,1556960,14156.1648022045,13882.2179027823,13.1,-0.24,0.0999999999999996
54576,1556960,14170.8336155189,13879.996595741,15.05,1.95,2.19
54577,1556960,14184.3492567205,13870.9245948065,16.31,1.26,-0.690000000000003
54578,1556960,14208.4990864337,13848.548466503,14.6,-1.71,-2.97
54579,1556960,14233.7099850504,13835.44074294,13.89,-0.709999999999999,1
54580,1556960,14247.5499314487,13835.4792616679,13.84,-0.0500000000000007,0.659999999999998
54581,1556960,14260.8098800933,13835.5161661716,13.26,-0.58,-0.529999999999999
54582,1556960,14274.2698279633,13835.5536273044,13.47,0.210000000000001,0.790000000000001
54583,1556960,14288.0697745165,13835.5920347064,13.79,0.319999999999999,0.109999999999998
54584,1556960,14301.4997225027,13835.6294123448,13.43,-0.359999999999999,-0.679999999999998
54585,1556960,14321.8415561818,13855.1565010112,13.1,-0.33,0.0299999999999994
54586,1556960,14323.1412487671,13867.8885827614,13,-0.0999999999999996,0.23
54587,1556960,14322.84339053,13881.615351517,13.73,0.73,0.83
54588,1556960,14322.5594164351,13894.7022708915,13.09,-0.640000000000001,-1.37
54589,1556960,14322.2641614747,13908.3090678881,13.62,0.529999999999999,1.17
54590,1556960,14321.9812720784,13921.3459990297,13.04,-0.58,-1.11
54591,1556960,14325.0165475149,13933.5327387961,13.37,0.33,0.91
54592,1556960,14324.730299346,13946.7396370688,13.21,-0.159999999999998,-0.489999999999998
54593,1556960,14324.4375504618,13960.246464901,13.51,0.299999999999999,0.459999999999997
54594,1556960,14324.1465351016,13973.6733115174,13.43,-0.0800000000000001,-0.379999999999999
54595,1556960,14323.8644040526,13986.6902544024,13.02,-0.41,-0.33
54596,1556960,14323.5846565991,13999.5972231156,12.91,-0.109999999999999,0.300000000000001
54597,1556960,14317.3226503656,14016.4969888839,13.23,0.32,0.43
54598,1556960,14308.9562617961,14021.2158672787,10.26,-2.97,-3.29
54599,1556960,14304.2096778576,14025.9893406386,6.84,-3.42,-0.449999999999999
54600,1556960,14302.7392996268,14028.157839626,2.62,-4.22,-0.8
54601,1556960,14293.2729043785,14035.0727041399,4.97,2.35,6.57
54602,1556960,14286.6809925213,14034.7460574408,6.6,1.63,-0.72
54603,1556960,14268.8800630229,14034.1714500319,8.31,1.71,0.080000000000001
54604,1556960,14258.4303042646,14034.1004437436,10.45,2.14,0.429999999999998
54605,1556960,14248.9072239141,14033.1487189561,9.62,-0.83,-2.97
54606,1556960,14243.1675356094,14028.9339237432,7.46,-2.16,-1.33
54607,1556960,14241.518461424,14025.7088232474,3.64,-3.82,-1.66
54608,1556960,14239.1516507279,14014.5130300162,5.9,2.26,6.08
54609,1556960,14238.8197876006,14006.9402982195,7.58,1.68,-0.580000000000001
54610,1556960,14238.4078044834,13997.5393211473,9.41,1.83,0.15
54611,1556960,14237.901808999,13986.0705296805,11.48,2.07,0.24
54612,1556960,14237.2653399478,13977.5643080077,8.54,-2.94,-5.01
54613,1556960,14236.7197741456,13973.1666217252,4.44,-4.1,-1.16
54614,1556960,14231.6782434141,13963.7859658055,6.21,1.77,5.87
54615,1556960,14224.462188211,13961.4329576656,7.59,1.38,-0.39
54616,1556960,14215.8200351418,13958.614928154,9.08,1.49,0.11
54617,1556960,14207.0352722859,13955.7503965053,9.24,0.16,-1.33
54618,1556960,14197.1932298608,13954.7114073871,5.99,-3.25,-3.41
54619,1556960,14193.6469212283,13955.0233289853,3.55,-2.44,0.81
54620,1556960,14191.9988396929,13955.5927135944,1.77,-1.78,0.660000000000001
54621,1556960,14188.7677324976,13960.3799144892,1.81,0.04,1.82
54622,1556960,14188.7452885444,13961.9897580434,1.61,-0.2,-0.24
54623,1556960,14188.7213111534,13963.7095909088,1.72,0.11,0.31
54624,1556960,14188.6825569981,13966.4893207725,2.78,1.06,0.95
54625,1556960,14188.724205187,13968.8682397598,2.38,-0.4,-1.46
54626,1556960,14188.8235107274,13971.576419667,2.7,0.32,0.72
54627,1556960,14188.9198847389,13974.2046533038,2.64,-0.0600000000000001,-0.38
54628,1556960,14188.9902414318,13976.1233637916,1.92,-0.72,-0.66
54629,1556960,14189.0917456188,13978.8915034015,2.77,0.85,1.57
54630,1556960,14189.1536741662,13980.580368362,1.69,-1.08,-1.93
54631,1556960,14189.2496817366,13983.1986087151,2.62,0.93,2.01
