"V1","V2","V3","V4","V5","acceleration","jerk"
46829,"1557814#1",13417.4186571876,13915.9873606704,13.4,-0.0800000000000001,0
46830,"1557814#1",13430.3244825332,13912.6514092095,13.32,-0.0800000000000001,0
46831,"1557814#1",13443.01064566,13909.4840609664,13.08,-0.24,-0.16
46832,"1557814#1",13456.6570951528,13907.2383280704,13.83,0.75,0.99
46833,"1557814#1",13475.3631961279,13904.5395799218,13.21,-0.619999999999999,-1.37
46834,"1557814#1",13489.0024988047,13902.3120650534,13.83,0.619999999999999,1.24
46835,"1557814#1",13502.1187312632,13900.1699758637,13.28,-0.550000000000001,-1.17
46836,"1557814#1",13514.8802704972,13898.4975093168,12.89,-0.389999999999999,0.160000000000002
46837,"1557814#1",13527.8539239671,13897.3999139267,13.02,0.129999999999999,0.519999999999998
46838,"1557814#1",13540.7378978049,13896.3099056014,12.93,-0.0899999999999999,-0.219999999999999
46839,"1557814#1",13554.4629135352,13895.5034811525,13.75,0.82,0.91
46840,"1557814#1",13567.9700988314,13895.3389779194,13.51,-0.24,-1.06
46841,"1557814#1",13579.909930451,13895.2755673797,11.94,-1.57,-1.33
46842,"1557814#1",13588.49,13895.23,8.69,-3.25,-1.68
46843,"1557814#1",13602.8789547469,13894.8788918774,4.84,-3.85,-0.6
46844,"1557814#1",13607.5250664054,13894.6887696612,4.65,-0.19,3.66
46845,"1557814#1",13610.8422902131,13894.5530264874,3.31,-1.34,-1.15
46846,"1557814#1",13613.5700073804,13894.4414063476,2.73,-0.58,0.76
46847,"1557814#1",13617.3568381729,13894.2864465198,3.8,1.07,1.65
46848,"1557814#1",13621.1536606035,13894.131077827,3.8,0,-1.07
46849,"1557814#1",13625.6194937756,13893.8621480201,4.48,0.680000000000001,0.680000000000001
46850,"1557814#1",13628.8334981903,13893.2074911465,3.28,-1.2,-1.88
46851,"1557814#1",13631.5085689379,13892.6626090535,2.73,-0.55,0.650000000000001
46852,"1557814#1",13634.2130360674,13892.1117392453,2.76,0.0299999999999998,0.58
46853,"1557814#1",13637.2408633971,13891.4950045687,3.09,0.33,0.3
46854,"1557814#1",13639.2197598117,13890.9626206467,2.04,-1.05,-1.38
46855,"1557814#1",13640.4999705251,13890.6021202593,1.33,-0.71,0.34
46856,"1557814#1",13641.5299144824,13890.3120936317,1.08,-0.25,0.46
46857,"1557814#1",13642.0015710611,13890.1792776995,0.48,-0.6,-0.35
46858,"1557814#1",13642.0978275057,13890.1521724072,0.1,-0.38,0.22
46859,"1557814#1",13642.1363300835,13890.1413302903,0.04,-0.06,0.32
46860,"1557814#1",13642.1363300835,13890.1413302903,0,-0.04,0.02
46861,"1557814#1",13642.1363300835,13890.1413302903,0,0,0.04
46862,"1557814#1",13642.1363300835,13890.1413302903,0,0,0
46863,"1557814#1",13642.1363300835,13890.1413302903,0,0,0
46864,"1557814#1",13642.1363300835,13890.1413302903,0,0,0
46865,"1557814#1",13642.1363300835,13890.1413302903,0,0,0
46866,"1557814#1",13643.3587869301,13889.7970930782,1.27,1.27,1.27
46867,"1557814#1",13644.7833823104,13889.3959347523,1.47,0.2,-1.07
46868,"1557814#1",13648.0657270718,13888.4716442851,3.42,1.95,1.75
46869,"1557814#1",13657.5933468058,13886.7244664049,4.42,1,-0.95
46870,"1557814#1",13659.7192510533,13886.8564934114,2.13,-2.29,-3.29
46871,"1557814#1",13661.1365205516,13886.9445114158,1.42,-0.71,1.58
46872,"1557814#1",13661.5856552518,13886.9724044453,0.44,-0.98,-0.27
46873,"1557814#1",13661.8351745297,13886.9879005728,0.26,-0.18,0.8
46874,"1557814#1",13661.9649245542,13886.9959585591,0.13,-0.13,0.05
46875,"1557814#1",13662.0248091809,13886.9996776297,0.06,-0.07,0.06
46876,"1557814#1",13662.0248091809,13886.9996776297,0,-0.06,0.01
46877,"1557814#1",13662.0248091809,13886.9996776297,0,0,0.06
46878,"1557814#1",13688.7046346265,13877.8691685378,1.38,1.38,1.38
46879,"1557814#1",13691.5873399208,13876.2021621833,3.33,1.95,0.57
46880,"1557814#1",13695.9849804299,13873.6591014383,5.08,1.75,-0.2
46881,"1557814#1",13700.3566506211,13871.1310587685,5.04,-0.04,-1.79
46882,"1557814#1",13703.4124913685,13869.3639319123,3.54,-1.5,-1.46
46883,"1557814#1",13717.9872717395,13864.1839088628,5.94,2.4,3.9
46884,"1557814#1",13725.3437474287,13862.9555408263,7.46,1.52,-0.880000000000001
46885,"1557814#1",13734.1236045794,13861.3248942022,8.93,1.47,-0.0499999999999998
46886,"1557814#1",13744.7911801769,13859.3436494238,10.86,1.93,0.46
46887,"1557814#1",13757.1790853909,13857.53541444,12.51,1.65,-0.279999999999999
46888,"1557814#1",13770.6381462366,13855.8414602581,13.57,1.06,-0.59
46889,"1557814#1",13783.4944285398,13854.7803262703,12.9,-0.67,-1.73
46890,"1557814#1",13796.8611510518,13853.7039993482,13.41,0.51,1.18
46891,"1557814#1",13809.7404684973,13852.6795081877,12.92,-0.49,-1
46892,"1557814#1",13823.2565841629,13852.2370300592,13.54,0.619999999999999,1.11
46893,"1557814#1",13836.7938813,13852.5075595783,13.54,0,-0.619999999999999
46894,"1557814#1",13850.3834249062,13853.9111429009,13.69,0.15,0.15
46895,"1557814#1",13863.2818867735,13855.8941157845,13.04,-0.65,-0.800000000000001
46896,"1557814#1",13876.6883584546,13857.6996768911,13.54,0.5,1.15
46897,"1557814#1",13890.0309405677,13859.2295143187,13.43,-0.109999999999999,-0.609999999999999
46898,"1557814#1",13903.4391469203,13861.9406027058,13.69,0.26,0.369999999999999
46899,"1557814#1",13916.5486486764,13864.4466788871,13.34,-0.35,-0.609999999999999
46900,"1557814#1",13929.24725784,13866.6596916097,12.9,-0.44,-0.0899999999999999
46901,"1557814#1",13942.9344492119,13867.5604724835,13.72,0.82,1.26
46902,"1557814#1",13956.4951155606,13866.9125947636,13.61,-0.110000000000001,-0.930000000000001
46903,"1557814#1",13975.8625030899,13865.1723221286,13.2,-0.41,-0.299999999999999
46904,"1557814#1",13988.6613616961,13866.3185549233,12.96,-0.239999999999998,0.170000000000002
46905,"1557814#1",14001.8670363691,13868.8646599175,13.45,0.489999999999998,0.729999999999997
46906,"1557814#1",14015.1129258273,13871.0808080313,13.43,-0.0199999999999996,-0.509999999999998
46907,"1557814#1",14027.8783431783,13873.6319922856,13.21,-0.219999999999999,-0.199999999999999
46908,"1557814#1",14044.4704331254,13882.4555341904,12.86,-0.350000000000001,-0.130000000000003
46909,"1557814#1",14058.1365361147,13880.4491243391,13.41,0.550000000000001,0.900000000000002
46910,"1557814#1",14071.4071713513,13881.3853401739,13.39,-0.0199999999999996,-0.57
46911,"1557814#1",14084.7847104689,13882.6772290338,13.44,0.0499999999999989,0.0699999999999985
46912,"1557814#1",14097.8707074493,13883.3249647188,13.11,-0.33,-0.379999999999999
46913,"1557814#1",14110.9351758035,13884.0969447658,13.08,-0.0299999999999994,0.300000000000001
46914,"1557814#1",14124.0155229889,13884.9782038142,13.12,0.0399999999999991,0.0699999999999985
46915,"1557814#1",14137.4526843664,13885.7126138284,13.46,0.340000000000002,0.300000000000002
46916,"1557814#1",14150.1481125234,13885.7332442213,9.97,-3.49,-3.83
46917,"1557814#1",14157.3536063292,13885.478373637,7.21,-2.76,0.73
46918,"1557814#1",14160.4716563533,13885.3680828988,3.12,-4.09,-1.33
46919,"1557814#1",14162.1406126162,13885.3090490741,1.67,-1.45,2.64
46920,"1557814#1",14167.6128585936,13884.3488670279,3.99,2.32,3.77
46921,"1557814#1",14173.0594409143,13882.5375564859,5.77,1.78,-0.540000000000001
46922,"1557814#1",14179.5041988579,13878.575364268,7.58,1.81,0.0300000000000011
46923,"1557814#1",14184.7233932384,13874.7347380145,6.48,-1.1,-2.91
46924,"1557814#1",14187.5262939242,13872.672179471,3.48,-3,-1.9
46925,"1557814#1",14194.5327253129,13866.1035671503,1.28,-2.2,0.8
46926,"1557814#1",14195.3745217939,13865.2067512915,1.23,-0.05,2.15
46927,"1557814#1",14203.5974421025,13875.4944955102,3.47,2.24,2.29
46928,"1557814#1",14205.0329546193,13880.3987185693,5.11,1.64,-0.6
46929,"1557814#1",14207.300045076,13887.0359497797,7.02,1.91,0.269999999999999
46930,"1557814#1",14210.6284107016,13895.6342276458,9.23,2.21,0.300000000000002
46931,"1557814#1",14227.9097310005,13919.449944706,11.32,2.09,-0.120000000000001
46932,"1557814#1",14238.6485147918,13926.37864752,12.78,1.46,-0.630000000000001
46933,"1557814#1",14249.3727398962,13933.9505308379,13.13,0.350000000000001,-1.11
46934,"1557814#1",14260.2557683621,13941.4368916558,13.2,0.0699999999999985,-0.280000000000003
46935,"1557814#1",14271.3168390715,13948.390186786,13.08,-0.119999999999999,-0.189999999999998
46936,"1557814#1",14283.4327720939,13955.134876244,13.88,0.800000000000001,0.92
46937,"1557814#1",14295.8680029016,13960.9597116014,13.74,-0.140000000000001,-0.940000000000001
46938,"1557814#1",14308.2632620072,13965.1675200221,13.08,-0.66,-0.52
46939,"1557814#1",14321.2865598992,13969.2045242332,13.66,0.58,1.24
46940,"1557814#1",14334.6478592202,13972.1401809663,13.68,0.0199999999999996,-0.56
46941,"1557814#1",14347.4485471692,13974.5390991589,13.03,-0.65,-0.67
46942,"1557814#1",14361.028583436,13976.6265175521,13.74,0.710000000000001,1.36
46943,"1557814#1",14374.5642221632,13977.4389732412,13.57,-0.17,-0.880000000000001
46944,"1557814#1",14389.9405915391,13975.0711418045,13.51,-0.0600000000000005,0.109999999999999
46945,"1557814#1",14403.3265211455,13975.8742536092,13.41,-0.0999999999999996,-0.0399999999999991
