"V1","V2","V3","V4","V5","acceleration","jerk"
63905,"1557765#1",13651.5,13584.7,0,1.47,0
63906,"1557765#1",13651.1385733262,13586.1248756997,1.47,1.47,0
63907,"1557765#1",13650.1600167537,13589.9827024239,3.97,2.5,1.03
63908,"1557765#1",13648.7929879739,13595.3720281995,5.56,1.59,-0.910000000000001
63909,"1557765#1",13647.0079827687,13602.40916941,7.26,1.7,0.110000000000001
63910,"1557765#1",13644.8615508897,13610.8711863203,8.73,1.47,-0.23
63911,"1557765#1",13642.2799317912,13621.0488698892,10.5,1.77,0.299999999999999
63912,"1557765#1",13639.3934357706,13632.4284894226,11.74,1.24,-0.529999999999999
63913,"1557765#1",13636.0619177912,13645.5625477425,13.55,1.81,0.57
63914,"1557765#1",13632.7574453451,13658.5899827108,13.44,-0.110000000000001,-1.92
63915,"1557765#1",13639.6914964612,13669.7149353178,12.62,-0.82,-0.709999999999999
63916,"1557765#1",13647.7337676769,13671.3659876166,8.21,-4.41,-3.59
63917,"1557765#1",13653.1801779034,13672.4841180406,5.55,-2.66,1.75
63918,"1557765#1",13655.6193076631,13672.9848635003,2.49,-3.06,-0.399999999999999
63919,"1557765#1",13656.6674477606,13673.2000432762,1.07,-1.42,1.64
63920,"1557765#1",13657.1866199584,13673.3066276511,0.53,-0.54,0.88
63921,"1557765#1",13657.2943726788,13673.3287489365,0.12,-0.41,0.13
63922,"1557765#1",13657.3531468898,13673.3408150921,0.06,-0.06,0.35
63923,"1557765#1",13657.3531468898,13673.3408150921,0,-0.06,0
63924,"1557765#1",13657.3531468898,13673.3408150921,0,0,0.06
63925,"1557765#1",13657.3531468898,13673.3408150921,0,0,0
63926,"1557765#1",13657.3531468898,13673.3408150921,0,0,0
63927,"1557765#1",13657.3531468898,13673.3408150921,0,0,0
63928,"1557765#1",13657.3531468898,13673.3408150921,0,0,0
63929,"1557765#1",13657.3531468898,13673.3408150921,0,0,0
63930,"1557765#1",13657.3531468898,13673.3408150921,0,0,0
63931,"1557765#1",13657.3531468898,13673.3408150921,0,0,0
63932,"1557765#1",13657.3531468898,13673.3408150921,0,0,0
63933,"1557765#1",13657.3531468898,13673.3408150921,0,0,0
63934,"1557765#1",13657.3531468898,13673.3408150921,0,0,0
63935,"1557765#1",13657.3531468898,13673.3408150921,0,0,0
63936,"1557765#1",13657.3531468898,13673.3408150921,0,0,0
63937,"1557765#1",13657.3531468898,13673.3408150921,0,0,0
63938,"1557765#1",13657.3531468898,13673.3408150921,0,0,0
63939,"1557765#1",13657.3531468898,13673.3408150921,0,0,0
63940,"1557765#1",13657.3531468898,13673.3408150921,0,0,0
63941,"1557765#1",13657.3531468898,13673.3408150921,0,0,0
63942,"1557765#1",13657.3531468898,13673.3408150921,0,0,0
63943,"1557765#1",13657.3531468898,13673.3408150921,0,0,0
63944,"1557765#1",13657.3531468898,13673.3408150921,0,0,0
63945,"1557765#1",13657.3531468898,13673.3408150921,0,0,0
63946,"1557765#1",13657.3531468898,13673.3408150921,0,0,0
63947,"1557765#1",13657.3531468898,13673.3408150921,0,0,0
63948,"1557765#1",13657.3531468898,13673.3408150921,0,0,0
63949,"1557765#1",13657.3531468898,13673.3408150921,0,0,0
63950,"1557765#1",13657.3531468898,13673.3408150921,0,0,0
63951,"1557765#1",13657.3531468898,13673.3408150921,0,0,0
63952,"1557765#1",13657.3531468898,13673.3408150921,0,0,0
63953,"1557765#1",13657.3531468898,13673.3408150921,0,0,0
63954,"1557765#1",13657.3531468898,13673.3408150921,0,0,0
63955,"1557765#1",13657.3531468898,13673.3408150921,0,0,0
63956,"1557765#1",13657.3531468898,13673.3408150921,0,0,0
63957,"1557765#1",13657.3531468898,13673.3408150921,0,0,0
63958,"1557765#1",13657.3531468898,13673.3408150921,0,0,0
63959,"1557765#1",13657.3531468898,13673.3408150921,0,0,0
63960,"1557765#1",13657.3531468898,13673.3408150921,0,0,0
63961,"1557765#1",13657.3531468898,13673.3408150921,0,0,0
63962,"1557765#1",13657.3531468898,13673.3408150921,0,0,0
63963,"1557765#1",13657.3531468898,13673.3408150921,0,0,0
63964,"1557765#1",13657.3531468898,13673.3408150921,0,0,0
63965,"1557765#1",13657.3531468898,13673.3408150921,0,0,0
63966,"1557765#1",13657.3531468898,13673.3408150921,0,0,0
63967,"1557765#1",13657.3531468898,13673.3408150921,0,0,0
63968,"1557765#1",13657.3531468898,13673.3408150921,0,0,0
63969,"1557765#1",13657.9604804043,13673.4654987006,0.62,0.62,0.62
63970,"1557765#1",13658.4796526021,13673.5720830755,0.53,-0.09,-0.71
63971,"1557765#1",13659.9294164754,13673.869714915,1.48,0.95,1.04
63972,"1557765#1",13661.5163201744,13674.1955011177,1.62,0.14,-0.81
63973,"1557765#1",13663.7203530898,13674.6479819548,2.25,0.63,0.49
63974,"1557765#1",13665.6794934591,13675.0501871433,2,-0.25,-0.88
63975,"1557765#1",13669.9308280603,13675.9229724023,4.33,2.33,2.58
63976,"1557765#1",13673.8099259914,13676.7193386755,3.96,-0.37,-2.7
63977,"1557765#1",13678.0514648907,13677.5901129086,4.33,0.37,0.74
63978,"1557765#1",13683.3607352914,13678.6800889695,5.42,1.09,0.72
63979,"1557765#1",13694.9114522541,13700.4315065443,6.79,1.37,0.28
63980,"1557765#1",13699.25748941,13704.2232135517,9.04,2.25,0.879999999999999
63981,"1557765#1",13701.5561389775,13715.0537376856,11.13,2.09,-0.159999999999997
63982,"1557765#1",13700.4423337936,13727.8553757844,12.85,1.72,-0.370000000000003
63983,"1557765#1",13699.1985124403,13742.151368525,14.34,1.49,-0.229999999999999
63984,"1557765#1",13698.0153652994,13755.7499957661,13.65,-0.69,-2.18
63985,"1557765#1",13713.3263873611,13763.2469447064,13.03,-0.620000000000001,0.0699999999999985
63986,"1557765#1",13726.6277975359,13764.684438151,13.39,0.360000000000001,0.980000000000002
63987,"1557765#1",13739.4461620249,13766.3798530935,12.93,-0.460000000000001,-0.820000000000002
63988,"1557765#1",13758.4321889853,13768.6958922929,12.91,-0.0199999999999996,0.440000000000001
63989,"1557765#1",13771.6148140234,13770.2161873644,13.27,0.359999999999999,0.379999999999999
63990,"1557765#1",13784.7385514598,13770.3113050581,13.16,-0.109999999999999,-0.469999999999999
63991,"1557765#1",13798.1258716191,13769.7285023879,13.4,0.24,0.35
63992,"1557765#1",13811.063617594,13769.1652714492,12.95,-0.450000000000001,-0.690000000000001
63993,"1557765#1",13824.2610515932,13767.7789172801,13.28,0.33,0.780000000000001
63994,"1557765#1",13837.2618429922,13766.0902719657,13.11,-0.17,-0.5
63995,"1557765#1",13850.9270531737,13764.3153267002,13.78,0.67,0.84
63996,"1557765#1",13863.7166149117,13763.0733498558,12.85,-0.93,-1.6
63997,"1557765#1",13876.8863609974,13761.8121250398,13.23,0.380000000000001,1.31
63998,"1557765#1",13890.6533744794,13760.4937018195,13.83,0.6,0.219999999999999
63999,"1557765#1",13913.6868331226,13760.5514976416,13.58,-0.25,-0.85
64000,"1557765#1",13927.3416853257,13761.1948570365,13.67,0.0899999999999999,0.34
64001,"1557765#1",13940.8481722113,13759.9407277705,13.6,-0.0700000000000003,-0.16
64002,"1557765#1",13954.1644319907,13758.0583739841,13.45,-0.15,-0.0800000000000001
64003,"1557765#1",13972.2323962062,13750.0020766547,13.83,0.380000000000001,0.530000000000001
64004,"1557765#1",13985.2057110046,13745.5069678528,13.73,-0.0999999999999996,-0.48
64005,"1557765#1",13997.9333548746,13741.096981286,13.48,-0.25,-0.15
64006,"1557765#1",14011.0519615489,13738.4386599891,13.49,0.00999999999999979,0.26
64007,"1557765#1",14024.376285863,13737.7474436976,13.36,-0.130000000000001,-0.140000000000001
64008,"1557765#1",14037.6093997104,13739.1732678827,13.46,0.100000000000001,0.230000000000002
64009,"1557765#1",14049.5630290334,13744.3078396522,13,-0.460000000000001,-0.560000000000002
64010,"1557765#1",14061.4847812579,13749.6647719738,13.07,0.0700000000000003,0.530000000000001
64011,"1557765#1",14073.6984203004,13755.1528610163,13.39,0.32,0.25
64012,"1557765#1",14085.9485451951,13760.657344649,13.43,0.0399999999999991,-0.280000000000001
64013,"1557765#1",14098.4847404621,13765.4852016753,13.56,0.130000000000001,0.0900000000000016
64014,"1557765#1",14111.519324674,13765.8609867487,13.03,-0.530000000000001,-0.660000000000002
64015,"1557765#1",14121.5453091741,13766.1447548363,10.03,-3,-2.47
64016,"1557765#1",14128.0663606172,13765.7923278427,6.56,-3.47,-0.47
64017,"1557765#1",14131.8946932749,13765.1612422208,3.87,-2.69,0.78
64018,"1557765#1",14134.1739325633,13764.7855185645,2.31,-1.56,1.13
64019,"1557765#1",14134.8646111356,13764.6716629111,0.7,-1.61,-0.05
64020,"1557765#1",14147.0486151178,13770.3843391885,2.61,1.91,3.52
64021,"1557765#1",14148.1365845616,13774.3269807509,4.09,1.48,-0.43
64022,"1557765#1",14149.6900666036,13779.956571637,5.84,1.75,0.27
64023,"1557765#1",14151.7330018917,13787.3598692407,7.68,1.84,0.0899999999999999
64024,"1557765#1",14154.3664731616,13796.9031825579,9.9,2.22,0.380000000000001
64025,"1557765#1",14165.8326675932,13818.0184435533,11.39,1.49,-0.73
64026,"1557765#1",14177.3986645332,13825.0966717769,13.56,2.17,0.68
64027,"1557765#1",14186.1925751859,13830.478421997,10.31,-3.25,-5.42
64028,"1557765#1",14189.7849297362,13847.0980204299,8.65,-1.66,1.59
64029,"1557765#1",14194.1492143303,13854.4262734587,8.53,-0.120000000000001,1.54
64030,"1557765#1",14208.1871673297,13879.4212414249,9.45,0.92,1.04
64031,"1557765#1",14210.4131731255,13885.966826763,6.92,-2.53,-3.45
64032,"1557765#1",14212.1722394213,13890.5080364881,4.86,-2.06,0.47
64033,"1557765#1",14210.5634317631,13895.4663653881,4.32,-0.54,1.52
64034,"1557765#1",14212.5705589734,13900.6514440145,5.56,1.24,1.78
64035,"1557765#1",14227.044242166,13918.8915281255,4.91,-0.649999999999999,-1.89
64036,"1557765#1",14229.8675843834,13920.7131589123,3.36,-1.55,-0.900000000000001
64037,"1557765#1",14231.850646179,13921.9926376792,2.36,-1,0.55
64038,"1557765#1",14234.3714874446,13923.6190937389,3,0.64,1.64
64039,"1557765#1",14236.505799716,13924.9961598694,2.54,-0.46,-1.1
64040,"1557765#1",14239.4047671714,13926.8665843379,3.45,0.91,1.37
64041,"1557765#1",14241.8569667136,13928.5583463578,2.98,-0.47,-1.38
64042,"1557765#1",14243.7095032386,13929.8874469648,2.28,-0.7,-0.23
64043,"1557765#1",14246.2608035406,13931.7178749937,3.13,0.85,1.55
64044,"1557765#1",14249.0721089689,13933.7348434587,3.47,0.34,-0.51
64045,"1557765#1",14250.8271435716,13934.9939914021,2.16,-1.31,-1.65
64046,"1557765#1",14253.2522178474,13936.6733656311,2.95,0.79,2.1
64047,"1557765#1",14255.6583963596,13938.3099489525,2.91,-0.04,-0.83
64048,"1557765#1",14258.213410656,13940.0477642319,3.09,0.18,0.22
64049,"1557765#1",14259.3214103832,13940.8013799194,1.33,-1.76,-1.94
64050,"1557765#1",14260.8180368804,13941.8193234972,1.82,0.49,2.25
64051,"1557765#1",14262.6784841836,13943.0847229725,2.25,0.43,-0.0600000000000001
64052,"1557765#1",14265.0735457616,13944.6458993175,2.86,0.61,0.18
64053,"1557765#1",14268.1094328931,13946.4666105316,3.53,0.67,0.0600000000000001
64054,"1557765#1",14270.3391805038,13947.803856056,2.6,-0.93,-1.6
64055,"1557765#1",14272.851934542,13949.310828897,2.93,0.33,1.26
64056,"1557765#1",14274.1040235849,13950.0617436915,1.47,-1.46,-1.79
64057,"1557765#1",14275.3732645325,13950.8229449901,1.48,0.01,1.47
64058,"1557765#1",14277.8259869042,13952.293915067,2.86,1.38,1.37
64059,"1557765#1",14279.6936841217,13953.334398214,2.14,-0.72,-2.1
64060,"1557765#1",14280.7478366344,13953.8420028634,1.17,-0.97,-0.25
64061,"1557765#1",14281.919117204,13954.4060080294,1.3,0.13,1.1
64062,"1557765#1",14283.2435652327,13955.0437677171,1.46,0.16,0.0299999999999998
64063,"1557765#1",14285.0545451903,13955.9158064738,2.01,0.55,0.39
64064,"1557765#1",14286.6763182867,13956.6967367037,1.8,-0.21,-0.76
64065,"1557765#1",14288.5413573475,13957.594806468,2.07,0.27,0.48
64066,"1557765#1",14290.5595638674,13958.566630754,2.24,0.17,-0.0999999999999994
64067,"1557765#1",14292.3975733767,13959.4516850145,2.03,-0.21,-0.380000000000001
64068,"1557765#1",14295.1578085296,13960.7186225017,3.04,1.01,1.22
64069,"1557765#1",14296.7012976314,13961.2425894785,1.64,-1.4,-2.41
64070,"1557765#1",14298.8508192639,13961.9722858203,2.27,0.63,2.03
64071,"1557765#1",14300.3185542993,13962.4705366264,1.55,-0.72,-1.35
64072,"1557765#1",14302.2313444745,13963.1198699351,2.02,0.47,1.19
64073,"1557765#1",14303.3581862114,13963.5023979733,1.2,-0.82,-1.29
64074,"1557765#1",14304.4566201734,13963.8752824476,1.15,-0.05,0.77
64075,"1557765#1",14305.6876237515,13964.2931702204,1.3,0.15,0.2
64076,"1557765#1",14308.2537927489,13965.1643055008,2.71,1.41,1.26
64077,"1557765#1",14309.9393207251,13965.7364902975,1.78,-0.93,-2.34
64078,"1557765#1",14311.13244727,13966.1415199851,1.25,-0.53,0.4
64079,"1557765#1",14312.6001823054,13966.6397707912,1.56,0.31,0.84
64080,"1557765#1",14313.7270240423,13967.0222988294,1.19,-0.37,-0.68
64081,"1557765#1",14315.6776912506,13967.6844902234,2.05,0.86,1.23
64082,"1557765#1",14317.2590573856,13968.2213152854,1.67,-0.38,-1.24
64083,"1557765#1",14318.3955185257,13968.5693236535,1.19,-0.48,-0.1
64084,"1557765#1",14320.2903226692,13968.9856375469,1.94,0.75,1.23
64085,"1557765#1",14321.2279577092,13969.1916485458,0.96,-0.98,-1.73
64086,"1557765#1",14322.6832454277,13969.5113947835,1.49,0.53,1.51
64087,"1557765#1",14323.9627265761,13969.792513959,1.31,-0.18,-0.71
64088,"1557765#1",14325.2226736612,13970.0693412386,1.29,-0.02,0.16
64089,"1557765#1",14325.9747350996,13970.2345792273,0.77,-0.52,-0.5
64090,"1557765#1",14326.668194348,13970.3869415285,0.72,-0.05,0.47
64091,"1557765#1",14327.4104887547,13970.5500335692,0.76,0.04,0.0900000000000001
64092,"1557765#1",14328.0941809714,13970.7002499225,0.7,-0.0600000000000001,-0.1
64093,"1557765#1",14329.1001852331,13970.9212825567,1.02,0.32,0.38
64094,"1557765#1",14330.0085191782,13971.1208557118,0.93,-0.09,-0.41
64095,"1557765#1",14330.7996487433,13971.294677492,0.81,-0.12,-0.03
64096,"1557765#1",14331.9716925434,13971.5521912405,1.2,0.39,0.51
64097,"1557765#1",14332.8604924251,13971.7474724998,0.91,-0.29,-0.68
64098,"1557765#1",14333.4465143251,13971.8762293741,0.6,-0.31,-0.0200000000000001
64099,"1557765#1",14340.7970208627,13970.1183689228,1.89,1.29,1.6
64100,"1557765#1",14343.7304190094,13970.6357504033,2.99,1.1,-0.19
64101,"1557765#1",14343.7304190094,13970.6357504033,0,-2.99,-4.09
64102,"1557765#1",14345.4106112547,13970.8945051499,1.7,1.7,4.69
64103,"1557765#1",14349.2849369026,13971.4911631538,3.92,2.22,0.52
64104,"1557765#1",14354.7702704093,13972.3359212971,5.55,1.63,-0.59
64105,"1557765#1",14359.7317792748,13973.1000088429,5.02,-0.53,-2.16
64106,"1557765#1",14364.4663988801,13973.5427739256,4.76,-0.26,0.27
64107,"1557765#1",14369.227836928,13973.8284445676,4.77,0.00999999999999979,0.27
64108,"1557765#1",14373.050962237,13974.0578195274,3.83,-0.94,-0.949999999999999
64109,"1557765#1",14376.5446798822,13974.2674311096,3.5,-0.33,0.609999999999999
64110,"1557765#1",14381.0266205185,13974.5363328249,4.5,1,1.33
64111,"1557765#1",14384.8098176258,13974.7633122239,3.79,-0.71,-1.71
64112,"1557765#1",14388.2037147669,13974.9669349037,3.4,-0.39,0.32
64113,"1557765#1",14391.8271990675,13975.1843320588,3.63,0.23,0.62
64114,"1557765#1",14396.0995166451,13975.4406570793,4.27,0.64,0.41
64115,"1557765#1",14399.4734496854,13975.6430819786,3.38,-0.89,-1.53
64116,"1557765#1",14401.5896443733,13975.7700467083,2.12,-1.26,-0.37
64117,"1557765#1",14404.5842594978,13975.9497137787,3.01,0.89,2.15
