"V1","V2","V3","V4","V5","acceleration","jerk"
53347,1557936,14349.3775596828,14264.7984146115,18.59,0.100000000000001,0
53348,1557936,14350.695951451,14246.1549722484,18.69,0.100000000000001,0
53349,1557936,14352.1066280164,14226.9174777967,19.3,0.609999999999999,0.509999999999998
53350,1557936,14354.0871490284,14208.5137380539,18.51,-0.789999999999999,-1.4
53351,1557936,14356.1211687171,14189.6128686584,19.01,0.5,1.29
53352,1557936,14358.1327189616,14170.9207937171,18.8,-0.210000000000001,-0.710000000000001
53353,1557936,14360.1315657904,14151.6543140898,19.37,0.57,0.780000000000001
53354,1557936,14361.9928507814,14133.1778285424,18.57,-0.800000000000001,-1.37
53355,1557936,14363.9222926809,14114.024767326,19.25,0.68,1.48
53356,1557936,14365.8497299656,14094.8916053941,19.22,-0.0300000000000011,-0.710000000000001
53357,1557936,14367.7501049482,14076.0270838013,18.97,-0.25,-0.219999999999999
53358,1557936,14369.6244180095,14056.9297626544,19.19,0.220000000000002,0.470000000000002
53359,1557936,14370.7650038616,14038.0742286149,18.88,-0.310000000000002,-0.530000000000005
53360,1557936,14371.8935136327,14019.4183296632,18.69,-0.189999999999998,0.120000000000005
53361,1557936,14372.6793346259,13997.6712785449,18.52,-0.170000000000002,0.019999999999996
53362,1557936,14372.2080248904,13977.2767237046,20.4,1.88,2.05
53363,1557936,14371.7050634718,13955.5125345441,21.77,1.37,-0.509999999999998
53364,1557936,14371.1727607118,13932.4786843716,23.04,1.27,-0.100000000000001
53365,1557936,14370.7016820106,13912.0941268621,20.39,-2.65,-3.92
53366,1557936,14370.3220928463,13895.668512351,16.42,-3.97,-1.32
53367,1557936,14370.0095035953,13882.1421237731,13.53,-2.89,1.08
53368,1557936,14363.2056658415,13860.2854730017,13.09,-0.44,2.45
53369,1557936,14352.5325722303,13853.4505641579,13.2,0.109999999999999,0.549999999999999
53370,1557936,14341.9671326167,13849.4278529442,11.78,-1.42,-1.53
53371,1557936,14338.7873402698,13849.3915124602,3.18,-8.6,-7.18
53372,1557936,14337.78,13849.38,1.7,-1.48,7.12
53373,1557936,14337.78,13849.38,0.64,-1.06,0.42
53374,1557936,14337.78,13849.38,0.62,-0.02,1.04
53375,1557936,14335.630635749,13849.430550044,2.12,1.5,1.52
53376,1557936,14331.3619863204,13849.5379374511,4.27,2.15,0.649999999999999
53377,1557936,14307.7759493125,13846.9829966903,5.57,1.3,-0.849999999999999
53378,1557936,14300.7713480527,13848.0329945914,7.21,1.64,0.339999999999999
53379,1557936,14291.3317094989,13847.9503872531,9.44,2.23,0.59
53380,1557936,14280.4421264637,13847.8550912877,10.89,1.45,-0.779999999999998
53381,1557936,14268.2625928211,13847.7485068194,12.18,1.29,-0.160000000000002
53382,1557936,14254.9431028277,13847.631946465,13.31,1.13,-0.159999999999998
53383,1557936,14241.7236090055,13847.5162611883,13.22,-0.0899999999999999,-1.22
53384,1557936,14228.6461274586,13848.3396482098,13.13,-0.0899999999999999,0
53385,1557936,14219.9349388686,13851.1868734916,9.17,-3.96,-3.87
53386,1557936,14215.3680855303,13854.1243469956,5.43,-3.74,0.220000000000001
53387,1557936,14214.7074145468,13858.4723670612,3.01,-2.42,1.32
53388,1557936,14210.894420876,13861.3593983609,4.86,1.85,4.27
53389,1557936,14207.2863099584,13876.3402422369,7.24,2.38,0.529999999999999
53390,1557936,14209.8533060293,13884.5214725384,8.58,1.34,-1.04
53391,1557936,14213.3931108955,13893.6598411843,9.8,1.22,-0.119999999999999
53392,1557936,14229.2872817784,13916.4053928963,11.95,2.15,0.929999999999998
53393,1557936,14240.762076511,13923.8165119647,13.66,1.71,-0.439999999999998
53394,1557936,14251.2933757964,13931.2636089329,12.9,-0.76,-2.47
53395,1557936,14262.2072813767,13938.7757881146,13.25,0.35,1.11
53396,1557936,14273.8737484481,13946.0806723449,13.77,0.52,0.17
53397,1557936,14285.4077615944,13952.4312192751,13.18,-0.59,-1.11
53398,1557936,14297.990473122,13958.2136313884,13.86,0.68,1.27
53399,1557936,14311.136307297,13962.6680049519,13.88,0.0200000000000014,-0.659999999999998
53400,1557936,14323.9554099716,13966.4335700688,13.38,-0.5,-0.520000000000001
53401,1557936,14337.0359882681,13969.2954875082,13.39,0.00999999999999979,0.51
53402,1557936,14350.0558486387,13971.6098859199,13.22,-0.17,-0.18
53403,1557936,14363.7377091998,13973.4990549385,13.82,0.6,0.77
53404,1557936,14376.9938721509,13974.2943811701,13.29,-0.530000000000001,-1.13
53405,1557936,14390.4097479086,13975.0992896455,13.44,0.15,0.680000000000001
53406,1557936,14403.6858749605,13975.8958136576,13.3,-0.139999999999999,-0.289999999999999
