"V1","V2","V3","V4","V5","acceleration","jerk"
39447,1558355,14212.354069868,13275.329995632,7.89,-2.97,0
39448,1558355,14217.1301961656,13276.5111042591,4.92,-2.97,0
39449,1558355,14219.9453925606,13277.2072861733,2.89,-2.03,0.94
39450,1558355,14227.9100395751,13278.7618555412,4.97,2.08,4.11
39451,1558355,14234.5953043454,13279.7642701016,6.76,1.79,-0.29
39452,1558355,14243.5155836691,13281.1018114233,9.02,2.26,0.47
39453,1558355,14254.2258525245,13282.7077507265,10.82,1.8,-0.459999999999999
39454,1558355,14266.5481009029,13284.555396499,12.46,1.64,-0.16
39455,1558355,14279.4538265319,13286.4905311163,13.06,0.6,-1.04
39456,1558355,14292.3496627161,13288.4241828719,13.04,-0.0200000000000014,-0.620000000000001
39457,1558355,14306.0366544943,13290.4764635695,13.84,0.800000000000001,0.820000000000002
39458,1558355,14319.6181805771,13292.6762441155,13.75,-0.0899999999999999,-0.890000000000001
39459,1558355,14332.5288008183,13295.0108286579,13.12,-0.630000000000001,-0.540000000000001
39460,1558355,14345.2327724125,13297.3080456123,12.91,-0.209999999999999,0.420000000000002
39461,1558355,14358.7436577717,13299.7511741007,13.73,0.82,1.03
39462,1558355,14371.7231608953,13302.0982145058,13.19,-0.540000000000001,-1.36
39463,1558355,14384.7223448425,13304.4488137287,13.22,0.0300000000000011,0.570000000000002
39464,1558355,14397.4755184955,13306.7549277279,12.95,-0.270000000000001,-0.300000000000002
