"V1","V2","V3","V4","V5","acceleration","jerk"
51498,"1559663#1",13410.4974246189,13752.1158266782,13.27,0.41,0
51499,"1559663#1",13423.9792265449,13754.4360458118,13.68,0.41,0
51500,"1559663#1",13428.8759177302,13739.1392846795,13.74,0.0600000000000005,-0.35
51501,"1559663#1",13429.3702396979,13726.208729943,12.94,-0.800000000000001,-0.860000000000001
51502,"1559663#1",13429.8672357412,13713.2082263015,13.01,0.0700000000000003,0.870000000000001
51503,"1559663#1",13430.3684339031,13700.097802952,13.12,0.109999999999999,0.0399999999999991
51504,"1559663#1",13430.875362227,13686.8374890917,13.27,0.15,0.0400000000000009
51505,"1559663#1",13431.3868746805,13673.4572628227,13.39,0.120000000000001,-0.0299999999999994
51506,"1559663#1",13431.9090834361,13659.7972409334,13.66,0.27,0.149999999999999
51507,"1559663#1",13432.660598932,13634.6604310501,13.46,-0.199999999999999,-0.469999999999999
51508,"1559663#1",13432.8842905069,13621.532336669,13.13,-0.33,-0.130000000000001
51509,"1559663#1",13433.1205892231,13607.6643496876,13.87,0.739999999999998,1.07
51510,"1559663#1",13433.3446215315,13594.5162582092,13.15,-0.719999999999999,-1.46
51511,"1559663#1",13433.5705278745,13581.2581826956,13.26,0.109999999999999,0.829999999999998
51512,"1559663#1",13433.7962638507,13568.0101057306,13.25,-0.00999999999999979,-0.119999999999999
51513,"1559663#1",13434.0218294601,13554.7720273144,13.24,-0.00999999999999979,0
51514,"1559663#1",13434.2473950695,13541.5339488981,13.24,0,0.00999999999999979
51515,"1559663#1",13434.472108845,13528.345863225,13.19,-0.0500000000000007,-0.0500000000000007
51516,"1559663#1",13434.6981855548,13515.0777891628,13.27,0.0800000000000001,0.130000000000001
51517,"1559663#1",13435.8842581039,13493.9803229846,13.52,0.25,0.17
51518,"1559663#1",13436.9580524237,13480.2923769824,13.73,0.210000000000001,-0.0399999999999991
51519,"1559663#1",13437.9958711145,13467.0630220335,13.27,-0.460000000000001,-0.670000000000002
51520,"1559663#1",13439.0016245707,13454.2424112841,12.86,-0.41,0.0500000000000007
51521,"1559663#1",13439.9588891355,13442.0399015196,12.25,-0.609999999999999,-0.199999999999999
51522,"1559663#1",13440.6361694566,13433.4064264738,8.66,-3.59,-2.98
51523,"1559663#1",13441.1187121335,13427.255324738,6.17,-2.49,1.1
51524,"1559663#1",13441.3283092768,13424.5835333843,2.68,-3.49,-1
51525,"1559663#1",13450.8839031514,13419.8943872854,5.15,2.47,5.96
51526,"1559663#1",13457.374972625,13420.6063683868,6.53,1.38,-1.09
51527,"1559663#1",13465.0986494719,13421.4535495748,7.77,1.24,-0.140000000000001
51528,"1559663#1",13474.643562479,13419.1810082849,9.24,1.47,0.230000000000001
51529,"1559663#1",13485.5779827255,13420.3803638921,11,1.76,0.289999999999999
51530,"1559663#1",13498.4805986164,13421.7956035086,12.98,1.98,0.220000000000001
51531,"1559663#1",13511.8404720812,13423.260997996,13.43,0.449999999999999,-1.53
51532,"1559663#1",13525.3295705126,13424.740566686,13.57,0.140000000000001,-0.309999999999999
