"V1","V2","V3","V4","V5","acceleration","jerk"
24459,1562658,14399.3992853928,13995.7470733788,12.88,-0.0200000000000014,0
24460,1562658,14386.5748471146,13994.7913627272,12.86,-0.0200000000000014,0
24461,1562658,14373.5778425517,13993.8652130478,13.03,0.17,0.190000000000001
24462,1562658,14360.2798286764,13992.9423224949,13.33,0.300000000000001,0.130000000000001
24463,1562658,14336.6924016959,13990.3896591394,13.11,-0.220000000000001,-0.520000000000001
24464,1562658,14323.0593878255,13988.7606002667,13.74,0.630000000000001,0.850000000000001
24465,1562658,14309.5357616022,13986.917698526,13.65,-0.0899999999999999,-0.720000000000001
24466,1562658,14296.6365634083,13984.3960759376,13.16,-0.49,-0.4
24467,1562658,14283.6367937185,13981.9426477421,13.22,0.0600000000000005,0.550000000000001
24468,1562658,14271.2760460079,13977.3419986234,13.23,0.00999999999999979,-0.0500000000000007
24469,1562658,14260.1053989161,13969.8281709045,12.3,-0.93,-0.94
24470,1562658,14247.3695359536,13965.5663996061,13.43,1.13,2.06
24471,1562658,14230.2175842514,13959.8445270052,13.41,-0.0199999999999996,-1.15
24472,1562658,14217.5748438409,13955.7152274383,13.3,-0.109999999999999,-0.0899999999999999
24473,1562658,14204.9115181663,13951.4709650403,12.88,-0.42,-0.31
24474,1562658,14190.7038912264,13946.8776686884,13.01,0.129999999999999,0.549999999999999
24475,1562658,14177.1189783189,13944.9485952287,13.74,0.73,0.600000000000001
24476,1562658,14163.8219505266,13943.4608403866,13.38,-0.359999999999999,-1.09
24477,1562658,14150.424934317,13941.967402514,13.48,0.0999999999999996,0.459999999999999
24478,1562658,14137.5281244205,13940.5096080001,12.99,-0.49,-0.59
24479,1562658,14124.4273159572,13937.6001032985,13.41,0.42,0.91
24480,1562658,14111.3371322142,13934.3054731033,13.5,0.0899999999999999,-0.33
24481,1562658,14102.2283474046,13931.2122406174,9.64,-3.86,-3.95
24482,1562658,14096.9071571453,13928.5914437834,5.95,-3.69,0.169999999999999
24483,1562658,14093.8037120664,13926.4686558424,3.76,-2.19,1.5
24484,1562658,14092.3840510197,13925.4975932736,1.71,-2.05,0.140000000000001
24485,1562658,14092.1529434074,13925.3395133206,0.28,-1.43,0.62
24486,1562658,14092.0869126611,13925.2943476197,0.08,-0.2,1.23
24487,1562658,14092.0538972879,13925.2717647693,0.04,-0.04,0.16
24488,1562658,14091.9631050117,13925.2096619306,0.11,0.07,0.11
24489,1562658,14091.8640588921,13925.1419133793,0.12,0.01,-0.06
24490,1562658,14091.7154897128,13925.0402905523,0.19,0.07,0.06
24491,1562658,14091.4596205707,13924.8652734614,0.31,0.12,0.05
24492,1562658,14090.7167746741,13924.3571593266,0.89,0.58,0.46
24493,1562658,14090.0038607673,13923.8587423987,0.87,-0.02,-0.6
24494,1562658,14089.458605072,13923.4524220489,0.69,-0.18,-0.16
24495,1562658,14088.3761121475,13922.6457566484,1.34,0.65,0.83
24496,1562658,14087.3016376891,13921.8450665472,1.34,0,-0.65
24497,1562658,14085.3691873571,13920.4050194248,2.41,1.07,1.07
24498,1562658,14083.7414387373,13919.1920336744,2.03,-0.38,-1.45
24499,1562658,14082.2660409735,13918.0925786101,1.84,-0.19,0.190000000000001
24500,1562658,14080.0529443278,13916.4433960135,2.77,0.93,1.12
24501,1562658,14078.1204939959,13915.0033488911,2.41,-0.36,-1.29
24502,1562658,14075.4879582057,13913.6009546302,2.98,0.57,0.93
24503,1562658,14073.7026014109,13912.721977318,2,-0.98,-1.55
24504,1562658,14072.5721744957,13912.1654389193,1.26,-0.74,0.24
24505,1562658,14070.7240162056,13911.2555428072,2.06,0.8,1.54
24506,1562658,14067.5570265143,13909.6963518967,3.53,1.47,0.67
24507,1562658,14062.7571979455,13907.333272188,5.35,1.82,0.35
24508,1562658,14056.349799884,13904.0500898147,7.2,1.85,0.0300000000000007
24509,1562658,14048.5363640212,13900.3968084082,8.64,1.44,-0.41
24510,1562658,14026.7500617115,13886.6598742286,10.54,1.9,0.459999999999998
24511,1562658,14014.8209936336,13886.8089875796,11.93,1.39,-0.509999999999998
24512,1562658,14001.5961882365,13883.3995918242,13.69,1.76,0.369999999999999
24513,1562658,13988.4804026722,13879.7652735896,13.61,-0.0800000000000001,-1.84
24514,1562658,13974.7477959916,13877.7666399989,13.89,0.280000000000001,0.360000000000001
24515,1562658,13961.24577909,13878.7041579747,13.61,-0.280000000000001,-0.560000000000002
24516,1562658,13938.9221943949,13879.068122094,12.97,-0.639999999999999,-0.359999999999998
24517,1562658,13925.4817699058,13878.6987794565,13.45,0.479999999999999,1.12
24518,1562658,13914.365897944,13880.0875592595,11.19,-2.26,-2.74
24519,1562658,13902.6205199142,13878.0547053698,11.92,0.73,2.99
24520,1562658,13886.2157855225,13877.1787835284,10.62,-1.3,-2.03
24521,1562658,13876.4278190957,13875.9679658106,9.88,-0.739999999999998,0.560000000000002
24522,1562658,13867.9327931339,13874.7943220065,8.58,-1.3,-0.560000000000002
24523,1562658,13858.5235338783,13873.8158332422,9.46,0.880000000000001,2.18
24524,1562658,13848.2393193671,13872.7432139624,10.34,0.879999999999999,-1.77635683940025e-15
24525,1562658,13837.4684367357,13871.613175317,10.83,0.49,-0.389999999999999
24526,1562658,13825.2236226653,13871.1838211308,12.26,1.43,0.94
24527,1562658,13813.3753483057,13870.9815967545,11.85,-0.41,-1.84
24528,1562658,13801.1367949467,13871.6434356806,12.26,0.41,0.82
24529,1562658,13788.5267090841,13872.4815511318,12.64,0.380000000000001,-0.0299999999999994
24530,1562658,13776.0703633356,13874.3111824044,12.58,-0.0600000000000005,-0.440000000000001
24531,1562658,13763.5723688241,13876.3820436318,12.68,0.0999999999999996,0.16
24532,1562658,13763.3119752171,13889.7091928183,12.99,0.31,0.210000000000001
24533,1562658,13769.8582940912,13900.8247543965,12.9,-0.0899999999999999,-0.4
24534,1562658,13776.1321936627,13911.7699754505,12.62,-0.280000000000001,-0.190000000000001
24535,1562658,13781.8399479318,13923.1598455641,12.73,0.110000000000001,0.390000000000002
24536,1562658,13787.5925040397,13934.6391181118,12.85,0.119999999999999,0.00999999999999801
24537,1562658,13793.2542500686,13946.4197426842,13.08,0.23,0.110000000000001
24538,1562658,13796.8426203223,13959.4652207867,13.53,0.449999999999999,0.219999999999999
24539,1562658,13800.1286445236,13971.4115233506,12.39,-1.14,-1.59
24540,1562658,13803.3366399453,13993.4529420444,11.94,-0.450000000000001,0.689999999999998
24541,1562658,13804.5597225536,14005.7120802251,12.32,0.380000000000001,0.830000000000002
24542,1562658,13805.8691754436,14018.8369205338,13.18,0.859999999999999,0.479999999999999
24543,1562658,13807.0872942426,14031.0463057186,12.28,-0.9,-1.76
24544,1562658,13808.3818557047,14044.0218870397,13.04,0.76,1.66
24545,1562658,13809.09782231,14056.7182225889,12.71,-0.329999999999998,-1.09
24546,1562658,13809.6033190438,14068.3072032625,11.61,-1.1,-0.770000000000003
24547,1562658,13810.5279884815,14076.785180306,8.54,-3.07,-1.97
24548,1562658,13811.2181630374,14081.3229946568,4.59,-3.95,-0.879999999999999
24549,1562658,13803.6480859426,14093.6391458816,5.97,1.38,5.33
24550,1562658,13795.8403390964,14095.9054179715,8.13,2.16,0.780000000000001
24551,1562658,13788.4839626091,14098.0406755618,7.66,-0.470000000000001,-2.63
24552,1562658,13780.7297980174,14099.4014752808,7.92,0.26,0.73
24553,1562658,13773.2082688063,14100.0565312528,7.54,-0.38,-0.64
24554,1562658,13765.8760231118,14100.6951023726,7.36,-0.18,0.2
24555,1562658,13757.816530222,14101.3970100301,8.09,0.73,0.909999999999999
24556,1562658,13750.6038320116,14102.0251696642,7.23,-0.859999999999999,-1.59
24557,1562658,13743.3014731882,14102.6611379126,7.33,0.0999999999999996,0.959999999999999
24558,1562658,13734.2698812518,14108.0053530273,8.03,0.699999999999999,0.6
24559,1562658,13733.6214931441,14121.4349978207,10.3,2.27,1.57
24560,1562658,13721.4685221138,14122.8920136531,12.24,1.94,-0.330000000000002
24561,1562658,13710.9240325433,14124.1561891548,10.62,-1.62,-3.56
24562,1562658,13702.6830472858,14125.1441982569,8.31,-2.31,-0.689999999999998
24563,1562658,13696.576775077,14125.8762772904,6.14,-2.17,0.139999999999998
24564,1562658,13691.8506196763,14126.4428945586,4.77,-1.37,0.800000000000001
24565,1562658,13689.9740579731,14126.6678749445,1.88,-2.89,-1.52
24566,1562658,13688.1471407594,14126.8869034683,1.85,-0.0299999999999998,2.86
24567,1562658,13687.3627578252,14126.9809428889,0.79,-1.06,-1.03
24568,1562658,13687.0549619903,14127.0178444337,0.32,-0.47,0.59
24569,1562658,13686.9656019092,14127.0285577854,0.08,-0.24,0.23
24570,1562658,13686.9656019092,14127.0285577854,0,-0.08,0.16
24571,1562658,13686.9656019092,14127.0285577854,0,0,0.08
24572,1562658,13686.9656019092,14127.0285577854,0,0,0
24573,1562658,13685.9528543233,14127.1499757714,1.02,1.02,1.02
24574,1562658,13684.0365770285,14127.379717647,1.94,0.92,-0.1
24575,1562658,13682.388379977,14127.5773194674,1.66,-0.28,-1.2
24576,1562658,13680.4820315801,14127.8058709705,1.92,0.26,0.54
24577,1562658,13676.5402591136,14128.2784488181,3.97,2.05,1.79
24578,1562658,13674.4353327587,14128.5308077695,2.12,-1.85,-3.9
24579,1562658,13654.5731559985,14123.1421517655,4.39,2.27,4.12
24580,1562658,13653.6722344541,14117.1393823737,6.07,1.68,-0.589999999999999
24581,1562658,13652.7923641423,14109.1836828189,8.01,1.94,0.259999999999999
24582,1562658,13651.9426851269,14090.1602538279,9.92,1.91,-0.0299999999999994
24583,1562658,13651.8129715633,14078.070949696,12.09,2.17,0.26
24584,1562658,13651.6644822563,14064.2317462896,13.85,1.76,-0.41
24585,1562658,13651.5235032467,14051.092502593,13.13,-0.719999999999999,-2.48
24586,1562658,13649.083148961,14037.9784872695,13.4,0.27,0.989999999999998
24587,1562658,13645.9730979913,14025.0677946868,13.28,-0.120000000000001,-0.390000000000001
24588,1562658,13642.8279184338,14012.0112734981,13.43,0.15,0.270000000000001
24589,1562658,13639.654636006,13998.8380894246,13.55,0.120000000000001,-0.0299999999999994
24590,1562658,13641.0358561815,13981.6804525329,13.52,-0.0300000000000011,-0.150000000000002
24591,1562658,13644.9915676642,13966.6730294807,15.51,1.99,2.02
24592,1562658,13649.2480355611,13950.5245781295,16.71,1.2,-0.789999999999999
24593,1562658,13653.874077018,13932.9740157328,18.15,1.44,0.239999999999997
