"V1","V2","V3","V4","V5","acceleration","jerk"
29192,1565340,14395.4711347036,13319.4465676022,13.22,0.52,0
29193,1565340,14381.9188442947,13317.1831576368,13.74,0.52,0
29194,1565340,14369.1358978827,13315.0482381935,12.96,-0.779999999999999,-1.3
29195,1565340,14356.1359570101,13312.8770778336,13.18,0.219999999999999,0.999999999999998
29196,1565340,14343.0176555225,13310.6861497012,13.3,0.120000000000001,-0.0999999999999979
29197,1565340,14329.5048186519,13308.4293289933,13.7,0.399999999999999,0.279999999999998
29198,1565340,14316.603511625,13306.2746417773,13.08,-0.619999999999999,-1.02
29199,1565340,14303.6528876753,13304.1117179894,13.13,0.0500000000000007,0.67
29200,1565340,14290.1400508046,13301.8548972815,13.7,0.569999999999999,0.519999999999998
29201,1565340,14277.0513394708,13299.6689110922,13.27,-0.43,-0.999999999999998
29202,1565340,14264.3473001355,13297.547170164,12.89,-0.379999999999999,0.0500000000000007
29203,1565340,14251.3868128012,13295.3825990617,13.13,0.24,0.619999999999999
29204,1565340,14237.9528830072,13293.1389568689,13.62,0.489999999999998,0.249999999999998
29205,1565340,14221.7303759361,13290.2217118458,13.19,-0.43,-0.919999999999998
29206,1565340,14208.1126357038,13287.7513371852,13.84,0.65,1.08
29207,1565340,14195.1639751938,13285.4023393142,13.16,-0.68,-1.33
29208,1565340,14182.4809786913,13283.1015351686,12.89,-0.27,0.41
29209,1565340,14168.8927566819,13280.6365153663,13.81,0.92,1.19
29210,1565340,14155.7866656491,13278.2589582508,13.31,-0.5,-1.42
29211,1565340,14142.5526623163,13275.8581967489,13.46,0.15,0.65
29236,1565340,13828.2125359324,13290.4422216724,22.74,0.3712,0.00884799999999998
29237,1565340,13820.9343200261,13311.1003432661,21.92,-0.819999999999997,-1.1912
29238,1565340,13814.4715275733,13327.7285696812,17.83,-4.09,-3.27000000000001
29239,1565340,13809.548357762,13340.3954753415,13.59,-4.24,-0.149999999999995
29240,1565340,13803.8687463341,13355.6921378631,13.19,-0.4,3.84
29241,1565340,13799.5076083008,13368.3625946447,13.4,0.210000000000001,0.610000000000001
29242,1565340,13795.3189630405,13380.5319064939,12.87,-0.530000000000001,-0.740000000000002
29243,1565340,13791.1205540383,13392.7295850374,12.9,0.0300000000000011,0.560000000000002
29244,1565340,13783.5833889805,13404.491121489,13.57,0.67,0.639999999999999
29245,1565340,13779.0652064156,13417.477099404,13.76,0.19,-0.48
29246,1565340,13774.4418725588,13429.9476560896,13.29,-0.470000000000001,-0.66
29247,1565340,13769.8984910919,13442.2025565317,13.07,-0.219999999999999,0.250000000000002
29248,1565340,13765.4211572516,13454.279306164,12.88,-0.19,0.0299999999999994
29249,1565340,13760.8847281664,13466.5154538894,13.05,0.17,0.359999999999999
29250,1565340,13717.0520578768,13493.7591171816,13.48,0.43,0.26
29251,1565340,13697.2791619138,13479.1144560553,14.92,1.44,1.01
29252,1565340,13681.8947893279,13471.630480306,16.78,1.86,0.420000000000002
29253,1565340,13666.492567002,13462.3648539635,17.98,1.2,-0.660000000000002
29254,1565340,13650.0474228463,13452.3791920541,19.24,1.26,0.0599999999999987
29255,1565340,13632.1778503292,13441.386522767,20.99,1.75,0.490000000000002
29256,1565340,13613.3287731222,13429.791300111,22.13,1.14,-0.609999999999999
29257,1565340,13592.822676842,13418.6471954638,23.4,1.27,0.129999999999999
29258,1565340,13568.8975542258,13411.1643463861,25.11,1.71,0.440000000000001
29259,1565340,13548.2763739875,13407.3554324228,20.97,-4.14,-5.85
29260,1565340,13532.4230918102,13404.7286593171,16.07,-4.9,-0.759999999999998
29261,1565340,13519.4615041009,13402.632437942,13.13,-2.94,1.96
29262,1565340,13511.0409143704,13401.2706124789,8.53,-4.6,-1.66
29263,1565340,13504.6933889347,13400.2440547149,6.43,-2.1,2.5
29264,1565340,13501.3666143284,13399.7060298836,3.37,-3.06,-0.96
29265,1565340,13500.34,13399.54,1.25,-2.12,0.94
29266,1565340,13500.34,13399.54,0.25,-1,1.12
29267,1565340,13500.34,13399.54,0.09,-0.16,0.84
29268,1565340,13500.34,13399.54,0,-0.09,0.07
29269,1565340,13500.34,13399.54,0,0,0.09
29270,1565340,13500.34,13399.54,0,0,0
29271,1565340,13495.9099596115,13397.0766422196,1.77,1.77,1.77
29272,1565340,13492.1353260366,13396.3711343352,3.83,2.06,0.29
29273,1565340,13486.7584391473,13395.366153052,5.47,1.64,-0.42
29274,1565340,13479.4057674961,13393.9918824855,7.48,2.01,0.370000000000001
29275,1565340,13470.5687998297,13392.3401856415,9,1.52,-0.490000000000001
29276,1565340,13460.5620889462,13390.4698548438,10.18,1.18,-0.34
29277,1565340,13448.4608131668,13393.7740535437,10.72,0.540000000000001,-0.639999999999999
29278,1565340,13447.3796684212,13402.5170245198,8.81,-1.91,-2.45
29279,1565340,13446.5796526058,13408.0292722188,5.58,-3.23,-1.32
29280,1565340,13446.0984940813,13411.3445378906,3.35,-2.23,1
29281,1565340,13434.4426412315,13417.7480379859,5.67,2.32,4.55
29282,1565340,13427.0673381685,13418.0112958982,7.38,1.71,-0.61
29283,1565340,13417.6433398101,13418.3476810084,9.44,2.06,0.35
29284,1565340,13410.3080112894,13418.6095120486,7.34,-2.1,-4.16
29285,1565340,13405.9707734448,13418.7643276773,4.34,-3,-0.9
