"V1","V2","V3","V4","V5","acceleration","jerk"
65083,1566634,13408.0402561758,13501.5982512797,13.23,-3.34,0
65084,1566634,13417.7245444022,13503.6049055968,9.89,-3.34,0
65085,1566634,13424.7454085663,13505.0596792525,7.17,-2.72,0.619999999999999
65086,1566634,13429.1126406683,13505.9646012196,4.46,-2.71,0.0100000000000007
65087,1566634,13444.7792066087,13509.781473319,5.89,1.43,4.14
65088,1566634,13452.712451501,13511.971570458,8.24,2.35,0.920000000000001
65089,1566634,13459.6431964312,13513.884911701,7.19,-1.05,-3.4
65090,1566634,13467.2390615286,13515.9818698365,7.87,0.68,1.73
65091,1566634,13474.7674506671,13518.0602001713,7.81,-0.0600000000000005,-0.74
65092,1566634,13482.7103349821,13520.2529584247,8.25,0.44,0.500000000000001
65093,1566634,13489.6989164486,13522.1822663539,7.24,-1.01,-1.45
65094,1566634,13496.7838921423,13524.138185427,7.36,0.12,1.13
65095,1566634,13504.5243485803,13526.2750602783,8.02,0.659999999999999,0.539999999999999
65096,1566634,13511.7539156147,13528.2708960672,7.51,-0.51,-1.17
65097,1566634,13516.6314635072,13529.6174199461,5.05,-2.46,-1.95
65098,1566634,13532.3320696591,13534.2430300281,6.79,1.74,4.2
65099,1566634,13540.281051731,13536.7335287773,8.33,1.54,-0.2
65100,1566634,13549.9858713795,13539.7741496992,10.17,1.84,0.3
65101,1566634,13561.1793359298,13543.2811785501,11.73,1.56,-0.279999999999999
65102,1566634,13573.3103774362,13548.2194092625,13.13,1.4,-0.16
65103,1566634,13585.4175209401,13553.5422037148,13.23,0.0999999999999996,-1.3
65104,1566634,13597.9066245272,13558.7203010092,13.52,0.289999999999999,0.19
65105,1566634,13610.0077530029,13563.7375402516,13.1,-0.42,-0.709999999999999
65106,1566634,13621.9703189387,13568.6973301897,12.96,-0.139999999999999,0.280000000000001
65107,1566634,13630.6535714327,13572.2974865926,9.4,-3.56,-3.42
65108,1566634,13637.2676233324,13575.0397333846,7.17,-2.23,1.33
65109,1566634,13642.09883722,13577.0427991279,5.22,-1.95,0.28
65110,1566634,13645.0456005664,13578.2645543327,3.19,-2.03,-0.0799999999999996
65111,1566634,13650.6419189854,13588.0828681577,5.1,1.91,3.94
65112,1566634,13649.6953253159,13591.8146854663,3.85,-1.25,-3.16
65113,1566634,13648.7339795374,13595.6046609668,3.91,0.0600000000000001,1.31
65114,1566634,13648.1389778023,13597.9503747036,2.42,-1.49,-1.55
65115,1566634,13647.4185831396,13600.790433071,2.93,0.51,2
65116,1566634,13646.6342626706,13603.8825102695,3.2,0.27,-0.24
65117,1566634,13645.7048797952,13607.5464763544,3.77,0.57,0.3
65118,1566634,13645.0041546113,13610.308990466,2.85,-0.92,-1.49
65119,1566634,13644.3353923305,13612.9454951619,2.72,-0.13,0.79
65120,1566634,13643.7330145409,13615.3202879947,2.45,-0.27,-0.14
65121,1566634,13643.3101207457,13616.9874894936,1.71,-0.74,-0.47
65122,1566634,13642.8995203748,13618.6062258327,1.68,-0.03,0.71
65123,1566634,13642.5454697556,13620.0020224364,1.44,-0.24,-0.21
65124,1566634,13642.3217294337,13620.8840883457,0.91,-0.53,-0.29
65125,1566634,13642.0316046208,13622.0278661183,1.18,0.27,0.8
65126,1566634,13641.943091966,13622.3768152692,0.36,-0.82,-1.09
65127,1566634,13641.8619553657,13622.6966853242,0.33,-0.03,0.79
65128,1566634,13641.8275337777,13622.8323877718,0.14,-0.19,-0.16
65129,1566634,13641.822616408,13622.8517738357,0.02,-0.12,0.07
65130,1566634,13641.822616408,13622.8517738357,0,-0.02,0.1
65131,1566634,13641.822616408,13622.8517738357,0,0,0.02
65132,1566634,13641.822616408,13622.8517738357,0,0,0
65133,1566634,13641.822616408,13622.8517738357,0,0,0
65134,1566634,13641.822616408,13622.8517738357,0,0,0
65135,1566634,13641.822616408,13622.8517738357,0,0,0
65136,1566634,13641.822616408,13622.8517738357,0,0,0
65137,1566634,13641.822616408,13622.8517738357,0,0,0
65138,1566634,13641.822616408,13622.8517738357,0,0,0
65139,1566634,13641.822616408,13622.8517738357,0,0,0
65140,1566634,13641.822616408,13622.8517738357,0,0,0
65141,1566634,13641.822616408,13622.8517738357,0,0,0
65142,1566634,13641.822616408,13622.8517738357,0,0,0
65143,1566634,13641.822616408,13622.8517738357,0,0,0
65144,1566634,13641.822616408,13622.8517738357,0,0,0
65145,1566634,13641.822616408,13622.8517738357,0,0,0
65146,1566634,13641.822616408,13622.8517738357,0,0,0
65147,1566634,13641.822616408,13622.8517738357,0,0,0
65148,1566634,13641.822616408,13622.8517738357,0,0,0
65149,1566634,13641.822616408,13622.8517738357,0,0,0
65150,1566634,13641.822616408,13622.8517738357,0,0,0
65151,1566634,13641.822616408,13622.8517738357,0,0,0
65152,1566634,13641.822616408,13622.8517738357,0,0,0
65153,1566634,13641.822616408,13622.8517738357,0,0,0
65154,1566634,13641.822616408,13622.8517738357,0,0,0
65155,1566634,13641.822616408,13622.8517738357,0,0,0
65156,1566634,13641.822616408,13622.8517738357,0,0,0
65157,1566634,13641.822616408,13622.8517738357,0,0,0
65158,1566634,13641.822616408,13622.8517738357,0,0,0
65159,1566634,13641.822616408,13622.8517738357,0,0,0
65160,1566634,13641.822616408,13622.8517738357,0,0,0
65161,1566634,13641.822616408,13622.8517738357,0,0,0
65162,1566634,13641.822616408,13622.8517738357,0,0,0
65163,1566634,13641.822616408,13622.8517738357,0,0,0
65164,1566634,13641.822616408,13622.8517738357,0,0,0
65165,1566634,13641.822616408,13622.8517738357,0,0,0
65166,1566634,13641.822616408,13622.8517738357,0,0,0
65167,1566634,13641.822616408,13622.8517738357,0,0,0
65168,1566634,13641.822616408,13622.8517738357,0,0,0
65169,1566634,13641.822616408,13622.8517738357,0,0,0
65170,1566634,13641.822616408,13622.8517738357,0,0,0
65171,1566634,13641.822616408,13622.8517738357,0,0,0
65172,1566634,13641.822616408,13622.8517738357,0,0,0
65173,1566634,13641.822616408,13622.8517738357,0,0,0
65174,1566634,13641.822616408,13622.8517738357,0,0,0
65175,1566634,13641.822616408,13622.8517738357,0,0,0
65176,1566634,13641.822616408,13622.8517738357,0,0,0
65177,1566634,13641.822616408,13622.8517738357,0,0,0
65178,1566634,13641.822616408,13622.8517738357,0,0,0
65179,1566634,13641.822616408,13622.8517738357,0,0,0
65180,1566634,13641.822616408,13622.8517738357,0,0,0
65181,1566634,13641.822616408,13622.8517738357,0,0,0
65182,1566634,13641.822616408,13622.8517738357,0,0,0
65183,1566634,13641.822616408,13622.8517738357,0,0,0
65184,1566634,13641.822616408,13622.8517738357,0,0,0
65185,1566634,13641.822616408,13622.8517738357,0,0,0
65186,1566634,13641.822616408,13622.8517738357,0,0,0
65187,1566634,13641.822616408,13622.8517738357,0,0,0
65188,1566634,13641.7857361352,13622.9971693153,0.15,0.15,0.15
65189,1566634,13641.7291863835,13623.2201090506,0.22,0.07,-0.08
65190,1566634,13641.6431324136,13623.5593651696,0.36,0.14,0.07
65191,1566634,13641.5447850193,13623.9470864484,0.4,0.04,-0.1
65192,1566634,13641.414474722,13624.4608171428,0.53,0.13,0.09
65193,1566634,13641.1292672787,13625.5852088514,1.17,0.64,0.51
65194,1566634,13640.9006095871,13626.4866608247,0.93,-0.24,-0.88
65195,1566634,13640.7014561138,13627.2717964143,0.81,-0.12,0.12
65196,1566634,13640.4014965614,13628.4543463147,1.22,0.41,0.53
65197,1566634,13640.1556280759,13629.4236495117,1,-0.22,-0.63
65198,1566634,13639.9073009054,13630.4026457407,1.01,0.01,0.23
65199,1566634,13639.4745723708,13632.1086193675,1.77,0.76,0.75
65200,1566634,13639.2459146793,13633.0100713408,0.92,-0.85,-1.61
65201,1566634,13638.7443429687,13634.9874498628,2.05,1.13,1.98
65202,1566634,13638.2845689007,13636.8000468412,1.87,-0.18,-1.31
65203,1566634,13638.0362417303,13637.7790430703,1,-0.87,-0.69
65204,1566634,13637.7116953293,13639.0585232904,1.33,0.33,1.2
65205,1566634,13637.4117357769,13640.2410731908,1.22,-0.11,-0.44
65206,1566634,13636.9888419818,13641.9082746897,1.72,0.5,0.61
65207,1566634,13636.5167744895,13643.769336828,1.92,0.2,-0.3
65208,1566634,13636.2659886342,13644.758026089,1.03,-0.89,-1.09
65209,1566634,13635.8750577421,13646.2992181723,1.58,0.55,1.44
65210,1566634,13635.5283831775,13647.6659356801,1.42,-0.16,-0.71
65211,1566634,13635.0120593578,13649.7014723939,2.1,0.68,0.84
65212,1566634,13634.394929459,13652.1344234185,2.51,0.41,-0.27
65213,1566634,13633.7286258631,13654.7612350825,2.71,0.2,-0.21
65214,1566634,13632.7574453451,13658.5899827108,3.94,1.23,1.03
65215,1566634,13631.8895295911,13662.0116229964,3.54,-0.4,-1.63
65216,1566634,13633.8924409683,13668.5244079599,3.18,-0.36,0.04
65217,1566634,13635.4303661582,13668.8401390328,1.57,-1.61,-1.25
65218,1566634,13637.3699151237,13669.2383221695,1.98,0.41,2.02
65219,1566634,13638.6629477674,13669.5037775939,1.32,-0.66,-1.07
65220,1566634,13639.9070019018,13669.7591778886,1.27,-0.05,0.61
65221,1566634,13641.4645184954,13670.0789310134,1.59,0.32,0.37
65222,1566634,13642.3461316615,13670.2599233482,0.89,-0.7,-1.02
65223,1566634,13642.5126585929,13670.2941107893,0.17,-0.72,-0.0199999999999999
65224,1566634,13642.6497984188,13670.3222651525,0.14,-0.03,0.69
65225,1566634,13642.6595941206,13670.3242761784,0.02,-0.12,-0.09
65226,1566634,13642.6595941206,13670.3242761784,0,-0.02,0.1
65227,1566634,13642.6595941206,13670.3242761784,0,0,0.02
65228,1566634,13642.6595941206,13670.3242761784,0,0,0
65229,1566634,13642.6595941206,13670.3242761784,0,0,0
65230,1566634,13642.6595941206,13670.3242761784,0,0,0
65231,1566634,13642.6595941206,13670.3242761784,0,0,0
65232,1566634,13642.6595941206,13670.3242761784,0,0,0
65233,1566634,13642.6595941206,13670.3242761784,0,0,0
65234,1566634,13642.6595941206,13670.3242761784,0,0,0
65235,1566634,13642.6595941206,13670.3242761784,0,0,0
65236,1566634,13642.6595941206,13670.3242761784,0,0,0
65237,1566634,13642.6595941206,13670.3242761784,0,0,0
65238,1566634,13642.6595941206,13670.3242761784,0,0,0
65239,1566634,13642.6595941206,13670.3242761784,0,0,0
65240,1566634,13642.6595941206,13670.3242761784,0,0,0
65241,1566634,13642.6595941206,13670.3242761784,0,0,0
65242,1566634,13642.6595941206,13670.3242761784,0,0,0
65243,1566634,13642.6595941206,13670.3242761784,0,0,0
65244,1566634,13642.6595941206,13670.3242761784,0,0,0
65245,1566634,13642.6595941206,13670.3242761784,0,0,0
65246,1566634,13642.6595941206,13670.3242761784,0,0,0
65247,1566634,13642.6595941206,13670.3242761784,0,0,0
65248,1566634,13642.6595941206,13670.3242761784,0,0,0
65249,1566634,13642.6595941206,13670.3242761784,0,0,0
65250,1566634,13642.6595941206,13670.3242761784,0,0,0
65251,1566634,13642.6595941206,13670.3242761784,0,0,0
65252,1566634,13642.6595941206,13670.3242761784,0,0,0
65253,1566634,13642.6595941206,13670.3242761784,0,0,0
65254,1566634,13642.6595941206,13670.3242761784,0,0,0
65255,1566634,13642.6595941206,13670.3242761784,0,0,0
65256,1566634,13642.6595941206,13670.3242761784,0,0,0
65257,1566634,13642.6595941206,13670.3242761784,0,0,0
65258,1566634,13642.6595941206,13670.3242761784,0,0,0
65259,1566634,13642.6595941206,13670.3242761784,0,0,0
65260,1566634,13642.6595941206,13670.3242761784,0,0,0
65261,1566634,13642.6595941206,13670.3242761784,0,0,0
65262,1566634,13642.6595941206,13670.3242761784,0,0,0
65263,1566634,13642.6595941206,13670.3242761784,0,0,0
65264,1566634,13642.6595941206,13670.3242761784,0,0,0
65265,1566634,13642.6595941206,13670.3242761784,0,0,0
65266,1566634,13642.6595941206,13670.3242761784,0,0,0
65267,1566634,13642.6595941206,13670.3242761784,0,0,0
65268,1566634,13642.6595941206,13670.3242761784,0,0,0
65269,1566634,13642.6595941206,13670.3242761784,0,0,0
65270,1566634,13642.6595941206,13670.3242761784,0,0,0
65271,1566634,13642.6595941206,13670.3242761784,0,0,0
65272,1566634,13642.6595941206,13670.3242761784,0,0,0
65273,1566634,13642.6595941206,13670.3242761784,0,0,0
65274,1566634,13642.6595941206,13670.3242761784,0,0,0
65275,1566634,13642.6595941206,13670.3242761784,0,0,0
65276,1566634,13642.6595941206,13670.3242761784,0,0,0
65277,1566634,13642.6595941206,13670.3242761784,0,0,0
65278,1566634,13642.6595941206,13670.3242761784,0,0,0
65279,1566634,13642.6595941206,13670.3242761784,0,0,0
65280,1566634,13642.6595941206,13670.3242761784,0,0,0
65281,1566634,13642.6595941206,13670.3242761784,0,0,0
65282,1566634,13642.6595941206,13670.3242761784,0,0,0
65283,1566634,13642.6595941206,13670.3242761784,0,0,0
65284,1566634,13642.6595941206,13670.3242761784,0,0,0
65285,1566634,13642.6595941206,13670.3242761784,0,0,0
65286,1566634,13642.6595941206,13670.3242761784,0,0,0
65287,1566634,13642.6595941206,13670.3242761784,0,0,0
65288,1566634,13642.6595941206,13670.3242761784,0,0,0
65289,1566634,13642.6595941206,13670.3242761784,0,0,0
65290,1566634,13642.6595941206,13670.3242761784,0,0,0
65291,1566634,13642.8163253501,13670.3564525935,0.16,0.16,0.16
65292,1566634,13643.1689706166,13670.4288495274,0.35,0.19,0.03
65293,1566634,13644.2171107141,13670.6440293033,1.07,0.72,0.53
65294,1566634,13646.2448209963,13671.0603116734,2.07,1,0.28
65295,1566634,13647.2635739883,13671.2694583714,1.05,-1.02,-2.02
65296,1566634,13649.9280048905,13671.8164574277,2.72,1.67,2.69
65297,1566634,13653.2389521144,13672.4961841963,3.38,0.66,-1.01
65298,1566634,13655.1295225708,13672.8843122032,1.93,-1.45,-2.11
65299,1566634,13657.6372222434,13673.3991348445,2.56,0.63,2.08
65300,1566634,13661.6632557021,13674.2256665068,4.11,1.55,0.92
65301,1566634,13665.6696977572,13675.0481761173,4.08,-0.0300000000000002,-1.58
65302,1566634,13670.3128604323,13676.0014024141,4.75,0.67,0.7
65303,1566634,13677.2188302338,13677.4191757035,7.04,2.29,1.62
65304,1566634,13682.5085092307,13678.5051297125,5.41,-1.63,-3.92
65305,1566634,13690.7055923285,13700.7295533661,7.81,2.4,4.03
65306,1566634,13690.8606402967,13710.3783076965,9.65,1.84,-0.559999999999999
65307,1566634,13690.2393300773,13721.229053809,10.89,1.24,-0.600000000000001
65308,1566634,13689.1682044216,13733.652965827,12.47,1.58,0.34
65309,1566634,13687.9690934228,13747.5613709409,13.96,1.49,-0.0899999999999999
65310,1566634,13686.6033437895,13763.4026059918,15.9,1.94,0.449999999999999
65311,1566634,13685.3185158516,13781.0164575537,17.66,1.76,-0.18
65312,1566634,13685.4584679647,13799.8859385589,18.87,1.21,-0.549999999999999
65313,1566634,13685.6060592234,13819.7853912353,19.91,1.04,-0.170000000000002
65314,1566634,13685.7656654489,13841.3047993557,21.52,1.61,0.57
65315,1566634,13685.936619143,13864.3541653954,23.05,1.53,-0.0799999999999983
65316,1566634,13676.1379523373,13887.0597209828,24.77,1.72,0.189999999999998
65317,1566634,13668.1336885663,13911.5340802489,25.75,0.98,-0.739999999999998
65318,1566634,13660.4950018941,13937.7151509675,27.31,1.56,0.579999999999998
65319,1566634,13655.0260951788,13964.8393091911,27.67,0.360000000000003,-1.2
65320,1566634,13650.1626756166,13993.8587953093,27.56,-0.110000000000003,-0.470000000000006
65321,1566634,13654.4892745123,14020.6010585268,27.09,-0.469999999999999,-0.359999999999996
65322,1566634,13657.496381283,14047.7636168001,24.2,-2.89,-2.42
65323,1566634,13658.6065503996,14068.2936222685,20.56,-3.64,-0.75
65324,1566634,13659.5023532034,14084.8594194825,16.58,-3.98,-0.34
65325,1566634,13660.1594912456,14097.0116649373,12.18,-4.4,-0.419999999999998
65326,1566634,13660.6271013891,14105.6590310539,8.66,-3.52,0.879999999999999
65327,1566634,13660.9197627029,14111.0711239352,5.42,-3.24,0.279999999999999
65328,1566634,13661.0184404129,14113.3388089056,2.27,-3.15,0.0900000000000003
65329,1566634,13661.0562934242,14114.6282534176,1.29,-0.98,2.17
65330,1566634,13661.0747797785,14115.2579821328,0.64,-0.65,0.33
65331,1566634,13661.0812353308,14115.4778873984,0.22,-0.42,0.23
65332,1566634,13661.0821156334,14115.5078744801,0.02,-0.2,0.22
65333,1566634,13661.0821156334,14115.5078744801,0.01,-0.01,0.19
65334,1566634,13661.0821156334,14115.5078744801,0,-0.01,0
65335,1566634,13661.0821156334,14115.5078744801,0,0,0.01
65336,1566634,13661.0821156334,14115.5078744801,0,0,0
65337,1566634,13661.0821156334,14115.5078744801,0,0,0
65338,1566634,13661.0821156334,14115.5078744801,0,0,0
65339,1566634,13661.0821156334,14115.5078744801,0,0,0
65340,1566634,13661.0821156334,14115.5078744801,0,0,0
65341,1566634,13661.0821156334,14115.5078744801,0,0,0
65342,1566634,13661.0821156334,14115.5078744801,0,0,0
65343,1566634,13661.0821156334,14115.5078744801,0,0,0
65344,1566634,13661.0821156334,14115.5078744801,0,0,0
65345,1566634,13661.0821156334,14115.5078744801,0,0,0
65346,1566634,13661.0821156334,14115.5078744801,0,0,0
65347,1566634,13661.0821156334,14115.5078744801,0,0,0
65348,1566634,13661.0821156334,14115.5078744801,0,0,0
65349,1566634,13661.0821156334,14115.5078744801,0,0,0
65350,1566634,13661.0821156334,14115.5078744801,0,0,0
65351,1566634,13661.0821156334,14115.5078744801,0,0,0
65352,1566634,13661.0821156334,14115.5078744801,0,0,0
65353,1566634,13661.0821156334,14115.5078744801,0,0,0
65354,1566634,13661.0821156334,14115.5078744801,0,0,0
65355,1566634,13661.0821156334,14115.5078744801,0,0,0
65356,1566634,13661.0821156334,14115.5078744801,0,0,0
65357,1566634,13661.0821156334,14115.5078744801,0,0,0
65358,1566634,13661.0821156334,14115.5078744801,0,0,0
65359,1566634,13661.0821156334,14115.5078744801,0,0,0
65360,1566634,13661.0821156334,14115.5078744801,0,0,0
65361,1566634,13661.1029494613,14116.2175687464,0.7,0.7,0.7
65362,1566634,13661.1912731542,14119.2262726077,3.02,2.32,1.62
65363,1566634,13654.6443985589,14123.6168353418,5.44,2.42,0.1
65364,1566634,13653.7657403145,14117.7624045676,5.91,0.47,-1.95
65365,1566634,13652.8622732742,14110.1411339734,7.68,1.77,1.3
65366,1566634,13651.9554526323,14091.3501853346,9.69,2.01,0.24
65367,1566634,13651.838828444,14080.4808109829,10.87,1.18,-0.83
65368,1566634,13651.704608702,14067.9715310251,12.5,1.63,0.450000000000001
65369,1566634,13651.5656682016,14055.0222763926,12.96,0.460000000000001,-1.17
65370,1566634,13650.024595113,14041.8866939098,13.31,0.35,-0.110000000000001
65371,1566634,13647.0105622831,14029.3745995167,12.87,-0.440000000000001,-0.790000000000001
65372,1566634,13643.9169046543,14016.5319602834,13.2,0.33,0.770000000000001
65373,1566634,13640.7600155676,14003.4268295594,13.48,0.280000000000001,-0.0499999999999989
65374,1566634,13639.8022451263,13986.3606025053,13.4,-0.0800000000000001,-0.360000000000001
65375,1566634,13640.5603102595,13970.5421886472,15.49,2.09,2.17
65376,1566634,13644.9416685319,13953.9199204599,17.19,1.7,-0.389999999999999
65377,1566634,13649.5702587719,13936.3596883319,18.16,0.969999999999999,-0.730000000000002
65378,1566634,13653.1538479115,13922.7640460566,14.06,-4.1,-5.07
