"V1","V2","V3","V4","V5","acceleration","jerk"
74418,1566264,13830.2420511709,14268.7718780329,13.86,-0.0399999999999991,0
74419,1566264,13828.7059449791,14255.0375131853,13.82,-0.0399999999999991,0
74420,1566264,13827.1620582206,14241.2335820902,13.89,0.0700000000000003,0.109999999999999
74421,1566264,13825.3675776225,14228.2456025303,13.12,-0.770000000000001,-0.840000000000002
74422,1566264,13813.7592351106,14207.4710141199,13.22,0.100000000000001,0.870000000000003
74423,1566264,13801.1439175613,14210.8884200266,13.07,-0.15,-0.250000000000002
74424,1566264,13788.6225875084,14214.5141804468,13.05,-0.0199999999999996,0.130000000000001
74425,1566264,13775.5888296413,14218.8308986285,13.72,0.67,0.69
74426,1566264,13763.2765325155,14222.9086724681,12.98,-0.74,-1.41
74427,1566264,13750.6035050191,14227.1059184788,13.34,0.359999999999999,1.1
74428,1566264,13724.990215164,14231.2939071148,13.2,-0.140000000000001,-0.5
74429,1566264,13713.6118744376,14231.6677692963,11.47,-1.73,-1.59
74430,1566264,13704.9241926474,14232.6226436928,8.74,-2.73,-1
74431,1566264,13699.5068167028,14233.2180745236,5.45,-3.29,-0.56
74432,1566264,13682.0937635702,14224.9879990771,6.08,0.63,3.92
74433,1566264,13675.001239273,14207.1551942425,8.39,2.31,1.68
74434,1566264,13672.4134558449,14197.8897867,9.62,1.23,-1.08
74435,1566264,13669.2930517111,14186.7173618047,11.6,1.98,0.750000000000002
74436,1566264,13665.7772170535,14174.1291209959,13.07,1.47,-0.51
74437,1566264,13662.0703921429,14160.8570507323,13.78,0.709999999999999,-0.760000000000002
74438,1566264,13658.7012680447,14147.7690040693,13.52,-0.26,-0.969999999999999
74439,1566264,13651.5936735799,14125.5012183471,13.44,-0.0800000000000001,0.18
74440,1566264,13649.7258158461,14112.3266390238,13.3,-0.139999999999999,-0.0599999999999987
74441,1566264,13648.6283419893,14088.9003334931,13.87,0.569999999999999,0.709999999999997
74442,1566264,13648.4812281393,14075.301129196,13.6,-0.27,-0.839999999999998
74443,1566264,13648.3381166514,14062.0719032511,13.23,-0.369999999999999,-0.0999999999999996
74444,1566264,13648.1945724756,14048.8026796464,13.27,0.0399999999999991,0.409999999999998
74445,1566264,13645.0526579883,14035.3449449176,13.83,0.56,0.520000000000001
74446,1566264,13642.0059441584,14022.6864325706,13.02,-0.81,-1.37
74447,1566264,13638.9943307183,14010.1737556193,12.86,-0.16,0.65
74448,1566264,13635.9452768625,13997.5055209126,13.04,0.18,0.34
74449,1566264,13638.2893444534,13979.1579192783,13.85,0.81,0.630000000000001
74450,1566264,13642.1864339231,13964.3729000472,15.29,1.44,0.629999999999999
74451,1566264,13646.3817310239,13948.4565222483,16.46,1.17,-0.269999999999998
74452,1566264,13650.8421015746,13931.5344923893,17.5,1.04,-0.130000000000003
74453,1566264,13659.5465248433,13909.2762252347,18.67,1.17,0.130000000000003
74454,1566264,13664.0832941219,13871.0365234724,20.38,1.71,0.539999999999996
74455,1566264,13665.9419018305,13846.8114866046,21.73,1.35,-0.359999999999996
74456,1566264,13667.7551121721,13823.5219638904,23.36,1.63,0.279999999999998
74457,1566264,13669.6711398892,13797.1302483092,23.37,0.0100000000000016,-1.62
74458,1566264,13670.1171915524,13778.1454876335,18.99,-4.38,-4.39
74459,1566264,13670.4678788263,13763.2196068074,14.93,-4.06,0.320000000000004
74460,1566264,13671.9557662651,13743.173376506,13.4,-1.53,2.53
74461,1566264,13676.9371680923,13718.7488336532,12.97,-0.43,1.1
74462,1566264,13678.5480607734,13707.917973818,10.95,-2.02,-1.59
74463,1566264,13680.7967137219,13701.5165700354,6.86,-4.09,-2.07
74464,1566264,13682.4822722381,13698.0551552253,3.85,-3.01,1.08
74465,1566264,13683.2221667557,13696.5357289839,1.69,-2.16,0.85
74466,1566264,13683.6862426069,13695.5827160751,1.06,-0.63,1.53
74467,1566264,13683.7344014217,13695.4838185091,0.11,-0.95,-0.32
74468,1566264,13683.7431575698,13695.4658371335,0.02,-0.09,0.86
74469,1566264,13683.7431575698,13695.4658371335,0,-0.02,0.07
74470,1566264,13689.1849059172,13661.5342826492,2.47,2.47,2.49
74471,1566264,13688.9407231926,13657.4014900344,4.14,1.67,-0.800000000000001
74472,1566264,13688.595682386,13651.561674383,5.85,1.71,0.0400000000000005
74473,1566264,13688.1618619663,13643.4677983283,8.12,2.27,0.56
74474,1566264,13689.706105985,13633.1830858671,10.39,2.27,1.77635683940025e-15
74475,1566264,13691.5532594073,13620.8809875,12.45,2.06,-0.210000000000003
74476,1566264,13693.5325644813,13607.6987550857,13.32,0.870000000000001,-1.19
74477,1566264,13695.8350858624,13594.1766633005,13.73,0.41,-0.460000000000001
74478,1566264,13698.4030975693,13581.0352244191,13.38,-0.35,-0.76
74479,1566264,13701.9833411328,13568.1184870562,13.42,0.0399999999999991,0.389999999999999
74480,1566264,13705.8295047695,13554.8652978068,13.8,0.380000000000001,0.340000000000002
74481,1566264,13709.561398327,13542.0058627308,13.39,-0.41,-0.790000000000001
74482,1566264,13714.3475001522,13529.8850147843,13.11,-0.280000000000001,0.129999999999999
74483,1566264,13719.1429307351,13521.1896858357,9.92,-3.19,-2.91
74484,1566264,13721.9149117569,13516.1633828987,5.74,-4.18,-0.99
74485,1566264,13723.6920703213,13512.9409447788,3.68,-2.06,2.12
74486,1566264,13724.2474323727,13511.9339328663,1.15,-2.53,-0.47
74487,1566264,13724.4599187228,13511.548641352,0.44,-0.71,1.82
74488,1566264,13724.6772343082,13511.1545932123,0.45,0.01,0.72
74489,1566264,13724.6965512491,13511.119566711,0.04,-0.41,-0.42
74490,1566264,13724.6965512491,13511.119566711,0,-0.04,0.37
74491,1566264,13724.6965512491,13511.119566711,0,0,0.04
74492,1566264,13724.6965512491,13511.119566711,0,0,0
74493,1566264,13724.6965512491,13511.119566711,0,0,0
74494,1566264,13724.6965512491,13511.119566711,0,0,0
74495,1566264,13724.6965512491,13511.119566711,0,0,0
74496,1566264,13724.6965512491,13511.119566711,0,0,0
74497,1566264,13724.6965512491,13511.119566711,0,0,0
74498,1566264,13724.6965512491,13511.119566711,0,0,0
74499,1566264,13724.6965512491,13511.119566711,0,0,0
74500,1566264,13724.6965512491,13511.119566711,0,0,0
74501,1566264,13724.6965512491,13511.119566711,0,0,0
74502,1566264,13724.6965512491,13511.119566711,0,0,0
74503,1566264,13724.6965512491,13511.119566711,0,0,0
74504,1566264,13724.6965512491,13511.119566711,0,0,0
74505,1566264,13724.6965512491,13511.119566711,0,0,0
74506,1566264,13724.6965512491,13511.119566711,0,0,0
74507,1566264,13724.6965512491,13511.119566711,0,0,0
74508,1566264,13724.6965512491,13511.119566711,0,0,0
74509,1566264,13724.6965512491,13511.119566711,0,0,0
74510,1566264,13724.6965512491,13511.119566711,0,0,0
74511,1566264,13724.6965512491,13511.119566711,0,0,0
74512,1566264,13724.6965512491,13511.119566711,0,0,0
74513,1566264,13724.6965512491,13511.119566711,0,0,0
74514,1566264,13724.6965512491,13511.119566711,0,0,0
74515,1566264,13724.6965512491,13511.119566711,0,0,0
74516,1566264,13724.6965512491,13511.119566711,0,0,0
74517,1566264,13724.6965512491,13511.119566711,0,0,0
74518,1566264,13724.6965512491,13511.119566711,0,0,0
74519,1566264,13724.6965512491,13511.119566711,0,0,0
74520,1566264,13724.6965512491,13511.119566711,0,0,0
74521,1566264,13724.6965512491,13511.119566711,0,0,0
74522,1566264,13724.6965512491,13511.119566711,0,0,0
74523,1566264,13724.6965512491,13511.119566711,0,0,0
74524,1566264,13724.6965512491,13511.119566711,0,0,0
74525,1566264,13714.2366159344,13496.0536269367,1.92,1.92,1.92
74526,1566264,13710.8421377847,13494.187177482,3.89,1.97,0.0500000000000003
74527,1566264,13706.6848336335,13490.8039213294,5.36,1.47,-0.5
74528,1566264,13692.9997221562,13480.0237434901,7.03,1.67,0.2
74529,1566264,13686.4021794486,13475.037228653,8.27,1.24,-0.430000000000001
74530,1566264,13678.0840228656,13469.2458822996,10.15,1.88,0.640000000000001
74531,1566264,13667.5416453517,13462.9876176557,12.26,2.11,0.229999999999999
74532,1566264,13655.345265604,13455.6382198409,14.24,1.98,-0.129999999999999
74533,1566264,13642.1773155985,13447.5378067246,15.46,1.22,-0.76
74534,1566264,13627.2973617437,13438.3842351114,17.48,2.02,0.799999999999999
74535,1566264,13611.0205490268,13428.3713699981,19.11,1.63,-0.390000000000001
74536,1566264,13594.1858614619,13415.627906827,20.38,1.27,-0.359999999999999
74537,1566264,13573.12448394,13408.6256421808,22.2,1.82,0.550000000000001
74538,1566264,13552.3308861599,13404.7592754934,21.16,-1.04,-2.86
74539,1566264,13535.0611818227,13401.8149240892,17.52,-3.64,-2.6
74540,1566264,13522.0604268847,13399.7103407479,13.17,-4.35,-0.709999999999999
74541,1566264,13512.5640515996,13398.1730520809,9.62,-3.55,0.799999999999999
74542,1566264,13506.9274296789,13397.2605865624,5.71,-3.91,-0.359999999999999
74543,1566264,13503.1663912344,13396.6517435457,3.81,-1.9,2.01
74544,1566264,13494.8585574225,13393.5179825202,5.77,1.96,3.86
74545,1566264,13487.7712896945,13392.1933179768,7.21,1.44,-0.519999999999999
74546,1566264,13479.2980237008,13390.6095997572,8.62,1.41,-0.0300000000000011
74547,1566264,13468.9964195692,13388.684151156,10.48,1.86,0.450000000000002
74548,1566264,13457.0827323483,13386.4573918958,12.11,1.63,-0.230000000000002
74549,1566264,13434.3225511908,13381.8263658676,13.84,1.73,0.100000000000001
74550,1566264,13420.8384580214,13378.9937909985,13.78,-0.0600000000000005,-1.79
74551,1566264,13408.0994601935,13377.0265507133,12.89,-0.889999999999999,-0.829999999999998
