"V1","V2","V3","V4","V5","acceleration","jerk"
57598,"1576818#1",14284.5063206013,13951.9983172816,0,2.5,0
57599,"1576818#1",14286.7599230841,13953.0805722653,2.5,2.5,0
57600,"1576818#1",14290.6090761247,13954.9290637773,4.27,1.77,-0.73
57601,"1576818#1",14296.2004423878,13957.6070920487,6.2,1.93,0.160000000000001
57602,"1576818#1",14303.5783997526,13960.1070610732,7.79,1.59,-0.340000000000001
57603,"1576818#1",14312.9926354658,13963.2970087116,9.94,2.15,0.56
57604,"1576818#1",14323.7698005709,13966.3929603366,11.23,1.29,-0.859999999999999
57605,"1576818#1",14336.8015342882,13969.2441910044,13.33,2.1,0.809999999999999
57606,"1576818#1",14349.7791110924,13971.567267491,13.2,-0.130000000000001,-2.23
57607,"1576818#1",14362.6297016037,13973.4325781225,12.98,-0.219999999999999,-0.0899999999999981
57608,"1576818#1",14376.3450388739,13974.2554533049,13.75,0.77,0.989999999999998
57609,"1576818#1",14389.2019198084,13975.0268239271,12.88,-0.869999999999999,-1.64
57610,"1576818#1",14402.807454524,13975.843111317,13.63,0.75,1.62
