"V1","V2","V3","V4","V5","acceleration","jerk"
54688,"1577372#1",14398.8508063062,13995.706199284,13.55,0.0299999999999994,0
54689,"1577372#1",14385.298386695,13994.6962375612,13.58,0.0299999999999994,0
54690,"1577372#1",14372.091417895,13993.7620542388,13.24,-0.34,-0.369999999999999
54691,"1577372#1",14358.8152437154,13992.817749867,13.31,0.0700000000000003,0.41
54692,"1577372#1",14335.0242688989,13990.1903278279,13.33,0.0199999999999996,-0.0500000000000007
54693,"1577372#1",14321.2820320478,13988.5482175004,13.84,0.51,0.49
54694,"1577372#1",14307.6069960109,13986.6307084671,13.81,-0.0299999999999994,-0.539999999999999
54695,"1577372#1",14294.4046494418,13983.9315628038,13.48,-0.33,-0.300000000000001
54696,"1577372#1",14280.9776602921,13981.2522774218,13.71,0.23,0.56
54697,"1577372#1",14268.6790555686,13976.2952700731,13.25,-0.460000000000001,-0.690000000000001
54698,"1577372#1",14256.3075247936,13972.0275509437,13.09,-0.16,0.300000000000001
54699,"1577372#1",14243.3445626283,13967.6881371698,13.68,0.59,0.75
54700,"1577372#1",14226.040403183,13961.9475813167,12.9,-0.779999999999999,-1.37
54701,"1577372#1",14215.2876252717,13958.4413201753,11.31,-1.59,-0.81
54702,"1577372#1",14208.1381213025,13956.1100130327,7.52,-3.79,-2.2
54703,"1577372#1",14200.0992885783,13953.1884832169,4.16,-3.36,0.430000000000001
54704,"1577372#1",14199.09,13952.81,2.35,-1.81,1.55
54705,"1577372#1",14195.612778227,13951.5971296006,4.25,1.9,3.71
54706,"1577372#1",14189.2187950972,13949.908561479,6.62,2.37,0.47
54707,"1577372#1",14181.4289172258,13948.7380412039,7.89,1.27,-1.1
54708,"1577372#1",14171.8078274994,13947.6717239546,9.68,1.79,0.52
54709,"1577372#1",14160.6767479233,13946.4311340857,11.2,1.52,-0.27
54710,"1577372#1",14147.6176864485,13944.9749358175,13.14,1.94,0.420000000000002
54711,"1577372#1",14134.7051548485,13943.2454336242,13.04,-0.100000000000001,-2.04
54712,"1577372#1",14121.2596476799,13940.2736939016,13.77,0.73,0.830000000000002
54713,"1577372#1",14108.6647229836,13937.0151569028,13.02,-0.75,-1.48
54714,"1577372#1",14095.9653563059,13931.9421352655,13.72,0.700000000000001,1.45
54715,"1577372#1",14084.8384625503,13924.1264660294,13.6,-0.120000000000001,-0.820000000000002
54716,"1577372#1",14073.5556371379,13916.3309226696,13.74,0.140000000000001,0.260000000000002
54717,"1577372#1",14061.983024326,13910.6313935043,12.9,-0.84,-0.98
54718,"1577372#1",14051.8736436328,13905.4516740588,11.36,-1.54,-0.700000000000001
54719,"1577372#1",14045.6059508819,13902.7127641333,6.85,-4.51,-2.97
54720,"1577372#1",14027.140036002,13889.9556285373,8.26,1.41,5.92
54721,"1577372#1",14016.8408787752,13890.0873874784,10.3,2.04,0.630000000000001
54722,"1577372#1",14004.8865388185,13887.7388058189,12.28,1.98,-0.0600000000000023
54723,"1577372#1",13991.8677735032,13884.1288404915,13.51,1.23,-0.749999999999998
54724,"1577372#1",13978.6134334753,13881.5860812148,13.53,0.0199999999999996,-1.21
54725,"1577372#1",13965.0420770908,13881.554474423,13.68,0.15,0.130000000000001
54726,"1577372#1",13942.3212854043,13882.4476566954,13.27,-0.41,-0.56
54727,"1577372#1",13929.0847515455,13882.1447187416,13.24,-0.0299999999999994,0.380000000000001
54728,"1577372#1",13916.0409938039,13880.3774796968,13.19,-0.0500000000000007,-0.0200000000000014
54729,"1577372#1",13902.7092014597,13878.0700540988,13.53,0.34,0.390000000000001
54730,"1577372#1",13884.0477595137,13877.0862458329,12.86,-0.67,-1.01
54731,"1577372#1",13870.5188474747,13875.0632512652,13.7,0.84,1.51
54732,"1577372#1",13856.8724376453,13873.6441322539,13.72,0.0200000000000014,-0.819999999999999
54733,"1577372#1",13843.2964489444,13872.2246274372,13.65,-0.0700000000000003,-0.0900000000000016
54734,"1577372#1",13829.6829731838,13871.2599325839,13.66,0.00999999999999979,0.0800000000000001
54735,"1577372#1",13816.7948502728,13871.0399602454,12.89,-0.77,-0.779999999999999
54736,"1577372#1",13803.0730431544,13871.5228418244,13.74,0.85,1.62
54737,"1577372#1",13790.138106674,13872.3284585129,12.96,-0.779999999999999,-1.63
54738,"1577372#1",13776.9904905434,13874.1760309283,13.28,0.319999999999999,1.1
54739,"1577372#1",13764.113681962,13876.284677895,13.05,-0.229999999999999,-0.549999999999997
54740,"1577372#1",13763.0480925958,13889.2611236694,13.02,-0.0300000000000011,0.199999999999998
54741,"1577372#1",13769.5944114699,13900.3766852476,12.89,-0.129999999999999,-0.0999999999999979
54742,"1577372#1",13776.2441982599,13911.993481536,13.39,0.5,0.629999999999999
54743,"1577372#1",13782.2879663203,13924.0538699058,13.49,0.0999999999999996,-0.4
54744,"1577372#1",13788.1122053703,13935.6761863482,13,-0.49,-0.59
54745,"1577372#1",13793.7077691473,13948.068505992,13.64,0.640000000000001,1.13
54746,"1577372#1",13797.3279653012,13961.2296867828,13.66,0.0199999999999996,-0.620000000000001
54747,"1577372#1",13802.3945089426,13984.0098234296,13.01,-0.65,-0.67
54748,"1577372#1",13803.7516144017,13997.6122924986,13.67,0.66,1.31
54749,"1577372#1",13805.0610672916,14010.7371328073,13.19,-0.48,-1.14
54750,"1577372#1",13806.3943464661,14024.1007874961,13.43,0.24,0.720000000000001
54751,"1577372#1",13807.7315966881,14037.5042445817,13.47,0.0400000000000009,-0.199999999999999
54752,"1577372#1",13808.862069092,14051.3133617748,13.87,0.399999999999999,0.359999999999998
54753,"1577372#1",13809.4638716689,14065.1102430767,13.8,-0.0699999999999985,-0.469999999999997
54754,"1577372#1",13810.7851123357,14078.4757385935,13.45,-0.350000000000001,-0.280000000000003
54755,"1577372#1",13812.0087303298,14102.8651084694,13.86,0.41,0.760000000000002
54756,"1577372#1",13811.683775043,14114.7654776432,11.91,-1.95,-2.36
54757,"1577372#1",13812.1683176924,14123.0112534357,8.26,-3.65,-1.7
54758,"1577372#1",13812.5472699339,14129.4601289345,6.45,-1.81,1.84
54759,"1577372#1",13812.9567260711,14136.4281089626,6.99,0.54,2.35
54760,"1577372#1",13813.5014216576,14143.662846589,7.26,0.27,-0.27
54761,"1577372#1",13814.8422752193,14152.2285346364,8.66,1.4,1.13
54762,"1577372#1",13816.5666158755,14162.0448844513,9.97,1.31,-0.0899999999999999
54763,"1577372#1",13818.9558033989,14173.2530682015,11.46,1.49,0.18
54764,"1577372#1",13820.646891008,14181.6332974515,8.55,-2.91,-4.4
54765,"1577372#1",13821.6132848344,14186.9156248715,5.37,-3.18,-0.27
54766,"1577372#1",13822.181559407,14191.0577394585,4.19,-1.18,2
54767,"1577372#1",13822.2750018274,14193.4459120892,2.39,-1.8,-0.620000000000001
54768,"1577372#1",13822.3183997717,14194.5550633947,1.1,-1.29,0.51
54769,"1577372#1",13822.3449858996,14195.2345434737,0.68,-0.42,0.87
54770,"1577372#1",13822.3547602114,14195.4843523263,0.25,-0.43,-0.01
54771,"1577372#1",13822.3563241013,14195.5243217427,0.04,-0.21,0.22
54772,"1577372#1",13822.4028498253,14196.713411881,1.2,1.16,1.37
54773,"1577372#1",13822.4771345947,14198.6119591607,1.89,0.69,-0.47
54774,"1577372#1",13822.5955992533,14201.639642454,3.04,1.15,0.46
54775,"1577372#1",13822.6300048307,14202.5189696151,0.88,-2.16,-3.31
54776,"1577372#1",13822.6409520599,14202.79875553,0.27,-0.61,1.55
54777,"1577372#1",13822.6495534542,14203.0185873203,0.23,-0.04,0.57
54778,"1577372#1",13814.7437510938,14207.2043152657,2.13,1.9,1.94
54779,"1577372#1",13810.8635998659,14208.2554225147,4.02,1.89,-0.0100000000000002
54780,"1577372#1",13805.381197136,14209.7405690755,5.68,1.66,-0.23
54781,"1577372#1",13797.8621976174,14211.7774162074,7.79,2.11,0.45
54782,"1577372#1",13788.2143926153,14214.6493726404,10.06,2.27,0.16
54783,"1577372#1",13776.8703717477,14218.4064580207,11.95,1.89,-0.380000000000002
54784,"1577372#1",13763.827120976,14222.726320207,13.74,1.79,-0.0999999999999979
54785,"1577372#1",13751.220543811,14226.9015581862,13.28,-0.460000000000001,-2.25
54786,"1577372#1",13726.879452735,14237.5082487012,13.52,0.24,0.700000000000001
54787,"1577372#1",13718.7948966299,14243.8417195177,10.27,-3.25,-3.49
54788,"1577372#1",13713.0247119902,14248.3621032651,7.34,-2.93,0.32
54789,"1577372#1",13709.7184670397,14250.9522276496,4.19,-3.15,-0.22
54790,"1577372#1",13706.2813738277,14260.4361453401,5.83,1.64,4.79
54791,"1577372#1",13708.0834182255,14267.4482945105,7.24,1.41,-0.23
