"V1","V2","V3","V4","V5","acceleration","jerk"
23785,1577053,14213.4316105571,13275.5964652613,3.23,-2.38,0
23786,1577053,14214.2470467542,13275.7981179537,0.85,-2.38,0
23787,1577053,14215.2663420007,13276.0501838192,1.05,0.2,2.58
23788,1577053,14218.0135853792,13276.7295613425,2.83,1.78,1.58
23789,1577053,14225.6057989072,13278.4163487475,4.63,1.8,0.0199999999999998
23790,1577053,14231.282340295,13279.2675114067,5.74,1.11,-0.69
23791,1577053,14238.7389817696,13280.3855891857,7.54,1.8,0.69
23792,1577053,14248.4603061323,13281.8432423112,9.83,2.29,0.49
23793,1577053,14259.4870372254,13283.4966331911,11.15,1.32,-0.97
23794,1577053,14271.5818283705,13285.3101731429,12.23,1.08,-0.24
23795,1577053,14284.5370012242,13287.2527220691,13.11,0.879999999999999,-0.200000000000001
23796,1577053,14297.7888574257,13289.2397568486,13.39,0.280000000000001,-0.599999999999998
23797,1577053,14310.526462491,13291.1496828157,12.88,-0.51,-0.790000000000001
23798,1577053,14323.5937069318,13293.3951253313,13.26,0.379999999999999,0.889999999999999
23799,1577053,14336.8192203497,13295.7866509601,13.44,0.18,-0.199999999999999
23800,1577053,14349.9069680029,13298.1532648636,13.3,-0.139999999999999,-0.319999999999999
23801,1577053,14362.7683861853,13300.4789523613,13.07,-0.23,-0.0900000000000016
23802,1577053,14376.3776756622,13302.9398749391,13.83,0.76,0.99
23803,1577053,14389.3768596094,13305.2904741621,13.2,-0.630000000000001,-1.39
23804,1577053,14402.9467874392,13307.7442791041,13.79,0.59,1.22
