"V1","V2","V3","V4","V5","acceleration","jerk"
64180,157905,14349.6209225293,14261.3570087178,19.42,-0.82,0
64181,157905,14350.9329657014,14242.8033421606,18.6,-0.82,0
64182,157905,14352.3869610824,14224.3125184166,18.55,-0.0500000000000007,0.77
64183,157905,14354.4423802418,14205.21279716,19.21,0.66,0.710000000000001
64184,157905,14356.4517905392,14186.5406074048,18.78,-0.43,-1.09
64185,157905,14358.5072096986,14167.4408861482,19.21,0.43,0.859999999999999
64186,157905,14360.4282488046,14148.7092200014,18.83,-0.380000000000003,-0.810000000000002
64187,157905,14362.3436583995,14129.6954537758,19.11,0.280000000000001,0.660000000000004
64188,157905,14364.2580656868,14110.6916371923,19.1,-0.00999999999999801,-0.289999999999999
64189,157905,14366.2045468136,14091.3694320587,19.42,0.32,0.329999999999998
64190,157905,14368.1139425636,14072.4153636862,19.05,-0.370000000000001,-0.690000000000001
64191,157905,14369.8067668329,14053.9152728291,18.59,-0.460000000000001,-0.0899999999999999
64192,157905,14370.9763352794,14034.580614579,19.37,0.780000000000001,1.24
64193,157905,14372.099410814,14016.0145514168,18.6,-0.77,-1.55
64194,157905,14372.5980105931,13994.1522181018,18.63,0.0299999999999976,0.799999999999997
64195,157905,14372.1290111995,13973.8576365696,20.3,1.67,1.64
64196,157905,14371.6514635411,13953.1931537976,20.67,0.370000000000001,-1.3
64197,157905,14371.2392985568,13935.3579156431,17.84,-2.83,-3.2
64198,157905,14370.8885886655,13920.1819674826,15.19,-2.65,0.180000000000001
64199,157905,14370.566527013,13906.2456883417,13.94,-1.25,1.4
64200,157905,14370.2509343176,13892.5893344634,13.65,-0.289999999999999,0.960000000000001
64201,157905,14366.8307891419,13870.2098741851,12.9,-0.75,-0.460000000000001
64202,157905,14361.7519660607,13858.5454988001,13.04,0.139999999999999,0.889999999999999
64203,157905,14352.200593262,13853.1617909517,11.25,-1.79,-1.93
64204,157905,14345.2416666543,13849.5797671808,8.04,-3.21,-1.42
64205,157905,14339.277308273,13849.3971120945,5.98,-2.06,1.15
64206,157905,14336.0704965801,13849.4194843628,5.13,-0.850000000000001,1.21
64207,157905,14332.0917554264,13849.5195784798,3.98,-1.15,-0.299999999999999
64208,157905,14307.8318186716,13846.9611194254,6.24,2.26,3.41
64209,157905,14300.1313725575,13848.0273940939,7.91,1.67,-0.59
64210,157905,14290.541739747,13847.943474139,9.59,1.68,0.00999999999999979
64211,157905,14279.4921628381,13847.8467780492,11.05,1.46,-0.219999999999999
64212,157905,14267.092637619,13847.7382684099,12.39,1.34,-0.120000000000001
64213,157905,14256.8030316106,13847.6482229109,10.29,-2.1,-3.44
64214,157905,14249.4133145647,13847.5835546662,7.39,-2.9,-0.799999999999998
64215,157905,14244.533501414,13847.5408508727,4.89,-2.5,0.399999999999999
64216,157905,14241.8136055595,13847.5170487582,2.72,-2.17,0.330000000000001
64217,157905,14240.1736683531,13847.5026974834,1.63,-1.09,1.08
64218,157905,14239.6936867317,13847.4984971102,0.48,-1.15,-0.0599999999999996
64219,157905,14239.5136936237,13847.4969219703,0.18,-0.3,0.85
64220,157905,14241.4208310269,13850.814046129,0.08,-0.1,0.2
64221,157905,14239.1709185054,13850.7942056306,2.25,2.17,2.27
64222,157905,14234.4925564391,13851.0467342227,4.7,2.45,0.28
64223,157905,14229.9795865745,13851.4391663848,4.52,-0.180000000000001,-2.63
64224,157905,14228.1028748112,13851.9858644546,1.97,-2.55,-2.37
64225,157905,14227.0460564873,13852.3253273101,1.1,-0.87,1.68
64226,157905,14226.5985748547,13852.4690638346,0.47,-0.63,0.24
64227,157905,14226.5604913115,13852.4812967303,0.04,-0.43,0.2
64228,157905,14226.5604913115,13852.4812967303,0,-0.04,0.39
64229,157905,14226.5604913115,13852.4812967303,0,0,0.04
64230,157905,14226.5604913115,13852.4812967303,0,0,0
64231,157905,14226.5604913115,13852.4812967303,0,0,0
64232,157905,14226.5604913115,13852.4812967303,0,0,0
64233,157905,14226.5604913115,13852.4812967303,0,0,0
64234,157905,14226.5604913115,13852.4812967303,0,0,0
64235,157905,14226.5604913115,13852.4812967303,0,0,0
64236,157905,14226.5604913115,13852.4812967303,0,0,0
64237,157905,14226.5604913115,13852.4812967303,0,0,0
64238,157905,14226.5604913115,13852.4812967303,0,0,0
64239,157905,14226.5604913115,13852.4812967303,0,0,0
64240,157905,14226.5604913115,13852.4812967303,0,0,0
64241,157905,14226.5604913115,13852.4812967303,0,0,0
64242,157905,14226.5604913115,13852.4812967303,0,0,0
64243,157905,14226.2748647375,13852.573043448,0.3,0.3,0.3
64244,157905,14224.6943976945,13853.0807086193,1.66,1.36,1.06
64245,157905,14222.952075593,13853.6403635974,1.83,0.17,-1.19
64246,157905,14221.9142990407,13853.9737100051,1.09,-0.74,-0.91
64247,157905,14220.779957317,13854.5669080367,1.29,0.2,0.94
64248,157905,14219.8717476559,13855.1513352874,1.08,-0.21,-0.41
64249,157905,14219.7624261226,13855.221683012,0.13,-0.95,-0.74
64250,157905,14219.7035606816,13855.2595625561,0.07,-0.06,0.89
64251,157905,14219.6699232867,13855.2812080098,0.04,-0.03,0.03
64252,157905,14219.661513938,13855.2866193732,0.01,-0.03,6.93889390390723e-18
64253,157905,14219.661513938,13855.2866193732,0,-0.01,0.02
64254,157905,14219.661513938,13855.2866193732,0,0,0.01
64255,157905,14219.661513938,13855.2866193732,0,0,0
64256,157905,14219.661513938,13855.2866193732,0,0,0
64257,157905,14219.661513938,13855.2866193732,0,0,0
64258,157905,14219.661513938,13855.2866193732,0,0,0
64259,157905,14219.661513938,13855.2866193732,0,0,0
64260,157905,14219.0644501793,13855.670826177,0.71,0.71,0.71
64261,157905,14217.2143934622,13856.8613261322,2.2,1.49,0.78
64262,157905,14215.170320736,13858.1753521458,2.43,0.23,-1.26
64263,157905,14212.3844671245,13859.9628419094,3.32,0.89,0.66
64264,157905,14210.3476383772,13862.4500077773,3.32,0,-0.89
64265,157905,14209.585728338,13863.969709423,1.7,-1.62,-1.62
64266,157905,14209.37,13864.4,1.16,-0.54,1.08
64267,157905,14209.37,13864.4,0.13,-1.03,-0.49
64268,157905,14209.37,13864.4,0.03,-0.1,0.93
64269,157905,14209.37,13864.4,0.01,-0.02,0.08
64270,157905,14209.37,13864.4,0,-0.01,0.01
64271,157905,14209.37,13864.4,0,0,0.01
64272,157905,14209.37,13864.4,0,0,0
64273,157905,14209.37,13864.4,0,0,0
64274,157905,14209.37,13864.4,0,0,0
64275,157905,14209.37,13864.4,0,0,0
64276,157905,14209.37,13864.4,0,0,0
64277,157905,14209.37,13864.4,0,0,0
64278,157905,14209.37,13864.4,0,0,0
64279,157905,14209.37,13864.4,0,0,0
64280,157905,14209.37,13864.4,0,0,0
64281,157905,14209.37,13864.4,0,0,0
64282,157905,14209.37,13864.4,0,0,0
64283,157905,14209.37,13864.4,0,0,0
64284,157905,14209.37,13864.4,0,0,0
64285,157905,14209.37,13864.4,0,0,0
64286,157905,14209.37,13864.4,0,0,0
64287,157905,14209.37,13864.4,0,0,0
64288,157905,14209.37,13864.4,0,0,0
64289,157905,14209.37,13864.4,0,0,0
64290,157905,14209.37,13864.4,0,0,0
64291,157905,14209.37,13864.4,0,0,0
64292,157905,14209.37,13864.4,0,0,0
64293,157905,14209.37,13864.4,0,0,0
64294,157905,14209.37,13864.4,0,0,0
64295,157905,14209.37,13864.4,0,0,0
64296,157905,14209.37,13864.4,0,0,0
64297,157905,14209.37,13864.4,0,0,0
64298,157905,14209.37,13864.4,0,0,0
64299,157905,14209.37,13864.4,0,0,0
64300,157905,14209.37,13864.4,0,0,0
64301,157905,14209.37,13864.4,0,0,0
64302,157905,14209.37,13864.4,0,0,0
64303,157905,14209.37,13864.4,0,0,0
64304,157905,14209.37,13864.4,0,0,0
64305,157905,14209.37,13864.4,0,0,0
64306,157905,14209.37,13864.4,0,0,0
64307,157905,14209.37,13864.4,0,0,0
64308,157905,14209.37,13864.4,0,0,0
64309,157905,14209.37,13864.4,0,0,0
64310,157905,14209.37,13864.4,0,0,0
64311,157905,14209.37,13864.4,0,0,0
64312,157905,14209.37,13864.4,0,0,0
64313,157905,14209.37,13864.4,0,0,0
64314,157905,14209.37,13864.4,0,0,0
64315,157905,14206.9747985309,13875.2748499943,1.88,1.88,1.88
64316,157905,14207.9402033151,13878.5766061335,3.44,1.56,-0.32
64317,157905,14209.0487349714,13882.3678668165,3.95,0.51,-1.05
64318,157905,14210.4131731255,13885.966826763,3.85,-0.1,-0.61
64319,157905,14211.630432554,13889.1093065933,3.37,-0.48,-0.38
64320,157905,14213.0282942716,13892.7180297219,3.87,0.5,0.98
64321,157905,14214.3286307531,13896.0749814693,3.59,-0.28,-0.78
64322,157905,14215.4628131286,13899.0029893824,3.14,-0.45,-0.169999999999999
64323,157905,14227.2712124257,13915.1032929136,3.83,0.69,1.14
64324,157905,14229.942504318,13916.8285753907,3.17,-0.66,-1.35
64325,157905,14231.5721603782,13917.8811062101,1.94,-1.23,-0.57
64326,157905,14233.3530216397,13919.0312945282,2.12,0.18,1.41
64327,157905,14235.6379002395,13920.5070078419,2.71,0.59,0.41
64328,157905,14238.0067817289,13922.0369753216,2.82,0.11,-0.48
64329,157905,14240.3840635073,13923.5723682179,2.82,0,-0.11
64330,157905,14242.2369661772,13924.7766185052,2.21,-0.61,-0.61
64331,157905,14244.8059297675,13926.6167342818,3.16,0.95,1.56
64332,157905,14248.2041157826,13929.05081148,4.18,1.02,0.0699999999999994
64333,157905,14251.6917277455,13931.5489433414,4.3,0.12,-0.899999999999999
64334,157905,14255.8181735334,13934.4246732038,5.03,0.73,0.61
64335,157905,14260.9757457122,13937.9370867929,6.24,1.21,0.48
64336,157905,14265.4472946685,13940.9823043436,5.41,-0.83,-2.04
64337,157905,14271.3170327889,13944.5497886009,6.86,1.45,2.28
64338,157905,14276.9452390723,13947.9197877152,6.56,-0.300000000000001,-1.75
64339,157905,14283.8302398564,13951.6736407865,7.85,1.29,1.59
64340,157905,14289.5453757528,13954.418239425,6.34,-1.51,-2.8
64341,157905,14296.2762108844,13957.6327656716,7.47,1.13,2.64
64342,157905,14301.1159236103,13959.2726683308,5.11,-2.36,-3.49
64343,157905,14306.9311557309,13961.243118884,6.14,1.03,3.39
64344,157905,14311.7140420842,13962.8637663261,5.05,-1.09,-2.12
64345,157905,14316.2506808233,13964.4009744938,4.79,-0.26,0.83
64346,157905,14320.3995246095,13965.655573095,4.34,-0.45,-0.19
64347,157905,14324.854150228,13966.6302066666,4.57,0.23,0.680000000000001
64348,157905,14329.2306245199,13967.5877414036,4.47,-0.100000000000001,-0.330000000000001
64349,157905,14333.2749556735,13968.4726060935,4.14,-0.33,-0.23
64350,157905,14337.4853583963,13969.393805807,4.31,0.17,0.5
64351,157905,14340.2988061554,13970.0093638523,2.88,-1.43,-1.6
64352,157905,14343.0583421113,13970.5322485046,2.82,-0.0600000000000001,1.37
64353,157905,14347.0117356296,13971.1410832025,3.99,1.17,1.23
64354,157905,14351.3802354673,13971.8138455437,4.43,0.44,-0.730000000000001
64355,157905,14355.7783857564,13972.4911741451,4.45,0.0200000000000005,-0.419999999999999
64356,157905,14358.9806345063,13972.9843302503,3.24,-1.21,-1.23
64357,157905,14362.8493067129,13973.4457537076,3.9,0.66,1.87
64358,157905,14367.8902421724,13973.7481932761,5.05,1.15,0.49
64359,157905,14373.5301006569,13974.0865662587,5.65,0.600000000000001,-0.549999999999999
64360,157905,14377.5628490245,13974.3285179135,4.05,-1.6,-2.2
64361,157905,14382.26439477,13974.610595214,4.71,0.66,2.26
64362,157905,14387.8144148007,13974.9435781845,5.56,0.85,0.19
64363,157905,14394.7419577887,13975.3592080074,6.94,1.38,0.530000000000001
64364,157905,14398.8246164084,13975.6041541133,4.09,-2.85,-4.23
64365,157905,14403.3464852464,13975.8754513896,4.52,0.43,3.28
