"V1","V2","V3","V4","V5","acceleration","jerk"
28344,1579222,14392.2458079469,13318.9078957982,13.43,-0.390000000000001,0
28345,1579222,14379.3839544583,13316.7597978398,13.04,-0.390000000000001,0
28346,1579222,14366.3149698937,13314.5771062793,13.25,0.210000000000001,0.600000000000001
28347,1579222,14353.1177613295,13312.3729996317,13.38,0.130000000000001,-0.0800000000000001
28348,1579222,14339.9698696882,13310.1771295561,13.33,-0.0500000000000007,-0.180000000000001
28349,1579222,14327.2954205066,13308.060330571,12.85,-0.48,-0.43
28350,1579222,14312.8160111546,13308.9835827799,13.46,0.610000000000001,1.09
28351,1579222,14299.9739206587,13306.8385625713,13.02,-0.440000000000001,-1.05
28352,1579222,14286.4512585467,13304.5798661765,13.71,0.690000000000001,1.13
28353,1579222,14273.4414909859,13302.4068387916,13.19,-0.520000000000001,-1.21
28354,1579222,14260.5500837063,13300.2535811783,13.07,-0.119999999999999,0.400000000000002
28355,1579222,14247.037284951,13297.9965322644,13.7,0.629999999999999,0.749999999999998
28356,1579222,14231.1174852342,13295.2719301762,13.47,-0.229999999999999,-0.859999999999998
28357,1579222,14217.7946980959,13292.856367536,13.53,0.0599999999999987,0.289999999999997
28358,1579222,14204.6195046113,13290.4675651911,13.39,-0.139999999999999,-0.199999999999998
28359,1579222,14191.2180008577,13288.0377303935,13.62,0.229999999999999,0.369999999999997
28360,1579222,14178.1510427192,13285.668552265,13.28,-0.34,-0.569999999999999
28361,1579222,14165.4186301956,13283.3600308054,12.95,-0.33,0.00999999999999979
28362,1579222,14151.8498536345,13280.8998676734,13.79,0.84,1.17
28363,1579222,14138.664820573,13278.5092813087,13.4,-0.389999999999999,-1.23
28364,1579222,14125.3328409972,13275.5378465125,13.66,0.26,0.649999999999999
28395,1579222,13733.1743602504,13289.1411137889,18.84,0.167096774193548,-0.00299687825182101
28396,1579222,13733.620803415,13309.0199035595,20.07,1.23,1.06290322580645
28397,1579222,13748.368432775,13323.5221708134,21.33,1.26,0.0299999999999976
28398,1579222,13764.4683071708,13323.3808293705,16.54,-4.79,-6.05
28399,1579222,13777.5425354057,13318.0275262495,14.17,-2.37,2.42
28400,1579222,13790.2210230826,13311.0742859815,14.46,0.290000000000001,2.66
28401,1579222,13804.8849595102,13297.1821611516,13.24,-1.22,-1.51
28402,1579222,13811.5824735573,13285.1117131328,13.42,0.18,1.4
