"V1","V2","V3","V4","V5","acceleration","jerk"
67143,1581917,14348.949382153,14270.8532939664,19.33,-0.189999999999998,0
67144,1581917,14350.2995169011,14251.7609725737,19.14,-0.189999999999998,0
67145,1581917,14351.6447138523,14232.7384768079,19.07,-0.0700000000000003,0.119999999999997
67146,1581917,14353.5264828964,14213.7236568142,19.11,0.0399999999999991,0.109999999999999
67147,1581917,14355.5358931938,14195.0514670589,18.78,-0.329999999999998,-0.369999999999997
67148,1581917,14357.5538632795,14176.2997365592,18.87,0.0899999999999999,0.419999999999998
67149,1581917,14359.5502274519,14157.4251065601,18.98,0.109999999999999,0.0199999999999996
67150,1581917,14361.4375724373,14138.6899303158,18.83,-0.150000000000002,-0.260000000000002
67151,1581917,14363.3569912621,14119.6363655214,19.14,0.310000000000002,0.460000000000004
67152,1581917,14365.2744054719,14100.6027000113,19.13,-0.0100000000000016,-0.320000000000004
67153,1581917,14367.1817966069,14081.6685309232,19.04,-0.0899999999999999,-0.0799999999999983
67154,1581917,14369.0470908277,14063.1522468071,18.61,-0.43,-0.34
67155,1581917,14370.4081556675,14043.9734454584,19.22,0.609999999999999,1.04
67156,1581917,14371.5692708574,14024.7785317697,19.23,0.0100000000000016,-0.599999999999998
67157,1581917,14372.7207251824,14005.7433261512,19.07,-0.16,-0.170000000000002
67158,1581917,14372.3591212468,13983.8149780504,18.68,-0.390000000000001,-0.23
67159,1581917,14371.8896597849,13963.5004018566,20.32,1.64,2.03
67160,1581917,14371.3834638877,13941.5962500649,21.92,1.6,-0.0399999999999991
67161,1581917,14370.898061067,13920.5918580455,21,-0.920000000000002,-2.52
67162,1581917,14370.4738823052,13902.2367586893,18.36,-2.64,-1.72
67163,1581917,14370.1067689868,13886.3510000416,15.89,-2.47,0.170000000000002
67164,1581917,14373.7198128526,13860.2605987358,14.67,-1.22,1.25
67165,1581917,14373.1519492112,13830.1208491174,13.53,-1.14,0.0800000000000001
67166,1581917,14372.7242712636,13816.607619636,13.51,-0.0199999999999996,1.12
67167,1581917,14371.9324488688,13790.0523627138,13.8,0.290000000000001,0.31
67168,1581917,14371.5849406439,13775.5265189161,14.54,0.739999999999998,0.449999999999998
67169,1581917,14371.5869476188,13759.1052915701,16.43,1.89,1.15
67170,1581917,14372.3488271045,13742.0122625919,17.11,0.68,-1.21
67171,1581917,14373.1823971788,13723.3108305363,18.71,1.6,0.920000000000002
67172,1581917,14372.0981791465,13694.1138439136,19.41,0.699999999999999,-0.900000000000002
67173,1581917,14369.4408186185,13673.474208863,20.81,1.4,0.699999999999999
67174,1581917,14366.6225607208,13651.5848890375,22.06,1.25,-0.149999999999999
67175,1581917,14363.6459593798,13628.4657207035,23.31,1.25,0
67176,1581917,14360.4944140733,13603.9877681302,24.69,1.38,0.130000000000003
67177,1581917,14355.2803684656,13578.4265909179,26.1,1.41,0.0299999999999976
67178,1581917,14346.9934019045,13546.318198895,26.78,0.68,-0.73
67179,1581917,14337.2130202031,13510.8582267397,26.66,-0.120000000000001,-0.800000000000001
67180,1581917,14332.4461183125,13484.7612623487,26.58,-0.0800000000000018,0.0399999999999991
67181,1581917,14328.2856398591,13447.7544393521,27.46,0.880000000000003,0.960000000000004
67182,1581917,14327.7838690054,13405.0828870811,26.78,-0.68,-1.56
67183,1581917,14329.6757239495,13369.2075714098,27.12,0.34,1.02
67184,1581917,14330.888581832,13342.1963862751,27.03,-0.0899999999999999,-0.43
67185,1581917,14332.1376996554,13314.6299544716,27.61,0.579999999999998,0.669999999999998
67186,1581917,14330.5258511543,13287.0452941529,27.53,-0.0799999999999983,-0.659999999999997
