"V1","V2","V3","V4","V5","acceleration","jerk"
64447,1582985,14344.4079593037,13286.5692246453,24.9,1.59,0
64448,1582985,14344.4413634555,13313.3699814064,26.49,1.59,0
64449,1582985,14344.053321216,13340.5327099324,27.19,0.700000000000003,-0.889999999999997
64450,1582985,14343.241619929,13367.8762931217,27.36,0.169999999999998,-0.530000000000005
64451,1582985,14342.400070382,13395.503478906,27.64,0.280000000000001,0.110000000000003
64452,1582985,14338.1597055627,13436.8992330143,27.46,-0.18,-0.460000000000001
64453,1582985,14340.7206606563,13464.1495368114,27.4,-0.0600000000000023,0.119999999999997
64454,1582985,14344.2545109043,13491.5211404363,27.62,0.220000000000002,0.280000000000005
64455,1582985,14350.2887503064,13518.131602794,27.3,-0.32,-0.540000000000003
64456,1582985,14358.0924221587,13544.7506528396,27.74,0.439999999999998,0.759999999999998
64457,1582985,14365.3616787891,13571.1476760301,27.39,-0.349999999999998,-0.789999999999996
64458,1582985,14371.5183737994,13598.0726265604,27.62,0.23,0.579999999999998
64459,1582985,14377.2702154097,13624.3095455505,26.86,-0.760000000000002,-0.990000000000002
64460,1582985,14379.9113526661,13646.7539703515,22.62,-4.24,-3.48
64461,1582985,14381.942067438,13665.5646746848,18.92,-3.7,0.539999999999999
64462,1582985,14383.5595553668,13680.5476194154,15.06,-3.86,-0.160000000000002
64463,1582985,14384.7724029842,13691.7823424052,11.3,-3.76,0.100000000000001
64464,1582985,14385.663255659,13700.0343955746,8.3,-3,0.76
64465,1582985,14386.0850690339,13703.9416930392,3.93,-4.37,-1.37
64466,1582985,14368.3339797741,13706.5751577863,5.81,1.88,6.25
64467,1582985,14360.9189897852,13707.0471995893,7.44,1.63,-0.249999999999999
64468,1582985,14345.3609516345,13708.1409819619,9.32,1.88,0.249999999999999
64469,1582985,14328.4700008226,13708.7370220999,10.5,1.18,-0.7
64470,1582985,14316.510002648,13708.7304143661,11.96,1.46,0.280000000000001
64471,1582985,14302.9978087787,13707.4126904895,13.58,1.62,0.159999999999998
64472,1582985,14276.992864779,13705.1637976462,13.79,0.209999999999999,-1.41
64473,1582985,14263.8660176902,13703.9813064161,13.18,-0.609999999999999,-0.819999999999999
64474,1582985,14250.2212676815,13702.7521615109,13.7,0.52,1.13
64475,1582985,14236.6362757019,13701.528399722,13.65,-0.0499999999999989,-0.569999999999999
64476,1582985,14223.579146314,13700.3521887944,13.1,-0.550000000000001,-0.500000000000002
64477,1582985,14209.4778460697,13702.4922474832,13.85,0.75,1.3
64478,1582985,14196.1077130603,13701.5980756248,13.4,-0.449999999999999,-1.2
64479,1582985,14182.3384716029,13700.6772120691,13.81,0.41,0.859999999999999
64480,1582985,14169.0282048608,13699.7870439653,13.33,-0.48,-0.890000000000001
64481,1582985,14155.5448779161,13700.1346025519,13.5,0.17,0.65
64482,1582985,14146.334330305,13700.5519905063,9.21,-4.29,-4.46
64483,1582985,14140.2305943068,13700.8285892483,6.11,-3.1,1.19
64484,1582985,14136.9739364747,13700.9761689371,3.26,-2.85,0.25
64485,1582985,14129.8140461977,13708.4771410606,5.36,2.1,4.95
64486,1582985,14132.2787050901,13714.620160641,6.62,1.26,-0.840000000000001
64487,1582985,14134.9107038905,13722.1112341499,7.94,1.32,0.0600000000000005
64488,1582985,14137.615612746,13731.798053451,10.06,2.12,0.8
64489,1582985,14140.3387962367,13743.2178551864,11.74,1.68,-0.44
64490,1582985,14143.5282147204,13756.5928359241,13.75,2.01,0.33
64491,1582985,14149.6767662437,13779.9083730849,15.42,1.67,-0.34
64492,1582985,14154.0685450987,13795.8235349907,16.51,1.09,-0.579999999999998
64493,1582985,14170.7883049252,13821.0512242302,18.32,1.81,0.719999999999997
64494,1582985,14185.9452197942,13830.3270439598,17.77,-0.550000000000001,-2.36
64495,1582985,14193.5937541212,13853.4884227477,16.38,-1.39,-0.84
64496,1582985,14208.9673491029,13882.0895210955,13.32,-3.06,-1.67
64497,1582985,14210.1879978965,13894.4964945659,12.29,-1.03,2.03
64498,1582985,14228.6743861844,13919.9433030441,13.45,1.16,2.19
64499,1582985,14238.2535829935,13926.1238360707,11.4,-2.05,-3.21
64500,1582985,14245.6432913656,13931.274841458,9.01,-2.39,-0.340000000000002
64501,1582985,14251.2334015815,13935.2854608335,6.88,-2.13,0.260000000000001
64502,1582985,14255.931261964,13938.4955408755,5.69,-1.19,0.94
64503,1582985,14259.3710223113,13940.8351239054,4.17,-1.52,-0.330000000000001
64504,1582985,14262.6206036009,13943.0453549888,3.92,-0.25,1.27
64505,1582985,14264.9706343335,13944.5841802933,2.81,-1.11,-0.86
64506,1582985,14268.6068381293,13946.7649191486,4.24,1.43,2.54
64507,1582985,14271.7799404984,13948.6679223949,3.71,-0.53,-1.96
64508,1582985,14274.5328212023,13950.3189062924,3.21,-0.5,0.0300000000000002
64509,1582985,14277.500100715,13952.0984714903,3.46,0.25,0.75
64510,1582985,14279.9279402357,13953.4471992472,2.78,-0.68,-0.93
64511,1582985,14283.1354470263,13954.9917057018,3.56,0.78,1.46
64512,1582985,14286.4781015749,13956.6012896756,3.72,0.16,-0.62
64513,1582985,14288.7215543582,13957.6815764935,2.49,-1.23,-1.39
64514,1582985,14291.1812435544,13958.8659873421,2.73,0.24,1.47
64515,1582985,14292.3074748713,13959.4083000017,1.25,-1.48,-1.72
64516,1582985,14293.7941002096,13960.1241527124,1.65,0.4,1.88
64517,1582985,14294.9873618803,13960.6607611178,1.31,-0.34,-0.74
64518,1582985,14296.7770516977,13961.2683056491,1.89,0.58,0.92
64519,1582985,14298.1974404417,13961.7504838486,1.5,-0.39,-0.97
64520,1582985,14299.4379132781,13962.1715861428,1.31,-0.19,0.2
64521,1582985,14300.3848391074,13962.4930382757,1,-0.31,-0.12
64522,1582985,14302.3639140906,13963.1648732337,2.09,1.09,1.4
64523,1582985,14304.1346653914,13963.7659887223,1.87,-0.22,-1.31
64524,1582985,14304.9679601212,13964.0488665994,0.87,-1,-0.78
64525,1582985,14306.4641029315,13964.5567609695,1.58,0.71,1.71
64526,1582985,14307.0417276874,13964.7528467706,0.61,-0.97,-1.68
64527,1582985,14308.5284012394,13965.2575266194,1.58,0.97,1.94
64528,1582985,14309.7404663009,13965.6689853496,1.28,-0.3,-1.27
64529,1582985,14310.9430621041,13966.0772295585,1.27,-0.01,0.29
64530,1582985,14312.7138134049,13966.6783450471,1.88,0.61,0.62
64531,1582985,14313.6702084925,13967.0030117014,1,-0.88,-1.49
64532,1582985,14314.815988746,13967.3919687823,1.21,0.21,1.09
64533,1582985,14315.7913223502,13967.7230644793,1.03,-0.18,-0.39
64534,1582985,14316.9465718619,13968.1152360815,1.22,0.19,0.37
64535,1582985,14317.7609280751,13968.3916849159,0.86,-0.36,-0.55
64536,1582985,14319.5089601358,13968.8139617146,1.8,0.94,1.3
64537,1582985,14321.3060939626,13969.208816129,1.84,0.04,-0.9
64538,1582985,14323.0348585677,13969.5886489081,1.77,-0.0700000000000001,-0.11
64539,1582985,14325.3984802312,13970.1079683009,2.42,0.65,0.72
64540,1582985,14329.3541280565,13970.9770772022,4.06,1.64,0.99
64541,1582985,14334.1106724785,13972.0221538316,4.86,0.800000000000001,-0.839999999999999
64542,1582985,14337.7928434171,13972.8311761915,3.77,-1.09,-1.89
64543,1582985,14339.8341530356,13973.2796793035,2.09,-1.68,-0.59
64544,1582985,14342.8036347531,13973.8216114258,3.01,0.92,2.6
64545,1582985,14344.4639438721,13974.0780751261,1.68,-1.33,-2.25
64546,1582985,14346.3713228004,13974.3727030676,1.94,0.26,1.59
64547,1582985,14348.5455371228,13974.7085483895,2.2,0.26,2.22044604925031e-16
64548,1582985,14350.2750257883,13974.9756980773,1.75,-0.45,-0.71
64549,1582985,14352.271349848,13975.2840651456,2.02,0.27,0.72
64550,1582985,14353.3979881787,13975.4580940851,1.14,-0.88,-1.15
64551,1582985,14354.5048609246,13975.6290698854,1.12,-0.0199999999999998,0.86
64552,1582985,14356.0465765351,13975.86721475,1.56,0.44,0.46
64553,1582985,14357.9144242939,13976.1557364129,1.89,0.33,-0.11
64554,1582985,14359.2189528873,13976.357243606,1.31,-0.58,-0.91
64555,1582985,14360.8693792139,13976.6121807367,1.67,0.36,0.94
64556,1582985,14362.1465712955,13976.6936230367,1.28,-0.39,-0.75
64557,1582985,14363.873463257,13976.7972770443,1.73,0.45,0.84
64558,1582985,14365.9297623556,13976.9207032035,2.06,0.33,-0.12
64559,1582985,14368.565019453,13977.0788804173,2.64,0.58,0.25
64560,1582985,14370.0323785185,13977.1669563659,1.47,-1.17,-1.75
64561,1582985,14372.8373302017,13977.3353192337,2.81,1.34,2.51
64562,1582985,14374.4045096118,13977.4293867434,1.57,-1.24,-2.58
64563,1582985,14376.6305032963,13977.5629985566,2.23,0.66,1.9
64564,1582985,14377.8682755693,13977.6372939146,1.24,-0.99,-1.65
64565,1582985,14380.1940895984,13977.7768972889,2.33,1.09,2.08
64566,1582985,14382.0607300423,13977.888939482,1.87,-0.46,-1.55
64567,1582985,14384.8257535876,13978.0549057253,2.77,0.9,1.36
64568,1582985,14386.702376066,13978.1675470745,1.88,-0.89,-1.79
64569,1582985,14388.4292680275,13978.2712010821,1.73,-0.15,0.74
64570,1582985,14390.1461779546,13978.3742559335,1.71,-0.02,0.13
64571,1582985,14391.8031956749,13978.4737158482,1.66,-0.05,-0.03
64572,1582985,14393.5600337398,13978.5791673241,1.77,0.11,0.16
64573,1582985,14394.8477161851,13978.6564584627,1.28,-0.49,-0.6
64574,1582985,14396.085488458,13978.7307538207,1.25,-0.03,0.46
64575,1582985,14398.2915180736,13978.8631673217,2.21,0.96,0.99
64576,1582985,14399.669038829,13978.9458508652,1.38,-0.83,-1.79
64577,1582985,14401.7453019966,13979.0704753367,2.08,0.7,1.53
64578,1582985,14403.3723736135,13979.1681377831,1.64,-0.44,-1.14
