"V1","V2","V3","V4","V5","acceleration","jerk"
30087,1585078,13493.4474078006,13284.2687145239,13.46,0.0299999999999994,0
30088,1585078,13502.7073402463,13294.0785948035,13.49,0.0299999999999994,0
30089,1585078,13511.8711725777,13303.7866675783,13.35,-0.140000000000001,-0.17
30090,1585078,13520.7810260355,13313.225677662,12.98,-0.369999999999999,-0.229999999999999
30091,1585078,13529.7046080811,13322.679231675,13,0.0199999999999996,0.389999999999999
30092,1585078,13538.957676233,13332.48183999,13.48,0.48,0.460000000000001
30093,1585078,13548.4715875523,13342.5607829607,13.86,0.379999999999999,-0.100000000000001
30094,1585078,13555.596724601,13350.1090822418,10.39,-3.47,-3.85
30095,1585078,13560.0036012728,13354.7776835313,6.42,-3.97,-0.500000000000002
30096,1585078,13561.6178863386,13358.0145767087,3.65,-2.77,1.2
30097,1585078,13569.219320012,13361.073771356,5.48,1.83,4.6
30098,1585078,13574.813548551,13357.0861019799,6.87,1.39,-0.440000000000001
30099,1585078,13582.2480909908,13351.7866228818,9.14,2.27,0.880000000000001
30100,1585078,13591.0832263108,13345.4887753228,10.85,1.71,-0.560000000000001
30101,1585078,13601.0665220734,13338.3724978045,12.26,1.41,-0.299999999999999
30102,1585078,13612.2875510789,13330.3739411811,13.78,1.52,0.109999999999999
30103,1585078,13622.9467143359,13322.7758928356,13.09,-0.69,-2.21
30104,1585078,13633.8583100307,13314.9979059885,13.4,0.31,1
30105,1585078,13645.1120943347,13307.0460301108,13.77,0.369999999999999,0.0599999999999987
30106,1585078,13656.1625881159,13299.4137639211,13.44,-0.33,-0.699999999999999
30107,1585078,13667.1883972498,13291.7985467251,13.4,-0.0399999999999991,0.290000000000001
30108,1585078,13678.1977499522,13284.1946955249,13.38,-0.0199999999999996,0.0199999999999996
30109,1585078,13689.2482437335,13276.5624293352,13.42,0.0399999999999991,0.0599999999999987
30151,1585078,14218.4623478644,13277.0716316169,13.68,0.00619047619047619,-0.000804988662131499
30152,1585078,14233.29978706,13279.570015209,13.83,0.15,0.143809523809524
30153,1585078,14246.620869376,13281.5674300209,13.47,-0.359999999999999,-0.51
30154,1585078,14260.337529489,13283.6241593039,13.87,0.399999999999999,0.759999999999998
30155,1585078,14273.9750740427,13285.6690256926,13.79,-0.0800000000000001,-0.479999999999999
30156,1585078,14286.9500257862,13287.6145403424,13.12,-0.67,-0.59
30157,1585078,14300.5084547804,13289.6475438369,13.71,0.590000000000002,1.26
30158,1585078,14313.4537381892,13291.5886099013,13.09,-0.620000000000001,-1.21
30159,1585078,14326.870564051,13293.9876685116,13.63,0.540000000000001,1.16
30160,1585078,14339.6926205864,13296.3062383735,13.03,-0.600000000000001,-1.14
30161,1585078,14352.6229216512,13298.6443817338,13.14,0.110000000000001,0.710000000000003
30162,1585078,14365.809073422,13301.0287897268,13.4,0.26,0.149999999999999
30163,1585078,14378.7098532515,13303.3615948603,13.1,-0.300000000000001,-0.56
30164,1585078,14391.5220693751,13305.6783853132,13.03,-0.0700000000000003,0.23
30165,1585078,14404.2260409692,13307.9756022676,12.9,-0.129999999999999,-0.0599999999999987
