"V1","V2","V3","V4","V5","acceleration","jerk"
37747,1588144,14187.62,14179.65,0,1.9,0
37748,1588144,14187.669649877,14177.750648824,1.9,1.9,0
37749,1588144,14187.7611101767,14174.2518440261,3.5,1.6,-0.3
37750,1588144,14187.9048335047,14168.7537222009,5.5,2,0.4
37751,1588144,14188.085663583,14161.8360852863,6.92,1.42,-0.58
37752,1588144,14187.9566207592,14153.178823483,8.66,1.74,0.32
37753,1588144,14188.1331763003,14133.3826782169,10.37,1.71,-0.0300000000000011
37754,1588144,14182.3555381695,14122.1690580082,11.72,1.35,-0.359999999999998
37755,1588144,14169.4490717452,14125.0769824293,13.23,1.51,0.159999999999998
37756,1588144,14156.8352689587,14127.9189675211,12.93,-0.300000000000001,-1.81
37757,1588144,14145.754150238,14129.9568815104,11.28,-1.65,-1.35
37758,1588144,14137.7497685,14131.1307524542,8.09,-3.19,-1.54
37759,1588144,14124.1563252384,14133.2308210404,7.53,-0.56,2.63
37760,1588144,14116.3597064201,14134.5046872039,7.9,0.37,0.93
37761,1588144,14109.0919169786,14135.7781605369,7.38,-0.52,-0.890000000000001
37762,1588144,14101.079153259,14137.4727748214,8.19,0.81,1.33
37763,1588144,14094.494794305,14138.8652966938,6.73,-1.46,-2.27
37764,1588144,14089.9552065566,14139.8253712091,4.64,-2.09,-0.630000000000002
37765,1588144,14085.5528567562,14136.9424660124,6.42,1.78,3.87
37766,1588144,14084.9158789472,14129.108319009,7.85,1.43,-0.350000000000001
37767,1588144,14084.1038538014,14119.1212766459,10.03,2.18,0.75
37768,1588144,14083.1678367919,14107.6092667363,11.55,1.52,-0.659999999999998
37769,1588144,14085.9105996173,14094.232279573,13.72,2.17,0.649999999999999
37770,1588144,14089.1149691717,14080.8711562759,13.74,0.0199999999999996,-2.15
37771,1588144,14089.2020291523,14067.2188634928,13.66,-0.0800000000000001,-0.0999999999999996
37772,1588144,14089.2243527345,14053.6588818682,13.57,-0.0899999999999999,-0.00999999999999979
37773,1588144,14089.245737936,14040.6688994713,12.98,-0.59,-0.5
37774,1588144,14089.2846210929,14020.9400277056,13.54,0.559999999999999,1.15
37775,1588144,14089.1598779065,14009.8010013447,11.13,-2.41,-2.97
37776,1588144,14089.0337705225,14001.3219390777,8.48,-2.65,-0.240000000000002
37777,1588144,14088.957035369,13996.1625096794,5.16,-3.32,-0.67
37778,1588144,14088.9265495038,13994.1127363719,2.05,-3.11,0.21
37779,1588144,14088.9142064461,13993.2828281548,0.84,-1.21,1.9
37780,1588144,14082.9728651707,13990.1254999178,3.03,2.19,3.4
37781,1588144,14078.1978453582,13990.3436415932,4.77,1.74,-0.45
37782,1588144,14071.8944196225,13990.6316068592,6.31,1.54,-0.2
37783,1588144,14064.3522858183,13990.9761611791,7.55,1.24,-0.3
37784,1588144,14056.959995732,13991.3138700489,7.4,-0.149999999999999,-1.39
37785,1588144,14050.2969450732,13991.6182643951,6.67,-0.73,-0.580000000000001
37786,1588144,14041.0647199668,13985.3372799707,6.02,-0.65,0.0800000000000001
37787,1588144,14038.5721115084,13983.1594547242,3.31,-2.71,-2.06
37788,1588144,14029.6176237588,13975.5532206525,5.16,1.85,4.56
37789,1588144,14028.1648448737,13968.4604755202,7.24,2.08,0.23
37790,1588144,14026.6550350462,13960.060476504,8.55,1.31,-0.77
37791,1588144,14026.3523051425,13949.6748877096,10.39,1.84,0.529999999999999
37792,1588144,14026.1910202854,13937.9425748442,11.74,1.35,-0.49
37793,1588144,14026.9386204734,13925.2946503521,12.67,0.93,-0.42
37794,1588144,14027.8852582767,13916.1295773741,9.23,-3.44,-4.37
37795,1588144,14028.9685460812,13910.2688532267,5.97,-3.26,0.179999999999999
37796,1588144,14029.4356685069,13907.7416617738,2.57,-3.4,-0.139999999999999
37797,1588144,14029.713760846,13906.2371470179,1.53,-1.04,2.36
37798,1588144,14029.8191814713,13905.6668080908,0.58,-0.95,0.0899999999999997
37799,1588144,14029.8718917839,13905.3816386272,0.29,-0.29,0.66
37800,1588144,14029.8755269779,13905.3619717677,0.02,-0.27,0.02
37801,1588144,14029.8755269779,13905.3619717677,0,-0.02,0.25
37802,1588144,14029.8755269779,13905.3619717677,0,0,0.02
37803,1588144,14029.8755269779,13905.3619717677,0,0,0
37804,1588144,14029.8755269779,13905.3619717677,0,0,0
37805,1588144,14029.8755269779,13905.3619717677,0,0,0
37806,1588144,14030.1590721079,13903.8279567224,1.56,1.56,1.56
37807,1588144,14030.875205321,13899.95358539,3.94,2.38,0.82
37808,1588144,14043.3860340327,13886.4647363886,5.43,1.49,-0.89
37809,1588144,14050.4140510322,13883.598540817,7.6,2.17,0.68
37810,1588144,14058.8124850487,13880.1734559903,9.06,1.46,-0.709999999999999
37811,1588144,14068.9888825635,13881.1470560181,10.24,1.18,-0.280000000000001
37812,1588144,14080.4235073255,13882.2737576436,11.48,1.24,0.0600000000000005
37813,1588144,14093.3508601156,13883.2878152886,12.98,1.5,0.26
37814,1588144,14105.9165528941,13883.7588263056,12.58,-0.4,-1.9
37815,1588144,14119.3061989069,13884.6609236686,13.42,0.84,1.24
37816,1588144,14132.3965234738,13885.5428549207,13.12,-0.300000000000001,-1.14
37817,1588144,14148.6990187621,13885.7845011349,13.58,0.460000000000001,0.760000000000002
37818,1588144,14165.0161837305,13885.051276919,14.75,1.17,0.709999999999999
37819,1588144,14179.6652851042,13878.4568264206,16.24,1.49,0.319999999999999
37820,1588144,14203.6873372112,13875.8016092829,16.06,-0.18,-1.67
37821,1588144,14208.4516162632,13890.0108420132,15,-1.06,-0.879999999999999
37822,1588144,14213.19454826,13901.9677690202,12.87,-2.13,-1.07
37823,1588144,14235.6823249026,13924.4648508899,13.73,0.860000000000001,2.99
37824,1588144,14246.6020602689,13931.962709316,13.26,-0.470000000000001,-1.33
37825,1588144,14257.254246713,13939.3953805024,12.98,-0.279999999999999,0.190000000000001
37826,1588144,14268.057977179,13946.4357510195,12.91,-0.0700000000000003,0.209999999999999
37827,1588144,14279.4684378584,13953.2259356821,13.27,0.359999999999999,0.43
37828,1588144,14291.2172829565,13958.8833413472,13.04,-0.23,-0.59
37829,1588144,14303.6422639602,13963.5988336132,13.31,0.270000000000001,0.500000000000002
37830,1588144,14315.9712382577,13967.7841403846,13.02,-0.290000000000001,-0.560000000000002
37831,1588144,14328.6020666181,13970.8118392135,13,-0.0199999999999996,0.270000000000001
37832,1588144,14341.7955899309,13973.665901322,13.5,0.5,0.52
37833,1588144,14355.2559531451,13975.7450891784,13.63,0.130000000000001,-0.369999999999999
37834,1588144,14368.6848038665,13977.0860702907,13.51,-0.120000000000001,-0.250000000000002
37835,1588144,14383.8415587355,13974.7052198711,13.3,-0.209999999999999,-0.0899999999999981
37836,1588144,14397.467057552,13975.5227050414,13.64,0.34,0.549999999999999
