"V1","V2","V3","V4","V5","acceleration","jerk"
26507,158851,13687.9648296267,14269.7367964326,9.74,-2.37,0
26508,158851,13685.1880326191,14259.623148234,7.37,-2.37,0
26509,158851,13683.8103982852,14254.9833504322,4.85,-2.52,-0.15
26510,158851,13682.6796083017,14249.9909995539,5.2,0.350000000000001,2.87
26511,158851,13684.2113582998,14245.0531212703,5.17,-0.0300000000000002,-0.380000000000001
26512,158851,13684.646884895,14243.6491210621,1.47,-3.7,-3.67
26513,158851,13685.0883370222,14242.2260188101,1.49,0.02,3.72
26514,158851,13685.1772200008,14241.9394881554,0.3,-1.19,-1.21
26515,158851,13682.5740601124,14225.8422327873,1.65,1.35,2.54
26516,158851,13681.7997044628,14224.4649988464,1.58,-0.0699999999999998,-1.42
26517,158851,13681.0204478281,14223.079048235,1.59,0.01,0.0799999999999998
26518,158851,13679.7069838148,14220.7429805378,2.67,1.08,1.07
26519,158851,13679.1384695404,14219.7318467584,1.16,-1.51,-2.59
26520,158851,13674.7860389879,14206.3846821808,3.16,2,3.51
26521,158851,13673.9440678725,14203.3700537392,3.13,-0.0300000000000002,-2.03
26522,158851,13672.5264359945,14198.2943055324,5.27,2.14,2.17
26523,158851,13670.958163917,14192.6791988825,5.83,0.56,-1.58
26524,158851,13668.7631210091,14184.8199758526,8.15,2.32,1.76
26525,158851,13666.2076176237,14175.6701451194,9.51,1.36,-0.960000000000001
26526,158851,13663.4907140244,14165.9424303398,10.1,0.59,-0.77
26527,158851,13660.4375599798,14155.0107904638,11.35,1.25,0.66
26528,158851,13657.6660287828,14143.7822103046,11.48,0.130000000000001,-1.12
26529,158851,13651.2344923381,14123.1080219833,11.82,0.34,0.209999999999999
26530,158851,13649.6053648854,14110.6810413919,12.54,0.719999999999999,0.379999999999999
26531,158851,13648.6327770392,14089.310309505,11.81,-0.729999999999999,-1.45
26532,158851,13648.4942087731,14076.5010589869,12.8,0.99,1.72
26533,158851,13648.3601837289,14064.1117838956,12.39,-0.41,-1.4
26534,158851,13648.2179376165,14050.9625532701,13.15,0.76,1.17
26535,158851,13645.8786871602,14038.7769378965,12.46,-0.69,-1.45
26536,158851,13642.7804927588,14025.9045336358,13.24,0.779999999999999,1.47
26537,158851,13639.6705982274,14012.9835175765,13.29,0.0499999999999989,-0.73
26538,158851,13636.6519647093,14000.4416735461,12.91,-0.379999999999999,-0.429999999999998
26539,158851,13637.4584411394,13982.3102516978,13.61,0.699999999999999,1.08
26540,158851,13641.294359813,13967.757306019,15.05,1.44,0.740000000000002
26541,158851,13645.1149857875,13953.2623787283,14.99,-0.0600000000000005,-1.5
26542,158851,13649.2338193932,13937.6360928699,16.16,1.17,1.23
26543,158851,13651.945724688,13927.3474987156,10.64,-5.52,-6.69
26544,158851,13654.6933129472,13916.9235283224,10.78,0.139999999999999,5.66
26545,158851,13637.1016329529,13910.6827595055,10.89,0.110000000000001,-0.0299999999999976
26546,158851,13625.7397155174,13912.7022723653,11.54,0.649999999999999,0.539999999999997
26547,158851,13606.90486426,13914.7471612356,12.95,1.41,0.760000000000002
26548,158851,13593.2657470046,13914.9023401397,13.64,0.690000000000001,-0.719999999999999
26549,158851,13580.3895890193,13915.3829063264,12.89,-0.75,-1.44
26550,158851,13566.7497979588,13916.2912013376,13.67,0.779999999999999,1.53
26551,158851,13553.7585704821,13917.1563074857,13.02,-0.65,-1.43
26552,158851,13540.33829325,13918.0499847279,13.45,0.43,1.08
26553,158851,13527.0676845372,13918.9336953093,13.29,-0.16,-0.59
26554,158851,13514.9245786699,13919.7423237136,12.17,-1.12,-0.959999999999999
26555,158851,13505.1524204767,13920.5330284944,9.81,-2.36,-1.24
26556,158851,13496.6103468172,13921.9573099255,8.66,-1.15,1.21
26557,158851,13488.4430985608,13923.3190940191,8.28,-0.380000000000001,0.77
26558,158851,13479.2748781467,13924.755456897,9.41,1.13,1.51
26559,158851,13461.7550089411,13927.1658766062,10.92,1.51,0.379999999999999
26560,158851,13451.1733510787,13928.6118769114,10.68,-0.24,-1.75
26561,158851,13440.0764814102,13930.1282817258,11.2,0.52,0.76
26562,158851,13430.4914334011,13932.0820810556,9.8,-1.4,-1.92
26563,158851,13424.0886976657,13933.764155698,6.61,-3.19,-1.79
26564,158851,13419.4172152485,13934.9914095534,4.83,-1.78,1.41
26565,158851,13416.0224112558,13935.8832648396,3.51,-1.32,0.46
26566,158851,13412.4051557195,13936.8335607856,3.74,0.23,1.55
26567,158851,13406.4956821027,13938.3860496171,6.11,2.37,2.14
