"V1","V2","V3","V4","V5","acceleration","jerk"
32312,1588693,14394.6923375955,13995.3962993294,13.85,-0.41,0
32313,1588693,14381.2892939588,13994.4003926407,13.44,-0.41,0
32314,1588693,14367.7718079865,13993.4622705858,13.55,0.110000000000001,0.520000000000001
32315,1588693,14354.1966413487,13992.3726641349,13.62,0.0699999999999985,-0.0400000000000027
32316,1588693,14330.0000117843,13989.5899609018,13.75,0.130000000000001,0.0600000000000023
32317,1588693,14316.3309511468,13987.9287865796,13.77,0.0199999999999996,-0.110000000000001
32318,1588693,14303.3381405981,13985.8618396185,13.15,-0.619999999999999,-0.639999999999999
32319,1588693,14290.7268612769,13983.2522438695,12.88,-0.27,0.35
32320,1588693,14277.9911212868,13980.0485395891,13.19,0.309999999999999,0.579999999999998
32321,1588693,14265.6670300293,13975.160690223,13.27,0.0800000000000001,-0.229999999999999
32322,1588693,14252.8083784593,13970.8561949213,13.55,0.280000000000001,0.200000000000001
32323,1588693,14239.7600712614,13966.4882114884,13.77,0.219999999999999,-0.0600000000000023
32324,1588693,14222.1328950296,13960.6734227587,13.23,-0.539999999999999,-0.759999999999998
32325,1588693,14209.6878143171,13956.6153362564,13.1,-0.130000000000001,0.409999999999998
32326,1588693,14194.9237832425,13951.3559120406,13.11,0.00999999999999979,0.140000000000001
32327,1588693,14182.0948397585,13948.8118462201,13.11,0,-0.00999999999999979
32328,1588693,14168.8262383414,13947.339872731,13.35,0.24,0.24
32329,1588693,14155.3298871368,13945.8349128769,13.59,0.24,0
32330,1588693,14142.3006408708,13944.3820392623,13.1,-0.49,-0.73
32331,1588693,14128.8856034524,13941.9591904327,13.65,0.550000000000001,1.04
32332,1588693,14116.3289969725,13939.0114795779,12.9,-0.75,-1.3
32333,1588693,14103.8633607466,13935.4941822884,12.97,0.0700000000000003,0.82
32334,1588693,14091.935672458,13929.1896730794,13.55,0.58,0.51
32335,1588693,14081.4702984846,13921.6173883448,12.91,-0.640000000000001,-1.22
32336,1588693,14069.7429546223,13914.4531708128,13.8,0.890000000000001,1.53
32337,1588693,14057.8198312149,13908.538357676,13.31,-0.49,-1.38
32338,1588693,14046.1007687306,13902.9289938643,13,-0.31,0.18
32339,1588693,14022.7003992945,13890.0124255954,13.24,0.24,0.550000000000001
32340,1588693,14009.6083707981,13889.0481196682,13.24,0,-0.24
32341,1588693,13996.9172428039,13885.5290046896,13.17,-0.0700000000000003,-0.0700000000000003
32342,1588693,13984.3564283138,13882.3223626043,12.99,-0.18,-0.109999999999999
32343,1588693,13971.0550353265,13880.8008609571,13.41,0.42,0.6
32344,1588693,13957.5109957362,13882.4983566352,13.65,0.24,-0.18
32345,1588693,13934.9532148197,13882.2790273359,13.05,-0.6,-0.84
32346,1588693,13922.1008994149,13881.4263095141,12.91,-0.140000000000001,0.459999999999999
32347,1588693,13908.4340878987,13879.0608998286,13.87,0.959999999999999,1.1
32348,1588693,13888.8633748881,13877.2917903916,13.86,-0.00999999999999979,-0.969999999999999
32349,1588693,13875.6290811748,13875.8333636795,13.34,-0.52,-0.51
32350,1588693,13862.0942781413,13874.1871624878,13.64,0.300000000000001,0.82
32351,1588693,13848.3984459803,13872.7599089008,13.78,0.139999999999999,-0.160000000000002
32352,1588693,13835.3798999374,13871.39405425,13.09,-0.69,-0.829999999999998
32353,1588693,13821.7041352606,13871.1237511051,13.67,0.58,1.27
32354,1588693,13809.94971849,13871.0945471498,11.76,-1.91,-2.49
32355,1588693,13800.1487095211,13871.7049758443,9.82,-1.94,-0.0299999999999994
32356,1588693,13791.9645676122,13872.2147024527,8.2,-1.62,0.319999999999999
32357,1588693,13783.421487157,13873.2314238376,8.61,0.41,2.03
32358,1588693,13777.940299274,13874.0365197272,5.54,-3.07,-3.48
32359,1588693,13773.2803001894,13874.7209965575,4.71,-0.83,2.24
32360,1588693,13766.5545121112,13875.8456469362,6.82,2.11,2.94
32361,1588693,13759.6125438534,13883.4276080195,8.73,1.91,-0.2
32362,1588693,13764.6821349815,13892.0357057068,10,1.27,-0.640000000000001
32363,1588693,13770.8377045894,13902.487780276,12.12,2.12,0.85
32364,1588693,13777.2970414728,13914.094438739,13.29,1.17,-0.949999999999999
32365,1588693,13783.1436814423,13925.7614563985,13.05,-0.239999999999998,-1.41
32366,1588693,13789.3263352031,13938.0989923143,13.8,0.75,0.989999999999998
32367,1588693,13794.1798533344,13949.7847625347,12.71,-1.09,-1.84
32368,1588693,13797.4420081105,13961.6442880824,12.3,-0.41,0.68
32369,1588693,13802.287290662,13982.9351587189,11.5,-0.800000000000001,-0.390000000000001
32370,1588693,13803.4458437496,13994.5475079534,11.67,0.17,0.970000000000001
32371,1588693,13804.7880577808,14008.0007180348,13.52,1.85,1.68
32372,1588693,13806.1263007646,14021.4141257195,13.49,-0.0299999999999994,-1.88
32373,1588693,13807.4307898453,14034.4892130323,13.13,-0.359999999999999,-0.33
32374,1588693,13808.7082412066,14047.7867150698,13.36,0.229999999999999,0.589999999999998
32375,1588693,13809.1949996993,14058.9461042184,11.17,-2.19,-2.42
32376,1588693,13809.5231368032,14066.4689511557,7.53,-3.64,-1.45
32377,1588693,13809.8032300154,14072.0199809223,5.56,-1.97,1.67
32378,1588693,13810.5069374057,14076.6467720251,4.68,-0.88,1.09
32379,1588693,13811.5489656568,14083.4979819273,6.94,2.26,3.14
32380,1588693,13811.9967523506,14103.1848842158,9.09,2.15,-0.110000000000001
32381,1588693,13811.6608971213,14114.3761492462,11.2,2.11,-0.04
32382,1588693,13812.387124482,14126.7348301556,12.37,1.17,-0.94
32383,1588693,13813.1544147791,14139.7923056237,13.08,0.710000000000001,-0.459999999999999
32384,1588693,13815.0386862947,14153.4832548002,13.83,0.75,0.0399999999999991
32385,1588693,13817.513117739,14166.4851247852,13.24,-0.59,-1.34
32386,1588693,13820.2113839205,14179.2528072547,13.05,-0.19,0.4
32387,1588693,13822.1261754126,14189.7190947313,10.65,-2.4,-2.21
32388,1588693,13822.3911206512,14196.4136412579,6.69,-3.96,-1.56
32389,1588693,13822.5608027034,14200.7503229388,4.35,-2.34,1.62
32390,1588693,13813.5179321735,14207.5363814861,5.67,1.32,3.66
32391,1588693,13806.3753652367,14209.4712555267,7.4,1.73,0.41
32392,1588693,13797.8332412649,14211.7852602913,8.85,1.45,-0.280000000000001
32393,1588693,13787.8631551491,14214.7657008069,10.4,1.55,0.100000000000001
32394,1588693,13775.9780387254,14218.7019944439,12.52,2.12,0.569999999999999
32395,1588693,13762.9158021448,14223.0281446392,13.76,1.24,-0.879999999999999
32396,1588693,13750.1668314125,14227.2505426859,13.44,-0.32,-1.56
32397,1588693,13726.0292754621,14238.1742806858,13.5,0.0600000000000005,0.380000000000001
32398,1588693,13718.0234394748,14244.4460818741,10.17,-3.33,-3.39
32399,1588693,13712.4972872005,14248.775289774,7.02,-3.15,0.18
32400,1588693,13710.0963236055,14250.6562134342,3.06,-3.96,-0.809999999999999
32401,1588693,13706.0324726678,14259.4676164492,5.31,2.25,6.21
32402,1588693,13707.8494511352,14266.5378773531,7.3,1.99,-0.259999999999999
