"V1","V2","V3","V4","V5","acceleration","jerk"
24582,1589845,14349.7366080563,14259.7210940321,18.71,0.649999999999999,0
24583,1589845,14351.1022615946,14240.4093206694,19.36,0.649999999999999,0
24584,1589845,14352.6416147836,14221.9461812698,18.53,-0.829999999999998,-1.48
24585,1589845,14354.6392553721,14203.3833600381,18.68,0.149999999999999,0.979999999999997
24586,1589845,14356.7053742668,14184.184212851,19.31,0.629999999999999,0.48
24587,1589845,14358.7404639291,14165.2734008624,19.02,-0.289999999999999,-0.919999999999998
24588,1589845,14360.6407379904,14146.5998958571,18.77,-0.25,0.0399999999999991
24589,1589845,14362.5581522003,14127.566230347,19.13,0.359999999999999,0.609999999999999
24590,1589845,14364.481580255,14108.4728669839,19.19,0.0600000000000023,-0.299999999999997
24591,1589845,14366.361909088,14089.8073382349,18.76,-0.43,-0.490000000000002
24592,1589845,14368.2793232978,14070.7736727248,19.14,0.379999999999999,0.809999999999999
24593,1589845,14369.9480569808,14051.5795423023,19.27,0.129999999999999,-0.25
24594,1589845,14371.0850200086,14032.7838987891,18.83,-0.440000000000001,-0.57
24595,1589845,14372.205680327,14014.2577626444,18.55,-0.279999999999998,0.160000000000004
24596,1589845,14372.5538830639,13992.2427279183,18.79,0.239999999999998,0.519999999999996
24597,1589845,14372.0802629867,13971.7481997699,20.49,1.7,1.46
24598,1589845,14371.5706015767,13949.6940880162,22.07,1.58,-0.119999999999997
24599,1589845,14371.1196228495,13930.1792982866,19.52,-2.55,-4.13
24600,1589845,14370.7555129755,13914.4235049394,15.76,-3.76,-1.21
24601,1589845,14370.4720340317,13902.1567800429,12.27,-3.49,0.27
24602,1589845,14373.5488786486,13892.42936061,9.65,-2.62,0.870000000000001
24603,1589845,14373.2977239924,13881.5622624997,10.87,1.22,3.84
24604,1589845,14377.044872104,13858.12074326,12.14,1.27,0.0500000000000025
24605,1589845,14376.3894518242,13828.1015467586,13.26,1.12,-0.150000000000002
24606,1589845,14375.9317836658,13813.558746483,14.55,1.29,0.170000000000002
24607,1589845,14375.1109866605,13785.1536507099,15.68,1.13,-0.160000000000002
24608,1589845,14374.7006226156,13767.7884987857,17.37,1.69,0.560000000000002
24609,1589845,14375.3413955484,13748.8351752259,18.97,1.6,-0.0900000000000034
24610,1589845,14376.24729638,13728.505348771,20.35,1.38,-0.219999999999995
24611,1589845,14375.7837388147,13696.9171668322,21.44,1.09,-0.290000000000003
24612,1589845,14372.8208298506,13673.88697859,23.22,1.78,0.689999999999998
24613,1589845,14369.7188351514,13649.7757005466,24.31,1.09,-0.689999999999998
24614,1589845,14366.4943429239,13624.7122700177,25.27,0.960000000000001,-0.129999999999999
24615,1589845,14362.9444829807,13598.1538314027,26.8,1.53,0.57
24616,1589845,14355.5153242562,13564.7129019669,27.42,0.620000000000001,-0.91
24617,1589845,14348.1989283256,13538.5368737048,27.18,-0.240000000000002,-0.860000000000003
24618,1589845,14338.3957508852,13502.263479128,27.49,0.309999999999999,0.550000000000001
24619,1589845,14334.4031163417,13474.9039194312,27.66,0.170000000000002,-0.139999999999997
24620,1589845,14330.8494365712,13438.8449415375,27.01,-0.649999999999999,-0.82
24621,1589845,14332.2828379727,13387.3842749602,27.19,0.18,0.829999999999998
24622,1589845,14333.3360446391,13359.9444798495,27.45,0.259999999999998,0.0799999999999983
24623,1589845,14334.799777144,13332.5855544321,27.4,-0.0500000000000007,-0.309999999999999
24624,1589845,14335.0319343954,13305.1048877356,27.05,-0.349999999999998,-0.299999999999997
24625,1589845,14333.1985785381,13277.4155506241,27.75,0.699999999999999,1.05
