"V1","V2","V3","V4","V5","acceleration","jerk"
73640,1590602,13645.5,13909.19,0,1.82,0
73641,1590602,13643.7080858117,13909.5085020281,1.82,1.82,0
73642,1590602,13639.7107387764,13910.2190065525,4.05,2.23,0.409999999999999
73643,1590602,13634.1971566587,13911.1990127929,5.61,1.56,-0.669999999999999
73644,1590602,13627.1968765057,13912.443270716,7.11,1.5,-0.0600000000000005
73645,1590602,13612.4914856332,13914.6052544654,8.84,1.73,0.23
73646,1590602,13601.4152195583,13914.8096196068,11.08,2.24,0.510000000000001
73647,1590602,13588.746039527,13914.9537630611,12.67,1.59,-0.65
73648,1590602,13575.2010803496,13915.7284172304,13.57,0.9,-0.69
73649,1590602,13562.3395655896,13916.584885606,12.89,-0.68,-1.58
73650,1590602,13548.8089483994,13914.1776195144,13.36,0.469999999999999,1.15
73651,1590602,13535.7377681293,13915.0460930879,13.09,-0.27,-0.739999999999998
73652,1590602,13522.2874238515,13915.9397590247,13.49,0.4,0.67
73653,1590602,13508.6474975697,13916.8460211431,13.66,0.17,-0.23
73654,1590602,13494.9890416591,13918.8901597235,13.82,0.16,-0.00999999999999979
73655,1590602,13482.3204761455,13920.9968838826,12.63,-1.19,-1.35
73656,1590602,13471.4785227857,13918.4923956881,8.27,-4.36,-3.17
73657,1590602,13471.0154981967,13912.5604391618,5.94,-2.33,2.03
73658,1590602,13476.6955447975,13904.3219862118,7.46,1.52,3.85
73659,1590602,13485.617346259,13902.8649142573,9.04,1.58,0.0599999999999996
73660,1590602,13496.355089611,13901.1112701351,10.88,1.84,0.260000000000002
73661,1590602,13509.046944345,13899.0384885716,12.87,1.99,0.149999999999997
73662,1590602,13522.3129545075,13894.5666243328,13.86,0.99,-0.999999999999998
73663,1590602,13536.0930885384,13893.3932505255,13.82,-0.0399999999999991,-1.03
73664,1590602,13549.5381700779,13892.4497189162,13.48,-0.34,-0.300000000000001
73665,1590602,13563.2190492627,13892.0634782844,13.69,0.209999999999999,0.549999999999999
73666,1590602,13576.698860934,13891.992223061,13.48,-0.209999999999999,-0.419999999999998
73667,1590602,13590.2598790009,13891.9091874535,13.31,-0.17,0.0399999999999991
73668,1590602,13596.6147887334,13876.2826611858,13.66,0.35,0.52
73669,1590602,13598.4959522158,13863.0557826826,13.36,-0.300000000000001,-0.65
73670,1590602,13602.1717307722,13850.4554337463,13.15,-0.209999999999999,0.0900000000000016
73671,1590602,13605.9941350094,13837.9673225552,13.11,-0.0400000000000009,0.169999999999998
73672,1590602,13608.3029507526,13825.1301400112,13.05,-0.0599999999999987,-0.0199999999999978
73673,1590602,13609.3277167648,13811.420660893,13.77,0.719999999999999,0.779999999999998
73674,1590602,13609.3915846415,13798.1208142437,13.3,-0.469999999999999,-1.19
73675,1590602,13609.4551163716,13784.8909667874,13.23,-0.0700000000000003,0.399999999999999
73676,1590602,13609.5197045627,13771.4411218676,13.45,0.219999999999999,0.289999999999999
73677,1590602,13600.9732197981,13760.1871390819,13.82,0.370000000000001,0.150000000000002
73678,1590602,13587.5911449996,13760.6477626676,13.39,-0.43,-0.800000000000001
73679,1590602,13574.3089594989,13761.1034417689,13.29,-0.100000000000001,0.329999999999998
73680,1590602,13560.8957566486,13761.5287147009,13.41,0.120000000000001,0.220000000000002
73681,1590602,13547.0771278099,13762.0893378577,13.83,0.42,0.299999999999999
73682,1590602,13533.4491629148,13762.0981486569,13.64,-0.19,-0.609999999999999
73683,1590602,13520.6060786126,13761.6922162898,12.85,-0.790000000000001,-0.600000000000001
73684,1590602,13507.0403350735,13761.3523600996,13.57,0.720000000000001,1.51
73685,1590602,13493.434604081,13761.0115021226,13.62,0.0499999999999989,-0.670000000000002
73686,1590602,13479.6789201386,13760.6668874449,13.76,0.140000000000001,0.0900000000000016
73687,1590602,13466.1731626309,13760.3283411466,13.5,-0.26,-0.4
73688,1590602,13452.5475150623,13759.9839165048,13.64,0.140000000000001,0.4
73689,1590602,13439.6260178893,13759.5785737627,12.93,-0.710000000000001,-0.850000000000001
73690,1590602,13416.723297437,13756.5336759046,13.16,0.23,0.940000000000001
