"V1","V2","V3","V4","V5","acceleration","jerk"
64988,"1590570#1",14202.26,13862.8,0,1.62,0
64989,"1590570#1",14202.8948165455,13864.290438846,1.62,1.62,0
64990,"1590570#1",14207.3452445528,13876.5418029314,3.33,1.71,0.0899999999999999
64991,"1590570#1",14208.8831568252,13881.8015772462,5.48,2.15,0.44
64992,"1590570#1",14211.5220711805,13888.8295606144,7.51,2.03,-0.120000000000001
64993,"1590570#1",14214.9065580782,13897.5669600238,9.37,1.86,-0.17
64994,"1590570#1",14232.4961921648,13918.4779020355,11.59,2.22,0.360000000000001
64995,"1590570#1",14243.8791517634,13925.952895046,13.61,2.02,-0.200000000000001
64996,"1590570#1",14254.6775566093,13933.6478894293,13.26,-0.35,-2.37
64997,"1590570#1",14265.7696429297,13941.2018301929,13.42,0.16,0.51
64998,"1590570#1",14275.555346667,13947.0875623242,11.42,-2,-2.16
64999,"1590570#1",14283.7941822167,13951.6563247068,9.43,-1.99,0.00999999999999979
65000,"1590570#1",14289.518332523,13954.4052523652,6.35,-3.08,-1.09
65001,"1590570#1",14293.5928458119,13956.3619693756,4.52,-1.83,1.25
65002,"1590570#1",14297.2706724035,13957.9697319714,4.02,-0.5,1.33
65003,"1590570#1",14299.2027690689,13958.6244093539,2.04,-1.98,-1.48
65004,"1590570#1",14301.2864027278,13959.3304339822,2.2,0.16,2.14
65005,"1590570#1",14304.3266136573,13960.3605880988,3.21,1.01,0.85
65006,"1590570#1",14306.3250077574,13961.0377299013,2.1,-1.11,-2.12
65007,"1590570#1",14308.702244341,13961.843239818,2.51,0.41,1.52
65008,"1590570#1",14310.359680206,13962.4048503177,1.75,-0.76,-1.17
65009,"1590570#1",14312.8505695345,13963.2488706687,2.63,0.88,1.64
65010,"1590570#1",14314.0533944194,13963.6564394314,1.27,-1.36,-2.24
65011,"1590570#1",14315.4740537323,13964.1378198597,1.5,0.23,1.59
65012,"1590570#1",14316.4874573754,13964.4812045652,1.07,-0.43,-0.66
65013,"1590570#1",14317.9744141229,13964.9850494135,1.57,0.5,0.93
65014,"1590570#1",14320.5655961786,13965.6919081185,2.69,1.12,0.62
65015,"1590570#1",14321.8453241523,13965.9719015349,1.31,-1.38,-2.5
65016,"1590570#1",14323.4278885168,13966.3181529353,1.62,0.31,1.69
65017,"1590570#1",14325.9091931377,13966.8610409335,2.54,0.92,0.61
65018,"1590570#1",14327.2866102697,13967.1624078931,1.41,-1.13,-2.05
65019,"1590570#1",14328.9668637925,13967.5300328368,1.73,0.32,1.45
65020,"1590570#1",14330.4224322511,13967.848498631,1.49,-0.24,-0.56
65021,"1590570#1",14332.2589884272,13968.2503212439,1.88,0.39,0.63
65022,"1590570#1",14334.857520038,13968.818857494,2.66,0.78,0.39
65023,"1590570#1",14336.752689709,13969.2335042328,1.94,-0.72,-1.5
65024,"1590570#1",14338.9604646866,13969.7165463099,2.26,0.32,1.04
65025,"1590570#1",14340.2304237445,13969.994402372,1.3,-0.96,-1.28
65026,"1590570#1",14342.9496237895,13970.5155055504,2.77,1.47,2.43
65027,"1590570#1",14344.3827289399,13970.7362081284,1.44,-1.33,-2.8
65028,"1590570#1",14346.3693091828,13971.0421475641,2.01,0.57,1.9
65029,"1590570#1",14349.0477332915,13971.4546330719,2.71,0.7,0.13
65030,"1590570#1",14350.4610714743,13971.6722914764,1.44,-1.27,-1.97
65031,"1590570#1",14353.2383304209,13972.0999978517,2.81,1.37,2.64
65032,"1590570#1",14356.8260350388,13972.65251534,3.63,0.82,-0.55
65033,"1590570#1",14359.5538765664,13973.0726112815,2.76,-0.87,-1.69
65034,"1590570#1",14362.7395041583,13973.439165915,3.22,0.46,1.33
65035,"1590570#1",14366.3729705094,13973.6571619605,3.63,0.41,-0.0500000000000007
65036,"1590570#1",14368.6089498023,13973.791313373,2.24,-1.39,-1.8
65037,"1590570#1",14370.7051803894,13973.9170803223,2.1,-0.14,1.25
65038,"1590570#1",14372.7515007245,13974.0398528204,2.05,-0.0500000000000003,0.0899999999999999
65039,"1590570#1",14374.7878390092,13974.1620264283,2.04,-0.00999999999999979,0.0400000000000005
65040,"1590570#1",14377.912220789,13974.3494790717,3.13,1.09,1.1
65041,"1590570#1",14378.9803001834,13974.4135603268,1.07,-2.06,-3.15
65042,"1590570#1",14380.8968538631,13974.5285472519,1.92,0.85,2.91
65043,"1590570#1",14382.4839998791,13974.6237707992,1.58,-0.34,-1.19
65044,"1590570#1",14384.1909305001,13974.7261810293,1.72,0.14,0.48
65045,"1590570#1",14385.318902197,13974.7938556258,1.13,-0.59,-0.73
65046,"1590570#1",14387.604791742,13974.9310014896,2.29,1.16,1.75
65047,"1590570#1",14389.8008428333,13975.0627573412,2.21,-0.0800000000000001,-1.24
65048,"1590570#1",14391.0785452864,13975.1394152912,1.28,-0.93,-0.85
65049,"1590570#1",14392.176570832,13975.2052932171,1.09,-0.19,0.74
65050,"1590570#1",14394.4424962762,13975.3412413003,2.27,1.18,1.37
65051,"1590570#1",14396.0695704939,13975.4388604086,1.63,-0.64,-1.82
65052,"1590570#1",14397.996106224,13975.5544462239,1.93,0.3,0.94
65053,"1590570#1",14400.0723727103,13975.6790153927,2.08,0.15,-0.15
65054,"1590570#1",14402.0188725412,13975.7957989884,1.95,-0.13,-0.28
65055,"1590570#1",14403.7158211117,13975.8976103283,1.7,-0.25,-0.12
65306,"1590570#1",14400.3666030545,13995.8191604186,13.13,0.0455378486055777,0.00117744162791067
65307,"1590570#1",14386.6047641557,13994.7935922233,13.8,0.67,0.624462151394422
65308,"1590570#1",14373.7274826178,13993.8755981628,12.91,-0.890000000000001,-1.56
65309,"1590570#1",14360.2997806852,13992.9437071769,13.46,0.550000000000001,1.44
65310,"1590570#1",14337.502458941,13993.9779430624,12.95,-0.510000000000002,-1.06
65311,"1590570#1",14327.3872121581,13995.2765661779,10.21,-2.74,-2.23
65312,"1590570#1",14318.6756345331,13994.8934013529,8.72,-1.49,1.25
65313,"1590570#1",14311.7925589665,13994.0435263511,6.95,-1.77,-0.28
65314,"1590570#1",14305.4425593792,13992.9121531852,6.45,-0.5,1.27
65315,"1590570#1",14298.5307538773,13991.2962763209,7.11,0.66,1.16
65316,"1590570#1",14290.0075583619,13988.734023756,8.91,1.8,1.14
65317,"1590570#1",14279.6743808775,13985.627652388,10.79,1.88,0.0799999999999992
65318,"1590570#1",14268.8804990691,13985.102929723,10.89,0.100000000000001,-1.78
65319,"1590570#1",14256.1285278958,13986.655238233,13.01,2.12,2.02
65320,"1590570#1",14245.7484958834,13993.6616559741,12.81,-0.199999999999999,-2.32
65321,"1590570#1",14244.4360800468,14006.4551848663,13.1,0.289999999999999,0.489999999999998
65322,"1590570#1",14247.2411872111,14018.914128514,12.86,-0.24,-0.529999999999999
65323,"1590570#1",14256.2656714404,14027.5486403031,12.86,0,0.24
65324,"1590570#1",14269.8107551544,14029.1582547294,13.78,0.92,0.92
65325,"1590570#1",14296.9983725108,14024.8228029851,13.32,-0.459999999999999,-1.38
65326,"1590570#1",14307.3248598586,14017.0281626398,13.03,-0.290000000000001,0.169999999999998
65327,"1590570#1",14311.8729926831,14002.1412065832,12.96,-0.0699999999999985,0.220000000000002
65328,"1590570#1",14312.1045051846,13989.3833069927,12.76,-0.200000000000001,-0.130000000000003
65329,"1590570#1",14312.3523469377,13975.7255555502,13.66,0.9,1.1
65330,"1590570#1",14312.5909354483,13962.5777201571,13.15,-0.51,-1.41
65331,"1590570#1",14312.8253509278,13949.659846904,12.92,-0.23,0.279999999999999
65332,"1590570#1",14313.0599478435,13936.731975297,12.93,0.00999999999999979,0.24
65333,"1590570#1",14313.2954519399,13923.7541119205,12.98,0.0500000000000007,0.0400000000000009
65334,"1590570#1",14313.5210029619,13910.0761495304,13.68,0.699999999999999,0.649999999999999
65335,"1590570#1",14313.5315644972,13896.3461535926,13.73,0.0500000000000007,-0.649999999999999
65336,"1590570#1",14313.5415952635,13883.3061574506,13.04,-0.690000000000001,-0.740000000000002
65337,"1590570#1",14313.5502491071,13872.056160779,11.25,-1.79,-1.1
65338,"1590570#1",14313.5565260283,13863.8961631932,8.16,-3.09,-1.3
65339,"1590570#1",14313.5599106427,13859.4961644949,4.41,-3.75,-0.66
65340,"1590570#1",14314.4715028588,13854.8185929449,3.71,-0.7,3.05
65341,"1590570#1",14322.5536214093,13834.1706682149,2.34,-1.37,-0.67
65342,"1590570#1",14334.3281297652,13834.1295246442,3.95,1.61,2.98
65343,"1590570#1",14339.4727633425,13832.8146690037,5.31,1.36,-0.250000000000001
65344,"1590570#1",14346.1263325219,13830.656923315,7,1.69,0.330000000000001
65345,"1590570#1",14354.3511056051,13827.186120218,8.57,1.57,-0.12
65346,"1590570#1",14361.3597670137,13820.9782265116,9.43,0.859999999999999,-0.710000000000001
65347,"1590570#1",14365.1990120294,13815.3895590241,6.8,-2.63,-3.49
65348,"1590570#1",14367.2524980519,13812.2637319087,3.74,-3.06,-0.43
65349,"1590570#1",14367.8564645291,13811.3443709924,1.09,-2.65,0.409999999999999
65350,"1590570#1",14368.3012034805,13810.6673870449,0.81,-0.28,2.37
65351,"1590570#1",14368.421996776,13810.4835148617,0.21,-0.6,-0.32
65352,"1590570#1",14372.0895809429,13796.6204834124,1.82,1.61,2.21
65353,"1590570#1",14371.9943928675,13792.6416218629,3.98,2.16,0.55
65354,"1590570#1",14371.8422832798,13786.2834410953,6.36,2.38,0.22
65355,"1590570#1",14371.6533421252,13778.3857008336,7.9,1.54,-0.84
65356,"1590570#1",14371.4110669485,13768.2585984475,10.13,2.23,0.69
65357,"1590570#1",14371.7285476635,13755.9284457401,12.34,2.21,-0.0200000000000014
65358,"1590570#1",14372.3345780434,13742.3319451911,13.62,1.28,-0.93
65359,"1590570#1",14373.0198688256,13726.9572101839,15.39,1.77,0.490000000000002
65360,"1590570#1",14372.8924502894,13700.2829227226,16.84,1.45,-0.320000000000002
65361,"1590570#1",14370.551776648,13682.1029846891,18.32,1.48,0.0300000000000011
65362,"1590570#1",14368.0476517103,13662.6535256144,19.62,1.3,-0.18
65363,"1590570#1",14365.327719983,13641.5279020402,21.3,1.68,0.379999999999999
65364,"1590570#1",14362.4136898414,13618.8947222297,22.82,1.52,-0.16
65365,"1590570#1",14358.9311477856,13595.203977793,23.96,1.14,-0.379999999999999
65366,"1590570#1",14352.0214965188,13564.4326859234,25.15,1.19,0.0499999999999972
65367,"1590570#1",14344.9950356402,13539.3178465986,26.08,0.93,-0.259999999999998
65368,"1590570#1",14335.3255070844,13503.5892932398,26.9,0.82,-0.109999999999999
65369,"1590570#1",14331.8006630235,13480.1259859309,23.75,-3.15,-3.97
65370,"1590570#1",14328.3462255975,13448.471885774,22.06,-1.69,1.46
65371,"1590570#1",14327.2332215587,13411.7401528404,20.82,-1.24,0.450000000000003
65372,"1590570#1",14329.1608929733,13382.6176925527,20.38,-0.440000000000001,0.799999999999997
65373,"1590570#1",14329.9312212895,13362.552474032,20.08,-0.300000000000001,0.140000000000001
65374,"1590570#1",14334.1771464631,13342.475975608,20.24,0.16,0.460000000000001
65375,"1590570#1",14335.2843216977,13321.2879055936,21.22,0.98,0.82
65376,"1590570#1",14334.5958172068,13298.5493784649,22.31,1.09,0.109999999999999
65377,"1590570#1",14333.0671567681,13275.1593750285,23.43,1.12,0.0300000000000011
