"V1","V2","V3","V4","V5","acceleration","jerk"
69208,1591947,14395.8062948969,13322.8454875688,12.95,0.430000000000001,0
69209,1591947,14382.6091235578,13320.6411580457,13.38,0.430000000000001,0
69210,1591947,14369.5007224295,13318.4516558512,13.29,-0.0900000000000016,-0.520000000000003
69211,1591947,14356.7474021444,13316.3214629712,12.93,-0.359999999999999,-0.269999999999998
69212,1591947,14343.8264047945,13314.1632629149,13.1,0.17,0.529999999999999
69213,1591947,14330.8166372337,13311.99023553,13.19,0.0899999999999999,-0.0800000000000001
69214,1591947,14317.2545216947,13309.7249492114,13.75,0.56,0.470000000000001
69215,1591947,14304.4321579123,13307.5832239648,13,-0.75,-1.31
69216,1591947,14291.6591109137,13305.4497361229,12.95,-0.0500000000000007,0.699999999999999
69217,1591947,14278.1463121584,13303.1926872091,13.7,0.75,0.800000000000001
69218,1591947,14265.2943583057,13301.0460195195,13.03,-0.67,-1.42
69219,1591947,14252.4818578801,13298.9059417538,13,-0.0299999999999994,0.640000000000001
69220,1591947,14239.7778543788,13296.7839862786,12.88,-0.119999999999999,-0.0899999999999999
69221,1591947,14223.7870004351,13293.9428355182,13.56,0.68,0.799999999999999
69222,1591947,14210.8774755271,13291.6022017044,13.13,-0.43,-1.11
69223,1591947,14198.1647421573,13289.2972482842,12.92,-0.210000000000001,0.219999999999999
69224,1591947,14184.8321154421,13286.8799016244,13.55,0.630000000000001,0.840000000000002
69225,1591947,14171.6864406883,13284.4964513384,13.36,-0.190000000000001,-0.820000000000002
69226,1591947,14158.255418204,13282.0612644819,13.64,0.280000000000001,0.470000000000002
69227,1591947,14144.676802066,13279.5993173302,13.8,0.16,-0.120000000000001
69228,1591947,14131.2193700578,13277.0988960375,13.69,-0.110000000000001,-0.270000000000001
69259,1591947,13737.5236599746,13279.6939119653,16.71,0.0974193548387097,0.006690946930281
69260,1591947,13732.7409333899,13296.0440341446,18.04,1.33,1.23258064516129
69261,1591947,13736.6741391916,13314.1794584202,19.22,1.18,-0.149999999999999
69262,1591947,13753.9949926129,13324.9705921578,21.07,1.85,0.670000000000002
69263,1591947,13772.7000754587,13320.3710464558,19.51,-1.56,-3.41
69264,1591947,13786.5121708784,13313.108325147,15.62,-3.89,-2.33
69265,1591947,13803.82,13301.1,13.41,-2.21,1.68
69266,1591947,13807.3191526762,13288.2271009268,13.33,-0.0800000000000001,2.13
69267,1591947,13814.6504966882,13275.9333314929,13.81,0.48,0.56
