"V1","V2","V3","V4","V5","acceleration","jerk"
45371,1591348,14120.0468640069,14263.3456550873,13.44,-1.62,0
45372,1591348,14117.7768563552,14251.7354886259,11.82,-1.62,0
45373,1591348,14109.9143697781,14237.0324387854,12.53,0.709999999999999,2.33
45374,1591348,14105.1370247902,14224.1187153508,13.82,1.29,0.580000000000002
45375,1591348,14097.1769418728,14218.0947810543,13.04,-0.780000000000001,-2.07
45376,1591348,14088.4720470369,14213.986016405,12.8,-0.239999999999998,0.540000000000003
45377,1591348,14078.5497828148,14215.2588478289,10.01,-2.79,-2.55
45378,1591348,14070.1578863983,14216.1586669974,8.44,-1.57,1.22
45379,1591348,14065.31564285,14216.6778754513,4.87,-3.57,-2
45380,1591348,14061.000378579,14217.140578673,4.34,-0.53,3.04
45381,1591348,14055.7106997952,14217.7077632674,5.32,0.98,1.51
45382,1591348,14053.354207555,14217.9604376073,2.37,-2.95,-3.93
45383,1591348,14044.2045185561,14210.5200101508,3.73,1.36,4.31
45384,1591348,14044.5492919474,14204.6330714808,5.9,2.17,0.81
45385,1591348,14044.4280369795,14197.3846969723,7.24,1.34,-0.830000000000001
45386,1591348,14044.2690840564,14188.8261729191,8.56,1.32,-0.0199999999999996
45387,1591348,14044.0715070586,14178.1880075073,10.64,2.08,0.76
45388,1591348,14043.4187633749,14166.3067704177,11.9,1.26,-0.82
45389,1591348,14042.6512983451,14153.2693397879,13.06,1.16,-0.0999999999999996
45390,1591348,14033.7531176317,14135.5601994848,13.22,0.16,-1
45391,1591348,14032.1916765444,14122.2848632887,13.39,0.17,0.00999999999999979
45392,1591348,14030.4079053093,14109.1453899286,13.25,-0.140000000000001,-0.31
45393,1591348,14024.9503005669,14097.2134838077,13.26,0.00999999999999979,0.15
45394,1591348,14023.5921122199,14084.1198219537,13.3,0.0400000000000009,0.0300000000000011
45395,1591348,14023.3663279154,14070.4041060334,13.72,0.42,0.379999999999999
45396,1591348,14023.2877839033,14057.4443440434,12.96,-0.76,-1.18
45397,1591348,14023.2300826785,14044.0149185265,13.43,0.469999999999999,1.23
45398,1591348,14023.5254161046,14032.1727602231,11.85,-1.58,-2.05
45399,1591348,14023.0553914359,14021.8871971006,10.3,-1.55,0.0300000000000011
45400,1591348,14023.2106697149,14013.9593652509,7.93,-2.37,-0.820000000000002
45401,1591348,14023.2540429151,14008.0895254945,5.87,-2.06,0.310000000000001
45402,1591348,14028.454132546,13990.9583297337,8.19,2.32,4.38
45403,1591348,14029.7279867956,13976.0920341639,10.25,2.06,-0.259999999999999
45404,1591348,14027.3822706124,13964.6397978937,11.69,1.44,-0.620000000000001
45405,1591348,14026.415531696,13951.8439664087,12.87,1.18,-0.26
45406,1591348,14026.1652477813,13943.2576134016,8.59,-4.28,-5.46
45407,1591348,14026.3043109216,13936.0259201461,7.25,-1.34,2.94
45408,1591348,14026.5562645761,13931.7633599582,4.26,-2.99,-1.65
45409,1591348,14026.7232502535,13928.9382907938,2.83,-1.43,1.56
45410,1591348,14026.8141187846,13927.4009740047,1.54,-1.29,0.14
45411,1591348,14026.9220989223,13925.5741624955,1.83,0.29,1.58
45412,1591348,14027.0902647104,13922.7291281781,2.86,1.03,0.74
45413,1591348,14027.4908397304,13918.2634316359,4.48,1.62,0.590000000000001
45414,1591348,14028.6686425782,13911.89136914,6.49,2.01,0.389999999999999
45415,1591348,14030.2154176146,13903.5231203992,8.5,2.01,0
45416,1591348,14023.1903592014,13890.0061574516,10.02,1.52,-0.49
45417,1591348,14011.7283769931,13889.6359748658,11.54,1.52,0
45418,1591348,13998.9601578644,13886.0954833346,13.25,1.71,0.190000000000001
45419,1591348,13986.3364846127,13882.5950728395,13.1,-0.15,-1.86
45420,1591348,13973.9912649179,13880.9934955023,12.45,-0.65,-0.5
45421,1591348,13960.7159223206,13882.0966781707,13.38,0.930000000000001,1.58
45422,1591348,13937.9524294403,13882.3476688662,13.27,-0.110000000000001,-1.04
45423,1591348,13925.2540210337,13881.972042102,12.71,-0.559999999999999,-0.449999999999998
45424,1591348,13912.2671013665,13879.7243060057,13.18,0.469999999999999,1.03
45425,1591348,13898.5978701299,13877.3995857826,13.87,0.69,0.220000000000001
45426,1591348,13879.8101290571,13876.5379476744,12.99,-0.879999999999999,-1.57
45427,1591348,13866.1026623696,13874.6040028388,13.84,0.85,1.73
45428,1591348,13852.7844825142,13873.2190171565,13.4,-0.44,-1.29
45429,1591348,13839.4575194008,13871.8218620474,13.39,-0.00999999999999979,0.43
45430,1591348,13826.0934959728,13871.1986679838,13.39,0,0.00999999999999979
45431,1591348,13812.475479367,13870.9662379411,13.62,0.229999999999999,0.229999999999999
45432,1591348,13798.6915330349,13871.7957320453,13.8,0.180000000000001,-0.0499999999999972
45433,1591348,13785.4892999143,13872.927696327,13.26,-0.540000000000001,-0.720000000000002
45434,1591348,13772.7361389375,13874.8009248498,12.89,-0.369999999999999,0.170000000000002
45435,1591348,13759.97,13877.03,13.2,0.309999999999999,0.679999999999998
45436,1591348,13765.5143801717,13893.4488468687,13.44,0.24,-0.0699999999999985
45437,1591348,13772.4210003171,13905.1761951694,13.6,0.16,-0.0800000000000001
45438,1591348,13778.5380524088,13916.5708861656,12.95,-0.65,-0.81
45439,1591348,13784.3757320105,13928.2200233383,13.03,0.0800000000000001,0.73
45440,1591348,13790.3522973127,13940.1463080569,13.34,0.31,0.23
45441,1591348,13795.0258918495,13952.8605256646,13.61,0.27,-0.0400000000000009
45442,1591348,13798.5771318862,13965.7710172974,13.38,-0.229999999999999,-0.499999999999998
45443,1591348,13802.865078063,13988.7264074374,13.04,-0.340000000000002,-0.110000000000003
45444,1591348,13804.1427625735,14001.5328285726,12.87,-0.17,0.170000000000002
45445,1591348,13805.4303747026,14014.4387556995,12.98,0.110000000000001,0.280000000000001
45446,1591348,13806.7765597812,14027.9317681776,13.55,0.57,0.459999999999999
45447,1591348,13808.0552370536,14040.7481399119,12.89,-0.66,-1.23
45448,1591348,13808.9788562684,14053.9908159304,13.28,0.389999999999999,1.05
45449,1591348,13809.5436181364,14066.9385046829,12.96,-0.319999999999999,-0.709999999999997
45450,1591348,13811.0512580795,14080.2256147157,13.39,0.43,0.749999999999998
45451,1591348,13811.9518349288,14104.384043265,13.61,0.219999999999999,-0.210000000000001
45452,1591348,13811.8339480675,14117.3210691721,12.95,-0.66,-0.879999999999999
45453,1591348,13812.6458209813,14131.1372358753,13.84,0.890000000000001,1.55
45454,1591348,13813.68082075,14144.8088902032,13.72,-0.119999999999999,-1.01
45455,1591348,13815.7006070841,14157.7117605491,13.06,-0.66,-0.540000000000001
45456,1591348,13818.4804676613,14171.0231677696,13.6,0.539999999999999,1.2
45457,1591348,13821.0464057742,14183.8170529212,13.05,-0.549999999999999,-1.09
45458,1591348,13822.2308219382,14192.3167760755,8.61,-4.44,-3.89
45459,1591348,13822.4493755493,14197.9025020193,5.58,-3.03,1.41
45460,1591348,13822.5909075836,14201.5197342048,3.63,-1.95,1.08
45461,1591348,13812.6492416001,14207.7717040046,5.8,2.17,4.12
45462,1591348,13805.8251945402,14209.6202931217,7.07,1.27,-0.899999999999999
45463,1591348,13797.234809981,14211.9473713596,8.9,1.83,0.56
45464,1591348,13787.1132156942,14215.0140771626,10.58,1.68,-0.15
45465,1591348,13775.1616489392,14218.9723788311,12.59,2.01,0.33
45466,1591348,13762.4601427292,14223.1790568553,13.38,0.790000000000001,-1.22
45467,1591348,13749.9484946091,14227.3228547895,13.18,-0.200000000000001,-0.990000000000002
45468,1591348,13725.9033232735,14238.272952091,13.44,0.26,0.460000000000001
45469,1591348,13718.2989598874,14244.2302381754,9.66,-3.78,-4.04
45470,1591348,13712.7413195659,14248.5841139266,7.06,-2.6,1.18
45471,1591348,13710.0176034876,14250.7178830624,3.46,-3.6,-0.999999999999999
45472,1591348,13705.9478462734,14259.1383166262,4.87,1.41,5.01
45473,1591348,13707.5258796273,14265.2787897948,6.34,1.47,0.0599999999999996
45474,1591348,13709.564380127,14273.2110414117,8.19,1.85,0.38
