"V1","V2","V3","V4","V5","acceleration","jerk"
56081,1592866,13446.5259788036,13281.3816931473,13.07,0.299999999999999,0
56082,1592866,13447.2100525227,13294.724168298,13.37,0.299999999999999,0
56083,1592866,13447.9084631162,13308.3462761614,13.64,0.270000000000001,-0.0299999999999976
56084,1592866,13448.5623269929,13321.0995252389,12.77,-0.870000000000001,-1.14
56085,1592866,13449.0492686897,13330.5970505894,9.51,-3.26,-2.39
56086,1592866,13449.3549513322,13336.5592195003,5.98,-3.53,-0.27
56087,1592866,13449.5628360103,13340.613893835,4.06,-1.92,1.61
56088,1592866,13449.6442489754,13342.2018081681,1.58,-2.48,-0.559999999999999
56089,1592866,13449.6662663181,13342.6312441198,0.43,-1.15,1.33
56090,1592866,13449.6775310051,13342.8509555369,0.23,-0.2,0.95
56091,1592866,13449.6846994423,13342.9907718933,0.13,-0.1,0.1
56092,1592866,13449.6867475672,13343.0307194237,0.04,-0.09,0.01
56093,1592866,13449.7169574096,13343.6199454969,0.59,0.55,0.64
56094,1592866,13449.8111711553,13345.4575318949,1.84,1.25,0.7
56095,1592866,13449.8765530821,13347.3057568667,1.85,0.01,-1.24
56096,1592866,13449.8526317045,13350.8156753512,3.51,1.66,1.65
56097,1592866,13449.8326631472,13353.7456073055,2.93,-0.58,-2.24
56098,1592866,13449.8089462259,13357.2255264867,3.48,0.55,1.13
56099,1592866,13449.7788911619,13361.6354240697,4.41,0.93,0.38
56100,1592866,13454.7859337847,13369.8487385884,5.97,1.56,0.629999999999999
56101,1592866,13462.0514229774,13370.3081586489,7.28,1.31,-0.249999999999999
56102,1592866,13471.1332844681,13370.8824337246,9.11,1.83,0.519999999999999
56103,1592866,13481.752076365,13371.5538938131,10.63,1.52,-0.309999999999998
56104,1592866,13494.3169814385,13372.3484128463,12.59,1.96,0.439999999999998
56105,1592866,13507.1713084716,13373.1612329534,12.88,0.290000000000001,-1.67
56106,1592866,13520.2352169237,13373.9873055623,13.08,0.199999999999999,-0.0900000000000016
56107,1592866,13533.847255011,13373.1561611517,13.66,0.58,0.380000000000001
56108,1592866,13546.7553134855,13371.7945685864,13.01,-0.65,-1.23
56109,1592866,13569.0320314292,13361.2072741153,13.17,0.16,0.81
56110,1592866,13579.8540543235,13353.493136414,13.29,0.119999999999999,-0.0400000000000009
56111,1592866,13590.4155017982,13345.9647416821,12.97,-0.319999999999999,-0.439999999999998
56112,1592866,13601.3026685473,13338.2041682384,13.37,0.399999999999999,0.719999999999997
56113,1592866,13611.8478300583,13330.6873824421,12.95,-0.42,-0.819999999999999
56114,1592866,13622.9467143359,13322.7758928356,13.63,0.680000000000001,1.1
56115,1592866,13634.2084582507,13314.7483138733,13.84,0.209999999999999,-0.470000000000002
56116,1592866,13645.4000818867,13306.847125184,13.7,-0.140000000000001,-0.35
56117,1592866,13656.0309366636,13299.5046918876,12.92,-0.779999999999999,-0.639999999999999
56118,1592866,13667.1966254656,13291.7928637272,13.57,0.65,1.43
56119,1592866,13678.3294014046,13284.1037675584,13.53,-0.0400000000000009,-0.690000000000001
56120,1592866,13689.6514263063,13276.2839624377,13.77,0.24,0.280000000000001
56162,1592866,14217.2975012001,13276.8831316202,13.23,-0.0128571428571428,-0.00602040816326531
56163,1592866,14231.8658175457,13279.3550002515,13.55,0.32,0.332857142857143
56164,1592866,14244.7913220646,13281.2931005924,13.07,-0.48,-0.800000000000001
56165,1592866,14257.519037685,13283.2015436978,12.88,-0.19,0.290000000000001
56166,1592866,14271.1269139038,13285.2419615012,13.76,0.879999999999999,1.07
56167,1592866,14284.1117550923,13287.1889590127,13.14,-0.619999999999999,-1.5
56168,1592866,14297.7097418662,13289.2278939544,13.75,0.609999999999999,1.23
56169,1592866,14310.9615980677,13291.2149287338,13.4,-0.35,-0.959999999999999
56170,1592866,14324.2431741086,13293.512566322,13.48,0.0800000000000001,0.43
56171,1592866,14337.704857409,13295.9467977656,13.68,0.199999999999999,0.119999999999999
56172,1592866,14350.5465947679,13298.2689264453,13.05,-0.629999999999999,-0.829999999999998
56173,1592866,14364.0968417741,13300.7191725695,13.77,0.719999999999999,1.35
56174,1592866,14377.1353873684,13303.0768894283,13.25,-0.52,-1.24
56175,1592866,14390.6561131394,13305.5217973256,13.74,0.49,1.01
56176,1592866,14403.7340203807,13307.8866318201,13.29,-0.450000000000001,-0.940000000000001
