"V1","V2","V3","V4","V5","acceleration","jerk"
38958,160218,13901.57,13592.13,0,2.37,0
38959,160218,13901.1554416108,13594.4634612364,2.37,2.37,0
38960,160218,13900.5134883245,13598.0768801131,3.67,1.3,-1.07
38961,160218,13899.765738206,13603.0805063753,5.05,1.38,0.0800000000000001
38962,160218,13909.7806463261,13614.0763898042,6.94,1.89,0.510000000000001
38963,160218,13917.6656185514,13618.4559840486,9.03,2.09,0.199999999999998
38964,160218,13927.3368576151,13623.6479464417,10.99,1.96,-0.129999999999998
38965,160218,13938.5020338021,13629.4223503688,12.57,1.58,-0.380000000000001
38966,160218,13950.6505469053,13636.8355022701,14.24,1.67,0.0899999999999999
38967,160218,13963.852258033,13645.6249518148,15.86,1.62,-0.0500000000000007
38968,160218,13977.3723720068,13658.584767335,17.86,2,0.380000000000001
38969,160218,13994.444462551,13668.0743283396,19.56,1.7,-0.300000000000001
38970,160218,14013.7112278959,13675.1032709439,20.57,1.01,-0.689999999999998
38971,160218,14035.1494645268,13679.2428147392,21.85,1.28,0.27
38972,160218,14057.9009065902,13682.6150371569,23,1.15,-0.130000000000003
38973,160218,14081.5525144048,13686.1206822876,23.91,0.91,-0.239999999999998
38974,160218,14114.6065987354,13693.9493199291,25.18,1.27,0.359999999999999
38975,160218,14133.548296451,13718.2336129759,26.65,1.47,0.199999999999999
38976,160218,14140.1625083787,13742.4785835238,25.16,-1.49,-2.96
38977,160218,14148.1711654975,13774.4522969864,24.28,-0.879999999999999,0.609999999999999
38978,160218,14154.515437193,13797.4430063415,23.85,-0.43,0.449999999999999
38979,160218,14175.7012947758,13824.0579052455,22.39,-1.46,-1.03
38980,160218,14189.0085858054,13845.9571040872,19.58,-2.81,-1.35
38981,160218,14207.906526404,13878.4614285937,18.35,-1.23,1.58000000000001
38982,160218,14212.8296317536,13892.2051620938,14.61,-3.74,-2.51000000000001
38983,160218,14229.4636878468,13916.5193266448,13.72,-0.889999999999999,2.85
38984,160218,14240.8712802676,13923.8870423804,13.58,-0.140000000000001,0.749999999999998
38985,160218,14251.8868389043,13931.68869897,13.5,-0.0800000000000001,0.0600000000000005
38986,160218,14262.6866710985,13939.1022624546,13.1,-0.4,-0.32
38987,160218,14273.8737484481,13946.0806723449,13.2,0.0999999999999996,0.5
38988,160218,14285.723265942,13952.5827349728,13.53,0.33,0.23
38989,160218,14297.5453332039,13958.0627988542,13.03,-0.5,-0.83
38990,160218,14310.0850194055,13962.3117834349,13.24,0.210000000000001,0.710000000000001
38991,160218,14323.2618169477,13966.2818179118,13.78,0.539999999999999,0.329999999999998
38992,160218,14335.9418696951,13969.0561038239,12.98,-0.799999999999999,-1.34
38993,160218,14349.0081993563,13971.4485447249,13.29,0.309999999999999,1.11
38994,160218,14362.5698093013,13973.428984781,13.71,0.420000000000002,0.110000000000003
38995,160218,14375.7860440507,13974.2219154517,13.24,-0.470000000000001,-0.890000000000002
38996,160218,14389.4215249175,13975.0399995123,13.65,0.41,0.880000000000001
38997,160218,14402.8174365744,13975.8437102072,13.43,-0.220000000000001,-0.630000000000001
