"V1","V2","V3","V4","V5","acceleration","jerk"
46056,161373,13474.47,14120.73,0,1.79,0
46057,161373,13474.7990545869,14122.4894951204,1.79,1.79,0
46058,161373,13475.3744405406,14125.5661541858,3.13,1.34,-0.45
46059,161373,13476.2310854429,14130.1467392479,4.66,1.53,0.19
46060,161373,13477.3303851244,14136.0248290916,5.98,1.32,-0.21
46061,161373,13478.7569010991,14143.652584474,7.76,1.78,0.459999999999999
46062,161373,13482.3371432451,14161.8926406148,9.16,1.4,-0.379999999999999
46063,161373,13484.6454091374,14172.9135075757,11.26,2.1,0.699999999999999
46064,161373,13487.388268608,14186.0093512647,13.37,2.11,0.00999999999999979
46065,161373,13490.114524458,14199.0473654021,13.32,-0.0499999999999989,-2.16
46066,161373,13492.79256044,14211.9830611035,13.21,-0.109999999999999,-0.0600000000000005
46067,161373,13495.5567181844,14225.2685052023,13.57,0.359999999999999,0.469999999999999
46068,161373,13497.8134588701,14235.7380429895,10.71,-2.86,-3.22
46069,161373,13499.2905599165,14242.5906536233,7.01,-3.7,-0.840000000000002
46070,161373,13500.2008418738,14246.8136604619,4.32,-2.69,1.01
46071,161373,13500.5274476687,14248.3288596748,1.55,-2.77,-0.080000000000001
46072,161373,13500.7044469381,14249.1499998934,0.84,-0.71,2.06
46073,161373,13500.8266607194,14249.7169776633,0.58,-0.26,0.45
46074,161373,13500.8856604759,14249.9906910695,0.28,-0.3,-0.0399999999999999
46075,161373,13500.9088389517,14250.0982213363,0.12,-0.16,0.14
46076,161373,13500.9151603542,14250.1275477726,0.03,-0.09,0.07
46077,161373,13500.9172674883,14250.1373232514,0.02,-0.01,0.08
46078,161373,13500.9172674883,14250.1373232514,0,-0.02,-0.01
46079,161373,13500.9172674883,14250.1373232514,0,0,0.02
46080,161373,13507.1134520387,14252.4471669987,1.8,1.8,1.8
46081,161373,13511.2746244199,14251.8773912415,4.2,2.4,0.6
46082,161373,13517.17952618,14251.0688523099,5.95,1.75,-0.65
46083,161373,13524.9272328518,14250.0079841144,7.83,1.88,0.13
46084,161373,13534.1214423037,14248.7490510128,9.28,1.45,-0.430000000000001
46085,161373,13544.6729865562,14247.3042624857,10.65,1.37,-0.0799999999999983
46086,161373,13557.0772432736,14245.6057880857,12.51,1.86,0.489999999999998
46087,161373,13570.4920704265,14243.7689395732,13.54,1.03,-0.83
46088,161373,13584.1050486452,14241.9049588819,13.74,0.200000000000001,-0.829999999999998
46089,161373,13597.1830189863,14240.1142350736,13.2,-0.540000000000001,-0.740000000000002
46090,161373,13610.5681234793,14238.281456388,13.51,0.31,0.850000000000001
46091,161373,13623.4380352014,14236.5192213675,12.99,-0.52,-0.83
46092,161373,13636.8321734957,14236.0959258091,13.43,0.44,0.959999999999999
46093,161373,13665.7991753931,14235.9154780459,12.03,-1.4,-1.84
46094,161373,13674.4199711625,14235.3397347843,8.64,-3.39,-1.99
46095,161373,13678.8401245489,14235.0445330889,4.43,-4.21,-0.820000000000002
46096,161373,13681.6039676369,14234.8599487331,2.77,-1.66,2.55
46097,161373,13694.4274155358,14242.5953803655,4.16,1.39,3.05
46098,161373,13698.4110581601,14247.0284595935,5.96,1.8,0.41
46099,161373,13702.4717591633,14258.8831998887,7.25,1.29,-0.51
46100,161373,13704.8085838123,14267.9674527782,9.38,2.13,0.840000000000001
