"V1","V2","V3","V4","V5","acceleration","jerk"
48466,162256,14344.1179097206,13279.3750692925,26.7,0.970000000000002,0
48467,162256,14344.4448733386,13307.0481700362,27.67,0.970000000000002,0
48468,162256,14344.4140483768,13334.283111872,26.95,-0.720000000000002,-1.69
48469,162256,14343.4055046206,13361.1984665461,26.94,-0.00999999999999801,0.710000000000004
48470,162256,14342.6141113847,13388.4767380933,27.29,0.349999999999998,0.359999999999996
48471,162256,14340.7928735942,13415.1972820345,27.1,-0.189999999999998,-0.539999999999996
48472,162256,14343.6083577685,13455.3924685472,27.59,0.489999999999998,0.679999999999996
48473,162256,14345.9780953004,13482.2900789329,27.02,-0.57,-1.06
48474,162256,14351.5276633617,13509.4425665844,27.73,0.710000000000001,1.28
48475,162256,14358.8220379353,13535.5474168412,27.11,-0.620000000000001,-1.33
48476,162256,14366.5810416958,13561.919712165,27.49,0.379999999999999,1
48477,162256,14372.7933651745,13588.759142373,27.55,0.0600000000000023,-0.319999999999997
48478,162256,14378.7831925409,13615.803495424,27.7,0.149999999999999,0.0899999999999963
48479,162256,14382.7892073427,13642.831387468,27.36,-0.34,-0.489999999999998
48480,162256,14385.73307121,13670.0325504124,27.37,0.0100000000000016,0.350000000000001
48481,162256,14388.4380689303,13695.0266014513,25.14,-2.23,-2.24
48482,162256,14390.0413197137,13728.8882946947,26.65,1.51,3.74
48483,162256,14390.4162637574,13756.5157505487,27.64,0.990000000000002,-0.519999999999996
48484,162256,14390.7863225368,13783.7832395512,27.27,-0.370000000000001,-1.36
48485,162256,14391.1609951769,13811.3906972468,27.62,0.350000000000001,0.720000000000002
48486,162256,14390.7899306409,13844.7299442884,27.65,0.0299999999999976,-0.320000000000004
48487,162256,14390.4929398739,13871.5683011026,26.84,-0.809999999999999,-0.839999999999996
48488,162256,14390.2306939283,13895.2668501523,23.7,-3.14,-2.33
48489,162256,14389.9498583968,13920.6452963499,25.38,1.68,4.82
48490,162256,14389.7085257355,13942.4539611084,21.81,-3.57,-5.25
48491,162256,14389.4936389734,13961.8727721863,19.42,-2.39,1.18
48492,162256,14389.2794629464,13980.8290867123,18.96,-0.460000000000001,1.93
48493,162256,14389.0643137129,13999.7378627384,18.91,-0.0500000000000007,0.41
48494,162256,14388.8447272399,14019.0366135213,19.3,0.390000000000001,0.440000000000001
48495,162256,14388.6288953542,14038.0053856639,18.98,-0.32,-0.710000000000001
48496,162256,14388.4142012222,14056.8741642791,18.87,-0.109999999999999,0.210000000000001
48497,162256,14387.027241716,14075.4352594041,18.62,-0.25,-0.140000000000001
48498,162256,14385.4192461698,14093.9254716886,18.57,-0.0500000000000007,0.199999999999999
48499,162256,14383.760134386,14113.0034655057,19.14,0.57,0.620000000000001
48500,162256,14382.0802295562,14132.3205568956,19.4,0.259999999999998,-0.310000000000002
48501,162256,14380.4453763258,14151.1196035447,18.86,-0.539999999999999,-0.799999999999997
48502,162256,14378.7668361113,14170.2259840963,19.18,0.32,0.859999999999999
48503,162256,14377.026526185,14189.2766591857,19.14,-0.0399999999999991,-0.359999999999999
48504,162256,14375.2962232683,14208.2177904037,19.01,-0.129999999999999,-0.0899999999999999
48505,162256,14373.5841149144,14226.9597509464,18.82,-0.190000000000001,-0.0600000000000023
48506,162256,14371.97046039,14245.5297622566,18.64,-0.18,0.0100000000000016
48507,162256,14370.3702600769,14264.0005759625,18.54,-0.100000000000001,0.0799999999999983
