"V1","V2","V3","V4","V5","acceleration","jerk"
48735,164185,14162.4755988571,13946.6317215184,0,1.93,0
48736,164185,14160.557487088,13946.4178354713,1.93,1.93,0
48737,164185,14156.4131730583,13945.9557086237,4.17,2.24,0.31
48738,164185,14150.8476674069,13945.335106622,5.6,1.43,-0.81
48739,164185,14143.3541115834,13944.4995103555,7.54,1.94,0.510000000000001
48740,164185,14134.3634026692,13943.1698992086,9.1,1.56,-0.380000000000001
48741,164185,14123.3394537997,13940.7333747737,11.3,2.2,0.640000000000001
48742,164185,14110.5420830264,13937.5041551338,13.19,1.89,-0.310000000000002
48743,164185,14097.6808833467,13932.8100486851,13.74,0.550000000000001,-1.34
48744,164185,14086.6749139099,13925.4945107669,13.24,-0.5,-1.05
48745,164185,14075.5113189929,13917.2940989161,13.86,0.619999999999999,1.12
48746,164185,14063.3286769785,13911.2941294537,13.58,-0.279999999999999,-0.899999999999999
48747,164185,14051.1497434466,13905.135337971,13.66,0.0800000000000001,0.359999999999999
48748,164185,14039.125760188,13899.0106647989,13.73,0.0700000000000003,-0.00999999999999979
48749,164185,14014.6910546939,13890.1148905583,13.03,-0.700000000000001,-0.770000000000001
48750,164185,14002.0919851979,13886.9639057856,13.03,0,0.700000000000001
48751,164185,13989.2081293677,13883.3913494254,13.37,0.34,0.34
48752,164185,13976.1138916803,13881.2656271385,13.3,-0.0699999999999985,-0.409999999999998
48753,164185,13963.0079905589,13881.8094096713,13.2,-0.100000000000001,-0.0300000000000029
48754,164185,13939.9619032361,13882.3936586915,13.58,0.380000000000001,0.480000000000002
48755,164185,13926.2654898021,13882.0801957031,13.71,0.130000000000001,-0.25
48756,164185,13913.5677640342,13879.9494206982,12.87,-0.840000000000002,-0.970000000000002
48757,164185,13900.0191945787,13877.6044759848,13.76,0.890000000000001,1.73
48758,164185,13881.0624712294,13876.748990522,13.15,-0.609999999999999,-1.5
48759,164185,13867.8631685939,13874.7870816034,13.35,0.199999999999999,0.809999999999999
48760,164185,13854.5748278271,13873.405198951,13.37,0.0199999999999996,-0.18
48761,164185,13841.3869295859,13872.024288176,13.26,-0.109999999999999,-0.129999999999999
48762,164185,13827.9232294815,13871.229897571,13.5,0.24,0.35
48763,164185,13814.5651750135,13871.0019045188,13.36,-0.140000000000001,-0.380000000000001
48764,164185,13801.1666422694,13868.341758619,13.55,0.190000000000001,0.330000000000002
48765,164185,13787.5943648416,13869.2962384606,13.61,0.0599999999999987,-0.130000000000003
48766,164185,13774.8293893859,13871.1577973812,12.9,-0.709999999999999,-0.769999999999998
48767,164185,13761.2228269494,13873.4499896075,13.8,0.9,1.61
48768,164185,13737.928146949,13875.0244731649,13.61,-0.190000000000001,-1.09
48769,164185,13724.8398821699,13878.0348261463,13.43,-0.18,0.0100000000000016
48770,164185,13713.0826186833,13882.5860900327,12.6,-0.83,-0.65
48771,164185,13702.3418370022,13892.4628779953,9.48,-3.12,-2.29
48772,164185,13695.9202009611,13892.1350204711,6.42,-3.06,0.0599999999999987
48773,164185,13693.0439471822,13891.9881729331,2.88,-3.54,-0.48
48774,164185,13690.9666527864,13891.8821163778,2.08,-0.8,2.74
48775,164185,13690.6470690332,13891.8657999847,0.32,-1.76,-0.96
48776,164185,13690.4473291874,13891.855602239,0.2,-0.12,1.64
48777,164185,13690.3674332491,13891.8515231407,0.08,-0.12,-1.38777878078145e-17
48778,164185,13690.3574462568,13891.8510132534,0.02,-0.06,0.06
48779,164185,13690.3374722722,13891.8499934788,0.01,-0.01,0.05
48780,164185,13690.3374722722,13891.8499934788,0,-0.01,0
48781,164185,13658.9773422449,13901.2564457371,1.55,1.55,1.56
48782,164185,13656.0751351008,13903.4201448133,3.62,2.07,0.52
48783,164185,13643.2847214706,13909.5837525073,5.46,1.84,-0.23
48784,164185,13636.6684229293,13910.7597599959,6.72,1.26,-0.58
48785,164185,13628.5949633998,13912.1947691336,8.2,1.48,0.22
48786,164185,13612.8008181748,13914.5849227491,9.95,1.75,0.27
48787,164185,13601.3852214998,13914.8099609094,11.42,1.47,-0.279999999999999
48788,164185,13588.1260796517,13914.9608166476,13.26,1.84,0.369999999999999
48789,164185,13574.6822294827,13915.7629683208,13.47,0.210000000000001,-1.63
48790,164185,13561.0923279287,13916.6679411118,13.62,0.149999999999999,-0.0600000000000023
48791,164185,13547.6820285978,13917.5609539099,13.44,-0.18,-0.329999999999998
48792,164185,13534.7706243314,13918.4207445057,12.95,-0.49,-0.31
48793,164185,13520.9412531465,13919.3416639537,13.86,0.91,1.4
48794,164185,13507.441152704,13920.2406567482,13.53,-0.33,-1.24
48795,164185,13496.778031866,13921.9293505903,10.8,-2.73,-2.4
48796,164185,13487.8118136714,13923.424352693,9.1,-1.7,1.03
48797,164185,13480.255495167,13924.6194780035,7.77,-1.33,0.370000000000001
48798,164185,13464.0536462296,13926.8517641804,9.58,1.81,3.14
48799,164185,13455.9291523652,13927.9619891338,8.2,-1.38,-3.19
48800,164185,13449.1917672093,13928.8826634854,6.8,-1.4,-0.0199999999999987
48801,164185,13443.9603857942,13929.5975400408,5.28,-1.52,-0.12
48802,164185,13439.6603487977,13930.1851469064,4.34,-0.94,0.579999999999999
48803,164185,13433.8282065563,13931.2054711589,5.94,1.6,2.54
48804,164185,13428.2669179643,13932.6664876534,5.74,-0.2,-1.8
48805,164185,13420.7615963168,13934.6382246964,7.77,2.03,2.23
48806,164185,13413.7108495628,13936.4905395216,7.28,-0.489999999999999,-2.52
48807,164185,13406.8341953213,13938.2971181783,7.12,-0.16,0.329999999999999
