"V1","V2","V3","V4","V5","acceleration","jerk"
56829,164808,14349.3874352766,14264.6587633578,19.15,-0.579999999999998,0
56830,164808,14350.6973622501,14246.1350220693,18.57,-0.579999999999998,0
56831,164808,14352.1248175665,14226.7484537148,19.44,0.870000000000001,1.45
56832,164808,14354.1417176786,14208.0066658082,18.85,-0.59,-1.46
56833,164808,14356.2185363087,14188.7080926905,19.41,0.559999999999999,1.15
56834,164808,14358.2300865532,14170.0160177492,18.8,-0.609999999999999,-1.17
56835,164808,14360.1726603971,14151.2463787599,18.87,0.0700000000000003,0.68
56836,164808,14362.1031046042,14132.0833679014,19.27,0.399999999999999,0.329999999999998
56837,164808,14364.0465788085,14112.7910116945,19.39,0.120000000000001,-0.279999999999998
56838,164808,14365.9870460904,14093.528504414,19.36,-0.0300000000000011,-0.150000000000002
56839,164808,14367.9255087573,14074.285896418,19.34,-0.0199999999999996,0.0100000000000016
56840,164808,14369.7282723062,14055.2129008996,19.16,-0.18,-0.16
56841,164808,14370.8851608677,14036.0878594916,19.16,0,0.18
56842,164808,14372.0221238955,14017.2922159785,18.83,-0.330000000000002,-0.330000000000002
56843,164808,14372.6181105671,13995.0219858818,19.04,0.210000000000001,0.540000000000003
56844,164808,14372.1495732419,13974.7473990111,20.28,1.24,1.03
56845,164808,14371.656315259,13953.4030977445,21.35,1.07,-0.170000000000002
56846,164808,14371.1272469776,13930.5092102032,22.9,1.55,0.479999999999997
56847,164808,14370.5679132181,13906.3056723265,24.21,1.31,-0.239999999999995
56848,164808,14369.9699967498,13880.4325802056,25.89,1.68,0.369999999999997
56849,164808,14373.0246651408,13826.1528940437,26.24,0.349999999999998,-1.33
56850,164808,14371.8721790321,13787.5330835417,25.87,-0.369999999999997,-0.719999999999995
56851,164808,14371.4622683342,13761.9025143134,25.64,-0.23,0.139999999999997
56852,164808,14372.60753662,13736.2080253994,25.72,0.0799999999999983,0.309999999999999
56853,164808,14372.8107246412,13699.6481622021,26.74,1.02,0.940000000000001
56854,164808,14369.422941133,13673.3353549991,26.53,-0.209999999999997,-1.23
56855,164808,14365.894691667,13645.9315531515,27.63,1.1,1.31
56856,164808,14362.4443369595,13619.1327574249,27.02,-0.609999999999999,-1.71
56857,164808,14358.3357964696,13592.4680032298,27,-0.0199999999999996,0.59
56858,164808,14350.6429271548,13559.2840505208,27.68,0.68,0.699999999999999
56859,164808,14343.1284297889,13532.7790559921,27.55,-0.129999999999999,-0.809999999999999
56860,164808,14334.0887192724,13496.557446566,27.25,-0.300000000000001,-0.170000000000002
56861,164808,14329.2802557302,13459.5325181117,27.55,0.300000000000001,0.600000000000001
56862,164808,14328.5574515836,13415.701178185,27.73,0.18,-0.120000000000001
56863,164808,14329.259102161,13380.0595770441,27.13,-0.600000000000001,-0.780000000000001
56864,164808,14330.3056438176,13352.7996586553,27.27,0.140000000000001,0.740000000000002
56865,164808,14331.8774455365,13325.6168599132,27.23,-0.0399999999999991,-0.18
56866,164808,14331.2779375692,13298.3503048129,27.19,-0.0399999999999991,0
