"V1","V2","V3","V4","V5","acceleration","jerk"
25210,166969,13487.0224287278,13277.4621556345,13.1,0.360000000000001,0
25211,166969,13496.254903998,13287.2429480556,13.46,0.360000000000001,0
25212,166969,13505.5697507948,13297.1110040523,13.57,0.109999999999999,-0.250000000000002
25213,166969,13514.6168901302,13306.6954534285,13.18,-0.390000000000001,-0.5
25214,166969,13524.0072441597,13316.643501036,13.68,0.5,0.890000000000001
25215,166969,13533.5005625974,13326.7006281128,13.82,0.140000000000001,-0.359999999999999
25216,166969,13542.7810879248,13336.5323242863,13.52,-0.300000000000001,-0.440000000000001
25217,166969,13551.4506910968,13345.7168156081,12.63,-0.889999999999999,-0.589999999999998
25218,166969,13557.5324554755,13352.1597762662,8.86,-3.77,-2.88
25219,166969,13561.121604826,13356.8455580347,5.98,-2.88,0.890000000000002
25220,166969,13570.277907654,13360.3191905425,8.06,2.08,4.96
25221,166969,13578.6814649354,13354.3289797766,10.32,2.26,0.18
25222,166969,13588.6240457886,13347.2417245973,12.21,1.89,-0.369999999999999
25223,166969,13599.7147870843,13339.3360394586,13.62,1.41,-0.480000000000002
25224,166969,13610.2436626316,13331.830862598,12.93,-0.69,-2.1
25225,166969,13620.9435407979,13324.2037919135,13.14,0.210000000000001,0.9
25226,166969,13632.1564268216,13316.211039758,13.77,0.629999999999999,0.419999999999998
25227,166969,13642.8493349975,13308.6088545353,13.12,-0.65,-1.28
25228,166969,13654.0643930942,13300.8629283875,13.63,0.510000000000002,1.16
25229,166969,13665.1971690331,13293.1738322187,13.52,-0.110000000000001,-0.620000000000003
25230,166969,13676.0995549305,13285.6438599913,13.25,-0.27,-0.159999999999998
25231,166969,13687.1994180064,13277.9774958142,13.49,0.24,0.51
25273,166969,14213.4870705865,13276.2665129872,12.38,-0.0264285714285714,-0.00634353741496599
25274,166969,14225.4520400347,13281.7267660479,11.44,-0.940000000000001,-0.91357142857143
25275,166969,14238.8522379101,13283.736043754,13.54,2.1,3.04
25276,166969,14251.8074107638,13285.6785926802,13.1,-0.44,-2.54
25277,166969,14265.2570558638,13287.6952846952,13.6,0.5,0.94
25278,166969,14278.5781381798,13289.6926995071,13.47,-0.129999999999999,-0.629999999999999
25279,166969,14292.2651299581,13291.7449802047,13.84,0.369999999999999,0.499999999999998
25280,166969,14305.4873178248,13293.7275663989,13.36,-0.48,-0.85
25281,166969,14318.4196258657,13295.8083758431,13.1,-0.26,0.220000000000001
25282,166969,14331.6253285147,13298.1970611606,13.42,0.32,0.58
25283,166969,14345.0573584073,13300.6266851982,13.65,0.23,-0.0899999999999999
25284,166969,14357.7218437347,13302.9174735765,12.87,-0.780000000000001,-1.01
25285,166969,14371.3014783514,13305.3737967793,13.8,0.930000000000001,1.71
25286,166969,14384.074207143,13307.6841645454,12.98,-0.82,-1.75
25287,166969,14397.5947998701,13310.1298080822,13.74,0.76,1.58
