"V1","V2","V3","V4","V5","acceleration","jerk"
48279,174530,13411.6757955226,13914.0711181655,9.12,2.11,0
48280,174530,13422.5480980718,13911.2593683048,11.23,2.11,0
48281,174530,13435.2017930244,13907.9869221178,13.08,1.85,-0.260000000000002
48282,174530,13448.6666930937,13905.2180042511,13.76,0.68,-1.17
48283,174530,13462.7904483208,13903.0603259093,13.72,-0.0399999999999991,-0.719999999999999
48284,174530,13482.2058734586,13900.0768840618,13.53,-0.190000000000001,-0.150000000000002
48285,174530,13495.3227735914,13897.9388871239,13.29,-0.24,-0.0499999999999989
48286,174530,13508.8344637959,13895.7365411434,13.68,0.390000000000001,0.630000000000001
48287,174530,13522.2930266203,13894.5683211858,13.52,-0.16,-0.550000000000001
48288,174530,13536.0831245948,13893.394098952,13.84,0.32,0.48
48289,174530,13549.7179305252,13892.4404355128,13.67,-0.17,-0.49
48290,174530,13563.4601624324,13895.3629294716,13.21,-0.459999999999999,-0.289999999999999
48291,174530,13576.6799760011,13895.2927211521,13.22,0.00999999999999979,0.469999999999999
48292,174530,13589.5299307778,13895.2180587736,13.1,-0.120000000000001,-0.130000000000001
48293,174530,13612.9904923778,13894.4651205165,13.77,0.67,0.790000000000001
48294,174530,13625.8448660364,13893.8162422027,12.89,-0.879999999999999,-1.55
48295,174530,13638.1898158543,13891.2526472743,12.6,-0.290000000000001,0.589999999999998
48296,174530,13646.4004905799,13888.9405658418,8.53,-4.07,-3.78
48297,174530,13656.9441974487,13889.9868092322,5.7,-2.83,1.24
48298,174530,13659.4793009436,13890.1444489165,2.54,-3.16,-0.330000000000001
48299,174530,13661.0362936413,13890.2412669904,1.56,-0.98,2.18
48300,174530,13677.9640432187,13900.8825969382,3.76,2.2,3.18
48301,174530,13679.7243653865,13906.07216974,5.48,1.72,-0.479999999999999
48302,174530,13687.3509669563,13918.1135257802,7.29,1.81,0.089999999999999
48303,174530,13695.4981625317,13922.6806697736,9.35,2.06,0.25
48304,174530,13705.0846378393,13928.0546432734,10.98,1.63,-0.429999999999999
48305,174530,13716.200270014,13933.8939422553,12.57,1.59,-0.0400000000000009
48306,174530,13727.8461304869,13939.8665909242,13.17,0.6,-0.99
48307,174530,13738.4855975353,13948.2066314397,13.53,0.359999999999999,-0.24
48308,174530,13748.3352301966,13957.5990132696,13.61,0.0800000000000001,-0.279999999999999
48309,174530,13757.7365372985,13967.5039393467,13.66,0.0500000000000007,-0.0299999999999994
48310,174530,13769.0379499004,13973.8073876349,13.18,-0.48,-0.530000000000001
48311,174530,13779.6117154688,13975.9524179559,10.8,-2.38,-1.9
48312,174530,13787.214299429,13976.7327906545,7.69,-3.11,-0.730000000000001
48313,174530,13791.5241049509,13976.4361825581,4.32,-3.37,-0.26
48314,174530,13802.5066910325,13985.1342411361,6.19,1.87,5.24
48315,174530,13803.2999077566,13993.084769875,8,1.81,-0.0600000000000005
48316,174530,13804.2886985666,14002.995566651,9.96,1.96,0.150000000000001
48317,174530,13805.4780272717,14014.9163844598,11.98,2.02,0.0599999999999987
48318,174530,13806.8281833978,14028.4491993346,13.6,1.62,-0.4
48319,174530,13808.1644408579,14041.8427058209,13.46,-0.139999999999999,-1.76
48320,174530,13809.0490157288,14055.5992865239,13.79,0.329999999999998,0.469999999999997
48321,174530,13809.6190068734,14068.6668612834,13.07,-0.719999999999999,-1.05
48322,174530,13811.3519877335,14082.2028758708,13.66,0.59,1.31
48323,174530,13811.8837101724,14106.2027678229,13.43,-0.23,-0.82
48324,174530,13811.9348455683,14119.0381072306,12.85,-0.58,-0.35
48325,174530,13812.6945098916,14131.9658065664,12.95,0.0999999999999996,0.68
48326,174530,13813.7024723646,14144.9472058118,13.04,0.0899999999999999,-0.00999999999999979
48327,174530,13815.7887600864,14158.2749026699,13.48,0.440000000000001,0.350000000000001
48328,174530,13818.4908916906,14171.0720690948,13.08,-0.4,-0.840000000000002
48329,174530,13820.8934384088,14182.9809303314,12.15,-0.93,-0.529999999999999
48330,174530,13822.2163559568,14191.9470589737,9.08,-3.07,-2.14
48331,174530,13822.4579769436,14198.1223338096,6.18,-2.9,0.17
48332,174530,13822.5479006119,14200.4205752534,2.3,-3.88,-0.98
48333,174530,13815.0815752056,14207.1128009529,4.38,2.08,5.96
48334,174530,13809.2227398939,14208.6999206051,6.08,1.7,-0.38
48335,174530,13801.9836517823,14210.6609415921,7.5,1.42,-0.28
48336,174530,13793.1326600511,14213.0586165856,9.17,1.67,0.25
48337,174530,13782.4901712068,14216.5452073553,11.2,2.03,0.359999999999999
48338,174530,13770.215845699,14220.6104051769,12.94,1.74,-0.289999999999999
48339,174530,13757.5618040115,14224.8013631786,13.33,0.390000000000001,-1.35
48340,174530,13739.2968473851,14230.764865459,12.86,-0.470000000000001,-0.860000000000001
48341,174530,13719.3572749807,14231.0362848556,13.35,0.49,0.960000000000001
48342,174530,13709.1885124277,14232.1539467636,10.23,-3.12,-3.61
48343,174530,13701.9322107037,14232.9514963168,7.3,-2.93,0.189999999999999
48344,174530,13698.8010668091,14233.2956444117,3.15,-4.15,-1.22
48345,174530,13696.9916511648,14240.506818947,5.49,2.34,6.49
48346,174530,13701.6210325317,14245.710724694,6.96,1.47,-0.870000000000001
48347,174530,13706.4531156281,14261.1044302749,9.23,2.27,0.800000000000001
48348,174530,13709.0790228652,14271.3224100743,10.55,1.32,-0.95
