"V1","V2","V3","V4","V5","acceleration","jerk"
46197,176960,13448.56,13416.32,0,1.99,0
46198,176960,13450.5381360264,13416.5369743326,1.99,1.99,0
46199,176960,13453.9973889771,13416.9164068338,3.47,1.48,-0.51
46200,176960,13459.2757318416,13417.4953684951,5.32,1.85,0.37
46201,176960,13466.3632242377,13418.2727689932,7.13,1.81,-0.0400000000000005
46202,176960,13474.7827278276,13419.1962728108,8.47,1.34,-0.469999999999999
46203,176960,13484.8622752184,13420.301860616,10.14,1.67,0.329999999999999
46204,176960,13496.5819856463,13421.5873517622,11.79,1.65,-0.0200000000000014
46205,176960,13509.7828129985,13423.0353010771,13.28,1.49,-0.159999999999998
46206,176960,13523.1725076094,13424.5039665343,13.47,0.190000000000001,-1.3
46207,176960,13533.9375318076,13439.6519406534,13.33,-0.140000000000001,-0.330000000000002
46208,176960,13532.7974294924,13452.8829106371,13.28,-0.0500000000000007,0.0899999999999999
46209,176960,13531.6101090843,13466.6618500102,13.84,0.56,0.610000000000001
46210,176960,13530.4528365536,13480.0920815901,13.47,-0.369999999999999,-0.93
46211,176960,13529.3075831737,13493.3828300527,13.34,-0.130000000000001,0.239999999999998
46212,176960,13528.1279893627,13507.0721017076,13.74,0.4,0.530000000000001
46213,176960,13526.9398104439,13520.8610041605,13.84,0.0999999999999996,-0.300000000000001
46214,176960,13534.4314406745,13534.9007847998,13.42,-0.42,-0.52
46215,176960,13547.1135501266,13538.8742215798,13.29,-0.130000000000001,0.289999999999999
46216,176960,13560.1869059952,13542.9702399308,13.7,0.41,0.540000000000001
46217,176960,13572.3089648888,13547.740584754,13.06,-0.639999999999999,-1.05
46218,176960,13584.1057955633,13552.9983503008,12.91,-0.15,0.489999999999998
46219,176960,13595.9852239753,13557.9236706562,12.86,-0.0500000000000007,0.0999999999999996
46220,176960,13608.7052651288,13563.1975167912,13.77,0.91,0.960000000000001
46221,176960,13621.4160687796,13568.4675329724,13.76,-0.00999999999999979,-0.92
46222,176960,13631.7805467564,13572.7647409342,11.22,-2.54,-2.53
46223,176960,13638.717911249,13575.6410361029,7.51,-3.71,-1.17
46224,176960,13642.6807998872,13577.284086206,4.29,-3.22,0.490000000000001
46225,176960,13650.8902461558,13587.1038719287,6.65,2.36,5.58
46226,176960,13648.8618311499,13595.1006233043,8.24,1.59,-0.77
46227,176960,13646.4277331427,13604.6967249551,9.91,1.67,0.0800000000000001
46228,176960,13643.5682826556,13615.9697211367,11.63,1.72,0.0500000000000007
46229,176960,13640.3695336583,13628.5803557303,13.01,1.38,-0.340000000000002
46230,176960,13637.1953715096,13641.0940600042,12.91,-0.0999999999999996,-1.48
46231,176960,13633.9818704032,13653.7628527896,13.07,0.16,0.26
46232,176960,13635.9887211634,13668.9547675116,13.83,0.76,0.6
46233,176960,13649.3892412889,13671.7058510009,13.68,-0.15,-0.91
46234,176960,13658.5874053224,13673.5942043609,9.38,-4.3,-4.15
46235,176960,13665.2778696834,13674.9677350796,6.84,-2.54,1.76
46236,176960,13669.6565484086,13675.8666636759,4.47,-2.37,0.170000000000001
46237,176960,13671.1748821947,13676.178372697,1.55,-2.92,-0.55
46238,176960,13671.9487426406,13676.3372437465,0.78,-0.77,2.15
46239,176960,13672.0173125535,13676.3513209281,0.08,-0.7,0.07
46240,176960,13672.0662910627,13676.3613760578,0.04,-0.04,0.66
46241,176960,13672.0662910627,13676.3613760578,0,-0.04,0
46242,176960,13672.0662910627,13676.3613760578,0,0,0.04
46243,176960,13672.0662910627,13676.3613760578,0,0,0
46244,176960,13672.0662910627,13676.3613760578,0,0,0
46245,176960,13672.0662910627,13676.3613760578,0,0,0
46246,176960,13672.0662910627,13676.3613760578,0,0,0
46247,176960,13672.0662910627,13676.3613760578,0,0,0
46248,176960,13672.0662910627,13676.3613760578,0,0,0
46249,176960,13672.0662910627,13676.3613760578,0,0,0
46250,176960,13672.0662910627,13676.3613760578,0,0,0
46251,176960,13672.0662910627,13676.3613760578,0,0,0
46252,176960,13672.0662910627,13676.3613760578,0,0,0
46253,176960,13672.0662910627,13676.3613760578,0,0,0
46254,176960,13672.0662910627,13676.3613760578,0,0,0
46255,176960,13672.0662910627,13676.3613760578,0,0,0
46256,176960,13672.0662910627,13676.3613760578,0,0,0
46257,176960,13672.6834202791,13676.4880706921,0.63,0.63,0.63
46258,176960,13674.8482703871,13676.9325074254,2.21,1.58,0.95
46259,176960,13678.864508144,13677.7570280619,4.11,1.9,0.32
46260,176960,13684.2031656501,13678.8530372005,5.45,1.34,-0.56
46261,176960,13701.8243377802,13681.5891275875,6.74,1.29,-0.0499999999999998
46262,176960,13710.1819544626,13682.5263273474,8.41,1.67,0.38
46263,176960,13720.1594183736,13683.6451722451,10.05,1.64,-0.0299999999999994
46264,176960,13732.23373974,13684.9991528732,12.15,2.1,0.459999999999999
46265,176960,13741.5155637368,13686.0399906565,9.34,-2.81,-4.91
46266,176960,13748.4520874518,13686.8178330256,6.97,-2.37,0.44
46267,176960,13755.6469917064,13687.6246494658,7.24,0.27,2.64
46268,176960,13764.6903105898,13688.6387419527,9.1,1.86,1.59
46269,176960,13784.8498804449,13689.1732000471,10.42,1.32,-0.539999999999999
46270,176960,13797.1197202984,13689.1105105904,12.28,1.86,0.539999999999999
46271,176960,13810.9095403132,13689.0400552028,13.79,1.51,-0.35
46272,176960,13823.9893695947,13688.9732273224,13.08,-0.709999999999999,-2.22
46273,176960,13837.4291941776,13688.9045601425,13.44,0.359999999999999,1.07
46274,176960,13850.4790238507,13688.8378855371,13.05,-0.389999999999999,-0.749999999999998
46275,176960,13863.3488558731,13688.7721305813,12.87,-0.180000000000001,0.209999999999997
46276,176960,13876.2886869819,13688.7060179841,12.94,0.0700000000000003,0.250000000000002
46277,176960,13892.2496431581,13685.060121908,13.36,0.42,0.35
46278,176960,13891.9321117998,13671.5738594963,13.49,0.130000000000001,-0.289999999999999
46279,176960,13891.6138742932,13658.0576053966,13.52,0.0299999999999994,-0.100000000000001
46280,176960,13891.6900582923,13634.0504043104,9.21,-4.31,-4.34
46281,176960,13892.3336355242,13627.4480958428,6.66,-2.55,1.76
46282,176960,13892.9411642921,13624.2859274734,3.23,-3.43,-0.879999999999999
46283,176960,13906.1782256529,13616.1010728344,5.48,2.25,5.68
46284,176960,13913.0038740689,13619.5241074044,7.65,2.17,-0.0800000000000005
46285,176960,13921.6610372143,13624.4216614111,9.95,2.3,0.129999999999999
46286,176960,13932.452747073,13630.003909912,12.15,2.2,-0.0999999999999979
46287,176960,13944.376418091,13636.6166853709,13.65,1.5,-0.700000000000001
46288,176960,13957.4199750501,13645.3008388617,15.66,2.01,0.51
46289,176960,13971.7703848763,13654.855070271,17.24,1.58,-0.430000000000001
46290,176960,13988.0912367569,13664.7293437342,19.1,1.86,0.280000000000005
46291,176960,14006.5680490868,13672.959280634,20.28,1.18,-0.680000000000003
46292,176960,14027.6810563712,13678.135846076,21.77,1.49,0.309999999999999
46293,176960,14050.8677434132,13681.5725805747,23.44,1.67,0.180000000000003
46294,176960,14075.0337316571,13685.1544672558,24.43,0.989999999999998,-0.680000000000003
46295,176960,14108.7693176106,13691.4495901297,25.41,0.98,-0.00999999999999801
46296,176960,14131.3782287577,13712.2994744996,26.68,1.27,0.289999999999999
46297,176960,14139.2253992388,13738.5487710015,27.44,0.760000000000002,-0.509999999999998
46298,176960,14147.9051582985,13773.4883259442,27.31,-0.130000000000003,-0.890000000000004
46299,176960,14155.294838286,13800.267441495,27.78,0.470000000000002,0.600000000000005
46300,176960,14180.1792803167,13826.7983697126,24.72,-3.06,-3.53
46301,176960,14192.5286973899,13851.6901585404,21.05,-3.67,-0.609999999999996
46302,176960,14209.5462821378,13883.7288589314,17.16,-3.89,-0.220000000000002
46303,176960,14214.5092330422,13896.5412247676,13.73,-3.43,0.460000000000001
46304,176960,14232.7482008339,13918.6406645333,12.99,-0.74,2.69
46305,176960,14243.8141147105,13925.9063098364,13.24,0.25,0.99
46306,176960,14254.7767406897,13933.7154358445,13.45,0.209999999999999,-0.0400000000000009
46307,176960,14266.1092260601,13941.4315119813,13.71,0.260000000000002,0.0500000000000025
46308,176960,14277.8889931747,13948.4848790301,13.73,0.0199999999999996,-0.240000000000002
46309,176960,14289.90595215,13954.5914002224,13.49,-0.24,-0.26
46310,176960,14302.1009140672,13959.6064254277,13.21,-0.279999999999999,-0.0399999999999991
46311,176960,14314.5743028341,13963.8329455884,13.17,-0.0400000000000009,0.239999999999998
46312,176960,14327.0814630373,13967.1175234524,12.94,-0.23,-0.19
46313,176960,14340.4648777245,13970.0456988758,13.7,0.76,0.99
46314,176960,14353.2778643561,13972.1060861986,12.98,-0.719999999999999,-1.48
46315,176960,14366.5127192152,13973.6655464237,13.34,0.359999999999999,1.08
46316,176960,14380.2779667374,13974.4914160573,13.79,0.449999999999999,0.0899999999999999
46317,176960,14393.2845784281,13975.2717700331,13.03,-0.76,-1.21
