"V1","V2","V3","V4","V5","acceleration","jerk"
56073,180247,13417.2884529662,13366.9087613127,12.89,0.94,0
56074,180247,13430.8677460744,13369.4768732035,13.83,0.94,0
56075,180247,13452.8485297519,13373.0366240878,13.08,-0.75,-1.69
56076,180247,13465.8127209372,13373.8550658462,12.99,-0.0899999999999999,0.66
56077,180247,13479.0663359441,13374.6917792065,13.28,0.289999999999999,0.379999999999999
56078,180247,13492.4097721371,13375.534163064,13.37,0.0899999999999999,-0.199999999999999
56079,180247,13505.344022927,13376.3507146566,12.96,-0.409999999999998,-0.499999999999998
56080,180247,13518.2682935852,13377.1666361939,12.95,-0.0100000000000016,0.399999999999997
56081,180247,13531.4765568828,13376.651968013,13.26,0.31,0.320000000000002
56082,180247,13545.0463538831,13375.483631858,13.61,0.35,0.0399999999999991
56083,180247,13570.1114472793,13364.4893298305,13.28,-0.33,-0.68
56084,180247,13580.8683263187,13356.8216278716,13.21,-0.0699999999999985,0.260000000000002
56085,180247,13591.9264956869,13348.9391606041,13.58,0.369999999999999,0.439999999999998
56086,180247,13602.5205150891,13341.3875480011,13.01,-0.57,-0.94
56087,180247,13613.6356853304,13333.464449459,13.66,0.65,1.22
56088,180247,13624.5635669889,13325.6748536763,13.42,-0.24,-0.890000000000001
56089,180247,13635.4751626837,13317.8968668292,13.4,-0.0199999999999996,0.220000000000001
56090,180247,13646.5532517736,13310.0602009806,13.57,0.17,0.19
56091,180247,13657.5303671251,13302.480059916,13.34,-0.23,-0.4
56092,180247,13668.7049718083,13294.7635444994,13.58,0.24,0.470000000000001
56093,180247,13680.0030073238,13286.9617951128,13.73,0.15,-0.0899999999999999
56094,180247,13691.0870960633,13279.3077846075,13.47,-0.26,-0.41
56134,180247,14190.3969833198,13275.8688979494,13.68,0.00524999999999998,0.00663124999999999
56135,180247,14203.9007662669,13278.0575610384,13.68,0,-0.00524999999999998
56136,180247,14216.6247254912,13280.1198320339,12.88,-0.799999999999999,-0.799999999999999
56137,180247,14232.0680786905,13282.7188005758,13.73,0.85,1.65
56138,180247,14244.6573420819,13284.6064836163,12.73,-1,-1.85
56139,180247,14257.5432888212,13286.5386525101,13.02,0.289999999999999,1.29
56140,180247,14270.8940394719,13288.5405159074,13.5,0.48,0.190000000000001
56141,180247,14284.4623579111,13290.5750022637,13.73,0.23,-0.25
56142,180247,14297.6054302184,13292.5457255636,13.28,-0.450000000000001,-0.680000000000001
56143,180247,14311.3220903314,13294.6024548466,13.87,0.59,1.04
56144,180247,14324.9142337259,13296.983139114,13.8,-0.0699999999999985,-0.659999999999998
56145,180247,14338.3364233036,13299.4109832072,13.63,-0.17,-0.100000000000001
56146,180247,14351.0205892608,13301.7053314742,12.89,-0.74,-0.57
56147,180247,14364.344375689,13304.1153761239,13.54,0.649999999999999,1.39
56148,180247,14377.1367851106,13306.4293037788,13.01,-0.529999999999999,-1.18
56149,180247,14390.4113699642,13308.8304487068,13.49,0.48,1.01
56150,180247,14403.3513841098,13311.1710755268,13.14,-0.35,-0.83
