"V1","V2","V3","V4","V5","acceleration","jerk"
60711,181970,14349.6554871075,14260.86822933,18.87,-0.310000000000002,0
60712,181970,14350.9647086814,14242.354463131,18.56,-0.310000000000002,0
60713,181970,14352.5228477212,14223.0498090988,19.38,0.82,1.13
60714,181970,14354.5097885744,14204.5864137976,18.57,-0.809999999999999,-1.63
60715,181970,14356.5887471516,14185.2679554939,19.42,0.850000000000001,1.66
60716,181970,14358.6495161787,14166.118521272,19.26,-0.16,-1.01
60717,181970,14360.6076618436,14146.9282340494,19.3,0.0399999999999991,0.199999999999999
60718,181970,14362.5330945132,14127.8149714018,19.2,-0.100000000000001,-0.140000000000001
60719,181970,14364.4745641026,14108.5425144792,19.37,0.170000000000002,0.270000000000003
60720,181970,14366.4020013872,14089.4093525473,19.23,-0.140000000000001,-0.310000000000002
60721,181970,14368.2883440651,14070.6841259451,18.82,-0.41,-0.27
60722,181970,14369.9516798051,14051.5196517759,19.24,0.419999999999998,0.829999999999998
60723,181970,14371.0687172992,14033.0534061576,18.5,-0.739999999999998,-1.16
60724,181970,14372.2153411918,14014.0980545742,18.99,0.489999999999998,1.23
60725,181970,14372.5492623802,13992.0427813022,18.82,-0.169999999999998,-0.659999999999997
60726,181970,14372.0828043627,13971.8581704088,20.2,1.38,1.55
60727,181970,14371.5786877732,13950.0439945943,21.82,1.62,0.240000000000002
60728,181970,14371.0438436372,13926.9001737829,23.14,1.32,-0.300000000000001
60729,181970,14370.5205512103,13904.2562195117,22.65,-0.490000000000002,-1.81
60730,181970,14370.0818172949,13885.2712883148,18.99,-3.66,-3.17
60731,181970,14373.7608416935,13856.8408448508,17.01,-1.98,1.68
60732,181970,14373.0054776785,13825.5431958879,14.69,-2.32,-0.340000000000005
60733,181970,14372.1266516757,13798.170040046,14.61,-0.0800000000000001,2.24
60734,181970,14375.0705881276,13783.4441279816,14.65,0.0400000000000009,0.120000000000001
60735,181970,14374.689755174,13767.3286271746,16.12,1.47,1.43
60736,181970,14375.2986601775,13749.79422355,17.54,1.42,-0.0500000000000025
60737,181970,14376.1435740735,13730.8330389745,18.98,1.44,0.0200000000000031
60738,181970,14376.2061000839,13700.200109256,20.46,1.48,0.0399999999999991
60739,181970,14373.4409735873,13678.7072505476,21.67,1.21,-0.27
60740,181970,14370.5316572918,13656.0936290178,22.8,1.13,-0.0800000000000018
60741,181970,14367.5023955,13632.5476915127,23.75,0.949999999999999,-0.18
60742,181970,14364.3238398456,13607.8413181659,24.9,1.15,0.199999999999999
60743,181970,14356.1606379114,13582.4719247363,26.27,1.37,0.220000000000002
60744,181970,14347.989840028,13549.8087591747,27.29,1.02,-0.350000000000001
60745,181970,14337.9569667852,13513.7232125134,27.34,0.0500000000000007,-0.969999999999999
60746,181970,14332.8267714317,13487.4948869028,26.76,-0.579999999999998,-0.629999999999999
60747,181970,14328.7627525486,13453.4043299246,24.55,-2.21,-1.63
60748,181970,14327.7774719864,13413.4843940666,23.93,-0.620000000000001,1.59
60749,181970,14329.1846780109,13381.998148953,22.84,-1.09,-0.469999999999999
60750,181970,14330.0232924029,13360.1542407426,21.86,-0.98,0.109999999999999
60751,181970,14330.7864847907,13343.8131658501,16.35,-5.51,-4.53
60752,181970,14331.599479749,13330.938809975,12.91,-3.44,2.07
60753,181970,14331.9551270405,13322.4778209545,8.47,-4.44,-0.999999999999998
60754,181970,14332.0839041673,13317.1293756137,5.35,-3.12,1.32
60755,181970,14332.1357630178,13314.7199336327,2.41,-2.94,0.180000000000001
60756,181970,14332.166749219,13313.2802670549,1.44,-0.97,1.97
60757,181970,14332.1880522323,13312.2904962826,0.99,-0.45,0.52
60758,181970,14332.189558506,13312.2205124906,0.07,-0.92,-0.47
60759,181970,14332.19,13312.2,0.04,-0.03,0.89
60760,181970,14332.0950764719,13310.6331539944,1.43,1.39,1.42
60761,181970,14331.8733669727,13307.3005206665,3.34,1.91,0.52
60762,181970,14331.514914489,13301.912430855,5.41,2.07,0.16
60763,181970,14331.0549004682,13294.9977155969,6.93,1.52,-0.550000000000001
60764,181970,14330.4442036441,13285.8180070291,9.19,2.26,0.74
60765,181970,14329.7581384801,13275.0499234667,10.8,1.61,-0.649999999999999
