"V1","V2","V3","V4","V5","acceleration","jerk"
72587,182853,14213.2762893767,13275.5580552247,4.64,0.0500000000000007,0
72588,182853,14217.8291414775,13276.683949424,4.69,0.0500000000000007,0
72589,182853,14226.8914267477,13278.6091207783,6.11,1.42,1.37
72590,182853,14235.0897765917,13279.8384131904,8.29,2.18,0.759999999999999
72591,182853,14245.3945782051,13281.3835551607,10.42,2.13,-0.049999999999998
72592,182853,14256.8960026546,13283.1081234059,11.63,1.21,-0.92
72593,182853,14269.5149343808,13285.0002550317,12.76,1.13,-0.0800000000000018
72594,182853,14283.2414839388,13287.0584671765,13.89,1.13,1.77635683940025e-15
72595,182853,14296.5230084751,13289.0499505413,13.43,-0.460000000000001,-1.59
72596,182853,14309.586965223,13291.008810947,13.21,-0.219999999999999,0.240000000000002
72597,182853,14322.8753568727,13293.2652284779,13.48,0.27,0.489999999999998
72598,182853,14336.5043271731,13295.7297098737,13.85,0.369999999999999,0.0999999999999996
72599,182853,14349.5822344145,13298.0945443682,13.29,-0.56,-0.93
72600,182853,14362.6404608323,13300.4558200449,13.27,-0.0199999999999996,0.540000000000001
72601,182853,14375.915176309,13302.8562427185,13.49,0.220000000000001,0.24
72602,182853,14388.9930835504,13305.221077213,13.29,-0.200000000000001,-0.420000000000002
72603,182853,14402.3268414977,13307.6321763403,13.55,0.260000000000002,0.460000000000003
