"V1","V2","V3","V4","V5","acceleration","jerk"
59484,"186072#1",13688.0007013772,14269.9029686851,13.8,-0.520000000000001,0
59485,"186072#1",13682.5505841109,14254.6811649717,13.28,-0.520000000000001,0
59486,"186072#1",13674.90066625,14246.2325877541,11.63,-1.65,-1.13
59487,"186072#1",13667.9882695129,14242.8361443124,7.71,-3.92,-2.27
59488,"186072#1",13664.0065153668,14241.160425386,4.31,-3.4,0.52
59489,"186072#1",13663.5541764949,14236.0654111869,6.35,2.04,5.44
59490,"186072#1",13671.3268615693,14235.5463093342,7.79,1.44,-0.6
59491,"186072#1",13677.5330363014,14235.1318274955,6.22,-1.57,-3.01
59492,"186072#1",13681.2447678132,14234.8839380356,3.72,-2.5,-0.929999999999999
59493,"186072#1",13681.569358162,14224.0553153323,5.63,1.91,4.41
59494,"186072#1",13674.9931692623,14207.1263000402,7.34,1.71,-0.2
59495,"186072#1",13672.6017560943,14198.5639847541,8.9,1.56,-0.149999999999999
59496,"186072#1",13669.8498824488,14188.7110617645,10.23,1.33,-0.23
59497,"186072#1",13666.7483083399,14177.6060566745,11.53,1.3,-0.0300000000000011
59498,"186072#1",13663.3293138106,14165.3645462935,12.71,1.18,-0.119999999999997
59499,"186072#1",13659.7031890069,14152.3814180531,13.48,0.77,-0.410000000000002
59500,"186072#1",13656.3647976182,14138.975215666,13.72,0.24,-0.529999999999999
59501,"186072#1",13650.3113074936,14116.956913974,13.07,-0.65,-0.890000000000001
59502,"186072#1",13648.6896754842,14094.5700017552,12.87,-0.200000000000001,0.449999999999999
59503,"186072#1",13648.5464558243,14081.3307763954,13.24,0.370000000000001,0.570000000000002
59504,"186072#1",13648.4147023909,14069.1514890175,12.19,-1.05,-1.42
59505,"186072#1",13648.2748360614,14056.2222455203,12.92,0.73,1.78
59506,"186072#1",13646.9574391384,14043.2589457244,13.11,0.19,-0.540000000000001
59507,"186072#1",13644.0651670234,14031.2421091185,12.36,-0.75,-0.94
59508,"186072#1",13641.0020730117,14018.5155402535,13.09,0.73,1.48
59509,"186072#1",13638.0302400133,14006.1681434173,12.71,-0.379999999999999,-1.11
59510,"186072#1",13635.7991832945,13988.6052468053,12.98,0.27,0.649999999999999
59511,"186072#1",13639.4490407966,13974.7581915149,14.33,1.35,1.08
59512,"186072#1",13643.5525817032,13959.1899240446,16.1,1.77,0.420000000000002
59513,"186072#1",13647.3120368817,13944.9270703063,14.75,-1.35,-3.12
59514,"186072#1",13650.9873822154,13930.9833177024,14.42,-0.33,1.02
59515,"186072#1",13658.501147976,13911.2006179194,15.91,1.49,1.82
59516,"186072#1",13664.8803493468,13875.6973892288,17.71,1.8,0.31
59517,"186072#1",13665.3434492735,13854.4982254799,18.88,1.17,-0.630000000000003
59518,"186072#1",13666.9199176826,13834.249500894,20.3,1.42,0.250000000000004
59519,"186072#1",13668.5227769957,13813.6618020905,20.65,0.349999999999998,-1.07
59520,"186072#1",13669.7540552326,13793.6012222331,17.01,-3.64,-3.98999999999999
59521,"186072#1",13670.100984304,13778.8352972631,14.77,-2.24,1.4
59522,"186072#1",13670.4046940462,13765.9088646387,12.92,-1.85,0.390000000000002
59523,"186072#1",13671.4590363436,13748.015755343,11.84,-1.08,0.77
59524,"186072#1",13675.7499622534,13726.7310289838,9.16,-2.68,-1.6
59525,"186072#1",13676.9798310035,13718.4619889635,8.36,-0.800000000000001,1.88
59526,"186072#1",13677.9360686681,13712.0327114358,6.5,-1.86,-1.06
59527,"186072#1",13679.3563273534,13704.4745063278,7.72,1.22,3.08
59528,"186072#1",13681.9262568315,13699.1969725782,5.88,-1.84,-3.06
59529,"186072#1",13689.119436636,13660.426215064,7.72,1.84,3.68
59530,"186072#1",13688.5573445186,13650.9128059773,9.53,1.81,-0.0300000000000002
59531,"186072#1",13688.2242256671,13643.0524541713,7.89,-1.64,-3.45
59532,"186072#1",13689.1760145286,13636.7135112023,6.41,-1.48,0.16
59533,"186072#1",13689.9644698881,13631.4623743591,5.31,-1.1,0.379999999999999
59534,"186072#1",13690.5242583449,13627.7341660919,3.76,-1.55,-0.449999999999999
59535,"186072#1",13690.9221981497,13625.0838748038,2.68,-1.08,0.47
59536,"186072#1",13691.2696530539,13622.7698145001,2.35,-0.33,0.75
59537,"186072#1",13691.5799867077,13620.7029828612,2.09,-0.26,0.0699999999999998
59538,"186072#1",13691.9140779617,13618.4779248768,2.25,0.16,0.42
59539,"186072#1",13692.182835815,13616.6879893427,1.82,-0.43,-0.59
59540,"186072#1",13692.430805768,13615.0365018609,1.67,-0.15,0.28
59541,"186072#1",13692.7233212215,13613.0883399812,1.96,0.29,0.44
59542,"186072#1",13692.9802002746,13611.3775176199,1.73,-0.23,-0.52
59543,"186072#1",13693.262321778,13609.4985797664,1.9,0.17,0.4
59544,"186072#1",13693.5637463317,13607.4910830071,2.04,0.14,-0.0299999999999998
59545,"186072#1",13693.8265647848,13605.7407040594,1.77,-0.27,-0.41
59546,"186072#1",13694.1250196384,13603.7529855933,2.01,0.24,0.51
59547,"186072#1",13694.4308987421,13601.7158213943,2.06,0.0500000000000003,-0.19
59548,"186072#1",13694.7457425843,13599.7512243794,2,-0.0600000000000001,-0.11
59549,"186072#1",13695.1695891766,13597.58224903,2.2,0.2,0.26
59550,"186072#1",13695.6164500637,13595.2955012635,2.34,0.14,-0.0600000000000005
59551,"186072#1",13696.0134466457,13593.2639270675,2.06,-0.28,-0.419999999999999
59552,"186072#1",13696.4066075119,13591.2519816077,2.06,0,0.28
59553,"186072#1",13696.736479068,13589.5639102951,1.72,-0.34,-0.34
59554,"186072#1",13697.083611345,13587.7875096696,1.81,0.0900000000000001,0.43
59555,"186072#1",13697.4249900484,13586.0405521484,1.78,-0.03,-0.12
59556,"186072#1",13697.8334937777,13583.9500917438,2.12,0.34,0.37
59557,"186072#1",13698.2419975071,13581.8596313392,2.13,0.00999999999999979,-0.33
59558,"186072#1",13698.5948833577,13580.0537876094,1.84,-0.29,-0.3
59559,"186072#1",13698.9733000259,13578.4905482079,1.61,-0.23,0.0599999999999998
59560,"186072#1",13699.4666123184,13576.7906826303,1.77,0.16,0.39
59561,"186072#1",13699.9236926347,13575.2156659369,1.64,-0.13,-0.29
59562,"186072#1",13700.3919212513,13573.6022342022,1.68,0.04,0.17
59563,"186072#1",13700.9409750458,13571.710293418,1.97,0.29,0.25
59564,"186072#1",13701.4092036624,13570.0968616833,1.67,-0.3,-0.59
59565,"186072#1",13701.9387479312,13568.2721472214,1.9,0.23,0.53
59566,"186072#1",13702.4153377732,13566.6299042057,1.71,-0.19,-0.42
59567,"186072#1",13702.8445473384,13565.1509251156,1.53,-0.18,0.01
59568,"186072#1",13703.3072018049,13563.5567009015,1.66,0.13,0.31
59569,"186072#1",13703.8200236231,13561.7896090016,1.84,0.18,0.0500000000000003
59570,"186072#1",13704.2603814887,13560.2722148702,1.59,-0.25,-0.43
59571,"186072#1",13704.7007393544,13558.7548207387,1.58,-0.01,0.24
59572,"186072#1",13705.2135611726,13556.9877288388,1.84,0.26,0.27
59573,"186072#1",13705.6650673386,13555.431919666,1.63,-0.21,-0.47
59574,"186072#1",13706.1806762319,13553.6552240058,1.85,0.22,0.43
59575,"186072#1",13706.6572660739,13552.0129809901,1.7,-0.15,-0.37
59576,"186072#1",13707.1645137419,13550.2650966108,1.82,0.12,0.27
59577,"186072#1",13707.6912709356,13548.4499859093,1.89,0.0699999999999998,-0.0500000000000003
59578,"186072#1",13708.2208152044,13546.6252714474,1.9,0.01,-0.0599999999999998
59579,"186072#1",13708.772656074,13544.7237269029,1.98,0.0800000000000001,0.0700000000000001
59580,"186072#1",13709.3663030701,13542.6781259536,2.13,0.15,0.0699999999999998
59581,"186072#1",13709.9125697895,13540.7957889297,1.96,-0.17,-0.32
59582,"186072#1",13713.8450504299,13539.0580052698,1.64,-0.32,-0.15
59583,"186072#1",13714.3106852023,13537.4542333849,1.67,0.03,0.35
59584,"186072#1",13715.7908574924,13534.0870975674,3.7,2.03,2
59585,"186072#1",13717.2255410125,13531.4866008462,2.97,-0.73,-2.76
59586,"186072#1",13719.0563324405,13528.1681218652,3.79,0.82,1.55
59587,"186072#1",13721.6938314371,13523.3874107211,5.47,1.68,0.86
59588,"186072#1",13724.6308266566,13518.0638349416,6.08,0.61,-1.07
59589,"186072#1",13726.6789943756,13514.3513413059,4.24,-1.84,-2.45
59590,"186072#1",13751.6946712892,13516.0110764823,5.58,1.34,3.18
59591,"186072#1",13758.1975436707,13520.2820308007,7.79,2.21,0.87
59592,"186072#1",13769.6702817056,13524.9733098736,9.98,2.19,-0.0199999999999996
59593,"186072#1",13780.6019957816,13530.6587580749,11.87,1.89,-0.300000000000002
59594,"186072#1",13790.2762631476,13539.6979035506,13.24,1.37,-0.519999999999998
59595,"186072#1",13801.4852282463,13548.7926640331,14.45,1.21,-0.160000000000002
59596,"186072#1",13814.3722485091,13558.6092168264,16.2,1.75,0.540000000000001
59597,"186072#1",13828.4366014874,13569.3225904922,17.68,1.48,-0.27
59598,"186072#1",13840.7429406285,13578.4072173528,15.3,-2.38,-3.86
59599,"186072#1",13851.7991105577,13586.0312587021,13.43,-1.87,0.509999999999998
59600,"186072#1",13863.010072597,13591.4421178711,12.48,-0.949999999999999,0.920000000000002
59601,"186072#1",13873.5528413692,13596.1101931294,11.53,-0.950000000000001,-1.77635683940025e-15
59602,"186072#1",13909.0014608632,13617.3322279616,12.94,1.41,2.36
59603,"186072#1",13920.1333219092,13623.6314171789,12.8,-0.139999999999999,-1.55
59604,"186072#1",13930.7473904534,13629.1217768156,11.95,-0.850000000000001,-0.710000000000003
59605,"186072#1",13941.0594687628,13634.4559253831,11.6,-0.35,0.500000000000002
59606,"186072#1",13951.8263118232,13641.5766836953,12.91,1.31,1.66
59607,"186072#1",13963.4464812648,13649.3131727018,13.96,1.05,-0.26
59608,"186072#1",13976.231997212,13657.8255273681,15.36,1.4,0.349999999999998
59609,"186072#1",13990.5776663504,13666.0384533082,16.55,1.19,-0.209999999999997
59610,"186072#1",14006.6717870258,13672.9958653304,17.58,1.03,-0.160000000000004
59611,"186072#1",14024.0955144696,13677.4673970732,18.01,0.430000000000003,-0.599999999999994
59612,"186072#1",14041.1439749139,13680.131322037,17.26,-0.75,-1.18
59613,"186072#1",14056.2687379204,13682.373116853,15.29,-1.97,-1.22
59614,"186072#1",14070.889012429,13684.5401363023,14.78,-0.51,1.46
59615,"186072#1",14085.5785304569,13686.7174190372,14.86,0.0800000000000001,0.59
59616,"186072#1",14098.9193612083,13688.9552767843,13.53,-1.33,-1.41
59617,"186072#1",14119.0914066917,13696.10332954,12.54,-0.99,0.34
59618,"186072#1",14129.9806903445,13708.884363025,11.66,-0.879999999999999,0.110000000000001
59619,"186072#1",14133.5715004706,13718.2996551857,10.08,-1.58,-0.700000000000001
59620,"186072#1",14136.6808231832,13727.8779681874,10.08,0,1.58
59621,"186072#1",14138.7591642459,13736.5935919991,8.97,-1.11,-1.11
59622,"186072#1",14140.7887941901,13745.1049433777,8.75,-0.220000000000001,0.889999999999999
59623,"186072#1",14142.6421362762,13752.8770230937,7.99,-0.76,-0.539999999999999
59624,"186072#1",14146.6070431675,13768.7841472585,7.7,-0.29,0.47
59625,"186072#1",14148.2775683771,13774.8378854032,6.28,-1.42,-1.13
59626,"186072#1",14150.105037834,13781.4603664628,6.87,0.59,2.01
59627,"186072#1",14151.9936889467,13788.304560862,7.1,0.23,-0.36
59628,"186072#1",14153.1055990384,13792.3339598182,4.17,-2.93,-3.16
59629,"186072#1",14154.512777121,13797.4333666311,5.29,1.12,4.05
59630,"186072#1",14155.5156242611,13801.06753746,3.77,-1.52,-2.64
59631,"186072#1",14164.4679481903,13817.1832543824,5.47,1.7,3.22
59632,"186072#1",14167.6409208021,13819.1250692048,3.72,-1.75,-3.45
59633,"186072#1",14170.148592705,13820.6597293064,2.94,-0.78,0.969999999999999
59634,"186072#1",14171.9483164177,13821.7611350255,2.12,-0.82,-0.0399999999999996
59635,"186072#1",14173.61156819,13822.7790218276,1.94,-0.18,0.64
59636,"186072#1",14174.5156947945,13823.3323346533,1.06,-0.88,-0.7
59637,"186072#1",14175.6330588056,13824.016145787,1.31,0.25,1.13
59638,"186072#1",14176.7930702981,13824.7260565823,1.35,0.04,-0.21
59639,"186072#1",14178.601323507,13825.8326822337,2.12,0.77,0.73
59640,"186072#1",14179.4542731339,13826.3546754656,1,-1.12,-1.89
59641,"186072#1",14180.6228141227,13827.0698061932,1.37,0.37,1.49
59642,"186072#1",14180.9895824622,13827.2942632829,0.43,-0.94,-1.31
59643,"186072#1",14181.8937090667,13827.8475761086,1.07,0.64,1.58
59644,"186072#1",14183.3437234323,13828.7349646027,1.7,0.63,-0.0100000000000002
59645,"186072#1",14183.9919651487,13829.1316794589,0.77,-0.93,-1.56
59646,"186072#1",14185.1263881524,13829.8259304572,1.33,0.56,1.49
59647,"186072#1",14186.3972830964,13830.6037003726,1.49,0.16,-0.4
59648,"186072#1",14185.6556801333,13841.0296682881,1.07,-0.42,-0.58
59649,"186072#1",14186.3363874929,13842.0300369655,1.21,0.14,0.56
59650,"186072#1",14187.4896520278,13843.7248764601,2.06,0.85,0.71
59651,"186072#1",14188.1422309841,13844.6839075888,1.16,-0.9,-1.75
59652,"186072#1",14188.5135259075,13845.229563231,0.66,-0.5,0.4
59653,"186072#1",14189.1379764605,13846.147256811,1.11,0.45,0.95
59654,"186072#1",14189.5148970646,13846.7011799629,0.67,-0.44,-0.89
59655,"186072#1",14190.1998412838,13847.7580688623,1.26,0.59,1.03
59656,"186072#1",14190.7298216668,13848.6528988985,1.04,-0.22,-0.81
59657,"186072#1",14191.448352763,13849.8660819283,1.41,0.37,0.59
59658,"186072#1",14191.7286308502,13850.3393093512,0.55,-0.86,-1.23
59659,"186072#1",14192.0955403461,13850.9588070686,0.73,0.18,1.04
59660,"186072#1",14192.7580158249,13852.0773446138,1.3,0.57,0.39
59661,"186072#1",14193.2523244513,13852.9119457052,0.97,-0.33,-0.9
59662,"186072#1",14193.8077846605,13853.8497964162,1.09,0.12,0.45
59663,"186072#1",14194.3734368,13854.8048553971,1.11,0.02,-0.1
59664,"186072#1",14194.602755235,13855.1920414704,0.46,-0.65,-0.67
59665,"186072#1",14202.3305351717,13862.9656043162,0.79,0.33,0.98
59666,"186072#1",14202.687129651,13863.8028261371,0.91,0.12,-0.21
59667,"186072#1",14206.6099653276,13874.0270933138,1.24,0.33,0.21
59668,"186072#1",14206.7390601534,13874.4686072161,0.46,-0.78,-1.11
59669,"186072#1",14207.1852792252,13875.9947096176,1.59,1.13,1.91
59670,"186072#1",14207.6062406136,13877.4344288644,1.5,-0.0900000000000001,-1.22
59671,"186072#1",14207.9149456318,13878.4902229787,1.1,-0.4,-0.31
59672,"186072#1",14208.4509697998,13880.3234654862,1.91,0.81,1.21
59673,"186072#1",14208.7203850884,13881.2448858041,0.96,-0.95,-1.76
59674,"186072#1",14209.2753787041,13883.029493984,1.87,0.91,1.86
59675,"186072#1",14209.791901251,13884.362949817,1.43,-0.44,-1.35
59676,"186072#1",14210.4745779037,13886.1253494845,1.88,0.45,0.89
59677,"186072#1",14211.3414688914,13888.3633173161,2.41,0.53,0.0800000000000003
59678,"186072#1",14212.3239453441,13890.8996808586,2.71,0.3,-0.23
59679,"186072#1",14212.8585281198,13892.2797610215,1.48,-1.23,-1.53
59680,"186072#1",14213.6495661461,13894.3219066679,2.19,0.71,1.94
59681,"186072#1",14214.5417414542,13896.6251485613,2.47,0.28,-0.43
59682,"186072#1",14215.2966590226,13898.574045548,2.09,-0.38,-0.660000000000001
59683,"186072#1",14216.3831208288,13900.9730394711,2.65,0.56,0.94
59684,"186072#1",14227.0780057794,13914.9785083319,1.41,-1.24,-1.8
59685,"186072#1",14228.2456459462,13915.7326412386,1.39,-0.02,1.22
59686,"186072#1",14229.0100722424,13916.2263541487,0.91,-0.48,-0.46
59687,"186072#1",14229.9257037401,13916.8177245575,1.09,0.18,0.66
59688,"186072#1",14230.9337384165,13917.4687745489,1.2,0.11,-0.0700000000000002
59689,"186072#1",14232.5129927428,13918.4887528687,1.88,0.68,0.57
59690,"186072#1",14233.7982369551,13919.3188416077,1.53,-0.35,-1.03
59691,"186072#1",14234.7726704756,13919.9481899327,1.16,-0.37,-0.0200000000000002
59692,"186072#1",14235.6379002395,13920.5070078419,1.04,-0.12,0.25
59693,"186072#1",14236.7047369386,13921.1960357494,1.26,0.22,0.34
59694,"186072#1",14237.695971037,13921.8362349076,1.18,-0.0800000000000001,-0.3
59695,"186072#1",14238.3847947325,13922.2811190684,0.82,-0.36,-0.28
59696,"186072#1",14238.8468106259,13922.5795169811,0.55,-0.27,0.0900000000000001
59697,"186072#1",14239.4768322986,13922.9864232257,0.76,0.21,0.48
59698,"186072#1",14240.19925715,13923.4530090529,0.86,0.1,-0.11
59699,"186072#1",14240.7704767999,13923.8219373813,0.68,-0.18,-0.28
59700,"186072#1",14241.0560866249,13924.0064015455,0.34,-0.34,-0.16
59701,"186072#1",14241.7869117653,13924.4784127893,0.87,0.53,0.87
59702,"186072#1",14242.1719291243,13924.7300332957,0.45,-0.42,-0.95
59703,"186072#1",14242.9279848645,13925.2715863565,0.93,0.48,0.9
59704,"186072#1",14243.7978554473,13925.894663534,1.07,0.14,-0.34
59705,"186072#1",14244.6108186088,13926.4769786532,1,-0.0700000000000001,-0.21
59706,"186072#1",14245.6188929291,13927.199049401,1.24,0.24,0.31
59707,"186072#1",14246.1717078789,13927.5950236821,0.68,-0.56,-0.8
59708,"186072#1",14246.8139487765,13928.0550526262,0.79,0.11,0.67
59709,"186072#1",14247.9358379393,13928.8586474907,1.39,0.6,0.49
59710,"186072#1",14248.5943381002,13929.3303227372,0.81,-0.58,-1.18
59711,"186072#1",14249.3178753139,13929.8485831933,0.89,0.08,0.66
59712,"186072#1",14250.5779682142,13930.7511716281,1.55,0.66,0.58
59713,"186072#1",14251.3746721125,13931.3218404449,0.98,-0.57,-1.23
59714,"186072#1",14252.5859872232,13932.1894899725,1.49,0.51,1.08
59715,"186072#1",14254.2312282477,13933.343930561,2.02,0.53,0.02
59716,"186072#1",14256.1570524747,13934.655456789,2.33,0.31,-0.22
59717,"186072#1",14257.7192017404,13935.719312828,1.89,-0.44,-0.75
59718,"186072#1",14260.5128866705,13937.6218701887,3.38,1.49,1.93
59719,"186072#1",14262.9759579995,13939.2992728322,2.98,-0.4,-1.89
59720,"186072#1",14266.2293402186,13941.5034326941,3.93,0.95,1.35
59721,"186072#1",14268.5115092299,13942.8699262374,2.67,-1.26,-2.21
59722,"186072#1",14271.7202731781,13944.7912367081,3.74,1.07,2.33
59723,"186072#1",14274.8604004643,13946.6714496286,3.65,-0.0900000000000003,-1.16
59724,"186072#1",14278.1463806572,13948.6389948433,3.84,0.19,0.28
59725,"186072#1",14281.4684644545,13950.5394375637,3.82,-0.02,-0.21
59726,"186072#1",14285.6150930228,13952.5307867336,4.6,0.78,0.8
59727,"186072#1",14288.4005456915,13953.8684538933,3.1,-1.5,-2.28
59728,"186072#1",14291.7809494157,13955.4918363688,3.75,0.65,2.15
59729,"186072#1",14295.6030592265,13957.327340821,4.24,0.49,-0.16
59730,"186072#1",14298.8618108339,13958.5088780511,3.47,-0.77,-1.26
59731,"186072#1",14301.8262532667,13959.5133585449,3.13,-0.34,0.43
59732,"186072#1",14306.0124627086,13960.931826207,4.42,1.29,1.63
59733,"186072#1",14310.3407380818,13962.398431912,4.57,0.15,-1.14
59734,"186072#1",14313.4472464459,13963.4510504486,3.28,-1.29,-1.44
59735,"186072#1",14316.5916390584,13964.5165057966,3.33,0.0500000000000003,1.34
59736,"186072#1",14319.9892301446,13965.5658042134,3.56,0.23,0.18
59737,"186072#1",14323.3106615268,13966.2925046834,3.4,-0.16,-0.39
59738,"186072#1",14325.3035203562,13966.7285249654,2.04,-1.36,-1.2
59739,"186072#1",14327.0033117106,13967.1004246178,1.74,-0.3,1.06
59740,"186072#1",14329.5334609106,13967.6539993876,2.59,0.85,1.15
59741,"186072#1",14332.6204383129,13968.3294033539,3.16,0.57,-0.28
59742,"186072#1",14334.0173932766,13968.6350450221,1.43,-1.73,-2.3
59743,"186072#1",14336.5573113924,13969.1907571463,2.6,1.17,2.9
59744,"186072#1",14337.9151906928,13969.4878493973,1.39,-1.21,-2.38
59745,"186072#1",14339.7322090372,13969.8853973015,1.86,0.47,1.68
59746,"186072#1",14342.2182459886,13970.4028711313,2.54,0.68,0.21
59747,"186072#1",14344.3530784885,13970.7316418682,2.16,-0.38,-1.06
59748,"186072#1",14345.9937367986,13970.9843082678,1.65,-0.51,-0.13
59749,"186072#1",14348.1681032337,13971.3191673516,2.2,0.55,1.06
59750,"186072#1",14350.2535183146,13971.6403276548,2.11,-0.0900000000000003,-0.640000000000001
59751,"186072#1",14351.6668564974,13971.8579860593,1.43,-0.68,-0.59
59752,"186072#1",14352.6354379094,13972.0071505602,0.97,-0.46,0.22
59753,"186072#1",14354.8691052472,13972.3511421645,2.26,1.29,1.75
59754,"186072#1",14356.1045407217,13972.5414030076,1.25,-1.01,-2.3
59755,"186072#1",14357.5870632911,13972.7697160193,1.5,0.25,1.26
59756,"186072#1",14358.654479541,13972.9341013878,1.08,-0.42,-0.67
59757,"186072#1",14360.6114093326,13973.2354745632,1.98,0.9,1.32
59758,"186072#1",14361.9808683268,13973.3936502572,1.38,-0.6,-1.5
59759,"186072#1",14364.0172066114,13973.5158238651,2.03,0.65,1.25
59760,"186072#1",14366.0735089969,13973.6391952534,2.07,0.04,-0.61
59761,"186072#1",14368.7686626089,13973.8008956168,2.7,0.63,0.59
59762,"186072#1",14370.2759522216,13973.8913280422,1.51,-1.19,-1.82
59763,"186072#1",14371.992864893,13973.9943371626,1.71,0.2,1.39
59764,"186072#1",14373.7696698668,13974.1009396243,1.78,0.0700000000000001,-0.13
59765,"186072#1",14375.2070851266,13974.1871798181,1.44,-0.34,-0.41
59766,"186072#1",14375.8758825044,13974.2273054638,0.67,-0.77,-0.43
59767,"186072#1",14378.3015207552,13974.3728357909,2.43,1.76,2.53
59768,"186072#1",14380.1082718803,13974.4812349233,1.81,-0.62,-2.38
59769,"186072#1",14381.5057589384,13974.5650795562,1.4,-0.41,0.21
59770,"186072#1",14383.9713253909,13974.7130054442,2.47,1.07,1.48
59771,"186072#1",14385.8379688185,13974.824997918,1.87,-0.6,-1.67
59772,"186072#1",14387.7345583974,13974.9387870626,1.9,0.0299999999999998,0.63
59773,"186072#1",14388.7926557414,13975.0022694275,1.06,-0.84,-0.87
59774,"186072#1",14389.9006633374,13975.0687462435,1.12,0.0600000000000001,0.9
59775,"186072#1",14391.64752216,13975.1735520346,1.75,0.63,0.57
59776,"186072#1",14394.1130886125,13975.3214779226,2.47,0.72,0.0900000000000003
59777,"186072#1",14396.2292833005,13975.4484426523,2.12,-0.35,-1.07
59778,"186072#1",14397.8563575181,13975.5460617606,1.63,-0.49,-0.14
59779,"186072#1",14399.5333419879,13975.64667532,1.68,0.05,0.54
59780,"186072#1",14402.0288545916,13975.7963978787,2.5,0.82,0.77
59781,"186072#1",14403.625982658,13975.8922203162,1.6,-0.9,-1.72
