"V1","V2","V3","V4","V5","acceleration","jerk"
54617,187024,14344.4587795227,13289.4081755176,22.85,1.31,0
54618,187024,14344.4552707011,13313.8797917521,24.16,1.31,0
54619,187024,14344.1201652266,13339.3746374483,25.52,1.36,0.0500000000000007
54620,187024,14343.2994688486,13365.9771739831,26.62,1.1,-0.259999999999998
54621,187024,14342.4664444056,13393.3244895786,27.36,0.739999999999998,-0.360000000000003
54622,187024,14340.1000301921,13433.3988731813,27.4,0.0399999999999991,-0.699999999999999
54623,187024,14343.8258501477,13460.0574012439,27.11,-0.289999999999999,-0.329999999999998
54624,187024,14346.8403473158,13487.1847108355,27.31,0.199999999999999,0.489999999999998
54625,187024,14352.5951346681,13513.7214221569,27.17,-0.139999999999997,-0.339999999999996
54626,187024,14360.2445689994,13540.3824975408,27.74,0.569999999999997,0.709999999999994
54627,187024,14367.7868048722,13567.0078951918,27.68,-0.0599999999999987,-0.629999999999995
54628,187024,14373.8790171396,13593.4758106686,27.15,-0.530000000000001,-0.470000000000002
54629,187024,14379.7502132531,13620.2188403644,27.38,0.23,0.760000000000002
54630,187024,14383.2970668988,13647.5239857537,27.56,0.18,-0.0500000000000007
54631,187024,14386.2742859488,13675.0333490093,27.67,0.110000000000003,-0.0699999999999967
54632,187024,14389.2418212361,13702.4532347552,27.58,-0.0900000000000034,-0.200000000000006
54633,187024,14390.1266761392,13735.1777155171,25.48,-2.1,-2.00999999999999
54634,187024,14387.1233767756,13757.0356972903,21.81,-3.67,-1.57
54635,187024,14387.3963184191,13777.1238431196,20.09,-1.72,1.95
54636,187024,14387.6104329189,13792.8823885785,15.76,-4.33,-2.61
54637,187024,14387.7722415289,13804.7912893663,11.91,-3.85,0.48
54638,187024,14387.8812008112,13812.8105491747,8.02,-3.89,-0.0400000000000009
54639,187024,14387.9567386677,13818.3700360245,5.57,-2.45,1.44
54640,187024,14387.9337311647,13825.9891874867,7.57,2,4.45
54641,187024,14387.7333255842,13835.2670231247,9.28,1.71,-0.290000000000001
54642,187024,14387.4101503343,13851.8995028812,11.09,1.81,0.100000000000001
54643,187024,14387.2666343042,13864.868708838,12.96,1.87,0.0600000000000005
54644,187024,14387.1030902082,13879.6478039838,14.78,1.82,-0.0500000000000025
54645,187024,14386.9188541325,13896.2967846453,16.65,1.87,0.0500000000000007
54646,187024,14386.7143686863,13914.7756532714,18.48,1.83,-0.0399999999999974
54647,187024,14386.490851045,13934.9744165966,20.21,1.73,-0.100000000000001
54648,187024,14386.2760749352,13954.3832282867,19.41,-0.800000000000001,-2.53
54649,187024,14386.0690041662,13972.919596108,18.53,-0.879999999999999,-0.0799999999999983
54650,187024,14385.8565855418,13991.5883876685,18.67,0.140000000000001,1.02
54651,187024,14385.6402985546,14010.597157222,19.01,0.34,0.199999999999999
54652,187024,14385.422077386,14029.7759157721,19.19,0.18,-0.16
54653,187024,14385.2046526451,14048.884678853,19.11,-0.0800000000000018,-0.260000000000002
54654,187024,14384.4047641869,14067.5946270731,18.74,-0.370000000000001,-0.289999999999999
54655,187024,14382.7452945864,14086.6525141712,19.13,0.390000000000001,0.760000000000002
54656,187024,14381.0910298044,14105.6506274468,19.08,-0.0500000000000007,-0.440000000000001
54657,187024,14379.4350300828,14124.6686653299,19.08,0,0.0500000000000007
54658,187024,14377.7599460272,14143.9058738957,19.31,0.23,0.23
54659,187024,14376.109151124,14162.8641379562,19.03,-0.279999999999998,-0.509999999999998
54660,187024,14374.4231513032,14181.467871527,18.68,-0.350000000000001,-0.0700000000000038
54661,187024,14372.6579946759,14200.7874010783,19.4,0.719999999999999,1.07
54662,187024,14370.9028466687,14219.9973869053,19.29,-0.109999999999999,-0.829999999999998
54663,187024,14369.2158554931,14239.0528060725,19.13,-0.16,-0.0500000000000007
54664,187024,14367.5953667404,14257.7627610752,18.78,-0.349999999999998,-0.189999999999998
