"V1","V2","V3","V4","V5","acceleration","jerk"
43904,18707,14349.4262322521,14264.1101334327,19.33,-0.319999999999997,0
43905,18707,14350.7664914065,14245.1574632937,19.01,-0.319999999999997,0
43906,18707,14352.1537068519,14226.4800037024,18.73,-0.280000000000001,0.0399999999999956
43907,18707,14354.2326654291,14207.1615453986,19.42,0.690000000000001,0.970000000000002
43908,18707,14356.2848746679,14188.0916519212,19.18,-0.240000000000002,-0.930000000000003
43909,18707,14358.317824383,14169.2007251187,19,-0.18,0.0600000000000023
43910,18707,14360.2448265357,14150.5300045222,18.77,-0.23,-0.0500000000000007
43911,18707,14362.1141299865,14131.9739218373,18.66,-0.109999999999999,0.120000000000001
43912,18707,14364.0435718861,14112.820860621,19.24,0.579999999999998,0.689999999999998
43913,18707,14365.9609860959,14093.787195111,19.13,-0.109999999999999,-0.689999999999998
43914,18707,14367.8944372254,14074.5943353259,19.3,0.170000000000002,0.280000000000001
43915,18707,14369.6823831984,14055.9715142331,18.71,-0.59,-0.760000000000002
43916,18707,14370.8229690505,14037.1159801936,18.89,0.18,0.77
43917,18707,14371.979857612,14017.9909387857,19.16,0.27,0.0899999999999999
43918,18707,14372.6453726008,13996.2016709167,18.56,-0.600000000000001,-0.870000000000001
43919,18707,14372.184921472,13976.2769906242,19.93,1.37,1.97
43920,18707,14371.7110703606,13955.772465145,20.51,0.580000000000002,-0.789999999999999
43921,18707,14371.3194674187,13938.8269894322,16.95,-3.56,-4.14
43922,18707,14370.9800782024,13924.140910481,14.69,-2.26,1.3
43923,18707,14370.6025683457,13907.8052719472,16.34,1.65,3.91
43924,18707,14370.2885928896,13894.2188993844,13.59,-2.75,-4.4
43925,18707,14369.9970277493,13881.6022679097,12.62,-0.970000000000001,1.78
43926,18707,14373.7486050216,13857.8607714481,12.33,-0.289999999999999,0.680000000000001
43927,18707,14373.1193442581,13829.1614046162,12.08,-0.25,0.0399999999999991
43928,18707,14372.708229287,13816.0978719975,13.08,1,1.25
43929,18707,14371.9238388921,13789.6924656892,13.64,0.56,-0.44
43930,18707,14371.5505007373,13774.0869308178,15.62,1.98,1.42
43931,18707,14371.6555212253,13757.5668190612,16.53,0.910000000000002,-1.07
43932,18707,14372.4561403459,13739.6046530163,17.99,1.46,0.549999999999995
43933,18707,14373.314200994,13720.3537664933,19.27,1.28,-0.179999999999996
43934,18707,14371.5312074625,13689.7101928024,20.88,1.61,0.329999999999998
43935,18707,14368.709118675,13667.7911185775,22.1,1.22,-0.389999999999997
43936,18707,14365.6686691714,13644.1760435868,23.81,1.71,0.489999999999995
43937,18707,14362.477538004,13619.3906288864,24.99,1.18,-0.529999999999998
43938,18707,14359.3478937068,13597.1191599872,22.49,-2.5,-3.68
43939,18707,14355.284620975,13578.4461335933,19.11,-3.38,-0.879999999999999
43940,18707,14348.9807881343,13553.2800877173,19.56,0.449999999999999,3.83
43941,18707,14344.0068325425,13535.8561339246,18.12,-1.44,-1.89
43942,18707,14337.1904002057,13510.7711156858,15.88,-2.24,-0.800000000000002
43943,18707,14334.1383696792,13496.9140062904,14.22,-1.66,0.58
43944,18707,14331.995127117,13481.5225115183,15.53,1.31,2.97
43945,18707,14328.9108510201,13455.1580878448,16.77,1.24,-0.0699999999999985
43946,18707,14327.4088295903,13437.3713953017,17.84,1.07,-0.17
43947,18707,14328.7646035557,13392.9400883355,19.73,1.89,0.82
43948,18707,14329.5798165397,13371.7057310862,21.25,1.52,-0.370000000000001
43949,18707,14330.4682193225,13348.8531268709,22.87,1.62,0.100000000000001
43950,18707,14331.8925365293,13325.0070466123,23.89,1.02,-0.600000000000001
43951,18707,14332.0573004837,13318.3490849994,6.66,-17.23,-18.25
43952,18707,14332.1219913729,13315.3597854451,2.99,-3.67,13.56
43953,18707,14332.153407938,13313.9001234981,1.46,-1.53,2.14
43954,18707,14332.1695465844,13313.1502971555,0.75,-0.71,0.82
43955,18707,14332.1792297723,13312.7004013499,0.45,-0.3,0.41
43956,18707,14332.1889129601,13312.2505055443,0.45,0,0.3
43957,18707,14332.1897736879,13312.2105148061,0.05,-0.4,-0.4
43958,18707,14332.19,13312.2,0.03,-0.02,0.38
43959,18707,14332.19,13312.2,0,-0.03,-0.01
43960,18707,14332.0200669707,13309.5056463116,2.56,2.56,2.59
43961,18707,14331.7611846213,13305.6142481144,3.9,1.34,-1.22
43962,18707,14331.4160081555,13300.4257171848,5.2,1.3,-0.0399999999999996
43963,18707,14330.979890967,13293.8702079141,6.57,1.37,0.0699999999999998
43964,18707,14330.4296000244,13285.598492259,8.3,1.73,0.36
43965,18707,14329.8133374311,13275.9983184666,9.61,1.31,-0.420000000000002
