"V1","V2","V3","V4","V5","acceleration","jerk"
30024,187169,13476.0258936653,13757.2732213727,0,1.36,0
30025,187169,13477.385467629,13757.3072601329,1.36,1.36,0
30026,187169,13480.5244839864,13757.3858496233,3.14,1.78,0.42
30027,187169,13485.7528456262,13757.5167486791,5.23,2.09,0.31
30028,187169,13493.1505274876,13757.7019595801,7.4,2.17,0.0799999999999996
30029,187169,13501.9877582517,13757.9232115214,8.84,1.44,-0.73
30030,187169,13512.6244251443,13758.1895147629,10.63,1.79,0.350000000000001
30031,187169,13525.3504373193,13758.5081275698,12.73,2.1,0.309999999999999
30032,187169,13538.2199961015,13759.0135778064,12.89,0.16,-1.94
30033,187169,13551.6083120461,13758.6071974851,13.4,0.51,0.35
30034,187169,13564.8589064168,13758.1145166425,13.25,-0.15,-0.66
30035,187169,13578.341305528,13757.662341857,13.5,0.25,0.4
30036,187169,13589.634613355,13757.2734996836,11.29,-2.21,-2.46
30037,187169,13597.8097683497,13756.9920022376,8.19,-3.1,-0.889999999999999
30038,187169,13602.8767653941,13756.8175288817,5.07,-3.12,-0.0199999999999996
30039,187169,13612.8438217589,13766.3099597328,6.67,1.6,4.72
30040,187169,13612.8016587738,13774.7798547901,8.47,1.8,0.200000000000001
30041,187169,13612.7495897272,13785.2397251915,10.46,1.99,0.19
30042,187169,13612.6900538001,13797.1995770081,11.96,1.5,-0.49
30043,187169,13612.6224038628,13810.789408629,13.59,1.63,0.129999999999999
30044,187169,13611.7501784534,13823.7467607561,13,-0.59,-2.22
30045,187169,13609.5562536438,13836.9038479903,13.35,0.35,0.94
30046,187169,13605.9484152359,13849.8264347618,13.47,0.120000000000001,-0.229999999999999
30047,187169,13601.8434795427,13862.8454726741,13.67,0.199999999999999,0.0799999999999983
30048,187169,13600.2666799877,13874.0147200873,11.28,-2.39,-2.59
30049,187169,13599.2765781365,13881.0554443628,7.11,-4.17,-1.78
30050,187169,13598.7419668003,13884.8982728101,3.88,-3.23,0.939999999999999
30051,187169,13603.3384206704,13891.5635733994,5.43,1.55,4.78
30052,187169,13606.6657855395,13894.7239320495,3.2,-2.23,-3.78
30053,187169,13610.9322149549,13894.5493467026,4.27,1.07,3.3
30054,187169,13614.8489370412,13894.38907163,3.91,-0.359999999999999,-1.43
30055,187169,13618.3659936084,13894.2451511567,3.52,-0.39,-0.0300000000000007
30056,187169,13621.7032006922,13894.108590253,3.33,-0.19,0.2
30057,187169,13624.6407422569,13893.9883839486,2.95,-0.38,-0.19
30058,187169,13625.8448660364,13893.8162422027,1.22,-1.73,-1.35
30059,187169,13627.0697152798,13893.5667540649,1.25,0.03,1.76
30060,187169,13627.3342827163,13893.5128646271,0.27,-0.98,-1.01
30061,187169,13627.4714658316,13893.4849219557,0.14,-0.13,0.85
30062,187169,13627.5106610074,13893.4769383353,0.04,-0.1,0.03
30063,187169,13627.5204598013,13893.4749424302,0.01,-0.03,0.07
30064,187169,13627.5204598013,13893.4749424302,0,-0.01,0.02
30065,187169,13627.5204598013,13893.4749424302,0,0,0.01
30066,187169,13627.5204598013,13893.4749424302,0,0,0
30067,187169,13627.5204598013,13893.4749424302,0,0,0
30068,187169,13627.5204598013,13893.4749424302,0,0,0
30069,187169,13627.5204598013,13893.4749424302,0,0,0
30070,187169,13627.5204598013,13893.4749424302,0,0,0
30071,187169,13627.5204598013,13893.4749424302,0,0,0
30072,187169,13627.5204598013,13893.4749424302,0,0,0
30073,187169,13627.5204598013,13893.4749424302,0,0,0
30074,187169,13627.5204598013,13893.4749424302,0,0,0
30075,187169,13627.5204598013,13893.4749424302,0,0,0
30076,187169,13627.5204598013,13893.4749424302,0,0,0
30077,187169,13627.5204598013,13893.4749424302,0,0,0
30078,187169,13627.5204598013,13893.4749424302,0,0,0
30079,187169,13627.5204598013,13893.4749424302,0,0,0
30080,187169,13627.5204598013,13893.4749424302,0,0,0
30081,187169,13627.5204598013,13893.4749424302,0,0,0
30082,187169,13627.5204598013,13893.4749424302,0,0,0
30083,187169,13627.5204598013,13893.4749424302,0,0,0
30084,187169,13627.5204598013,13893.4749424302,0,0,0
30085,187169,13627.5204598013,13893.4749424302,0,0,0
30086,187169,13627.5204598013,13893.4749424302,0,0,0
30087,187169,13627.5204598013,13893.4749424302,0,0,0
30088,187169,13627.5204598013,13893.4749424302,0,0,0
30089,187169,13627.5204598013,13893.4749424302,0,0,0
30090,187169,13627.5204598013,13893.4749424302,0,0,0
30091,187169,13627.5204598013,13893.4749424302,0,0,0
30092,187169,13627.5204598013,13893.4749424302,0,0,0
30093,187169,13627.5204598013,13893.4749424302,0,0,0
30094,187169,13627.5204598013,13893.4749424302,0,0,0
30095,187169,13627.5204598013,13893.4749424302,0,0,0
30096,187169,13627.5204598013,13893.4749424302,0,0,0
30097,187169,13627.5204598013,13893.4749424302,0,0,0
30098,187169,13627.5204598013,13893.4749424302,0,0,0
30099,187169,13627.5204598013,13893.4749424302,0,0,0
30100,187169,13627.5204598013,13893.4749424302,0,0,0
30101,187169,13627.5204598013,13893.4749424302,0,0,0
30102,187169,13627.5204598013,13893.4749424302,0,0,0
30103,187169,13627.5204598013,13893.4749424302,0,0,0
30104,187169,13627.5204598013,13893.4749424302,0,0,0
30105,187169,13627.5204598013,13893.4749424302,0,0,0
30106,187169,13627.5204598013,13893.4749424302,0,0,0
30107,187169,13627.5204598013,13893.4749424302,0,0,0
30108,187169,13627.5204598013,13893.4749424302,0,0,0
30109,187169,13627.5204598013,13893.4749424302,0,0,0
30110,187169,13627.5204598013,13893.4749424302,0,0,0
30111,187169,13627.5204598013,13893.4749424302,0,0,0
30112,187169,13627.5204598013,13893.4749424302,0,0,0
30113,187169,13627.5204598013,13893.4749424302,0,0,0
30114,187169,13627.5204598013,13893.4749424302,0,0,0
30115,187169,13627.5204598013,13893.4749424302,0,0,0
30116,187169,13627.5204598013,13893.4749424302,0,0,0
30117,187169,13627.5204598013,13893.4749424302,0,0,0
30118,187169,13627.5204598013,13893.4749424302,0,0,0
30119,187169,13627.5204598013,13893.4749424302,0,0,0
30120,187169,13627.5204598013,13893.4749424302,0,0,0
30121,187169,13627.5204598013,13893.4749424302,0,0,0
30122,187169,13627.5204598013,13893.4749424302,0,0,0
30123,187169,13627.5204598013,13893.4749424302,0,0,0
30124,187169,13627.5204598013,13893.4749424302,0,0,0
30125,187169,13627.5204598013,13893.4749424302,0,0,0
30126,187169,13627.5204598013,13893.4749424302,0,0,0
30127,187169,13627.5204598013,13893.4749424302,0,0,0
30128,187169,13627.5204598013,13893.4749424302,0,0,0
30129,187169,13627.5204598013,13893.4749424302,0,0,0
30130,187169,13627.5204598013,13893.4749424302,0,0,0
30131,187169,13627.5204598013,13893.4749424302,0,0,0
30132,187169,13627.5204598013,13893.4749424302,0,0,0
30133,187169,13627.5204598013,13893.4749424302,0,0,0
30134,187169,13627.5204598013,13893.4749424302,0,0,0
30135,187169,13627.5204598013,13893.4749424302,0,0,0
30136,187169,13627.5204598013,13893.4749424302,0,0,0
30137,187169,13627.5204598013,13893.4749424302,0,0,0
30138,187169,13627.5204598013,13893.4749424302,0,0,0
30139,187169,13627.5204598013,13893.4749424302,0,0,0
30140,187169,13627.5204598013,13893.4749424302,0,0,0
30141,187169,13627.5204598013,13893.4749424302,0,0,0
30142,187169,13627.5204598013,13893.4749424302,0,0,0
30143,187169,13627.5204598013,13893.4749424302,0,0,0
30144,187169,13627.5204598013,13893.4749424302,0,0,0
30145,187169,13627.5204598013,13893.4749424302,0,0,0
30146,187169,13627.5204598013,13893.4749424302,0,0,0
30147,187169,13627.5204598013,13893.4749424302,0,0,0
30148,187169,13627.5204598013,13893.4749424302,0,0,0
30149,187169,13627.5204598013,13893.4749424302,0,0,0
30150,187169,13627.5204598013,13893.4749424302,0,0,0
30151,187169,13627.5204598013,13893.4749424302,0,0,0
30152,187169,13627.5204598013,13893.4749424302,0,0,0
30153,187169,13627.5204598013,13893.4749424302,0,0,0
30154,187169,13627.5204598013,13893.4749424302,0,0,0
30155,187169,13627.5204598013,13893.4749424302,0,0,0
30156,187169,13627.5204598013,13893.4749424302,0,0,0
30157,187169,13627.5204598013,13893.4749424302,0,0,0
30158,187169,13627.5204598013,13893.4749424302,0,0,0
30159,187169,13627.5204598013,13893.4749424302,0,0,0
30160,187169,13627.5204598013,13893.4749424302,0,0,0
30161,187169,13627.5204598013,13893.4749424302,0,0,0
30162,187169,13627.5204598013,13893.4749424302,0,0,0
30163,187169,13627.5204598013,13893.4749424302,0,0,0
30164,187169,13627.5204598013,13893.4749424302,0,0,0
30165,187169,13627.5204598013,13893.4749424302,0,0,0
30166,187169,13627.5204598013,13893.4749424302,0,0,0
30167,187169,13627.5204598013,13893.4749424302,0,0,0
30168,187169,13627.5204598013,13893.4749424302,0,0,0
30169,187169,13627.5204598013,13893.4749424302,0,0,0
30170,187169,13627.5204598013,13893.4749424302,0,0,0
30171,187169,13627.5204598013,13893.4749424302,0,0,0
30172,187169,13627.5204598013,13893.4749424302,0,0,0
30173,187169,13627.5204598013,13893.4749424302,0,0,0
30174,187169,13627.5204598013,13893.4749424302,0,0,0
30175,187169,13627.5204598013,13893.4749424302,0,0,0
30176,187169,13627.5204598013,13893.4749424302,0,0,0
30177,187169,13627.5204598013,13893.4749424302,0,0,0
30178,187169,13627.5204598013,13893.4749424302,0,0,0
30179,187169,13627.5204598013,13893.4749424302,0,0,0
30180,187169,13627.5204598013,13893.4749424302,0,0,0
30181,187169,13627.5204598013,13893.4749424302,0,0,0
30182,187169,13627.5204598013,13893.4749424302,0,0,0
30183,187169,13627.5204598013,13893.4749424302,0,0,0
30184,187169,13627.5204598013,13893.4749424302,0,0,0
30185,187169,13627.5204598013,13893.4749424302,0,0,0
30186,187169,13627.5204598013,13893.4749424302,0,0,0
30187,187169,13627.5204598013,13893.4749424302,0,0,0
30188,187169,13627.5204598013,13893.4749424302,0,0,0
30189,187169,13627.5204598013,13893.4749424302,0,0,0
30190,187169,13627.5204598013,13893.4749424302,0,0,0
30191,187169,13627.5204598013,13893.4749424302,0,0,0
30192,187169,13627.5204598013,13893.4749424302,0,0,0
30193,187169,13627.5204598013,13893.4749424302,0,0,0
30194,187169,13627.5204598013,13893.4749424302,0,0,0
30195,187169,13627.5204598013,13893.4749424302,0,0,0
30196,187169,13627.5204598013,13893.4749424302,0,0,0
30197,187169,13627.5204598013,13893.4749424302,0,0,0
30198,187169,13627.5204598013,13893.4749424302,0,0,0
30199,187169,13627.5204598013,13893.4749424302,0,0,0
30200,187169,13627.5204598013,13893.4749424302,0,0,0
30201,187169,13627.5204598013,13893.4749424302,0,0,0
30202,187169,13627.5204598013,13893.4749424302,0,0,0
30203,187169,13627.5204598013,13893.4749424302,0,0,0
30204,187169,13627.5204598013,13893.4749424302,0,0,0
30205,187169,13627.5204598013,13893.4749424302,0,0,0
30206,187169,13627.5204598013,13893.4749424302,0,0,0
30207,187169,13627.5204598013,13893.4749424302,0,0,0
30208,187169,13627.5204598013,13893.4749424302,0,0,0
30209,187169,13627.5204598013,13893.4749424302,0,0,0
30210,187169,13627.5204598013,13893.4749424302,0,0,0
30211,187169,13627.5204598013,13893.4749424302,0,0,0
30212,187169,13627.5204598013,13893.4749424302,0,0,0
30213,187169,13627.5204598013,13893.4749424302,0,0,0
30214,187169,13627.5204598013,13893.4749424302,0,0,0
30215,187169,13627.5204598013,13893.4749424302,0,0,0
30216,187169,13627.5204598013,13893.4749424302,0,0,0
30217,187169,13627.5204598013,13893.4749424302,0,0,0
30218,187169,13627.5204598013,13893.4749424302,0,0,0
30219,187169,13627.5204598013,13893.4749424302,0,0,0
30220,187169,13627.5204598013,13893.4749424302,0,0,0
30221,187169,13627.5204598013,13893.4749424302,0,0,0
30222,187169,13627.5204598013,13893.4749424302,0,0,0
30223,187169,13627.5204598013,13893.4749424302,0,0,0
30224,187169,13627.5204598013,13893.4749424302,0,0,0
30225,187169,13627.5204598013,13893.4749424302,0,0,0
30226,187169,13627.5204598013,13893.4749424302,0,0,0
30227,187169,13627.5204598013,13893.4749424302,0,0,0
30228,187169,13629.3332366816,13893.1056999863,1.84,1.84,1.84
30229,187169,13632.5570398903,13892.4490472076,3.3,1.46,-0.38
30230,187169,13637.9106721649,13891.3312526219,5.47,2.17,0.71
30231,187169,13640.9331245258,13890.480146444,3.14,-2.33,-4.5
30232,187169,13641.9053146164,13890.2063829918,1,-2.14,0.19
30233,187169,13642.1170787946,13890.1467513488,0.23,-0.77,1.37
30234,187169,13642.145955728,13890.1386197611,0.03,-0.2,0.57
30235,187169,13642.145955728,13890.1386197611,0,-0.03,0.17
30236,187169,13642.145955728,13890.1386197611,0,0,0.03
30237,187169,13643.753438353,13889.6859613798,1.67,1.67,1.67
30238,187169,13646.5256239579,13888.9053289618,2.89,1.22,-0.45
30239,187169,13647.6421987155,13888.5909075712,1.15,-1.74,-2.96
30240,187169,13648.9127837844,13888.233117713,1.32,0.17,1.91
30241,187169,13654.0697493915,13889.8080681728,0.22,-1.1,-1.27
30242,187169,13654.2793445623,13889.8211013751,0.21,-0.01,1.09
30243,187169,13654.3092867296,13889.8229632611,0.03,-0.18,-0.17
30244,187169,13654.3292481744,13889.8242045185,0.02,-0.01,0.17
30245,187169,13654.3292481744,13889.8242045185,0,-0.02,-0.01
30246,187169,13654.3292481744,13889.8242045185,0,0,0.02
30247,187169,13654.3292481744,13889.8242045185,0,0,0
30248,187169,13654.3292481744,13889.8242045185,0,0,0
30249,187169,13654.3292481744,13889.8242045185,0,0,0
30250,187169,13654.3292481744,13889.8242045185,0,0,0
30251,187169,13656.4251998828,13889.9545365409,2.1,2.1,2.1
30252,187169,13659.0900527692,13890.1202443981,2.67,0.57,-1.53
30253,187169,13660.3376430718,13890.1978229829,1.26,-1.41,-1.98
30254,187169,13661.1760237552,13890.2499557919,0.83,-0.43,0.98
30255,187169,13661.5153683175,13890.271057167,0.34,-0.49,-0.0599999999999999
30256,187169,13661.6950213211,13890.2822284832,0.18,-0.16,0.33
30257,187169,13661.7748671004,13890.2871935126,0.08,-0.1,0.06
30258,187169,13661.8048092677,13890.2890553986,0.03,-0.05,0.05
30259,187169,13661.8147899901,13890.2896760273,0.02,-0.01,0.04
30260,187169,13661.8147899901,13890.2896760273,0,-0.02,-0.01
30261,187169,13661.8147899901,13890.2896760273,0,0,0.02
30262,187169,13661.8147899901,13890.2896760273,0,0,0
30263,187169,13661.8147899901,13890.2896760273,0,0,0
30264,187169,13661.8147899901,13890.2896760273,0,0,0
30265,187169,13661.8147899901,13890.2896760273,0,0,0
30266,187169,13661.8147899901,13890.2896760273,0,0,0
30267,187169,13661.8147899901,13890.2896760273,0,0,0
30268,187169,13661.8147899901,13890.2896760273,0,0,0
30269,187169,13661.8147899901,13890.2896760273,0,0,0
30270,187169,13661.8147899901,13890.2896760273,0,0,0
30271,187169,13661.8147899901,13890.2896760273,0,0,0
30272,187169,13661.8147899901,13890.2896760273,0,0,0
30273,187169,13661.8147899901,13890.2896760273,0,0,0
30274,187169,13661.8147899901,13890.2896760273,0,0,0
30275,187169,13661.8147899901,13890.2896760273,0,0,0
30276,187169,13661.8147899901,13890.2896760273,0,0,0
30277,187169,13661.8147899901,13890.2896760273,0,0,0
30278,187169,13661.8147899901,13890.2896760273,0,0,0
30279,187169,13661.8147899901,13890.2896760273,0,0,0
30280,187169,13661.8147899901,13890.2896760273,0,0,0
30281,187169,13658.25,13897.68,0.01,0.01,0.01
30282,187169,13657.8328870527,13897.9905105299,0.52,0.51,0.5
30283,187169,13657.6323519818,13898.1397944385,0.24,-0.28,-0.79
30284,187169,13657.576202162,13898.1815939329,0.08,-0.16,0.12
30285,187169,13657.5441165507,13898.2054793583,0.04,-0.04,0.12
30286,187169,13657.5441165507,13898.2054793583,0,-0.04,0
30287,187169,13657.5441165507,13898.2054793583,0,0,0.04
30288,187169,13656.6778050447,13898.8503858434,1.08,1.08,1.08
30289,187169,13654.39972664,13900.5462510451,2.84,1.76,0.68
30290,187169,13643.413628131,13906.2078503171,5.12,2.28,0.52
30291,187169,13636.8958622666,13907.366784369,6.62,1.5,-0.78
30292,187169,13628.6058942034,13908.840836441,8.42,1.8,0.3
30293,187169,13612.7804052853,13911.2824033926,10.36,1.94,0.14
30294,187169,13601.2251611301,13911.5161525377,11.56,1.2,-0.739999999999998
30295,187169,13588.4259427953,13911.6576093101,12.8,1.24,0.0399999999999991
30296,187169,13575.3105169469,13912.4168059179,13.15,0.35,-0.890000000000001
30297,187169,13562.3490946791,13913.2779869652,12.99,-0.16,-0.51
30298,187169,13548.8688164006,13914.1736417728,13.5,0.51,0.67
30299,187169,13537.5936761677,13914.9227830996,11.3,-2.2,-2.71
30300,187169,13527.9549279685,13915.5631994905,9.66,-1.64,0.559999999999999
30301,187169,13519.9733967215,13919.4061150262,8.22,-1.44,0.200000000000001
30302,187169,13511.8314292707,13919.9483013679,8.15,-0.0700000000000003,1.37
30303,187169,13503.1106084126,13920.8734745177,8.78,0.629999999999999,0.699999999999999
30304,187169,13492.7141353905,13922.6069533035,10.54,1.76,1.13
30305,187169,13481.5035531929,13924.4464139573,11.49,0.950000000000001,-0.809999999999999
30306,187169,13462.8250642306,13927.0196518563,12.08,0.59,-0.360000000000001
30307,187169,13451.5696678526,13928.5577195966,11.36,-0.720000000000001,-1.31
30308,187169,13443.3560027141,13929.6801299459,8.28,-3.08,-2.36
30309,187169,13435.2402902683,13930.8345000143,8.21,-0.0699999999999985,3.01
30310,187169,13429.6209708389,13932.3107618983,5.81,-2.4,-2.33
30311,187169,13425.3653760903,13933.4287571288,4.4,-1.41,0.990000000000002
30312,187169,13422.3090853163,13934.2316809762,3.17,-1.23,0.179999999999999
30313,187169,13418.2565984988,13935.2963173435,4.18,1.01,2.24
30314,187169,13413.014479513,13936.6734841957,5.42,1.24,0.23
30315,187169,13406.1765124965,13938.4698992594,7.07,1.65,0.41
