"V1","V2","V3","V4","V5","acceleration","jerk"
25979,188342,14352.0730614454,14273.4272307235,19.15,0.16,0
25980,188342,14353.4357316207,14254.16537126,19.31,0.16,0
25981,188342,14354.7708802337,14235.2925395122,18.92,-0.389999999999997,-0.549999999999997
25982,188342,14356.5429173897,14216.5088523118,18.87,-0.0500000000000007,0.339999999999996
25983,188342,14358.5014722047,14198.3139611872,18.3,-0.57,-0.52
25984,188342,14360.5221014347,14179.5424013821,18.88,0.579999999999998,1.15
25985,188342,14362.5325602648,14160.7295657815,18.92,0.0400000000000027,-0.539999999999996
25986,188342,14364.4506127861,14141.6859139645,19.14,0.219999999999999,0.179999999999996
25987,188342,14366.3265763806,14123.0601479241,18.72,-0.420000000000002,-0.640000000000001
25988,188342,14368.2666754826,14103.7976035575,19.37,0.650000000000002,1.07
25989,188342,14370.1857301212,14084.7440020792,19.15,-0.220000000000002,-0.870000000000005
25990,188342,14372.1138038155,14065.6008536488,19.23,0.0800000000000018,0.300000000000004
25991,188342,14373.5168969899,14047.1776651979,18.48,-0.75,-0.830000000000002
25992,188342,14374.6715066409,14028.1626875079,19.05,0.57,1.32
25993,188342,14375.8442991211,14008.8482613502,19.35,0.300000000000001,-0.27
25994,188342,14375.7159251257,13986.1943221338,19.39,0.0399999999999991,-0.260000000000002
25995,188342,14375.2392627009,13965.5698295841,20.63,1.24,1.2
25996,188342,14374.7438849797,13944.1355532746,21.44,0.810000000000002,-0.429999999999996
25997,188342,14374.3266031866,13926.0803746295,18.06,-3.38,-4.19
25998,188342,14374.0068257771,13912.2440693998,13.84,-4.22,-0.839999999999996
25999,188342,14373.7480463705,13901.0470593874,11.2,-2.64,1.58
26000,188342,14373.5431023226,13892.1794273508,8.87,-2.33,0.31
26001,188342,14373.3975389064,13885.8811092188,6.3,-2.57,-0.239999999999999
26002,188342,14373.3152840236,13882.3220596077,3.56,-2.74,-0.17
26003,188342,14376.942022249,13866.7601310802,4.25,0.69,3.43
26004,188342,14376.98273365,13863.3403734014,3.43,-0.82,-1.51
26005,188342,14377.0070176435,13861.3005179438,2.03,-1.4,-0.580000000000001
26006,188342,14377.0380868706,13858.6907028731,2.62,0.59,1.99
26007,188342,14377.0735605474,13855.7109140185,2.97,0.35,-0.24
26008,188342,14377.1030618148,13851.2202431875,4.43,1.46,1.11
26009,188342,14376.4133575149,13828.8611706906,5.67,1.24,-0.219999999999999
26010,188342,14376.1755588017,13821.3049115783,7.56,1.89,0.649999999999999
26011,188342,14375.9081925236,13812.8091176028,8.5,0.94,-0.949999999999999
26012,188342,14375.2149361019,13789.5524226424,10.53,2.03,1.09
26013,188342,14374.9380525898,13777.8356937678,11.72,1.19,-0.839999999999998
26014,188342,14374.6373079559,13765.1092467905,12.73,1.01,-0.180000000000001
26015,188342,14375.2002797923,13752.0020327129,13.12,0.389999999999999,-0.620000000000001
26016,188342,14375.766078297,13739.3046325045,12.71,-0.409999999999998,-0.799999999999997
26017,188342,14376.3661541304,13725.8379956195,13.48,0.77,1.18
26018,188342,14376.2239643068,13700.3389648268,15.32,1.84,1.07
26019,188342,14374.0330449737,13683.309320894,17.17,1.85,0.0100000000000016
26020,188342,14371.6864516986,13665.0696498444,18.4,1.23,-0.620000000000005
26021,188342,14369.1561121311,13645.4017500665,19.83,1.43,0.200000000000003
26022,188342,14366.4267140802,13624.1866024997,21.38,1.55,0.120000000000001
26023,188342,14363.5173977847,13601.5729809699,22.8,1.42,-0.129999999999999
26024,188342,14358.6373358418,13578.3569608539,23.73,0.93,-0.490000000000002
26025,188342,14352.0992107584,13552.2115289818,20.12,-3.61,-4.54
26026,188342,14347.0003183235,13534.3344655782,18.59,-1.53,2.08
26027,188342,14340.417009832,13510.0659218397,15.06,-3.53,-2
26028,188342,14337.5300490924,13497.448095876,12.95,-2.11,1.42
26029,188342,14336.0943528163,13487.0971888528,10.45,-2.5,-0.389999999999999
26030,188342,14334.9870119564,13479.1136184598,8.06,-2.39,0.110000000000001
26031,188342,14334.0706393093,13472.5068672785,6.67,-1.39,0.999999999999998
26032,188342,14332.5501729468,13459.0133598141,4.36,-2.31,-0.919999999999999
26033,188342,14332.3073306481,13456.1335807222,2.88,-1.48,0.829999999999999
26034,188342,14332.2325453035,13455.2467283375,0.89,-1.99,-0.509999999999999
26035,188342,14332.1964130584,13454.8182490955,0.43,-0.46,1.53
26036,188342,14332.1854893564,13454.6887088595,0.12,-0.31,0.15
26037,188342,14332.1191068595,13453.9015028102,0.79,0.67,0.98
26038,188342,14331.9636541769,13452.058045606,1.85,1.06,0.39
26039,188342,14331.7981180771,13450.0950127995,1.97,0.12,-0.94
26040,188342,14331.4746084405,13446.2586288882,3.84,1.87,1.75
26041,188342,14331.0116115319,13440.7681158099,5.51,1.67,-0.2
26042,188342,14331.7125046612,13433.3838974906,7.52,2.01,0.34
26043,188342,14330.8966518143,13407.510822588,8.96,1.44,-0.569999999999999
26044,188342,14332.2180193542,13389.0730314692,10.94,1.98,0.539999999999997
26045,188342,14332.6863242848,13376.8720155077,12.22,1.28,-0.699999999999998
26046,188342,14333.2144617865,13363.1121473841,13.77,1.55,0.269999999999998
26047,188342,14333.8139975897,13348.2445562736,14.88,1.11,-0.439999999999998
26048,188342,14334.8745430885,13331.3979054716,16.88,2,0.889999999999997
26049,188342,14332.1744957693,13312.9203504104,18.36,1.48,-0.519999999999998
26050,188342,14330.9148384792,13292.8923693927,19.96,1.6,0.120000000000001
