"V1","V2","V3","V4","V5","acceleration","jerk"
51688,188931,13415.7269763555,13503.1909951007,11.52,-3.47,0
51689,188931,13423.5997445395,13504.8222894091,8.05,-3.47,0
51690,188931,13428.5349126548,13505.8448918114,5.04,-3.01,0.459999999999998
51691,188931,13445.1262258263,13509.8772734369,6.84,1.8,4.81
51692,188931,13452.3268745925,13511.8651258826,7.47,0.63,-1.17
51693,188931,13460.2022829486,13514.0392563353,8.17,0.7,0.0700000000000003
51694,188931,13467.8559845822,13516.1521811571,7.93,-0.24,-0.94
51695,188931,13475.1530275756,13518.1666447467,7.58,-0.35,-0.109999999999999
51696,188931,13482.3536763417,13520.1544971924,7.46,-0.12,0.23
51697,188931,13489.6892770259,13522.1796052396,7.61,0.15,0.27
51698,188931,13497.6996372999,13524.3909912936,8.31,0.7,0.55
51699,188931,13505.0448774068,13526.4187604551,7.62,-0.69,-1.39
51700,188931,13512.380478091,13528.4438685023,7.6,-0.0200000000000005,0.67
51701,188931,13516.5543481255,13529.596131031,4.33,-3.27,-3.25
51702,188931,13532.1412177486,13534.1832341398,6.67,2.34,5.61
51703,188931,13540.0520294384,13536.6617737113,8.28,1.61,-0.73
51704,188931,13549.1365803778,13539.5080579961,9.52,1.24,-0.369999999999999
51705,188931,13559.4902965219,13542.7519849383,10.85,1.33,0.0899999999999999
51706,188931,13571.1180959135,13547.171171825,12.47,1.62,0.290000000000001
51707,188931,13583.5145953935,13552.7532332691,13.6,1.13,-0.490000000000002
51708,188931,13595.5325863453,13557.7360029289,13.01,-0.59,-1.72
51709,188931,13607.4397272653,13562.6728131452,12.89,-0.119999999999999,0.470000000000001
51710,188931,13619.5316182383,13567.6862224339,13.1,0.209999999999999,0.329999999999998
51711,188931,13630.4965338876,13572.232377381,11.87,-1.23,-1.44
51712,188931,13637.6094109306,13575.1814416685,7.7,-4.17,-2.94
51713,188931,13642.0434122041,13577.0198194062,4.8,-2.9,1.27
51714,188931,13644.8054254974,13578.1649755386,2.99,-1.81,1.09
51715,188931,13650.8091095556,13587.4237419837,4.68,1.69,3.5
51716,188931,13649.2601380965,13593.5303521251,6.3,1.62,-0.0699999999999994
51717,188931,13647.1653385994,13601.7888153639,8.52,2.22,0.6
51718,188931,13644.5099589553,13612.257289892,10.8,2.28,0.0600000000000014
51719,188931,13641.4095573523,13624.4802032068,12.61,1.81,-0.470000000000002
51720,188931,13638.1198370154,13637.4494799833,13.38,0.770000000000001,-1.04
51721,188931,13634.8399514179,13650.3799846319,13.34,-0.0400000000000009,-0.810000000000002
51722,188931,13631.5723592447,13663.2620241206,13.3,-0.0399999999999991,1.77635683940025e-15
51723,188931,13626.731051437,13686.3349112168,13.89,0.59,0.629999999999999
51724,188931,13624.1834305644,13699.5719814323,13.48,-0.41,-1
51725,188931,13621.6169104272,13712.907249498,13.58,0.0999999999999996,0.51
51726,188931,13619.0182615402,13726.4094539092,13.75,0.17,0.0700000000000003
51727,188931,13616.4782003735,13739.6072449846,13.44,-0.31,-0.48
51728,188931,13614.0118463388,13752.422064444,13.05,-0.389999999999999,-0.0799999999999983
51729,188931,13612.8054917724,13774.0098643304,13.08,0.0299999999999994,0.419999999999998
51730,188931,13612.7387876401,13787.4096983054,13.4,0.32,0.290000000000001
51731,188931,13612.6738257798,13800.4595366169,13.05,-0.35,-0.67
51732,188931,13612.6090132572,13813.4793753001,13.02,-0.0300000000000011,0.319999999999999
51733,188931,13611.4362204736,13826.8710255315,13.45,0.43,0.460000000000001
51734,188931,13608.8685741769,13840.4579297213,13.83,0.380000000000001,-0.0499999999999989
51735,188931,13604.8530994856,13852.693899604,12.92,-0.91,-1.29
51736,188931,13601.3954478224,13866.0139530003,13.8,0.880000000000001,1.79
51737,188931,13599.9380385856,13876.3517256133,10.44,-3.36,-4.24
51738,188931,13599.0287045366,13882.8181010732,6.53,-3.91,-0.549999999999998
51739,188931,13598.6099819633,13886.512887316,3.72,-2.81,1.1
51740,188931,13598.5162890234,13887.6590642801,1.16,-2.56,0.25
51741,188931,13598.4853296172,13888.0378010161,0.38,-0.78,1.78
51742,188931,13598.4608879807,13888.3368037024,0.3,-0.08,0.7
51743,188931,13598.4519260474,13888.4464380207,0.1,-0.2,-0.12
51744,188931,13598.4502966049,13888.4663715331,0.02,-0.08,0.12
51745,188931,13604.0180014761,13894.8322812695,2.4,2.38,2.46
51746,188931,13607.9047486484,13894.6732327919,3.89,1.49,-0.89
51747,188931,13613.4501077246,13894.4463127274,5.54,1.65,0.16
51748,188931,13620.953827844,13894.1392551266,7.52,1.98,0.33
51749,188931,13629.2842427119,13893.1156795118,8.42,0.9,-1.08
51750,188931,13637.2800585729,13891.4870209483,8.16,-0.26,-1.16
51751,188931,13642.8101251958,13889.9515932443,5.74,-2.42,-2.16
51752,188931,13654.3991132314,13889.8285489192,6.88,1.14,3.56
51753,188931,13658.4712479791,13890.08176542,4.08,-2.8,-3.94
51754,188931,13674.8327551504,13901.9324734831,6.32,2.24,5.04
51755,188931,13677.5300822318,13909.8665031412,8.38,2.06,-0.18
51756,188931,13677.0662954231,13928.0056513489,9.59,1.21,-0.850000000000001
51757,188931,13672.7979630384,13938.5116943078,11.34,1.75,0.540000000000001
51758,188931,13667.9688003845,13950.3981609006,12.83,1.49,-0.26
51759,188931,13662.7971172306,13963.1277050149,13.74,0.91,-0.58
51760,188931,13658.675579346,13973.272429036,10.95,-2.79,-3.7
51761,188931,13655.9467072306,13979.9892554427,7.25,-3.7,-0.909999999999998
51762,188931,13654.5615693844,13983.3986238809,3.68,-3.57,0.129999999999999
51763,188931,13653.278330419,13992.4404457245,5.58,1.9,5.47
51764,188931,13654.4646413788,13999.7852579281,7.44,1.86,-0.0399999999999996
51765,188931,13655.848670832,14008.354205499,8.68,1.24,-0.620000000000001
51766,188931,13657.5834911604,14019.0950061409,10.88,2.2,0.960000000000002
51767,188931,13659.5112464702,14031.0303259718,12.09,1.21,-0.990000000000002
51768,188931,13664.0928608693,14047.5234417347,13.22,1.13,-0.0799999999999983
51769,188931,13661.6095693616,14062.6216460975,14.94,1.72,0.589999999999998
51770,188931,13662.4384164404,14077.9492523202,15.35,0.41,-1.31
51771,188931,13663.0950145172,14090.0915123638,12.16,-3.19,-3.6
51772,188931,13663.5696442124,14098.8686888262,8.78,-3.38,-0.190000000000001
51773,188931,13663.8380070777,14103.8314382026,4.97,-3.81,-0.429999999999999
51774,188931,13663.9384406651,14105.6887246895,1.87,-3.1,0.71
51775,188931,13664.0340145628,14107.4561424755,1.77,-0.1,3
51776,188931,13664.0491335974,14107.7357339896,0.27,-1.5,-1.4
51777,188931,13664.1042100808,14108.7542459341,1.03,0.76,2.26
51778,188931,13664.221922565,14110.93106558,2.18,1.15,0.39
51779,188931,13664.367153364,14114.8381025587,3.91,1.73,0.58
51780,188931,13664.5296595935,14120.4157357239,5.58,1.67,-0.0600000000000001
51781,188931,13667.5048302448,14138.6368427313,7.24,1.66,-0.00999999999999979
51782,188931,13670.9010985376,14146.6046527118,8.67,1.43,-0.23
51783,188931,13674.165060626,14157.054833993,10.94,2.27,0.84
51784,188931,13677.7860997302,14169.4049342276,12.87,1.93,-0.34
51785,188931,13681.786968111,14183.0504995218,14.22,1.35,-0.579999999999998
51786,188931,13686.3364787804,14198.5672921244,16.16,1.94,0.589999999999998
51787,188931,13690.2898721155,14224.7708814517,17.88,1.72,-0.220000000000001
51788,188931,13702.8828210685,14260.4811761432,18.1,0.220000000000002,-1.5
51789,188931,13706.4304098747,14274.2721954552,14.24,-3.86,-4.08
51796,188931,13687.9036366404,14269.4533261195,11.01,-0.461428571428571,0.485510204081633
51797,188931,13682.8448706077,14255.226871356,12.2,1.19,1.65142857142857
51798,188931,13674.3634092859,14245.9437020423,12.86,0.66,-0.529999999999999
51799,188931,13664.2738090479,14241.2729157769,11.12,-1.74,-2.4
51800,188931,13649.4189381063,14238.7213984352,7.87,-3.25,-1.51
