"V1","V2","V3","V4","V5","acceleration","jerk"
23419,19415,14399.4656002532,13323.4567030046,9.53,0.540000000000001,0
23420,19415,14389.5332000003,13321.7976896789,10.07,0.540000000000001,0
23421,19415,14383.1811982496,13320.7367119413,6.44,-3.63,-4.17
23422,19415,14377.1842773422,13319.7350435182,6.08,-0.36,3.27
23423,19415,14372.9035805102,13319.020036782,4.34,-1.74,-1.38
23424,19415,14370.5955550294,13318.6345262376,2.34,-2,-0.26
23425,19415,14368.8300141701,13318.339627146,1.79,-0.55,1.45
23426,19415,14367.7055915,13318.1518143166,1.14,-0.65,-0.1
23427,19415,14366.531852046,13317.9557640825,1.19,0.05,0.7
23428,19415,14363.3361244572,13317.4219802518,3.24,2.05,2
23429,19415,14358.7891169928,13316.6624915297,4.61,1.37,-0.68
23430,19415,14352.1116244692,13315.5471469205,6.77,2.16,0.789999999999999
23431,19415,14343.7376345837,13314.1484355863,8.5,1.73,-0.429999999999999
23432,19415,14333.4797435578,13312.435055389,10.39,1.89,0.16
23433,19415,14322.5905976995,13310.6162364103,11.04,0.649999999999999,-1.24
23434,19415,14311.790222052,13308.8122447602,10.95,-0.0899999999999999,-0.739999999999998
23435,19415,14299.6878833128,13306.7907856235,12.27,1.32,1.41
23436,19415,14287.6644514276,13304.7825063345,12.19,-0.0800000000000001,-1.4
23437,19415,14276.0256904559,13302.8384788029,11.8,-0.389999999999999,-0.309999999999999
23438,19415,14263.0257862519,13300.667098899,13.18,1.38,1.77
23439,19415,14250.7952238749,13298.6242225098,12.4,-0.779999999999999,-2.16
23440,19415,14238.0221768763,13296.4907346679,12.96,0.56,1.34
23441,19415,14221.9174808219,13293.6038717799,13.68,0.719999999999999,0.159999999999998
23442,19415,14208.8603622602,13291.236477671,13.27,-0.41,-1.13
23443,19415,14195.7638853909,13288.8619474834,13.31,0.0400000000000009,0.450000000000001
23444,19415,14183.1101894826,13286.5676981812,12.85,-0.460000000000001,-0.500000000000002
23445,19415,14169.9153168442,13284.1753277969,13.41,0.56,1.02
23446,19415,14156.5531713983,13281.7526290781,13.59,0.18,-0.380000000000001
23447,19415,14143.5944486057,13279.403075166,13.16,-0.43,-0.609999999999999
23448,19415,14130.0111333869,13276.7784835734,13.85,0.69,1.12
23472,19415,13832.5571548675,13275.8554918707,20.92,0.294583333333333,-0.0164756944444444
23473,19415,13826.5882992872,13295.895473484,20.91,-0.0100000000000016,-0.304583333333335
23474,19415,13820.2967351205,13312.7407960963,18,-2.91,-2.9
23475,19415,13815.1743200261,13325.9203432661,14.14,-3.86,-0.949999999999999
23476,19415,13810.2185464412,13338.6711357189,13.68,-0.460000000000001,3.4
23477,19415,13804.334151363,13354.3399921021,13.61,-0.0700000000000003,0.390000000000001
23478,19415,13799.9437221041,13367.0955489666,13.49,-0.119999999999999,-0.0499999999999989
23479,19415,13795.5370199421,13379.8983836548,13.54,0.0499999999999989,0.169999999999998
23480,19415,13791.0587170065,13392.9092407679,13.76,0.220000000000001,0.170000000000002
23481,19415,13783.4369527926,13404.916628766,13.84,0.0800000000000001,-0.140000000000001
23482,19415,13779.0617302248,13417.4864757624,13.3,-0.539999999999999,-0.619999999999999
23483,19415,13774.3514915962,13430.1914414082,13.55,0.25,0.789999999999999
23484,19415,13769.6169196314,13442.9620415629,13.63,0.0800000000000001,-0.17
23485,19415,13765.2091096085,13454.8512640271,12.68,-0.950000000000001,-1.03
23486,19415,13761.4061567969,13465.1090001278,10.94,-1.74,-0.789999999999999
23487,19415,13748.7103819756,13481.5516986821,7.15,-3.79,-2.05
23488,19415,13745.926132507,13484.4375356312,4.01,-3.14,0.649999999999999
23489,19415,13714.0032410088,13495.9390139177,5.6,1.59,4.73
23490,19415,13708.1352363877,13491.9842737558,7.12,1.52,-0.0699999999999994
23491,19415,13697.2562698227,13492.267301016,9.2,2.08,0.559999999999999
23492,19415,13692.5465560284,13501.1783767188,10.08,0.880000000000001,-1.2
23493,19415,13687.4838771937,13511.2696295159,11.29,1.21,0.329999999999998
23494,19415,13681.8875767634,13522.4245307478,12.49,1.2,-0.00999999999999801
23495,19415,13675.8383706092,13534.482192416,13.49,1,-0.200000000000001
23496,19415,13669.9730172736,13546.1733869764,13.07,-0.42,-1.42
23497,19415,13664.0179796362,13558.0433459796,13.28,0.209999999999999,0.629999999999999
23498,19415,13659.2781642878,13567.4910467826,10.56,-2.72,-2.93
23499,19415,13655.8611923905,13574.301972054,7.63,-2.93,-0.210000000000002
23500,19415,13651.4065699755,13585.0683352149,5.12,-2.51,0.420000000000001
23501,19415,13650.4673523606,13588.7710734276,3.82,-1.3,1.21
23502,19415,13649.9534872258,13590.7969171094,2.09,-1.73,-0.43
23503,19415,13649.4125765575,13592.9293841429,2.2,0.11,1.84
23504,19415,13649.2355512479,13593.6272824448,0.72,-1.48,-1.59
23505,19415,13649.1544146477,13593.9471524998,0.33,-0.39,1.09
23506,19415,13649.0486911989,13594.3639528746,0.43,0.1,0.49
23507,19415,13648.8962527378,13594.9649208567,0.61,0.18,0.08
23508,19415,13648.773318495,13595.4495724552,0.5,-0.11,-0.29
23509,19415,13648.5422021186,13596.3607174605,0.94,0.44,0.55
23510,19415,13648.3110857422,13597.2718624657,0.94,0,-0.44
23511,19415,13648.0947214749,13598.1248492791,0.88,-0.0599999999999999,-0.0599999999999999
23512,19415,13647.5882323946,13600.121613865,2.06,1.18,1.24
23513,19415,13646.9317635381,13602.7096534011,2.67,0.61,-0.57
23514,19415,13646.2261209846,13605.4915535766,2.87,0.2,-0.41
23515,19415,13645.2967381091,13609.1555196615,3.78,0.91,0.71
23516,19415,13644.1411562269,13613.7112446876,4.7,0.92,0.0100000000000007
23517,19415,13643.0298306722,13618.0924951382,4.52,-0.180000000000001,-1.1
23518,19415,13641.7316450684,13623.2104160187,5.28,0.760000000000001,0.940000000000001
23519,19415,13640.5465589679,13627.8824574284,4.83,-0.45,-1.21
23520,19415,13639.4081878797,13632.3703312307,4.63,-0.2,0.25
23521,19415,13638.2599820521,13636.8969771609,4.67,0.04,0.24
23522,19415,13636.8806598481,13642.3347680964,5.62,0.95,0.91
23523,19415,13635.7545821842,13646.7741767388,4.58,-1.04,-1.99
23524,19415,13634.7440627085,13650.7580128787,4.1,-0.48,0.56
23525,19415,13633.2491823163,13656.6513763168,6.08,1.98,2.46
23526,19415,13631.3658297168,13664.0762388061,7.66,1.58,-0.4
