"V1","V2","V3","V4","V5","acceleration","jerk"
57958,"19467#1",14403.430669669,13324.1189903501,13.08,0.57,0
57959,"19467#1",14389.9671876975,13321.8701788411,13.65,0.57,0
57960,"19467#1",14376.4741156558,13319.6164248892,13.68,0.0299999999999994,-0.540000000000001
57961,"19467#1",14363.7306587274,13317.4878794902,12.92,-0.76,-0.789999999999999
57962,"19467#1",14350.9378850153,13315.3510966864,12.97,0.0500000000000007,0.81
57963,"19467#1",14337.4053595465,13313.0907528106,13.72,0.75,0.699999999999999
57964,"19467#1",14323.7446104399,13310.8089916825,13.85,0.129999999999999,-0.620000000000001
57965,"19467#1",14310.419215463,13308.5832449069,13.51,-0.34,-0.469999999999999
57966,"19467#1",14296.975460205,13306.3377283598,13.63,0.120000000000001,0.460000000000001
57967,"19467#1",14284.1136429956,13304.1894131893,13.04,-0.590000000000002,-0.710000000000003
57968,"19467#1",14271.1531922186,13302.0246232092,13.13,0.0900000000000016,0.680000000000003
57969,"19467#1",14258.419598647,13299.8977252911,12.92,-0.210000000000001,-0.300000000000002
57970,"19467#1",14245.2322906647,13297.695043249,13.37,0.449999999999999,0.66
57971,"19467#1",14229.6589948339,13292.0073862795,13.67,0.300000000000001,-0.149999999999999
57972,"19467#1",14214.6472296708,13290.119581552,15.13,1.46,1.16
57973,"19467#1",14198.4448420229,13288.082050078,16.33,1.2,-0.260000000000003
57974,"19467#1",14181.0419100361,13285.8935441348,17.54,1.21,0.0100000000000033
57975,"19467#1",14162.2598403378,13283.5316047103,18.93,1.39,0.18
57976,"19467#1",14141.8983170618,13281.4963346603,20.46,1.53,0.140000000000001
57977,"19467#1",14120.934532911,13285.4384345993,21.63,1.17,-0.360000000000003
57978,"19467#1",14103.1203043994,13297.1852684503,21.56,-0.0700000000000003,-1.24
57979,"19467#1",14091.6697973475,13315.8531987407,22.18,0.620000000000001,0.690000000000001
57980,"19467#1",14090.1312252454,13337.8894960507,22.17,-0.00999999999999801,-0.629999999999999
57981,"19467#1",14097.8968998433,13355.3587881355,19.3,-2.87,-2.86
57982,"19467#1",14116.63815765,13372.0335834578,16.08,-3.22,-0.350000000000001
57983,"19467#1",14123.7481704645,13382.8994881423,13.13,-2.95,0.270000000000005
57984,"19467#1",14123.1475409364,13401.2431963269,13.35,0.219999999999999,3.17
57985,"19467#1",14115.5870958509,13417.2857561876,13.15,-0.199999999999999,-0.419999999999998
57986,"19467#1",14117.0770460438,13432.513214724,12.86,-0.290000000000001,-0.0900000000000016
57987,"19467#1",14129.8180361887,13434.9397493164,12.97,0.110000000000001,0.400000000000002
57988,"19467#1",14142.6376137824,13437.3812509688,13.05,0.0800000000000001,-0.0300000000000011
57989,"19467#1",14156.2528892958,13439.974294103,13.86,0.809999999999999,0.729999999999999
57990,"19467#1",14169.7208133425,13442.5392739999,13.71,-0.149999999999999,-0.959999999999997
57991,"19467#1",14182.7984192726,13444.4508200762,13.22,-0.49,-0.340000000000002
57992,"19467#1",14195.9906989192,13446.2171319755,13.31,0.0899999999999999,0.58
57993,"19467#1",14209.1823268901,13447.9882977058,13.31,0,-0.0899999999999999
57994,"19467#1",14222.7697416736,13449.8175761164,13.71,0.4,0.4
57995,"19467#1",14236.0278917501,13451.5426570809,13.37,-0.340000000000002,-0.740000000000002
57996,"19467#1",14249.7080567918,13453.2796615229,13.8,0.430000000000001,0.770000000000003
57997,"19467#1",14263.2790979645,13455.002810237,13.67,-0.130000000000001,-0.560000000000002
57998,"19467#1",14276.3045197917,13456.6566803112,13.13,-0.539999999999999,-0.409999999999998
57999,"19467#1",14289.919392729,13458.4304782306,13.74,0.609999999999999,1.15
58000,"19467#1",14303.5192307602,13460.2423296388,13.72,-0.0199999999999996,-0.629999999999999
58001,"19467#1",14313.0847145066,13461.516700345,9.66,-4.06,-4.04
58002,"19467#1",14320.1027067268,13462.45167906,7.08,-2.58,1.48
58003,"19467#1",14324.2163603587,13462.9997244933,4.15,-2.93,-0.35
58004,"19467#1",14325.0390910851,13463.1093335799,0.83,-3.32,-0.390000000000001
58005,"19467#1",14325.5644492597,13463.1793249244,0.52,-0.31,3.01
58006,"19467#1",14325.951033577,13463.2308279892,0.39,-0.13,0.18
58007,"19467#1",14329.1792794997,13458.3367740752,2.13,1.74,1.87
58008,"19467#1",14328.8645702477,13454.6100384947,3.74,1.61,-0.129999999999999
58009,"19467#1",14328.4211163018,13449.3587292677,5.27,1.53,-0.080000000000001
58010,"19467#1",14327.8043198267,13442.0547261113,7.33,2.06,0.530000000000001
58011,"19467#1",14327.9628104797,13434.7354705523,7.41,0.0800000000000001,-1.98
58012,"19467#1",14327.375005033,13410.026006567,8.69,1.28,1.2
58013,"19467#1",14328.8401785947,13390.9715385105,10.3,1.61,0.330000000000002
58014,"19467#1",14329.2759818652,13379.619900941,11.36,1.06,-0.550000000000002
58015,"19467#1",14329.7666441741,13366.8393160366,12.79,1.43,0.370000000000001
58016,"19467#1",14330.276487965,13353.559099197,13.29,0.5,-0.93
58017,"19467#1",14331.1192455178,13338.5436620501,15.03,1.74,1.24
58018,"19467#1",14331.9647753802,13322.0879403196,16.49,1.46,-0.280000000000001
