"V1","V2","V3","V4","V5","acceleration","jerk"
32686,19550,13735.7065586941,13281.6365243652,11.61,1.32,0
32687,19550,13732.9572338262,13293.6036009614,12.93,1.32,0
32688,19550,13733.4758525183,13308.3350756705,14.9,1.97,0.65
32689,19550,13743.4029940279,13320.5666927848,16.2,1.3,-0.670000000000002
32690,19550,13759.650200172,13324.4252167257,17.45,1.25,-0.0499999999999989
32691,19550,13777.0164570788,13318.3160424432,18.5,1.05,-0.199999999999999
32692,19550,13789.6861767837,13311.3676107784,14.45,-4.05,-5.1
32693,19550,13804.6829844306,13297.9251995539,13.08,-1.37,2.68
32694,19550,13811.3962367956,13285.7968524388,13.47,0.390000000000001,1.76
