"V1","V2","V3","V4","V5","acceleration","jerk"
42624,195671,13433.84,14172.77,0,1.68,0
42625,195671,13433.9250537669,14174.4478455998,1.68,1.68,0
42626,195671,13434.1088306561,14178.0731905565,3.63,1.95,0.27
42627,195671,13434.3913306677,14183.6460348701,5.59,1.96,0.01
42628,195671,13434.7497715425,14190.716955612,7.08,1.49,-0.47
42629,195671,13435.2226299848,14200.0449781728,9.34,2.26,0.77
42630,195671,13435.7891488251,14211.2206283285,11.18,1.84,-0.42
42631,195671,13436.4574284223,14224.4037008983,13.21,2.03,0.190000000000001
42632,195671,13437.1211515677,14237.4968888824,13.1,-0.110000000000001,-2.14
42633,195671,13437.8177824205,14251.2392433187,13.77,0.67,0.780000000000001
42634,195671,13442.3014289847,14267.0652777961,13.61,-0.16,-0.83
42635,195671,13455.022224563,14264.1080899671,13.06,-0.549999999999999,-0.389999999999999
42636,195671,13468.502761378,14260.9742860197,13.84,0.779999999999999,1.33
42637,195671,13481.2917388621,14258.0012480263,13.13,-0.709999999999999,-1.49
42638,195671,13493.8623137594,14254.9321097956,12.94,-0.190000000000001,0.519999999999998
42639,195671,13516.8426693682,14251.1149770141,13.19,0.25,0.440000000000001
42640,195671,13530.5150929066,14249.242856669,13.79,0.6,0.35
42641,195671,13543.4840801615,14247.4670555591,13.09,-0.699999999999999,-1.3
42642,195671,13557.057428167,14245.6085013036,13.7,0.609999999999999,1.31
42643,195671,13570.0066003154,14243.8354134116,13.07,-0.629999999999999,-1.24
42644,195671,13582.8170667177,14242.0813180448,12.93,-0.140000000000001,0.489999999999998
42645,195671,13596.1625409976,14240.253965795,13.47,0.540000000000001,0.680000000000001
42646,195671,13609.1612509123,14238.4740948583,13.11,-0.360000000000001,-0.900000000000002
42647,195671,13622.5067251922,14236.6467426084,13.48,0.370000000000001,0.730000000000002
42648,195671,13635.3122493383,14236.0807417516,12.85,-0.630000000000001,-1
42649,195671,13661.3724072635,14232.8654962616,12.37,-0.48,0.15
42650,195671,13670.1069070479,14229.4186696751,9.38,-2.99,-2.51
42651,195671,13673.2566329424,14225.1516609138,5.67,-3.71,-0.720000000000002
42652,195671,13674.6766350167,14221.8326709908,3.61,-2.06,1.65
42653,195671,13675.0591658607,14220.8696508017,1.04,-2.57,-0.51
42654,195671,13675.1126594047,14220.3423572964,0.54,-0.5,2.07
42655,195671,13675.1166966533,14220.3025615601,0.04,-0.5,0
42656,195671,13675.1197245898,14220.2727147579,0.02,-0.02,0.48
42657,195671,13675.1197245898,14220.2727147579,0,-0.02,0
42658,195671,13675.1197245898,14220.2727147579,0,0,0.02
42659,195671,13675.1197245898,14220.2727147579,0,0,0
42660,195671,13675.1197245898,14220.2727147579,0,0,0
42661,195671,13675.1626394868,14207.7330782889,1.45,1.45,1.45
42662,195671,13674.1996182111,14204.2850368125,3.58,2.13,0.68
42663,195671,13672.757776301,14199.1226059988,5.36,1.78,-0.35
42664,195671,13670.9258838742,14192.5636220732,6.81,1.45,-0.330000000000001
42665,195671,13668.6743508915,14184.5021396272,8.37,1.56,0.11
42666,195671,13666.0381473991,14175.0633668708,9.8,1.43,-0.129999999999998
42667,195671,13662.9823033509,14164.1220955939,11.36,1.56,0.129999999999997
42668,195671,13659.564631234,14151.7463780778,12.84,1.48,-0.0799999999999983
42669,195671,13656.2106356931,14138.4057122851,13.67,0.83,-0.65
42670,195671,13650.1109377926,14115.6218664157,13.82,0.15,-0.68
42671,195671,13648.6705290493,14092.8001053136,13.29,-0.530000000000001,-0.680000000000001
42672,195671,13648.528174765,14079.6408752732,13.16,-0.129999999999999,0.400000000000002
42673,195671,13648.3862531685,14066.5216428924,13.12,-0.0400000000000009,0.0899999999999981
42674,195671,13648.2368677075,14052.7124508818,13.81,0.690000000000001,0.730000000000002
42675,195671,13646.1056696806,14039.7200067887,13.24,-0.57,-1.26
42676,195671,13642.888133954,14026.3517621826,13.75,0.51,1.08
42677,195671,13639.8531202541,14013.7418616342,12.97,-0.779999999999999,-1.29
42678,195671,13636.7338656187,14000.781956136,13.33,0.359999999999999,1.14
42679,195671,13637.3029653659,13982.90010531,13.35,0.0199999999999996,-0.34
42680,195671,13641.2229938842,13968.0280584967,15.38,2.03,2.01
42681,195671,13645.3367299235,13952.421112101,16.14,0.76,-1.27
42682,195671,13648.7062212766,13939.6377272589,13.22,-2.92,-3.68
42683,195671,13654.4857849792,13930.6532802093,10.16,-3.06,-0.140000000000001
42684,195671,13657.2027878404,13920.3453465923,10.66,0.5,3.56
42685,195671,13662.9954670339,13909.8456993956,7.38,-3.28,-3.78
42686,195671,13664.8523236613,13906.4274859053,3.89,-3.49,-0.21
42687,195671,13691.8618662754,13879.8624519412,5.45,1.56,5.05
42688,195671,13698.6304817975,13875.9460449253,7.82,2.37,0.81
42689,195671,13703.2784952698,13873.2566452225,5.37,-2.45,-4.82
42690,195671,13717.5852335131,13867.5714510764,7.13,1.76,4.21
42691,195671,13726.1958366858,13866.1438367438,8.73,1.6,-0.159999999999999
42692,195671,13736.205111801,13864.2872776498,10.18,1.45,-0.150000000000001
42693,195671,13747.6388421976,13862.2205939861,11.62,1.44,-0.00999999999999979
42694,195671,13760.4097986755,13860.4005196359,12.9,1.28,-0.159999999999998
42695,195671,13773.8877417752,13858.8757120357,13.57,0.67,-0.610000000000001
42696,195671,13787.063681125,13857.7972769421,13.22,-0.35,-1.02
42697,195671,13800.1720513211,13856.7517795883,13.15,-0.0700000000000003,0.279999999999999
42698,195671,13813.4401119903,13855.6960021117,13.31,0.16,0.23
42699,195671,13826.4063813132,13855.5909945107,12.98,-0.33,-0.49
42700,195671,13839.413606674,13855.8596735279,13.01,0.0299999999999994,0.359999999999999
42701,195671,13853.1388437867,13857.6561161253,13.85,0.84,0.81
42702,195671,13866.529605314,13859.7273490234,13.55,-0.299999999999999,-1.14
42703,195671,13879.6268731044,13861.3562031238,13.2,-0.350000000000001,-0.0500000000000025
42704,195671,13893.3429984857,13863.0743799994,13.83,0.630000000000001,0.980000000000002
42705,195671,13906.5207210681,13866.0065511303,13.5,-0.33,-0.960000000000001
42706,195671,13919.851207711,13868.3736054892,13.54,0.0399999999999991,0.369999999999999
42707,195671,13933.0557109954,13867.088634322,13.83,0.290000000000001,0.250000000000002
42708,195671,13946.81003104,13867.7455818937,13.76,-0.0700000000000003,-0.360000000000001
42709,195671,13959.7886180535,13866.5825321489,13.04,-0.720000000000001,-0.65
42710,195671,13979.4702446152,13864.8746627819,13.5,0.460000000000001,1.18
42711,195671,13992.7015250306,13867.1256981762,13.47,-0.0299999999999994,-0.49
42712,195671,14003.1492147977,13869.0791790946,10.63,-2.84,-2.81
42713,195671,14011.0198177668,13870.3959968122,7.97,-2.66,0.179999999999999
42714,195671,14015.5764826437,13871.1583649645,4.62,-3.35,-0.689999999999999
42715,195671,14017.992895836,13871.5626511059,2.46,-2.16,1.19
42716,195671,14019.0778160448,13871.7441673327,1.09,-1.37,0.79
42717,195671,14019.8865747459,13871.879479429,0.82,-0.27,1.1
42718,195671,14020.1035587877,13871.9157826743,0.23,-0.59,-0.32
42719,195671,14020.1528733426,13871.9240334119,0.05,-0.18,0.41
42720,195671,14020.1528733426,13871.9240334119,0,-0.05,0.13
42721,195671,14020.1528733426,13871.9240334119,0,0,0.05
42722,195671,14020.8827287558,13872.0461443281,0.74,0.74,0.74
42723,195671,14022.3917541371,13872.298616898,1.54,0.8,0.0600000000000001
42724,195671,14025.7155551404,13872.8547166108,3.36,1.82,1.02
42725,195671,14029.0756015995,13875.6191944074,4.77,1.41,-0.41
42726,195671,14041.1919569466,13883.7908970418,7.01,2.24,0.830000000000001
42727,195671,14048.7861673043,13880.6976836572,8.19,1.18,-1.06
42728,195671,14057.9455258943,13876.9669665384,9.89,1.7,0.520000000000001
42729,195671,14069.8458189493,13877.914897131,11.99,2.1,0.399999999999999
42730,195671,14081.2992662281,13882.3600498482,10.21,-1.78,-3.88
42731,195671,14092.5608867984,13883.2813223572,11.3,1.09,2.87
42732,195671,14103.2925015518,13883.582036733,10.74,-0.56,-1.65
42733,195671,14114.7166034032,13884.3517099674,11.45,0.709999999999999,1.27
42734,195671,14127.0785791185,13885.1845703496,12.39,0.940000000000001,0.230000000000002
42735,195671,14140.8418675534,13885.7870270321,13.78,1.39,0.449999999999998
42736,195671,14156.9538563261,13885.4925134753,13.39,-0.389999999999999,-1.78
42737,195671,14171.1941462302,13883.3801158399,12.89,-0.5,-0.110000000000001
42738,195671,14180.9539750747,13877.508523642,11.44,-1.45,-0.950000000000001
42739,195671,14195.5661502611,13865.0025980878,10.95,-0.49,0.960000000000001
42740,195671,14205.929096484,13883.4602589918,11.49,0.540000000000001,1.03
42741,195671,14210.5778715272,13895.5036681121,12.91,1.42,0.879999999999999
42742,195671,14229.3634161303,13920.3878677004,13.19,0.279999999999999,-1.14
42743,195671,14240.9388236113,13927.899625443,13.8,0.610000000000001,0.330000000000002
42744,195671,14251.9126957891,13935.7622780089,13.5,-0.300000000000001,-0.910000000000002
42745,195671,14262.7529020758,13943.1353389515,13.1,-0.4,-0.0999999999999996
42746,195671,14273.8638969191,13949.9177326351,13.02,-0.0800000000000001,0.32
42747,195671,14286.0906780019,13956.4147341206,13.86,0.84,0.92
42748,195671,14298.0838093422,13961.7119095926,13.14,-0.719999999999999,-1.56
42749,195671,14310.8862465544,13966.0579424305,13.52,0.379999999999999,1.1
42750,195671,14323.7185507844,13969.7388652614,13.37,-0.15,-0.529999999999999
42751,195671,14336.9919468204,13972.6552084634,13.59,0.220000000000001,0.370000000000001
42752,195671,14350.0872527332,13974.9466932541,13.3,-0.289999999999999,-0.51
42753,195671,14362.9950442245,13976.7445513063,13.04,-0.260000000000002,0.0299999999999976
42754,195671,14376.84012602,13977.575580835,13.87,0.83,1.09
42755,195671,14392.1166785295,13975.2016998756,13.42,-0.449999999999999,-1.28
