"V1","V2","V3","V4","V5","acceleration","jerk"
56887,"199336#1",13645.5,13909.19,0,1.73,0
56888,"199336#1",13643.7966969529,13909.4927519279,1.73,1.73,0
56889,"199336#1",13640.4196279058,13910.0930057501,3.43,1.7,-0.0299999999999998
56890,"199336#1",13635.3392558117,13910.9960115002,5.15,1.72,0.02
56891,"199336#1",13628.8017227292,13912.1580188996,6.64,1.49,-0.230000000000001
56892,"199336#1",13619.9319489971,13910.3831640841,8.41,1.77,0.280000000000001
56893,"199336#1",13604.554957775,13911.4793516742,9.79,1.38,-0.390000000000001
56894,"199336#1",13592.9056692125,13911.6080994397,11.65,1.86,0.480000000000002
56895,"199336#1",13579.7806610392,13912.1198012148,13.14,1.49,-0.370000000000001
56896,"199336#1",13566.6895247688,13912.9896007023,13.11,-0.0300000000000011,-1.52
56897,"199336#1",13553.3788724938,13913.8739852421,13.34,0.23,0.260000000000002
56898,"199336#1",13540.1480442204,13914.7530661265,13.27,-0.0700000000000003,-0.300000000000001
56899,"199336#1",13527.05690795,13915.6228656139,13.12,-0.15,-0.0800000000000001
56900,"199336#1",13513.9059036783,13916.4966428429,13.18,0.0600000000000005,0.210000000000001
56901,"199336#1",13500.6410788427,13917.9481535262,13.35,0.17,0.109999999999999
56902,"199336#1",13487.2655772355,13920.1774037941,13.56,0.210000000000001,0.0400000000000009
56903,"199336#1",13477.5265670341,13921.6632437186,9.64,-3.92,-4.13
56904,"199336#1",13471.216271884,13915.132615269,6.81,-2.83,1.09
56905,"199336#1",13470.8704635459,13910.8566026849,4.29,-2.52,0.310000000000001
56906,"199336#1",13470.7606624655,13909.5712841552,1.29,-3,-0.48
56907,"199336#1",13470.7002293127,13908.8638607784,0.72,-0.57,2.43
56908,"199336#1",13475.7875738523,13904.4702722957,2.83,2.11,2.68
56909,"199336#1",13480.149782089,13903.757854371,4.42,1.59,-0.52
56910,"199336#1",13486.1404164775,13902.7794885786,6.07,1.65,0.0600000000000005
56911,"199336#1",13493.3548377921,13901.601258934,7.31,1.24,-0.410000000000001
56912,"199336#1",13499.4976785998,13897.2583959991,6.76,-0.55,-1.79
56913,"199336#1",13507.3836102824,13895.9730238747,7.99,1.23,1.78
56914,"199336#1",13516.8427494584,13895.0324104646,9.51,1.52,0.289999999999999
56915,"199336#1",13527.484241248,13894.1262909952,10.68,1.17,-0.35
56916,"199336#1",13539.8295673971,13893.0750905994,12.39,1.71,0.540000000000001
56917,"199336#1",13552.8038182042,13892.2810704214,13,0.609999999999999,-1.1
56918,"199336#1",13566.0290100043,13892.0486246362,13.24,0.24,-0.369999999999999
56919,"199336#1",13578.9488294993,13891.9803295704,12.91,-0.33,-0.57
56920,"199336#1",13595.1936001262,13887.8013791103,13.11,0.199999999999999,0.529999999999999
56921,"199336#1",13596.8427103785,13874.6585762978,13.25,0.140000000000001,-0.0599999999999987
56922,"199336#1",13598.8011106044,13861.050118586,13.76,0.51,0.369999999999999
56923,"199336#1",13602.8250722771,13848.7674631073,12.92,-0.84,-1.35
56924,"199336#1",13606.2966605171,13836.4063682582,12.89,-0.0299999999999994,0.81
56925,"199336#1",13608.5299479152,13822.8715182438,13.73,0.84,0.869999999999999
56926,"199336#1",13609.337128873,13809.4606834921,13.45,-0.280000000000001,-1.12
56927,"199336#1",13609.4017650851,13796.0008386876,13.46,0.0100000000000016,0.290000000000003
56928,"199336#1",13609.4675538002,13782.3009966504,13.7,0.239999999999998,0.229999999999997
56929,"199336#1",13609.5303652158,13769.2211474645,13.08,-0.619999999999999,-0.859999999999998
56930,"199336#1",13599.3641727163,13760.242523994,13.21,0.130000000000001,0.75
56931,"199336#1",13586.3718670867,13760.6897313588,13,-0.210000000000001,-0.340000000000002
56932,"199336#1",13573.2495739263,13761.1395278955,13.13,0.130000000000001,0.340000000000002
56933,"199336#1",13559.9864864996,13761.5650686324,13.28,0.149999999999999,0.0199999999999978
56934,"199336#1",13546.6175066801,13762.1080037899,13.37,0.0899999999999999,-0.0599999999999987
56935,"199336#1",13533.5390776608,13762.1020650887,13.09,-0.279999999999999,-0.369999999999999
56936,"199336#1",13520.5361005693,13761.6904631628,13.01,-0.0800000000000001,0.199999999999999
56937,"199336#1",13507.0703256635,13761.3531114398,13.48,0.470000000000001,0.550000000000001
56938,"199336#1",13493.2346668144,13761.0064931883,13.84,0.359999999999999,-0.110000000000001
56939,"199336#1",13479.7189075919,13760.6678892317,13.52,-0.32,-0.68
56940,"199336#1",13466.2531370848,13760.3303627145,13.47,-0.0499999999999989,0.270000000000001
56941,"199336#1",13453.6771542224,13760.0124711523,12.57,-0.9,-0.850000000000001
56942,"199336#1",13444.580060101,13759.7825177965,9.11,-3.46,-2.56
56943,"199336#1",13438.7990781568,13759.5073650635,5.79,-3.32,0.140000000000001
56944,"199336#1",13436.6666117955,13759.3280751096,2.13,-3.66,-0.340000000000001
56945,"199336#1",13428.4442455328,13750.4310364972,3.79,1.66,5.32
56946,"199336#1",13428.6807102144,13744.2455547493,6.2,2.41,0.75
56947,"199336#1",13429.0012172707,13735.8616788421,8.39,2.19,-0.22
56948,"199336#1",13429.3851381189,13725.8190146148,10.05,1.66,-0.53
56949,"199336#1",13429.8515732986,13713.6179270312,12.21,2.16,0.5
56950,"199336#1",13430.3428391799,13700.7673139005,12.86,0.649999999999999,-1.51
56951,"199336#1",13430.8451833743,13687.6269124489,13.15,0.290000000000001,-0.359999999999998
56952,"199336#1",13431.3704482163,13673.8869489538,13.75,0.6,0.309999999999999
56953,"199336#1",13431.8983871339,13660.0770365537,13.82,0.0700000000000003,-0.529999999999999
56954,"199336#1",13425.0445979218,13641.501421482,13.4,-0.42,-0.49
56955,"199336#1",13414.3725054947,13635.8630402227,12.08,-1.32,-0.9
56956,"199336#1",13406.6712689544,13631.7942497696,8.71,-3.37,-2.05
57114,"199336#1",13415.2643325753,13366.5259602639,13.65,0.0312658227848101,0.0215269988783849
57115,"199336#1",13428.4309409435,13369.0160253389,13.4,-0.25,-0.28126582278481
57116,"199336#1",13441.3544944821,13368.1046695789,13.38,-0.0199999999999996,0.23
57117,"199336#1",13464.0274763567,13370.4331108082,12.74,-0.640000000000001,-0.620000000000001
57118,"199336#1",13477.6203283901,13371.2926302072,13.61,0.869999999999999,1.51
57119,"199336#1",13490.6542966395,13372.1168096015,13.07,-0.539999999999999,-1.41
57120,"199336#1",13503.8180057673,13372.9491929255,13.19,0.119999999999999,0.659999999999998
57121,"199336#1",13516.7821135437,13373.7689548192,12.99,-0.199999999999999,-0.319999999999999
57122,"199336#1",13530.1614550903,13373.4800113405,13.42,0.43,0.629999999999999
57123,"199336#1",13543.1613710268,13372.337782972,13.05,-0.369999999999999,-0.799999999999999
57124,"199336#1",13556.0670179882,13369.0775556578,13.35,0.299999999999999,0.669999999999998
57125,"199336#1",13576.6294335062,13355.7917056613,12.81,-0.539999999999999,-0.839999999999998
57126,"199336#1",13586.9710204706,13348.4200315599,12.7,-0.110000000000001,0.429999999999998
57127,"199336#1",13597.3533223444,13341.0193351196,12.76,0.0600000000000005,0.170000000000002
57128,"199336#1",13608.1427733112,13333.3284152894,13.25,0.49,0.43
57129,"199336#1",13619.4208031898,13325.2892273915,13.85,0.6,0.109999999999999
57130,"199336#1",13630.128824338,13317.6563522393,13.14,-0.709999999999999,-1.31
57131,"199336#1",13640.7961305769,13310.052499426,13.1,-0.0400000000000009,0.669999999999998
57132,"199336#1",13651.513646205,13302.6246577388,13.04,-0.0600000000000005,-0.0199999999999996
57133,"199336#1",13662.4900860443,13295.0435385302,13.34,0.300000000000001,0.360000000000001
57134,"199336#1",13673.7051441409,13287.2976123824,13.63,0.290000000000001,-0.00999999999999979
57135,"199336#1",13684.5005632333,13279.8415191278,13.13,-0.5,-0.790000000000001
57177,"199336#1",14213.7042453883,13276.3016570543,13.16,0.000714285714285699,0.011921768707483
57178,"199336#1",14228.3946223765,13278.8345157682,13.69,0.529999999999999,0.529285714285714
57179,"199336#1",14241.8838252562,13280.8571392303,13.64,-0.0499999999999989,-0.579999999999998
57180,"199336#1",14255.3136914664,13282.8708655218,13.58,-0.0600000000000005,-0.0100000000000016
57181,"199336#1",14268.0908543114,13284.786722936,12.91,-0.67,-0.609999999999999
57182,"199336#1",14281.5503888564,13286.8048978128,13.61,0.699999999999999,1.37
57183,"199336#1",14294.5747878245,13288.7578267714,13.18,-0.43,-1.13
57184,"199336#1",14307.9552068101,13290.764138754,13.52,0.34,0.77
57185,"199336#1",14321.4583375779,13293.0089935891,13.69,0.17,-0.17
57186,"199336#1",14335.0873078783,13295.4734749849,13.85,0.16,-0.00999999999999979
57187,"199336#1",14348.2439384138,13297.852544751,13.37,-0.48,-0.640000000000001
57188,"199336#1",14360.9380695962,13300.1479822966,12.9,-0.469999999999999,0.0100000000000016
57189,"199336#1",14374.1143809552,13302.5306108806,13.39,0.49,0.959999999999999
57190,"199336#1",14386.7986717258,13304.8242690172,12.89,-0.5,-0.99
57191,"199336#1",14399.5715262023,13307.1339418343,12.98,0.0899999999999999,0.59
