"V1","V2","V3","V4","V5","acceleration","jerk"
65506,"203379#1",14349.8466503869,14258.1649800628,18.74,0.380000000000003,0
65507,"203379#1",14351.1953743359,14239.0926088492,19.12,0.380000000000003,0
65508,"203379#1",14352.8192303902,14220.2957108228,18.86,-0.260000000000002,-0.640000000000004
65509,"203379#1",14354.8725096026,14201.2158747524,19.19,0.330000000000002,0.590000000000003
65510,"203379#1",14356.9204389472,14182.1857516472,19.15,-0.0400000000000027,-0.370000000000005
65511,"203379#1",14358.9844178949,14163.0064896461,19.28,0.130000000000003,0.170000000000005
65512,"203379#1",14360.9273979298,14143.7542981907,19.36,0.0799999999999983,-0.0500000000000043
65513,"203379#1",14362.7906875357,14125.2579133589,18.58,-0.780000000000001,-0.859999999999999
65514,"203379#1",14364.6519725266,14106.7814278115,18.58,0,0.780000000000001
65515,"203379#1",14366.5493405868,14087.9467551453,18.93,0.350000000000001,0.350000000000001
65516,"203379#1",14368.4457063396,14069.1220321212,18.92,-0.00999999999999801,-0.359999999999999
65517,"203379#1",14370.0120602102,14050.5214763371,18.67,-0.25,-0.240000000000002
65518,"203379#1",14371.1828362648,14031.1668545782,19.39,0.719999999999999,0.969999999999999
65519,"203379#1",14372.3143650562,14012.4610468546,18.74,-0.650000000000002,-1.37
65520,"203379#1",14372.5185348338,13990.7131363052,18.52,-0.219999999999999,0.430000000000003
65521,"203379#1",14372.066863004,13971.1683545833,19.55,1.03,1.25
65522,"203379#1",14371.5833084568,13950.2439412104,20.93,1.38,0.349999999999998
65523,"203379#1",14371.0583987907,13927.5300056236,22.72,1.79,0.41
65524,"203379#1",14370.5036857149,13903.526414363,24.01,1.29,-0.499999999999996
65525,"203379#1",14373.6431537026,13866.6501388894,25.46,1.45,0.159999999999997
65526,"203379#1",14372.9262114408,13823.0244428504,27.02,1.56,0.109999999999999
65527,"203379#1",14371.7655109879,13783.0743592928,27.2,0.18,-1.38
65528,"203379#1",14371.7004948244,13756.5578208574,26.52,-0.68,-0.859999999999999
65529,"203379#1",14372.8804951967,13730.0841056077,26.5,-0.0199999999999996,0.66
65530,"203379#1",14372.0547623959,13693.7766273871,26.53,0.0300000000000011,0.0500000000000007
65531,"203379#1",14368.6427165859,13667.2753756546,26.73,0.199999999999999,0.169999999999998
65532,"203379#1",14365.1182980097,13639.9013282063,27.59,0.859999999999999,0.66
65533,"203379#1",14361.6283574413,13612.7950703527,27.33,-0.260000000000002,-1.12
65534,"203379#1",14356.9048270565,13585.8918929403,27.35,0.0200000000000031,0.280000000000005
65535,"203379#1",14348.8243226439,13552.7319832105,27.75,0.399999999999999,0.379999999999995
65536,"203379#1",14338.6355667081,13516.3365441312,27.68,-0.0700000000000003,-0.469999999999999
65537,"203379#1",14333.1426031864,13489.7630029278,27.18,-0.5,-0.43
65538,"203379#1",14328.7072156218,13452.7466707045,27.5,0.32,0.82
65539,"203379#1",14327.4360048999,13409.2885250308,27.57,0.0700000000000003,-0.25
65540,"203379#1",14329.5341646125,13372.8948550922,27.65,0.0799999999999983,0.00999999999999801
65541,"203379#1",14330.6831272921,13345.4499056668,27.47,-0.18,-0.259999999999998
65542,"203379#1",14332.057547877,13318.33908806,27.15,-0.32,-0.140000000000001
65543,"203379#1",14330.7688022822,13290.6972216918,27.57,0.420000000000002,0.740000000000002
