"V1","V2","V3","V4","V5","acceleration","jerk"
61818,208230,13410.5959758026,13752.1327873443,13.14,0.219999999999999,0
61819,208230,13423.7624139409,13754.3987323462,13.36,0.219999999999999,0
61820,208230,13428.8606372984,13739.5389927084,13.55,0.190000000000001,-0.0299999999999976
61821,208230,13429.3629814928,13726.3985912568,13.15,-0.4,-0.590000000000002
61822,208230,13429.8913024212,13712.5786861559,13.83,0.68,1.08
61823,208230,13430.3925005832,13699.4682628064,13.12,-0.710000000000001,-1.39
61824,208230,13430.9215855331,13685.6283723041,13.85,0.73,1.44
61825,208230,13431.4460863536,13671.9083942105,13.73,-0.119999999999999,-0.85
61826,208230,13431.9545427206,13658.6081095473,13.32,-0.41,-0.290000000000001
61827,208230,13432.6759319417,13633.7605616714,13.17,-0.15,0.26
61828,208230,13432.895534714,13620.8724324579,12.89,-0.279999999999999,-0.129999999999999
61829,208230,13433.1216114238,13607.6043583957,13.27,0.379999999999999,0.659999999999998
61830,208230,13433.3485399674,13594.2862915902,13.32,0.0500000000000007,-0.329999999999998
61831,208230,13433.5717204419,13581.188192855,13.1,-0.220000000000001,-0.270000000000001
61832,208230,13433.7962638507,13568.0101057306,13.18,0.0800000000000001,0.300000000000001
61833,208230,13434.0293255982,13554.3320911736,13.68,0.5,0.42
61834,208230,13434.2514838721,13541.2939837304,13.04,-0.640000000000001,-1.14
61835,208230,13434.4719384783,13528.3558617737,12.94,-0.0999999999999996,0.540000000000001
61836,208230,13434.7041483919,13514.7278399599,13.63,0.690000000000001,0.790000000000001
61837,208230,13435.8858222617,13493.9603842431,13.19,-0.440000000000001,-1.13
61838,208230,13436.9040889801,13480.9802635623,13.02,-0.17,0.270000000000001
61839,208230,13437.9763191422,13467.3122563015,13.71,0.690000000000001,0.860000000000001
61840,208230,13439.0235227797,13453.9632689039,13.38,-0.33,-1.02
61841,208230,13440.0472640504,13440.913362628,13.09,-0.290000000000001,0.0399999999999991
61842,208230,13441.0686590844,13427.8933644642,13.06,-0.0299999999999994,0.260000000000002
61843,208230,13443.3671647761,13407.1748867672,11.02,-2.04,-2.01
61844,208230,13444.4686331409,13399.4129920167,7.84,-3.18,-1.14
61845,208230,13445.043290863,13394.5568754096,4.89,-2.95,0.23
61846,208230,13445.2771495271,13392.5806643568,1.99,-2.9,0.0500000000000007
61847,208230,13440.9851810385,13386.634096619,3.5,1.51,4.41
61848,208230,13438.9025877439,13386.1872127758,2.12,-1.38,-2.89
61849,208230,13436.6733329496,13385.7088582395,2.28,0.16,1.54
61850,208230,13434.5418524885,13385.2514841653,2.18,-0.0999999999999996,-0.259999999999999
61851,208230,13432.6450304267,13384.8444632002,1.95,-0.23,-0.130000000000001
61852,208230,13430.5428822655,13384.3933832647,2.15,0.2,0.43
61853,208230,13428.3429597712,13383.921322867,2.25,0.1,-0.0999999999999999
61854,208230,13428.7787465052,13380.6367736655,0,-2.25,-2.35
61855,208230,13428.7787465052,13380.6367736655,0,0,2.25
61856,208230,13428.7787465052,13380.6367736655,0,0,0
61857,208230,13428.7787465052,13380.6367736655,0,0,0
61858,208230,13428.7787465052,13380.6367736655,0,0,0
61859,208230,13428.7787465052,13380.6367736655,0,0,0
61860,208230,13428.7787465052,13380.6367736655,0,0,0
61861,208230,13428.7787465052,13380.6367736655,0,0,0
61862,208230,13428.7787465052,13380.6367736655,0,0,0
61863,208230,13428.7787465052,13380.6367736655,0,0,0
61864,208230,13428.7787465052,13380.6367736655,0,0,0
61865,208230,13428.7787465052,13380.6367736655,0,0,0
61866,208230,13428.7787465052,13380.6367736655,0,0,0
61867,208230,13428.7787465052,13380.6367736655,0,0,0
61868,208230,13428.7787465052,13380.6367736655,0,0,0
61869,208230,13428.7787465052,13380.6367736655,0,0,0
61870,208230,13428.7787465052,13380.6367736655,0,0,0
61871,208230,13428.7787465052,13380.6367736655,0,0,0
61872,208230,13428.7787465052,13380.6367736655,0,0,0
61873,208230,13428.7787465052,13380.6367736655,0,0,0
61874,208230,13428.7787465052,13380.6367736655,0,0,0
61875,208230,13428.7787465052,13380.6367736655,0,0,0
61876,208230,13428.7787465052,13380.6367736655,0,0,0
61877,208230,13428.7787465052,13380.6367736655,0,0,0
61878,208230,13428.7787465052,13380.6367736655,0,0,0
61879,208230,13428.7787465052,13380.6367736655,0,0,0
61880,208230,13428.7787465052,13380.6367736655,0,0,0
61881,208230,13428.7787465052,13380.6367736655,0,0,0
61882,208230,13428.7787465052,13380.6367736655,0,0,0
61883,208230,13428.7787465052,13380.6367736655,0,0,0
61884,208230,13428.7787465052,13380.6367736655,0,0,0
61885,208230,13428.7787465052,13380.6367736655,0,0,0
61886,208230,13428.7787465052,13380.6367736655,0,0,0
61887,208230,13428.7787465052,13380.6367736655,0,0,0
61888,208230,13428.7787465052,13380.6367736655,0,0,0
61889,208230,13428.7787465052,13380.6367736655,0,0,0
61890,208230,13428.7787465052,13380.6367736655,0,0,0
61891,208230,13428.7787465052,13380.6367736655,0,0,0
61892,208230,13428.7787465052,13380.6367736655,0,0,0
61893,208230,13428.7787465052,13380.6367736655,0,0,0
61894,208230,13428.7787465052,13380.6367736655,0,0,0
61895,208230,13428.7787465052,13380.6367736655,0,0,0
61896,208230,13428.7787465052,13380.6367736655,0,0,0
61897,208230,13428.7787465052,13380.6367736655,0,0,0
61898,208230,13428.7787465052,13380.6367736655,0,0,0
61899,208230,13428.7787465052,13380.6367736655,0,0,0
61900,208230,13428.7787465052,13380.6367736655,0,0,0
61901,208230,13428.7787465052,13380.6367736655,0,0,0
61902,208230,13428.7689690719,13380.6346756193,0.01,0.01,0.01
61903,208230,13428.7591916386,13380.6325775731,0.01,0,-0.01
61904,208230,13428.6809721721,13380.6157932034,0.08,0.07,0.07
61905,208230,13428.6320850056,13380.6053029723,0.05,-0.03,-0.1
61906,208230,13428.4658686393,13380.5696361867,0.17,0.12,0.15
61907,208230,13428.2116553733,13380.5150869852,0.26,0.09,-0.03
61908,208230,13427.6641191081,13380.3975963973,0.56,0.3,0.21
61909,208230,13427.1752474427,13380.2926940867,0.5,-0.0600000000000001,-0.36
61910,208230,13426.6961532106,13380.1898898224,0.49,-0.01,0.05
61911,208230,13426.3246107449,13380.1101640663,0.39,-0.1,-0.09
61912,208230,13425.5521935136,13379.9444184156,0.79,0.4,0.5
61913,208230,13424.8775506153,13379.7996532269,0.69,-0.1,-0.5
61914,208230,13423.6358165852,13379.533201358,1.27,0.58,0.68
61915,208230,13422.423414855,13379.2730436278,1.24,-0.03,-0.61
61916,208230,13421.2634207108,13379.0594165472,1.18,-0.0600000000000001,-0.03
61917,208230,13420.3443153594,13378.917482221,0.93,-0.25,-0.19
61918,208230,13419.3164986223,13378.7587599637,1.04,0.11,0.36
61919,208230,13418.525870363,13378.6366659196,0.8,-0.24,-0.35
61920,208230,13417.6166478648,13378.4962577689,0.92,0.12,0.36
61921,208230,13416.3417597967,13378.2993811228,1.29,0.37,0.25
61922,208230,13415.5116001244,13378.1711823765,0.84,-0.45,-0.82
61923,208230,13414.6419090392,13378.036878928,0.89,0.05,0.5
61924,208230,13414.1872977901,13377.9666748527,0.46,-0.43,-0.48
61925,208230,13413.8611636331,13377.9163110595,0.33,-0.13,0.3
61926,208230,13413.5745608891,13377.8720519685,0.29,-0.04,0.09
61927,208230,13413.3274895581,13377.8338975798,0.25,-0.04,5.55111512312578e-17
61928,208230,13412.9717068414,13377.7789552599,0.35,0.1,0.14
61929,208230,13412.3490870872,13377.6828062002,0.63,0.28,0.18
61930,208230,13411.4991617085,13377.5515551028,0.87,0.24,-0.04
61931,208230,13409.838842364,13377.2951576102,1.68,0.81,0.57
61932,208230,13408.3070001116,13377.0586003998,1.54,-0.14,-0.95
61933,208230,13405.5200354975,13376.6282188945,2.83,1.29,1.43
62294,208230,13410.7837553992,13365.6785948354,13.86,0.0305540166204986,-0.00348877003706233
62295,208230,13423.4787240647,13368.0794635495,12.92,-0.94,-0.970554016620498
62296,208230,13436.5274225073,13370.5472295342,13.28,0.359999999999999,1.3
62297,208230,13458.8565690849,13373.4159173431,13.34,0.0600000000000005,-0.299999999999999
62298,208230,13472.2698662003,13374.2627115872,13.44,0.0999999999999996,0.0399999999999991
62299,208230,13485.8029248972,13375.1170664943,13.56,0.120000000000001,0.0200000000000014
62300,208230,13499.3768756976,13372.6683661028,12.96,-0.6,-0.720000000000001
62301,208230,13512.8100466499,13373.5177883575,13.46,0.5,1.1
62302,208230,13526.386000577,13373.8117389663,13.61,0.149999999999999,-0.350000000000001
62303,208230,13539.9039208266,13372.6239965172,13.57,-0.0399999999999991,-0.189999999999998
62304,208230,13552.5823285712,13370.0943347228,12.99,-0.58,-0.540000000000001
62305,208230,13574.4389713854,13357.3531074985,13.75,0.76,1.34
62306,208230,13585.2935662071,13349.615751926,13.33,-0.42,-1.18
62307,208230,13596.1644469926,13341.8667874179,13.35,0.0199999999999996,0.44
62308,208230,13606.6281786849,13334.4080462995,12.85,-0.5,-0.52
62309,208230,13617.7677778718,13326.4675343541,13.68,0.83,1.33
62310,208230,13628.654944621,13318.7069609104,13.37,-0.31,-1.14
62311,208230,13639.5339683883,13310.9521919345,13.36,-0.00999999999999979,0.300000000000001
62312,208230,13650.1395341711,13303.5737183893,12.92,-0.44,-0.43
62313,208230,13660.7539325165,13296.2426510887,12.9,-0.0199999999999996,0.42
62314,208230,13672.0595009866,13288.4342119639,13.73,0.83,0.85
62315,208230,13683.0112561786,13280.8701417491,13.32,-0.41,-1.24
62357,208230,14212.9046472544,13276.1722629889,13.74,0.01,0.01
62358,208230,14227.6924717867,13278.7292325822,13.79,0.0499999999999989,0.0399999999999989
62359,208230,14240.4894135216,13280.64805572,12.94,-0.85,-0.899999999999999
62360,208230,14253.6522647187,13282.6217447435,13.31,0.370000000000001,1.22
62361,208230,14267.2304726028,13284.6577139615,13.73,0.42,0.0499999999999989
62362,208230,14280.6306704782,13286.6669916677,13.55,-0.18,-0.6
62363,208230,14293.9220844594,13288.6599578942,13.44,-0.110000000000001,0.0699999999999985
62364,208230,14307.5892973478,13290.7092728683,13.82,0.380000000000001,0.490000000000002
62365,208230,14320.8383916365,13292.8968908253,13.42,-0.4,-0.780000000000001
62366,208230,14334.4772023487,13295.36315163,13.87,0.449999999999999,0.85
62367,208230,14347.9585664725,13297.8009418915,13.7,-0.17,-0.619999999999999
62368,208230,14360.7117401255,13300.1070558907,12.96,-0.739999999999998,-0.569999999999999
62369,208230,14373.8782110728,13302.4879050658,13.39,0.43,1.17
62370,208230,14387.0151607847,13304.8634160141,13.35,-0.0400000000000009,-0.470000000000001
62371,208230,14400.1521104967,13307.2389269623,13.34,-0.00999999999999979,0.0300000000000011
