"V1","V2","V3","V4","V5","acceleration","jerk"
70218,208594,13408.4366312922,13628.9933153409,12.66,-3.12,0
70219,208594,13416.8717399712,13633.4498320943,9.54,-3.12,0
70220,208594,13423.3793290568,13636.8879833842,7.36,-2.18,0.940000000000002
70221,208594,13426.1202972859,13638.336117759,3.1,-4.26,-2.08
70222,208594,13440.9608800133,13646.7440968076,5.22,2.12,6.38
70223,208594,13448.4577044096,13647.4501591076,7.53,2.31,0.190000000000001
70224,208594,13456.6414888103,13648.2209203435,8.22,0.69,-1.62
70225,208594,13464.2677404538,13648.9391722981,7.66,-0.56,-1.25
70226,208594,13471.6849173133,13649.6377332723,7.45,-0.21,0.350000000000001
70227,208594,13479.2414773621,13650.3494215667,7.59,0.14,0.35
70228,208594,13486.7084339321,13651.0526708696,7.5,-0.0899999999999999,-0.23
70229,208594,13493.956359776,13651.7352915262,7.27,-0.23,-0.140000000000001
70230,208594,13501.7518624351,13652.4694837983,7.84,0.57,0.800000000000001
70231,208594,13509.8261314728,13653.2299307111,8.1,0.26,-0.31
70232,208594,13517.7709732633,13653.9781879693,7.98,-0.119999999999999,-0.379999999999999
70233,208594,13525.6806275344,13654.8473957554,7.97,-0.0100000000000007,0.109999999999999
70234,208594,13532.8057847136,13655.9502262828,7.21,-0.76,-0.749999999999999
70235,208594,13540.2175293521,13657.0974147648,7.5,0.29,1.05
70236,208594,13548.3506838021,13658.3562629257,8.22,0.720000000000001,0.430000000000001
70237,208594,13555.8316047239,13659.5141585003,7.57,-0.65,-1.37
70238,208594,13563.7374656717,13660.7378262144,8,0.43,1.08
70239,208594,13571.939796405,13662.0073814678,8.3,0.300000000000001,-0.129999999999999
70240,208594,13579.6183638505,13663.1958687352,7.77,-0.530000000000001,-0.830000000000002
70241,208594,13586.8522266177,13664.3155246937,7.32,-0.449999999999999,0.0800000000000018
70242,208594,13594.6493819774,13665.5223669767,7.89,0.569999999999999,1.02
70243,208594,13602.8517127107,13666.7919222302,8.3,0.410000000000001,-0.159999999999998
70244,208594,13611.0639257702,13668.0630070683,8.31,0.00999999999999979,-0.400000000000001
70245,208594,13617.9617894471,13669.1306571489,6.97,-1.34,-1.35
70246,208594,13621.6874264188,13669.7073105591,3.78,-3.19,-1.85
70247,208594,13622.82389393,13669.8832127931,1.15,-2.63,0.56
70248,208594,13623.32,13669.96,0.52,-0.63,2
70249,208594,13623.32,13669.96,0.05,-0.47,0.16
70250,208594,13635.7046458098,13668.8964477592,2.25,2.2,2.67
70251,208594,13639.9461847092,13669.7672219923,4.33,2.08,-0.12
70252,208594,13646.3427780148,13671.0804219328,6.53,2.2,0.12
70253,208594,13654.0128125603,13672.6550552458,7.83,1.3,-0.9
70254,208594,13663.4656648418,13674.5956952803,9.65,1.82,0.52
70255,208594,13673.1144311603,13676.5765558336,9.85,0.199999999999999,-1.62
70256,208594,13679.9126482415,13677.9722078377,6.94,-2.91,-3.11
70257,208594,13683.6839934523,13678.7464528256,3.85,-3.09,-0.180000000000001
70258,208594,13690.6830983228,13699.329734085,5.21,1.36,4.45
70259,208594,13690.7901055215,13705.9888743793,6.66,1.45,0.0900000000000003
70260,208594,13690.8079629435,13714.6335207249,8.65,1.99,0.54
70261,208594,13689.9429881758,13724.6663029238,10.07,1.42,-0.57
70262,208594,13688.9010672291,13736.7514715508,12.13,2.06,0.640000000000001
70263,208594,13687.7354557497,13750.2713180691,13.57,1.44,-0.620000000000001
70264,208594,13686.4143721422,13765.5944749926,15.38,1.81,0.370000000000001
70265,208594,13685.3273416605,13782.2064248243,16.66,1.28,-0.530000000000001
70266,208594,13685.4641046158,13800.6459176561,18.44,1.78,0.500000000000002
70267,208594,13688.9021478,13820.4357142434,19.84,1.4,-0.380000000000003
70268,208594,13689.0618318937,13841.7351156667,21.29,1.45,0.0500000000000007
70269,208594,13689.2341857582,13864.7244695973,22.99,1.7,0.25
70270,208594,13679.8817223702,13886.7008884427,23.96,0.970000000000002,-0.729999999999997
70271,208594,13671.7742909299,13910.9856639011,25.61,1.65,0.679999999999996
70272,208594,13664.0449483711,13936.6784402977,26.85,1.24,-0.409999999999997
70273,208594,13658.7181378403,13963.178364629,27.03,0.18,-1.06
70274,208594,13653.0726394058,13991.1669500602,27,-0.0300000000000011,-0.210000000000001
70275,208594,13657.3809891552,14017.8412545954,27.02,0.0199999999999996,0.0500000000000007
70276,208594,13663.9767682817,14045.3765783224,24.43,-2.59,-2.61
70277,208594,13661.8152962261,14066.4260877723,20.9,-3.53,-0.940000000000001
70278,208594,13662.7996533757,14084.6294924264,18.22,-2.68,0.850000000000001
70279,208594,13663.5772037298,14099.0084845833,14.4,-3.82,-1.14
70280,208594,13664.1333682191,14109.2934581399,10.31,-4.09,-0.270000000000001
70281,208594,13664.3983149528,14115.9076487033,6.62,-3.69,0.399999999999999
70282,208594,13664.5241262272,14120.225816315,4.32,-2.3,1.39
70283,208594,13664.5611124121,14121.4952776268,1.27,-3.05,-0.75
70284,208594,13664.5916915413,14122.5448322547,1.04,-0.23,2.82
70285,208594,13664.5975161373,14122.7447474219,0.2,-0.84,-0.61
70286,208594,13664.5998459757,14122.8247134888,0.08,-0.12,0.72
70287,208594,13664.5998459757,14122.8247134888,0,-0.08,0.04
70288,208594,13664.5998459757,14122.8247134888,0,0,0.08
70289,208594,13664.5998459757,14122.8247134888,0,0,0
70290,208594,13664.5998459757,14122.8247134888,0,0,0
70291,208594,13664.5998459757,14122.8247134888,0,0,0
70292,208594,13664.5998459757,14122.8247134888,0,0,0
70293,208594,13664.5998459757,14122.8247134888,0,0,0
70294,208594,13664.5998459757,14122.8247134888,0,0,0
70295,208594,13664.5998459757,14122.8247134888,0,0,0
70296,208594,13664.5998459757,14122.8247134888,0,0,0
70297,208594,13664.5998459757,14122.8247134888,0,0,0
70298,208594,13664.5998459757,14122.8247134888,0,0,0
70299,208594,13664.5998459757,14122.8247134888,0,0,0
70300,208594,13666.3187149641,14136.0343957019,1.96,1.96,1.96
70301,208594,13668.0149427607,14139.7560769432,4.09,2.13,0.17
70302,208594,13670.2565901162,14144.6796828692,5.4,1.31,-0.819999999999999
70303,208594,13672.4980824585,14151.3744055729,7.06,1.66,0.349999999999999
70304,208594,13674.848753324,14159.3866711002,8.35,1.29,-0.369999999999999
70305,208594,13677.8057945815,14169.47210649,10.51,2.16,0.87
70306,208594,13681.359308481,14181.5919018251,12.63,2.12,-0.0399999999999991
70307,208594,13685.3854988136,14195.3238314567,14.31,1.68,-0.440000000000001
70308,208594,13690.5599750268,14219.5305583996,15.91,1.6,-0.0800000000000001
70309,208594,13699.5916308155,14249.9172818308,17.7,1.79,0.19
70310,208594,13706.2734589654,14273.6620590671,19.36,1.66,-0.129999999999999
