"V1","V2","V3","V4","V5","acceleration","jerk"
57496,208628,13474.47,14120.73,0,1.41,0
57497,208628,13474.7291994232,14122.1159710167,1.41,1.41,0
57498,208628,13475.2439216821,14124.8682538866,2.81,1.4,-0.00999999999999979
57499,208628,13476.1502005165,14129.714237654,4.93,2.12,0.72
57500,208628,13477.3597978249,14136.1821023984,6.58,1.65,-0.469999999999999
57501,208628,13478.9554368275,14144.7141792952,8.68,2.1,0.449999999999999
57502,208628,13482.7143376715,14163.6935638127,9.92,1.24,-0.859999999999999
57503,208628,13484.9939039879,14174.5774040086,11.12,1.2,-0.0400000000000009
57504,208628,13487.5563661241,14186.8119366028,12.5,1.38,0.180000000000001
57505,208628,13490.3436070212,14200.1539010678,13.63,1.13,-0.25
57506,208628,13493.0763795449,14213.3539902468,13.48,-0.15,-1.28
57507,208628,13495.5103612329,14225.0534446689,11.95,-1.53,-1.38
57508,208628,13497.3709606965,14233.685192443,8.82,-3.13,-1.6
57509,208628,13498.5593843629,14239.1985624822,5.65,-3.17,-0.0400000000000009
57510,208628,13499.1430605253,14241.9063701078,2.77,-2.88,0.29
57511,208628,13499.6003086381,14244.0276490059,2.17,-0.6,2.28
57512,208628,13500.2134846788,14246.8723133346,2.92,0.75,1.35
57513,208628,13506.1226967098,14252.5828278933,4.14,1.22,0.47
57514,208628,13511.7006492113,14251.8190570569,5.63,1.49,0.27
57515,208628,13518.8836253457,14250.8355155713,7.25,1.62,0.13
57516,208628,13527.3248607476,14249.6796847495,8.52,1.27,-0.350000000000001
57517,208628,13537.0045403107,14248.3542778096,9.77,1.25,-0.0199999999999996
57518,208628,13548.2198906335,14246.8185964831,11.32,1.55,0.300000000000001
57519,208628,13561.4761969338,14245.0034537138,13.38,2.06,0.51
57520,208628,13574.6631503611,14243.1978072071,13.31,-0.0700000000000003,-2.13
57521,208628,13587.701490489,14241.4125098346,13.16,-0.15,-0.0800000000000001
57522,208628,13600.6704777439,14239.6367087247,13.09,-0.0700000000000003,0.0800000000000001
57523,208628,13610.795997205,14238.2502543822,10.22,-2.87,-2.8
57524,208628,13617.8699902531,14237.281635595,7.14,-3.08,-0.210000000000002
57525,208628,13623.7352618,14236.4785230992,5.92,-1.22,1.86
57526,208628,13629.4325427292,14236.0220034239,5.73,-0.19,1.03
57527,208628,13646.4288652878,14235.7071815859,8.03,2.3,2.49
57528,208628,13662.5563992068,14236.1320481385,8.15,0.120000000000001,-2.18
57529,208628,13668.3834185694,14235.7428883413,5.84,-2.31,-2.43
57530,208628,13674.7492376676,14235.3177445903,6.38,0.54,2.85
57531,208628,13680.0274795217,14234.9652351165,5.29,-1.09,-1.63
57532,208628,13695.7241045779,14244.0383625303,7.68,2.39,3.48
57533,208628,13700.2937258652,14251.9388313704,9.31,1.63,-0.759999999999999
57534,208628,13704.7587581268,14267.7737586867,11.14,1.83,0.199999999999999
