"V1","V2","V3","V4","V5","acceleration","jerk"
56293,208738,13446.2069833492,13275.1598652889,11.85,-2.15,0
56294,208738,13446.7036536393,13284.8471414088,9.7,-2.15,0
56295,208738,13447.0272573747,13291.1588512106,6.32,-3.38,-1.23
56296,208738,13447.2346300216,13295.2035386627,4.05,-2.27,1.11
56297,208738,13447.3493250164,13297.4406003646,2.24,-1.81,0.460000000000001
56298,208738,13447.3708303279,13297.8600494337,0.42,-1.82,-0.0100000000000007
56299,208738,13447.3810709525,13298.0597870857,0.2,-0.22,1.6
56300,208738,13447.3918236082,13298.2695116202,0.21,0.00999999999999998,0.23
56301,208738,13447.4148650135,13298.7189213371,0.45,0.24,0.23
56302,208738,13447.4537793867,13299.4779244146,0.76,0.31,0.07
56303,208738,13447.5116389153,13300.6064421481,1.13,0.37,0.0599999999999999
56304,208738,13447.5459450075,13301.2755632822,0.67,-0.46,-0.83
56305,208738,13447.5925398492,13302.1843695986,0.91,0.24,0.7
56306,208738,13447.6427189094,13303.1630840932,0.98,0.07,-0.17
56307,208738,13447.7609981228,13305.4700539733,2.31,1.33,1.26
56308,208738,13447.8449712441,13307.1079027193,1.65,-0.66,-1.99
56309,208738,13447.9637624887,13309.424859482,2.31,0.66,1.32
56310,208738,13448.0584882657,13311.2724327626,1.85,-0.46,-1.12
56311,208738,13448.2197781021,13314.4183007809,3.15,1.3,1.76
56312,208738,13448.4322710613,13318.562857059,4.15,1,-0.299999999999999
56313,208738,13448.6688294881,13323.1767968192,4.62,0.47,-0.530000000000001
56314,208738,13448.8634013544,13326.9718122064,3.8,-0.82,-1.29
56315,208738,13449.0262272845,13330.1476408725,3.18,-0.62,0.200000000000001
56316,208738,13449.1102004057,13331.7854896185,1.63,-1.55,-0.930000000000001
56317,208738,13449.2120946199,13333.7728792555,2,0.37,1.92
56318,208738,13449.2545932117,13334.6017905111,0.83,-1.17,-1.54
56319,208738,13449.2848030541,13335.1910165844,0.59,-0.24,0.93
56320,208738,13449.293507585,13335.3607935885,0.16,-0.43,-0.19
56321,208738,13449.302724147,13335.5405574753,0.18,0.02,0.45
56322,208738,13449.3032361783,13335.5505443579,0.01,-0.17,-0.19
56323,208738,13449.3032361783,13335.5505443579,0,-0.01,0.16
56324,208738,13449.3032361783,13335.5505443579,0,0,0.01
56325,208738,13449.3032361783,13335.5505443579,0,0,0
56326,208738,13449.3032361783,13335.5505443579,0,0,0
56327,208738,13449.3032361783,13335.5505443579,0,0,0
56328,208738,13449.3032361783,13335.5505443579,0,0,0
56329,208738,13449.3032361783,13335.5505443579,0,0,0
56330,208738,13449.3032361783,13335.5505443579,0,0,0
56331,208738,13449.3032361783,13335.5505443579,0,0,0
56332,208738,13449.3032361783,13335.5505443579,0,0,0
56333,208738,13449.3032361783,13335.5505443579,0,0,0
56334,208738,13449.3032361783,13335.5505443579,0,0,0
56335,208738,13449.3032361783,13335.5505443579,0,0,0
56336,208738,13449.3032361783,13335.5505443579,0,0,0
56337,208738,13449.3032361783,13335.5505443579,0,0,0
56338,208738,13449.3032361783,13335.5505443579,0,0,0
56339,208738,13449.3032361783,13335.5505443579,0,0,0
56340,208738,13449.3032361783,13335.5505443579,0,0,0
56341,208738,13449.3032361783,13335.5505443579,0,0,0
56342,208738,13449.3032361783,13335.5505443579,0,0,0
56343,208738,13449.3032361783,13335.5505443579,0,0,0
56344,208738,13449.3032361783,13335.5505443579,0,0,0
56345,208738,13449.3032361783,13335.5505443579,0,0,0
56346,208738,13449.3032361783,13335.5505443579,0,0,0
56347,208738,13449.3032361783,13335.5505443579,0,0,0
56348,208738,13449.3032361783,13335.5505443579,0,0,0
56349,208738,13449.3032361783,13335.5505443579,0,0,0
56350,208738,13449.3032361783,13335.5505443579,0,0,0
56351,208738,13449.3032361783,13335.5505443579,0,0,0
56352,208738,13449.3032361783,13335.5505443579,0,0,0
56353,208738,13449.3273016459,13336.01992784,0.47,0.47,0.47
56354,208738,13449.3672400816,13336.7989046826,0.78,0.31,-0.16
56355,208738,13449.4614538274,13338.6364910806,1.84,1.06,0.75
56356,208738,13449.5797330408,13340.9434609607,2.31,0.47,-0.59
56357,208738,13449.7686725635,13344.6286206393,3.69,1.38,0.91
56358,208738,13449.8388208416,13345.9968235552,1.37,-2.32,-3.7
56359,208738,13449.8672844002,13348.6657252823,2.67,1.3,3.62
56360,208738,13449.8616277781,13349.4957060066,0.83,-1.84,-3.14
56361,208738,13449.8563800685,13350.2656881243,0.77,-0.0599999999999999,1.78
56362,208738,13449.8548807229,13350.485683015,0.22,-0.55,-0.49
56363,208738,13449.8544036584,13350.5556813894,0.07,-0.15,0.4
56364,208738,13449.8544036584,13350.5556813894,0,-0.07,0.08
56365,208738,13449.8544036584,13350.5556813894,0,0,0.07
56366,208738,13449.8544036584,13350.5556813894,0,0,0
56367,208738,13449.8544036584,13350.5556813894,0,0,0
56368,208738,13449.8544036584,13350.5556813894,0,0,0
56369,208738,13449.8544036584,13350.5556813894,0,0,0
56370,208738,13449.8544036584,13350.5556813894,0,0,0
56371,208738,13449.8544036584,13350.5556813894,0,0,0
56372,208738,13449.8544036584,13350.5556813894,0,0,0
56373,208738,13449.8498374696,13351.2256658294,0.67,0.67,0.67
56374,208738,13449.8384560734,13352.8956270457,1.67,1,0.33
56375,208738,13449.8266657648,13354.6255868685,1.73,0.0600000000000001,-0.94
56376,208738,13449.8173970829,13355.9855552842,1.35,-0.38,-0.44
56377,208738,13449.8084691614,13357.295524861,1.32,-0.03,0.35
56378,208738,13449.8049934057,13357.8055130169,0.51,-0.81,-0.78
56379,208738,13449.8040392767,13357.9455097655,0.13,-0.38,0.43
56380,208738,13449.803357756,13358.0455074432,0.1,-0.03,0.35
56381,208738,13449.7969514611,13358.9854856128,0.95,0.85,0.88
56382,208738,13449.775279102,13362.1654117611,3.18,2.23,1.38
56383,208738,13452.9795415542,13369.7345146448,3.63,0.45,-1.78
56384,208738,13458.9975223002,13370.1150507663,6.02,2.39,1.94
56385,208738,13467.1412574392,13370.6300051199,8.16,2.14,-0.249999999999999
56386,208738,13477.5005675792,13371.2850573491,10.39,2.23,0.0899999999999999
56387,208738,13489.2371270442,13372.0271974469,11.76,1.37,-0.860000000000001
56388,208738,13501.4627098203,13372.8002600487,12.25,0.49,-0.879999999999999
56389,208738,13514.7960800968,13373.6433715884,13.35,1.1,0.609999999999999
56390,208738,13527.3916693864,13377.0036697924,13.27,-0.0800000000000001,-1.18
56391,208738,13541.0112820878,13375.8310445913,13.67,0.4,0.48
56392,208738,13553.9994224742,13373.1212315795,13.32,-0.35,-0.75
56393,208738,13577.3749871,13359.3117445562,12.92,-0.4,-0.0500000000000007
56394,208738,13587.9527205384,13351.7717408887,12.99,0.0700000000000003,0.470000000000001
56395,208738,13598.9538890336,13343.9299048959,13.51,0.52,0.449999999999999
56396,208738,13610.183061021,13335.9255438047,13.79,0.279999999999999,-0.24
56397,208738,13620.7933663869,13328.362322266,13.03,-0.76,-1.04
56398,208738,13631.6642471724,13320.6133577579,13.35,0.32,1.08
56399,208738,13642.4455551573,13312.9282423955,13.24,-0.109999999999999,-0.43
56400,208738,13653.2514316058,13305.4348375424,13.15,-0.0899999999999999,0.0199999999999996
56401,208738,13663.9899140149,13298.0194821531,13.04,-0.110000000000001,-0.0200000000000014
56402,208738,13675.3290931411,13290.1893214432,13.78,0.74,0.850000000000001
56403,208738,13686.0593468281,13282.7796483185,13.04,-0.74,-1.48
56404,208738,13696.7402281821,13275.4040687819,12.98,-0.0599999999999987,0.680000000000001
56444,208738,14196.7638985251,13276.9008333971,13.55,0.01425,0.00185624999999997
56445,208738,14210.2578102858,13279.0878965862,13.66,0.109999999999999,0.0957499999999994
56446,208738,14225.817949497,13281.7816319336,13.86,0.199999999999999,0.0899999999999999
56447,208738,14239.1192529231,13283.7760810219,13.45,-0.41,-0.609999999999999
56448,208738,14253.1380135826,13282.5446359311,13.68,0.23,0.640000000000001
56449,208738,14265.9052869827,13284.4590104836,12.91,-0.77,-1
56450,208738,14279.443937087,13286.4890482546,13.69,0.779999999999999,1.55
56451,208738,14292.4782255001,13288.443460075,13.19,-0.5,-1.28
56452,208738,14305.9278706002,13290.46015209,13.6,0.41,0.91
56453,208738,14318.8407880473,13292.5356708084,13.08,-0.52,-0.93
56454,208738,14332.2827905241,13294.9663434341,13.65,0.57,1.09
56455,208738,14345.1540491183,13297.2938103407,13.09,-0.56,-1.13
56456,208738,14358.1040310066,13299.635512519,13.16,0.0700000000000003,0.630000000000001
56457,208738,14371.3885868952,13302.0377146015,13.5,0.34,0.27
56458,208738,14384.1417605481,13304.3438286007,12.96,-0.539999999999999,-0.879999999999999
56459,208738,14397.495199319,13306.7584865458,13.56,0.6,1.14
