"V1","V2","V3","V4","V5","acceleration","jerk"
29910,20973,14394.9974996429,13322.7103941301,10.55,-2.01,0
29911,20973,14386.5741929736,13321.3034453912,8.54,-2.01,0
29912,20973,14376.4741156558,13319.6164248892,10.24,1.7,3.71
29913,20973,14365.1411187435,13317.7234692673,11.49,1.25,-0.450000000000001
29914,20973,14355.4059856256,13316.0974055608,9.87,-1.62,-2.87
29915,20973,14344.9804175349,13314.3560181871,10.57,0.700000000000001,2.32
29916,20973,14336.5965642925,13312.955659372,8.5,-2.07,-2.77
29917,20973,14329.4653573582,13311.7645306387,7.24,-1.26,0.81
29918,20973,14323.3106227426,13310.7365025203,6.24,-1,0.26
29919,20973,14315.8933784624,13309.4975968391,7.52,1.28,2.28
29920,20973,14307.4503450795,13308.0873531382,8.56,1.04,-0.239999999999998
29921,20973,14297.498218113,13306.4250448506,10.09,1.53,0.489999999999998
29922,20973,14287.3981407952,13304.7380243486,10.23,0.140000000000001,-1.39
29923,20973,14276.0355538127,13302.8401262839,11.52,1.29,1.15
29924,20973,14265.3040484395,13297.7069596593,12.09,0.57,-0.719999999999999
29925,20973,14252.6098724887,13295.5868660455,12.86,0.77,0.199999999999999
29926,20973,14239.5112977703,13293.3992325418,13.28,0.42,-0.35
29927,20973,14223.4719510959,13290.5376484895,13,-0.279999999999999,-0.699999999999999
29928,20973,14209.903407902,13288.0761985929,13.79,0.789999999999999,1.07
29929,20973,14196.5316528616,13285.650447752,13.59,-0.199999999999999,-0.989999999999998
29930,20973,14183.4058830134,13283.2693207308,13.34,-0.25,-0.0500000000000007
29931,20973,14169.8766974502,13280.8150106453,13.75,0.41,0.66
29932,20973,14156.4459059638,13278.3785500877,13.65,-0.0999999999999996,-0.51
29933,20973,14143.3004573002,13275.9938531609,13.36,-0.290000000000001,-0.190000000000001
29965,20973,13736.9566697254,13280.3000654585,16.48,0.0975,0.012109375
29966,20973,13732.7012047383,13296.4922769741,17.65,1.17,1.0725
29967,20973,13737.1264749522,13314.8271407186,19.56,1.91,0.740000000000002
29968,20973,13754.304889196,13325.0503675158,20.6,1.04,-0.869999999999997
29969,20973,13773.0721525408,13320.2242178314,19.6,-1,-2.04
29970,20973,13786.8190499024,13312.940024034,15.57,-4.03,-3.03
29971,20973,13804.0298442385,13300.3280120496,13.86,-1.71,2.32
29972,20973,13810.8165420869,13287.9294691518,13.74,-0.119999999999999,1.59
29973,20973,13814.7708655697,13275.5834581839,12.98,-0.76,-0.640000000000001
