"V1","V2","V3","V4","V5","acceleration","jerk"
71418,213309,14373.2,13831.48,0,2.42,0
71419,213309,14373.1161987725,13829.0614540989,2.42,2.42,0
71420,213309,14372.9793701478,13824.7136065938,4.35,1.93,-0.49
71421,213309,14372.7695662566,13818.046907086,6.68,2.33,0.4
71422,213309,14372.0871892827,13796.5205120167,8.77,2.09,-0.24
71423,213309,14371.8279333187,13785.683612721,10.84,2.07,-0.0199999999999996
71424,213309,14371.5330416179,13773.3571396291,12.33,1.49,-0.58
71425,213309,14371.5905098841,13759.0253709203,14.34,2.01,0.52
71426,213309,14372.3011818064,13743.0812012831,15.97,1.63,-0.379999999999999
71427,213309,14373.1009103606,13725.1390154007,17.95,1.98,0.349999999999998
71428,213309,14372.389326768,13696.3751782681,18.96,1.01,-0.969999999999997
71429,213309,14369.822630631,13676.4397306699,20.1,1.14,0.129999999999999
71430,213309,14367.0758826754,13655.1058262999,21.51,1.41,0.27
71431,213309,14364.1439750482,13632.3337926255,22.96,1.45,0.0399999999999991
71432,213309,14361.0230768597,13608.0938752474,24.44,1.48,0.0300000000000011
71433,213309,14356.2010367507,13582.6575801531,25.91,1.47,-0.0100000000000016
71434,213309,14348.0968953636,13550.1837780477,27.09,1.18,-0.289999999999999
71435,213309,14338.0424201089,13514.0522987171,27.39,0.300000000000001,-0.879999999999999
71436,213309,14332.7729834909,13487.108613868,27.5,0.109999999999999,-0.190000000000001
71437,213309,14328.5027387548,13450.3252890306,27.26,-0.239999999999998,-0.349999999999998
71438,213309,14327.6025180499,13407.2753997563,27.15,-0.110000000000003,0.129999999999995
71439,213309,14329.4355717952,13375.4629632395,23.06,-4.09,-3.98
71440,213309,14330.3662573007,13351.2208217399,24.26,1.2,5.29
71441,213309,14331.8732398499,13325.7868078823,25.49,1.23,0.029999999999994
71442,213309,14331.2978515961,13298.6496431358,27.06,1.57,0.340000000000003
71468,213309,14211.6939548512,13275.1667529763,3.05,-0.923461538461538,-0.0959023668639053
71469,213309,14213.5189787211,13275.6180709069,1.88,-1.17,-0.246538461538462
71470,213309,14214.1111407214,13275.7645091717,0.61,-1.27,-0.1
71471,213309,14216.5477417391,13276.3670666216,2.5,1.89,3.16
71472,213309,14220.0618834459,13277.2360937008,3.62,1.12,-0.77
71473,213309,14228.7506423938,13278.8878987922,5.7,2.08,0.96
71474,213309,14235.6633643974,13279.9244191734,6.99,1.29,-0.79
71475,213309,14244.2869603733,13281.2174746418,8.73,1.74,0.45
71476,213309,14254.423641423,13282.737407962,10.25,1.52,-0.220000000000001
71477,213309,14265.7668347537,13284.4382504187,11.47,1.22,-0.299999999999999
71478,213309,14278.8505703914,13286.400076548,13.23,1.76,0.539999999999999
71479,213309,14291.6277332364,13288.3159339623,12.92,-0.31,-2.07
71480,213309,14305.008152222,13290.3222459448,13.53,0.609999999999999,0.92
71481,213309,14318.6636606354,13292.5036414473,13.83,0.300000000000001,-0.309999999999999
71482,213309,14332.1351843476,13294.9396522999,13.69,-0.140000000000001,-0.440000000000001
71483,213309,14345.3705381772,13297.3329573376,13.45,-0.24,-0.0999999999999996
71484,213309,14358.389402948,13299.6871153785,13.23,-0.219999999999999,0.0200000000000014
71485,213309,14371.1032149538,13301.9861117419,12.92,-0.31,-0.0900000000000016
71486,213309,14384.4960153718,13304.4078873229,13.61,0.69,1
71487,213309,14397.878975378,13306.8278834949,13.6,-0.00999999999999979,-0.699999999999999
