"V1","V2","V3","V4","V5","acceleration","jerk"
38310,215343,13733.83,14121.41,0,2.19,0
38311,215343,13731.6555713598,14121.6706915583,2.19,2.19,0
38312,215343,13728.0315236261,14122.1051774887,3.65,1.46,-0.73
38313,215343,13722.0344692941,14122.8241624256,6.04,2.39,0.93
38314,215343,13714.6374403582,14123.7109898727,7.45,1.41,-0.98
38315,215343,13704.9369071093,14124.8739837194,9.77,2.32,0.909999999999999
38316,215343,13693.7073235837,14126.2202949175,11.31,1.54,-0.779999999999998
38317,215343,13684.3840884551,14127.3380546125,9.4,-1.91,-3.45
38318,215343,13677.7317268617,14128.1356041287,6.7,-2.7,-0.79
38319,215343,13674.0183190468,14128.5808034108,3.74,-2.96,-0.26
38320,215343,13672.5091265659,14128.7617400175,1.52,-2.22,0.74
38321,215343,13672.3105486079,14128.7855474657,0.2,-1.32,0.9
38322,215343,13672.2211885268,14128.7962608174,0.09,-0.11,1.21
38323,215343,13672.1914018331,14128.7998319347,0.03,-0.06,0.05
38324,215343,13672.1914018331,14128.7998319347,0,-0.03,0.03
38325,215343,13654.5731559985,14123.1421517655,2.13,2.13,2.16
38326,215343,13653.8933832352,14118.6128793084,4.57,2.44,0.31
38327,215343,13653.0443283053,14112.6344963549,6.04,1.47,-0.970000000000001
38328,215343,13652.4639368663,14104.6856570826,7.97,1.93,0.46
38329,215343,13651.8974087631,14085.9404967198,9.64,1.67,-0.259999999999999
38330,215343,13651.7770294261,14074.7211425131,11.22,1.58,-0.0900000000000007
38331,215343,13651.6361577064,14061.5918982409,13.13,1.91,0.33
38332,215343,13651.4900287787,14047.9726821718,13.62,0.489999999999998,-1.42
38333,215343,13648.2611400074,14034.5660978896,13.79,0.17,-0.319999999999999
38334,215343,13645.2353976483,14022.0053939612,12.92,-0.869999999999999,-1.04
38335,215343,13642.0574314089,14008.8127660736,13.57,0.65,1.52
38336,215343,13638.9590899684,13995.9506830262,13.23,-0.34,-0.99
38337,215343,13641.7928447835,13978.8085423225,13.52,0.289999999999999,0.629999999999999
38338,215343,13645.7128733018,13963.9364955092,15.38,1.86,1.57
38339,215343,13650.1044267069,13947.2755483966,17.23,1.85,-0.0100000000000016
38340,215343,13653.904662416,13932.8579789567,14.91,-2.32,-4.17
38341,215343,13656.8230191478,13921.7861365632,11.45,-3.46,-1.14
38342,215343,13662.2508150188,13911.2164996642,7.31,-4.14,-0.679999999999999
38343,215343,13664.5134115262,13907.0513757711,4.74,-2.57,1.57
38344,215343,13692.433130501,13879.5319111956,6.82,2.08,4.65
38345,215343,13699.2017460231,13875.6155041797,7.82,1,-1.08
38346,215343,13703.7545487911,13872.9811946012,5.27,-2.55,-3.55
38347,215343,13718.0109002988,13867.5105594714,7.02,1.75,4.3
38348,215343,13726.6481222018,13866.0599450755,8.75,1.73,-0.0199999999999996
38349,215343,13736.5295774972,13864.2270944965,10.05,1.3,-0.43
38350,215343,13748.1635404095,13862.1458157376,11.82,1.77,0.469999999999999
38351,215343,13761.3403955041,13860.2678940631,13.31,1.49,-0.279999999999999
38352,215343,13775.113642335,13858.775373521,13.86,0.549999999999999,-0.940000000000001
38353,215343,13788.897688724,13857.648912816,13.84,-0.0199999999999996,-0.569999999999999
38354,215343,13802.6143314593,13856.5574403834,13.75,-0.0899999999999999,-0.0700000000000003
38355,215343,13815.7813867419,13852.1989806001,13.68,-0.0700000000000003,0.0199999999999996
38356,215343,13829.1953984165,13852.3557113992,13.41,-0.27,-0.199999999999999
38357,215343,13842.7234188164,13852.7335153264,13.54,0.129999999999999,0.399999999999999
38358,215343,13856.1259585038,13854.793983702,13.56,0.0200000000000014,-0.109999999999998
38359,215343,13868.8465105523,13856.7496052355,12.87,-0.690000000000001,-0.710000000000003
38360,215343,13882.0035345011,13858.3091057994,13.25,0.380000000000001,1.07
38361,215343,13894.8169825405,13860.0360866498,12.94,-0.31,-0.690000000000001
38362,215343,13908.3620356314,13863.0199810031,13.87,0.93,1.24
38363,215343,13921.1887145538,13865.2553127058,13.02,-0.85,-1.78
38364,215343,13934.5739801652,13867.1611514105,13.54,0.52,1.37
38365,215343,13947.6290973026,13867.7847029546,13.07,-0.469999999999999,-0.989999999999998
38366,215343,13961.1020389872,13866.4509059703,13.54,0.469999999999999,0.939999999999998
38367,215343,13980.7857746741,13864.7661240147,13.5,-0.0399999999999991,-0.509999999999998
38368,215343,13993.9469151847,13867.3745020429,13.42,-0.0800000000000001,-0.0400000000000009
38369,215343,14006.8083547746,13869.691383823,13.08,-0.34,-0.26
38370,215343,14016.5035962767,13871.313478831,9.82,-3.26,-2.92
38371,215343,14022.6580527338,13872.3431708809,6.24,-3.58,-0.32
38372,215343,14025.3309016118,13872.7903608577,2.72,-3.52,0.0600000000000001
38373,215343,14027.0864997679,13873.0840871155,1.78,-0.94,2.58
38374,215343,14027.5303307624,13873.1583437537,0.45,-1.33,-0.39
38375,215343,14027.5599194953,13873.1632941963,0.03,-0.42,0.91
38376,215343,14027.5599194953,13873.1632941963,0,-0.03,0.39
38377,215343,14027.5599194953,13873.1632941963,0,0,0.03
38378,215343,14027.5599194953,13873.1632941963,0,0,0
38379,215343,14027.5599194953,13873.1632941963,0,0,0
38380,215343,14027.5599194953,13873.1632941963,0,0,0
38381,215343,14027.5599194953,13873.1632941963,0,0,0
38382,215343,14027.5599194953,13873.1632941963,0,0,0
38383,215343,14027.5599194953,13873.1632941963,0,0,0
38384,215343,14027.5599194953,13873.1632941963,0,0,0
38385,215343,14027.5599194953,13873.1632941963,0,0,0
38386,215343,14027.5599194953,13873.1632941963,0,0,0
38387,215343,14027.5599194953,13873.1632941963,0,0,0
38388,215343,14027.5599194953,13873.1632941963,0,0,0
38389,215343,14027.5599194953,13873.1632941963,0,0,0
38390,215343,14027.5599194953,13873.1632941963,0,0,0
38391,215343,14027.5599194953,13873.1632941963,0,0,0
38392,215343,14027.5599194953,13873.1632941963,0,0,0
38393,215343,14027.5599194953,13873.1632941963,0,0,0
38394,215343,14027.5599194953,13873.1632941963,0,0,0
38395,215343,14027.5599194953,13873.1632941963,0,0,0
38396,215343,14027.5599194953,13873.1632941963,0,0,0
38397,215343,14027.5599194953,13873.1632941963,0,0,0
38398,215343,14027.5599194953,13873.1632941963,0,0,0
38399,215343,14027.5599194953,13873.1632941963,0,0,0
38400,215343,14027.5599194953,13873.1632941963,0,0,0
38401,215343,14028.0589640608,13873.9317857092,0.93,0.93,0.93
38402,215343,14029.256222482,13875.918987831,2.32,1.39,0.46
38403,215343,14031.439154862,13879.5422054927,4.23,1.91,0.520000000000001
38404,215343,14044.4148657325,13882.4781674591,5.92,1.69,-0.220000000000001
38405,215343,14051.6941941974,13879.5132092636,7.86,1.94,0.250000000000001
38406,215343,14060.3314985115,13876.9814590738,9.18,1.32,-0.620000000000001
38407,215343,14070.8808496246,13878.0164426937,10.6,1.42,0.100000000000001
38408,215343,14082.7140368636,13879.1773818672,11.89,1.29,-0.129999999999999
38409,215343,14097.1307324433,13883.3188827324,13.14,1.25,-0.0400000000000009
38410,215343,14110.4961710162,13884.0673678031,13.39,0.25,-1
38411,215343,14124.0354777519,13884.9795482216,13.57,0.18,-0.0700000000000003
38412,215343,14137.2527325559,13885.7082236689,13.24,-0.33,-0.51
38413,215343,14153.6259375503,13885.6102276286,13.65,0.41,0.74
38414,215343,14168.7905326951,13884.0303019472,13.73,0.0800000000000001,-0.33
38415,215343,14178.0785855781,13879.6244242168,10.37,-3.36,-3.44
38416,215343,14183.6199524512,13875.5467222687,6.87,-3.5,-0.139999999999998
38417,215343,14186.9463834375,13873.0989157213,4.14,-2.73,0.769999999999999
38418,215343,14194.4642865747,13866.1764790087,1.9,-2.24,0.490000000000001
38419,215343,14195.4361166584,13865.1411306189,1.41,-0.49,1.75
38420,215343,14203.5665406589,13875.3889251508,3.27,1.86,2.35
38421,215343,14204.8953027341,13879.9284506047,4.74,1.47,-0.39
38422,215343,14206.8488024478,13885.8702396569,6.25,1.51,0.0399999999999996
38423,215343,14209.7620248555,13893.39606421,8.08,1.83,0.32
38424,215343,14213.6482540075,13902.7910254169,10.18,2.1,0.27
38425,215343,14235.0353089778,13924.0473938346,12.02,1.84,-0.26
38426,215343,14246.4639325455,13931.8636097094,13.85,1.83,-0.00999999999999979
38427,215343,14257.279052677,13939.4122524954,13.19,-0.66,-2.49
38428,215343,14268.1351607502,13946.4820402876,12.96,-0.229999999999999,0.430000000000001
38429,215343,14279.2792309971,13953.1348271553,12.98,0.0199999999999996,0.249999999999998
38430,215343,14291.6767853338,13959.1046049123,13.75,0.77,0.75
38431,215343,14304.5039664648,13963.8913550542,13.71,-0.0399999999999991,-0.809999999999999
38432,215343,14317.3442807102,13968.2502459774,13.56,-0.15,-0.110000000000001
38433,215343,14329.9206158932,13971.1015421806,12.9,-0.66,-0.51
38434,215343,14343.327422749,13973.902519617,13.7,0.799999999999999,1.46
38435,215343,14356.7482547937,13975.9756011948,13.58,-0.119999999999999,-0.919999999999998
38436,215343,14369.7229354503,13977.1483825264,13.04,-0.540000000000001,-0.420000000000002
38437,215343,14383.118825695,13977.95245003,13.42,0.380000000000001,0.920000000000002
38438,215343,14398.4353164422,13975.5807973942,13.46,0.0400000000000009,-0.34
