"V1","V2","V3","V4","V5","acceleration","jerk"
57198,21565,13410.7444520907,13365.6711618053,13.6,-0.18,0
57199,21565,13423.9307121132,13368.1649433953,13.42,-0.18,0
57200,21565,13436.6748099144,13370.575103397,12.97,-0.449999999999999,-0.27
57201,21565,13458.756767767,13373.4096167906,13.09,0.119999999999999,0.569999999999999
57202,21565,13472.0503033011,13374.2488503719,13.32,0.23,0.110000000000001
57203,21565,13485.3039183081,13375.0855637322,13.28,-0.0400000000000009,-0.270000000000001
57204,21565,13498.2980498887,13375.9058956563,13.02,-0.26,-0.219999999999999
57205,21565,13512.0506714848,13376.7741117786,13.78,0.76,1.02
57206,21565,13525.5484884429,13377.1623644978,13.54,-0.24,-1
57207,21565,13539.0883960224,13375.9966017704,13.59,0.0500000000000007,0.290000000000001
57208,21565,13552.0409219766,13373.6920869032,13.22,-0.369999999999999,-0.42
57209,21565,13575.7138188002,13360.4958559867,12.92,-0.300000000000001,0.0699999999999985
57210,21565,13586.7149872954,13352.6540199938,13.51,0.59,0.890000000000001
57211,21565,13597.6998698269,13344.8237929365,13.49,-0.0199999999999996,-0.609999999999999
57212,21565,13608.7010383222,13336.9819569436,13.51,0.0199999999999996,0.0399999999999991
57213,21565,13619.5800620895,13329.2271879677,13.36,-0.15,-0.17
57214,21565,13630.6708033852,13321.321502829,13.62,0.26,0.41
57215,21565,13641.5579701344,13313.5609293853,13.37,-0.25,-0.51
57216,21565,13652.6178200001,13305.8723719217,13.46,0.0900000000000016,0.340000000000002
57217,21565,13663.3809885756,13298.4399697384,13.08,-0.380000000000001,-0.470000000000002
57218,21565,13674.7942262012,13290.5586686465,13.87,0.789999999999999,1.17
57219,21565,13685.623224554,13283.0808083458,13.16,-0.709999999999999,-1.5
57220,21565,13696.5838824612,13275.5120318106,13.32,0.16,0.869999999999999
57259,21565,14186.7051596193,13275.2705353797,13.28,-0.00102564102564105,-0.00412886259040106
57260,21565,14200.3767527346,13277.4863967674,13.85,0.57,0.571025641025641
57261,21565,14213.5449153453,13279.6206632592,13.35,-0.5,-1.07
57262,21565,14228.6957779706,13282.2131447103,13.43,0.0800000000000001,0.58
57263,21565,14241.5916141547,13284.1467964659,13.05,-0.379999999999999,-0.459999999999999
57264,21565,14254.6951286823,13286.1115883187,13.24,0.19,0.569999999999999
57265,21565,14267.5711859766,13288.0422743507,13.03,-0.210000000000001,-0.4
57266,21565,14280.5856954999,13289.9937204476,13.15,0.120000000000001,0.330000000000002
57267,21565,14293.5309789087,13291.934786512,13.09,-0.0600000000000005,-0.180000000000001
57268,21565,14306.4861517624,13293.8773354382,13.1,0.00999999999999979,0.0700000000000003
57269,21565,14319.3347751551,13295.9739106676,13.02,-0.0800000000000001,-0.0899999999999999
57270,21565,14332.6388809535,13298.3803954286,13.51,0.49,0.57
57271,21565,14345.3722484854,13300.6836434174,12.94,-0.57,-1.06
57272,21565,14359.0010846768,13303.148866342,13.85,0.91,1.48
57273,21565,14371.6557296892,13305.4378747759,12.86,-0.99,-1.9
57274,21565,14384.6941469842,13307.7963010395,13.25,0.390000000000001,1.38
57275,21565,14398.3328234906,13310.2633039084,13.86,0.609999999999999,0.219999999999999
