"V1","V2","V3","V4","V5","acceleration","jerk"
63391,215871,13687.9474187365,14264.6887159221,13.62,0.24,0
63392,215871,13681.2627881094,14252.5524844946,13.86,0.24,0
63393,215871,13671.3512472904,14244.3240477234,13.16,-0.699999999999999,-0.94
63394,215871,13651.9464438751,14238.4697745325,13.05,-0.109999999999999,0.59
63395,215871,13629.1505112228,14239.3092783027,13.5,0.449999999999999,0.559999999999999
63396,215871,13615.5021821294,14240.9258686716,13.76,0.26,-0.19
63397,215871,13602.1370827494,14242.7573212542,13.49,-0.27,-0.529999999999999
63398,215871,13588.8017056067,14244.5847009251,13.45,-0.0400000000000009,0.229999999999999
63399,215871,13575.2979024525,14246.4351604284,13.63,0.180000000000001,0.220000000000002
63400,215871,13562.4083588696,14248.2014464254,13.01,-0.620000000000001,-0.800000000000002
63401,215871,13548.7262222915,14250.0763433983,13.81,0.800000000000001,1.42
63402,215871,13535.4106599737,14251.9010077948,13.44,-0.370000000000001,-1.17
63403,215871,13526.1967664055,14253.1636103906,9.3,-4.14,-3.77
63404,215871,13519.4696333595,14254.0854460493,6.79,-2.51,1.63
63405,215871,13515.9822241811,14254.5633343436,3.52,-3.27,-0.759999999999999
63406,215871,13512.8514818504,14254.9923476988,3.16,-0.36,2.91
63407,215871,13510.4241658029,14255.3249688127,2.45,-0.71,-0.35
63408,215871,13507.9473126931,14255.6643781127,2.5,0.0499999999999998,0.76
63409,215871,13497.2708315141,14248.8946471321,4.17,1.67,1.62
63410,215871,13495.9922623135,14242.9608321031,6.07,1.9,0.23
63411,215871,13494.2271206494,14234.7688436445,8.38,2.31,0.41
63412,215871,13492.1123208514,14224.9540985223,10.04,1.66,-0.650000000000002
63413,215871,13489.802335577,14213.8212450227,11.37,1.33,-0.329999999999998
63414,215871,13487.1344359916,14200.9345110764,13.16,1.79,0.460000000000001
63415,215871,13484.4499267089,14188.0818793695,13.13,-0.0299999999999994,-1.82
63416,215871,13481.8239155117,14175.5439303669,12.81,-0.32,-0.290000000000001
63417,215871,13479.9707428948,14166.6959163947,9.04,-3.77,-3.45
