"V1","V2","V3","V4","V5","acceleration","jerk"
43566,218140,13686.565666953,14264.2629460359,13.23,-3.51,0
43567,218140,13683.7990128774,14254.9450049958,9.72,-3.51,0
43568,218140,13683.3728955349,14247.7560604468,7.51,-2.21,1.3
43569,218140,13684.6024434057,14243.7923863894,4.15,-3.36,-1.15
43570,218140,13681.2017842777,14223.401565044,6.39,2.24,5.6
43571,218140,13674.6031187456,14205.7297469283,8.04,1.65,-0.59
43572,218140,13671.9776752676,14196.329499775,9.76,1.72,0.0700000000000012
43573,218140,13668.8384411088,14185.0896550743,11.67,1.91,0.19
43574,218140,13665.2580463657,14172.2702606469,13.31,1.64,-0.27
43575,218140,13661.6884116368,14159.4893918227,13.27,-0.0400000000000009,-1.68
43576,218140,13658.533686492,14146.9969830701,12.89,-0.379999999999999,-0.339999999999998
43577,218140,13651.5120414795,14124.9573100826,13.2,0.309999999999999,0.689999999999998
43578,218140,13649.6900455608,14111.8379463937,13.25,0.0500000000000007,-0.259999999999998
43579,218140,13648.6305054283,14089.1003217916,13.17,-0.0800000000000001,-0.130000000000001
43580,218140,13648.485987705,14075.7411034527,13.37,0.199999999999999,0.279999999999999
43581,218140,13648.3415781537,14062.3918845286,13.35,-0.0199999999999996,-0.219999999999999
43582,218140,13648.1976012902,14049.0826632643,13.31,-0.0399999999999991,-0.0199999999999996
43583,218140,13645.3170809243,14036.4435715652,12.98,-0.33,-0.290000000000001
43584,218140,13642.2937673543,14023.8822828153,12.92,-0.0600000000000005,0.27
43585,218140,13639.1370723033,14010.7668195618,13.49,0.57,0.630000000000001
43586,218140,13636.1114187073,13998.1958084522,12.93,-0.56,-1.13
43587,218140,13637.9452587252,13980.4633330103,13.21,0.280000000000001,0.840000000000002
43588,218140,13641.5951162273,13966.6162777199,14.32,1.11,0.829999999999998
43589,218140,13645.5737667585,13951.5218270856,15.61,1.29,0.18
43590,218140,13649.9933567784,13934.7545129281,17.34,1.73,0.440000000000001
43591,218140,13654.8870204683,13916.1886287399,19.19,1.85,0.120000000000001
43592,218140,13664.1163074173,13873.849081914,20.33,1.14,-0.710000000000004
43593,218140,13665.7191315531,13849.6728277942,21.72,1.39,0.250000000000004
43594,218140,13667.210993829,13830.5108146706,19.22,-2.5,-3.89
43595,218140,13668.391598679,13815.3467033486,15.21,-4.01,-1.51
43596,218140,13669.4169629176,13802.1765580123,13.21,-2,2.01
43597,218140,13668.6271972786,13785.9323237402,13.41,0.199999999999999,2.2
43598,218140,13664.6320243466,13773.5019993874,13.11,-0.300000000000001,-0.5
43599,218140,13658.9348020357,13761.5103227575,13.35,0.24,0.540000000000001
43600,218140,13640.8967497525,13756.172407687,13.58,0.23,-0.00999999999999979
43601,218140,13630.7781323566,13756.6148035937,10.13,-3.45,-3.68
43602,218140,13623.6909556966,13757.18403728,7.11,-3.02,0.429999999999999
43603,218140,13619.2452724471,13757.5411093252,4.45,-2.66,0.36
43604,218140,13603.1119531863,13760.1135218695,6.04,1.59,4.25
43605,218140,13595.1566645085,13760.3873503791,7.96,1.92,0.33
43606,218140,13585.6822754802,13760.7134677497,9.48,1.52,-0.399999999999999
43607,218140,13574.0890870215,13761.1109313423,11.6,2.12,0.599999999999999
43608,218140,13560.9757251056,13761.5264683959,13.12,1.52,-0.6
43609,218140,13547.9863783059,13762.0524117745,13,-0.119999999999999,-1.64
43610,218140,13534.7579219966,13762.1551544971,13.24,0.24,0.359999999999999
43611,218140,13521.8456896656,13761.7232716823,12.92,-0.32,-0.56
43612,218140,13508.8397704729,13761.397440508,13.01,0.0899999999999999,0.41
43613,218140,13495.643910877,13761.0668508463,13.2,0.19,0.0999999999999996
43614,218140,13482.598004231,13760.7400178852,13.05,-0.149999999999999,-0.339999999999998
43615,218140,13469.672059945,13760.4161902847,12.93,-0.120000000000001,0.0299999999999976
43616,218140,13455.9764197696,13760.0705912312,13.7,0.77,0.890000000000001
43617,218140,13446.2695204378,13759.8252234197,9.71,-3.99,-4.76
43618,218140,13440.2636581649,13759.6334816753,6.01,-3.7,0.289999999999997
43619,218140,13437.175008928,13759.3684775307,3.1,-2.91,0.790000000000001
43620,218140,13428.4606719969,13750.0013503661,4.73,1.63,4.54
43621,218140,13428.7040128728,13743.6360000051,6.37,1.64,0.00999999999999934
43622,218140,13429.0245199292,13735.252124098,8.39,2.02,0.380000000000001
43623,218140,13429.4122608853,13725.1095328634,10.16,1.77,-0.250000000000001
43624,218140,13429.8458431367,13713.767817542,11.35,1.19,-0.58
43625,218140,13430.3317608669,13701.0571022215,12.72,1.37,0.180000000000001
43626,218140,13430.8226447374,13688.2164817916,12.85,0.129999999999999,-1.24
43627,218140,13431.3437074607,13674.5864380045,13.64,0.790000000000001,0.660000000000002
43628,218140,13431.8437595903,13661.5059927572,13.09,-0.550000000000001,-1.34
43629,218140,13426.3443473724,13642.1881174597,13.37,0.279999999999999,0.83
43630,218140,13414.7703879795,13636.0732532771,13.09,-0.279999999999999,-0.559999999999999
