"V1","V2","V3","V4","V5","acceleration","jerk"
65093,218324,13415.6770173152,13366.6040070797,13.22,-0.0899999999999999,0
65094,218324,13428.5783283506,13369.0438992016,13.13,-0.0899999999999999,0
65095,218324,13441.6073751389,13371.5079486714,13.25,0.119999999999999,0.209999999999999
65096,218324,13464.3268783838,13370.4520429536,13.01,-0.24,-0.359999999999999
65097,218324,13477.9696307551,13371.3147177101,13.67,0.66,0.9
65098,218324,13491.5724628561,13372.1748681806,13.63,-0.0399999999999991,-0.699999999999999
65099,218324,13504.8259925921,13373.0129311482,13.27,-0.360000000000001,-0.320000000000002
65100,218324,13518.2591635444,13373.8623534029,13.46,0.190000000000001,0.550000000000002
65101,218324,13531.6556983014,13373.3487207234,13.45,-0.0100000000000016,-0.200000000000003
65102,218324,13545.3529277364,13372.1452234003,13.74,0.290000000000001,0.300000000000002
65103,218324,13567.5988666215,13362.2288604475,12.87,-0.870000000000001,-1.16
65104,218324,13578.7791807177,13354.2593261631,13.74,0.870000000000001,1.74
65105,218324,13589.7559202674,13346.4349035736,13.47,-0.27,-1.14
65106,218324,13600.3580826514,13338.8774865027,13.03,-0.440000000000001,-0.170000000000002
65107,218324,13611.2696783461,13331.0994996556,13.39,0.360000000000001,0.800000000000002
65108,218324,13622.2789898233,13323.2518591949,13.52,0.129999999999999,-0.230000000000002
65109,218324,13633.3045872641,13315.3926097987,13.55,0.0300000000000011,-0.0999999999999979
65110,218324,13644.4126959941,13307.5290849329,13.61,0.0599999999999987,0.0299999999999976
65111,218324,13655.6771233854,13299.7490607976,13.69,0.0800000000000001,0.0200000000000014
65112,218324,13667.1061150921,13291.8553767042,13.89,0.200000000000001,0.120000000000001
65113,218324,13677.9426752633,13284.37086846,13.17,-0.720000000000001,-0.920000000000002
65114,218324,13688.688725061,13276.9488731929,13.06,-0.109999999999999,0.610000000000001
65154,218324,14191.6111392427,13276.0656856394,13.26,0.00499999999999998,0.00287499999999999
65155,218324,14205.2728611716,13278.2799471272,13.85,0.59,0.585
65156,218324,14218.1547593777,13280.3678165213,13.05,-0.799999999999999,-1.39
65157,218324,14233.2745909716,13282.8997097125,13.4,0.35,1.15
65158,218324,14246.5021960369,13281.5496356796,12.88,-0.52,-0.869999999999999
65159,218324,14260.2287455948,13283.6078478243,13.88,1,1.52
65160,218324,14273.2927023427,13285.5667082301,13.22,-0.66,-1.66
65161,218324,14286.0105285182,13287.4736684737,12.86,-0.360000000000001,0.299999999999999
65162,218324,14299.1140430458,13289.4384603265,13.25,0.390000000000001,0.750000000000002
65163,218324,14312.6230248154,13291.4640495122,13.66,0.41,0.0199999999999996
65164,218324,14325.3846618739,13293.7189777602,12.96,-0.699999999999999,-1.11
65165,218324,14338.5511328211,13296.0998269353,13.37,0.409999999999998,1.11
65166,218324,14351.6684017096,13298.4717790656,13.33,-0.0399999999999991,-0.449999999999998
65167,218324,14365.1989678923,13300.9184663719,13.75,0.42,0.459999999999999
65168,218324,14378.7787361339,13303.3740507229,13.8,0.0500000000000007,-0.369999999999999
65169,218324,14391.3154207279,13305.6410177252,12.74,-1.06,-1.11
65170,218324,14404.0784347926,13307.9489111334,12.97,0.23,1.29
