"V1","V2","V3","V4","V5","acceleration","jerk"
62698,223100,14349.7394296545,14259.6811936739,18.85,-0.200000000000003,0
62699,223100,14351.0549998244,14241.077651669,18.65,-0.200000000000003,0
62700,223100,14352.6319850217,14222.0356646073,19.11,0.460000000000001,0.660000000000004
62701,223100,14354.7055937312,14202.7669192688,19.38,0.27,-0.190000000000001
62702,223100,14356.7032343198,14184.2040980371,18.67,-0.709999999999997,-0.979999999999997
62703,223100,14358.7426038761,14165.2535156763,19.06,0.389999999999997,1.09999999999999
62704,223100,14360.6226964558,14146.7789894165,18.57,-0.489999999999998,-0.879999999999995
62705,223100,14362.522069131,14127.9244174659,18.95,0.379999999999999,0.869999999999997
62706,223100,14364.427455651,14109.0101476621,19.01,0.0600000000000023,-0.319999999999997
62707,223100,14366.286736027,14090.5535613991,18.55,-0.460000000000001,-0.520000000000003
62708,223100,14368.17107409,14071.8482340814,18.8,0.25,0.710000000000001
62709,223100,14369.8731852785,14052.8172798464,19.11,0.309999999999999,0.0599999999999987
62710,223100,14371.0324890561,14033.6523114209,19.2,0.0899999999999999,-0.219999999999999
62711,223100,14372.1960194622,14014.4174707147,19.27,0.0700000000000003,-0.0199999999999996
62712,223100,14372.561507192,13992.5726398348,18.61,-0.66,-0.73
62713,223100,14372.1086801913,13972.9778714588,19.6,0.990000000000002,1.65
62714,223100,14371.6191187554,13951.793527485,21.19,1.59,0.599999999999998
62715,223100,14371.2108813522,13934.1282439542,17.67,-3.52,-5.11
62716,223100,14370.88165764,13919.8820475585,14.24,-3.43,0.0899999999999981
62717,223100,14370.6420751911,13909.5148155147,10.38,-3.86,-0.429999999999998
62718,223100,14370.4713409291,13902.1267880504,7.39,-2.99,0.869999999999998
62719,223100,14370.3717651958,13897.8179384739,4.31,-3.08,-0.089999999999999
62720,223100,14370.3126204447,13895.2586217881,2.55,-1.76,1.32
62721,223100,14370.2744998044,13893.6090622054,1.66,-0.89,0.87
62722,223100,14370.2574032747,13892.8692597259,0.74,-0.92,-0.03
62723,223100,14370.247699839,13892.4493718321,0.42,-0.32,0.6
62724,223100,14370.2391515742,13892.0794705924,0.37,-0.05,0.27
62725,223100,14370.2264446941,13891.5296173981,0.54,0.17,0.22
62726,223100,14370.2151240191,13891.0397481887,0.49,-0.05,-0.22
62727,223100,14370.2095791986,13890.7998122495,0.24,-0.25,-0.2
62728,223100,14370.189941293,13889.9500391311,0.85,0.61,0.86
62729,223100,14370.1765413103,13889.3701939445,0.59,-0.26,-0.87
62730,223100,14370.1640654644,13888.8303380811,0.54,-0.0499999999999999,0.21
62731,223100,14370.1425792853,13887.9005863163,0.93,0.39,0.44
62732,223100,14370.1201689694,13886.9308452283,0.97,0.0399999999999999,-0.35
62733,223100,14370.0931379699,13885.7611575242,1.16,0.19,0.15
62734,223100,14370.0873621153,13885.5112242541,0.25,-0.91,-1.1
62735,223100,14370.0811241923,13885.2412963224,0.28,0.03,0.94
62736,223100,14370.0776586796,13885.0913363603,0.15,-0.13,-0.16
62737,223100,14370.0737310984,13884.9213817367,0.17,0.02,0.15
62738,223100,14370.0665690387,13884.6114644817,0.31,0.14,0.12
62739,223100,14370.0402311418,13883.4717687701,1.14,0.83,0.69
62740,223100,14370.0205932361,13882.6219956517,0.85,-0.29,-1.12
62741,223100,14369.9977208519,13881.6322599021,0.99,0.14,0.43
62742,223100,14369.9736932968,13880.5925374985,1.04,0.05,-0.09
62743,223100,14366.7603305238,13870.02269624,1.1,0.0600000000000001,0.01
62744,223100,14366.3058724369,13868.8153984941,1.28,0.18,0.12
62745,223100,14365.855704658,13867.4814381595,1.41,0.13,-0.05
62746,223100,14365.57742199,13866.3347216485,1.19,-0.22,-0.35
62747,223100,14365.4052640683,13865.6253122815,0.72,-0.47,-0.25
62748,223100,14365.1316980557,13864.4980316435,1.16,0.44,0.91
62749,223100,14364.9477484956,13863.7400325938,0.79,-0.37,-0.81
62750,223100,14364.6468191171,13862.8365467436,0.96,0.17,0.54
62751,223100,14364.2975976749,13862.2183684648,0.71,-0.25,-0.42
62752,223100,14363.9582134564,13861.6176036587,0.69,-0.02,0.23
62753,223100,14363.3925730923,13860.6163289819,1.16,0.47,0.49
62754,223100,14362.9794096959,13859.884963131,0.84,-0.32,-0.79
62755,223100,14362.403932108,13858.8662749815,1.17,0.33,0.65
62756,223100,14360.7882221478,13858.2786698843,1.77,0.6,0.27
62757,223100,14359.535355061,13857.9317922938,1.29,-0.48,-1.08
62758,223100,14358.3788623655,13857.6115975948,1.2,-0.0900000000000001,0.39
62759,223100,14357.1163578395,13857.2620517151,1.31,0.11,0.2
62760,223100,14356.2748806004,13856.7058257547,1.04,-0.27,-0.38
62761,223100,14355.0903192816,13855.6754304508,1.56,0.52,0.79
62762,223100,14354.0642024705,13854.7828587227,1.37,-0.19,-0.71
62763,223100,14353.3776096042,13854.1856232281,0.91,-0.46,-0.27
62764,223100,14352.7815564566,13853.6671440625,0.79,-0.12,0.34
62765,223100,14352.4118526055,13853.3455557193,0.48,-0.31,-0.19
62766,223100,14352.049693731,13853.0305304034,0.48,0,0.31
62767,223100,14351.7403496923,13852.7614462795,0.41,-0.07,-0.07
62768,223100,14351.2197463102,13852.308597388,0.69,0.28,0.35
62769,223100,14349.4391318438,13850.7597229186,2.37,1.68,1.4
62770,223100,14346.5000123991,13849.9062116423,3.07,0.7,-0.98
62771,223100,14343.5570287901,13849.4460231862,3,-0.0699999999999998,-0.77
62772,223100,14341.1071887745,13849.4180250146,2.45,-0.55,-0.48
62773,223100,14339.567289336,13849.4004261638,1.54,-0.91,-0.36
62774,223100,14338.5173579008,13849.3884269474,1.06,-0.48,0.43
62775,223100,14338.1073846736,13849.3837415391,0.4,-0.66,-0.18
62776,223100,14337.9973918566,13849.3824844784,0.11,-0.29,0.37
62777,223100,14337.8773996926,13849.3811131393,0.12,0.01,0.3
62778,223100,14337.8474016516,13849.3807703046,0.03,-0.09,-0.1
62779,223100,14337.8274029576,13849.3805417481,0.02,-0.01,0.08
62780,223100,14337.78,13849.38,1.34,1.32,1.33
62781,223100,14335.3707179852,13849.4370888557,3.04,1.7,0.38
62782,223100,14331.5119388764,13849.5341650597,3.85,0.81,-0.89
62783,223100,14309.628949722,13846.2574007404,3.74,-0.11,-0.92
62784,223100,14307.7759493125,13846.9829966903,1.99,-1.75,-1.64
62785,223100,14307.2358788414,13847.1944769168,0.58,-1.41,0.34
62786,223100,14306.8913511271,13847.3293867166,0.37,-0.21,1.2
62787,223100,14306.7982355286,13847.3658488246,0.1,-0.27,-0.0600000000000001
62788,223100,14306.7982355286,13847.3658488246,0,-0.1,0.17
62789,223100,14306.7982355286,13847.3658488246,0,0,0.1
62790,223100,14306.7982355286,13847.3658488246,0,0,0
62791,223100,14306.7982355286,13847.3658488246,0,0,0
62792,223100,14306.7982355286,13847.3658488246,0,0,0
62793,223100,14306.7982355286,13847.3658488246,0,0,0
62794,223100,14306.7982355286,13847.3658488246,0,0,0
62795,223100,14306.7982355286,13847.3658488246,0,0,0
62796,223100,14306.7982355286,13847.3658488246,0,0,0
62797,223100,14306.7982355286,13847.3658488246,0,0,0
62798,223100,14306.7982355286,13847.3658488246,0,0,0
62799,223100,14306.7982355286,13847.3658488246,0,0,0
62800,223100,14306.7982355286,13847.3658488246,0,0,0
62801,223100,14306.7982355286,13847.3658488246,0,0,0
62802,223100,14306.7982355286,13847.3658488246,0,0,0
62803,223100,14306.7982355286,13847.3658488246,0,0,0
62804,223100,14306.7982355286,13847.3658488246,0,0,0
62805,223100,14306.7982355286,13847.3658488246,0,0,0
62806,223100,14306.7982355286,13847.3658488246,0,0,0
62807,223100,14306.7982355286,13847.3658488246,0,0,0
62808,223100,14306.7982355286,13847.3658488246,0,0,0
62809,223100,14306.7982355286,13847.3658488246,0,0,0
62810,223100,14306.7982355286,13847.3658488246,0,0,0
62811,223100,14306.7982355286,13847.3658488246,0,0,0
62812,223100,14306.7982355286,13847.3658488246,0,0,0
62813,223100,14306.7982355286,13847.3658488246,0,0,0
62814,223100,14306.7982355286,13847.3658488246,0,0,0
62815,223100,14306.7982355286,13847.3658488246,0,0,0
62816,223100,14306.7982355286,13847.3658488246,0,0,0
62817,223100,14306.7982355286,13847.3658488246,0,0,0
62818,223100,14306.7982355286,13847.3658488246,0,0,0
62819,223100,14306.7982355286,13847.3658488246,0,0,0
62820,223100,14306.7982355286,13847.3658488246,0,0,0
62821,223100,14306.7982355286,13847.3658488246,0,0,0
62822,223100,14306.7982355286,13847.3658488246,0,0,0
62823,223100,14306.7982355286,13847.3658488246,0,0,0
62824,223100,14306.7982355286,13847.3658488246,0,0,0
62825,223100,14306.7982355286,13847.3658488246,0,0,0
62826,223100,14306.7982355286,13847.3658488246,0,0,0
62827,223100,14306.7982355286,13847.3658488246,0,0,0
62828,223100,14306.7982355286,13847.3658488246,0,0,0
62829,223100,14306.7982355286,13847.3658488246,0,0,0
62830,223100,14306.7982355286,13847.3658488246,0,0,0
62831,223100,14306.7982355286,13847.3658488246,0,0,0
62832,223100,14306.7982355286,13847.3658488246,0,0,0
62833,223100,14306.7982355286,13847.3658488246,0,0,0
62834,223100,14306.7982355286,13847.3658488246,0,0,0
62835,223100,14306.7982355286,13847.3658488246,0,0,0
62836,223100,14306.7982355286,13847.3658488246,0,0,0
62837,223100,14306.7982355286,13847.3658488246,0,0,0
62838,223100,14306.7982355286,13847.3658488246,0,0,0
62839,223100,14306.7982355286,13847.3658488246,0,0,0
62840,223100,14306.7982355286,13847.3658488246,0,0,0
62841,223100,14306.7982355286,13847.3658488246,0,0,0
62842,223100,14306.7982355286,13847.3658488246,0,0,0
62843,223100,14306.7982355286,13847.3658488246,0,0,0
62844,223100,14306.7982355286,13847.3658488246,0,0,0
62845,223100,14306.7982355286,13847.3658488246,0,0,0
62846,223100,14306.7982355286,13847.3658488246,0,0,0
62847,223100,14306.7982355286,13847.3658488246,0,0,0
62848,223100,14306.7796124089,13847.3731412462,0.02,0.02,0.02
62849,223100,14306.7423661695,13847.3877260894,0.04,0.02,0
62850,223100,14306.6120043317,13847.4387730407,0.14,0.1,0.08
62851,223100,14306.3419690961,13847.5445131539,0.3,0.16,0.06
62852,223100,14305.49461715,13847.876318337,0.91,0.61,0.45
62853,223100,14305.2432050342,13847.9747660287,0.27,-0.64,-1.25
62854,223100,14304.6711987265,13848.0671226231,0.58,0.31,0.95
62855,223100,14304.1412190195,13848.0624847111,0.53,-0.0499999999999999,-0.36
62856,223100,14303.0812596056,13848.0532088871,1.06,0.53,0.58
62857,223100,14302.13129598,13848.0448956486,0.95,-0.11,-0.64
62858,223100,14300.9613407779,13848.0346572391,1.17,0.22,0.33
62859,223100,14299.1414104634,13848.0187308243,1.83,0.66,0.44
62860,223100,14295.5015498346,13847.9868779947,3.64,1.81,1.15
62861,223100,14290.0017604229,13847.9387487192,5.5,1.86,0.0499999999999998
62862,223100,14285.7919216187,13847.9019079465,4.21,-1.29,-3.15
62863,223100,14282.8120357193,13847.87583063,2.99,-1.22,0.0700000000000003
62864,223100,14280.8621103824,13847.8587666141,1.95,-1.04,0.179999999999999
62865,223100,14279.5521605407,13847.8473030958,1.3,-0.65,0.39
62866,223100,14278.3122080188,13847.8364521319,1.24,-0.0600000000000001,0.59
62867,223100,14277.3622443932,13847.8281388934,0.95,-0.29,-0.23
62868,223100,14277.0722554969,13847.8256011679,0.29,-0.66,-0.37
62869,223100,14276.9322608574,13847.8243760591,0.15,-0.14,0.52
62870,223100,14276.8922623889,13847.824026028,0.04,-0.11,0.03
62871,223100,14276.8922623889,13847.824026028,0,-0.04,0.07
62872,223100,14276.8922623889,13847.824026028,0,0,0.04
62873,223100,14278.8793746079,13851.1443683828,0,0,0
62874,223100,14276.999447701,13851.1277905441,1.88,1.88,1.88
62875,223100,14273.3395899993,13851.0955166667,3.67,1.79,-0.0899999999999999
62876,223100,14268.4797789527,13851.0526611901,4.86,1.19,-0.6
62877,223100,14264.5199329148,13851.0177419128,3.96,-0.9,-2.09
62878,223100,14262.6300063967,13851.0010758942,1.89,-2.07,-1.17
62879,223100,14260.5700864881,13850.9829108156,2.06,0.17,2.24
62880,223100,14258.0301852415,13850.9605130974,2.54,0.48,0.31
62881,223100,14256.7802338407,13850.9494905982,1.25,-1.29,-1.77
62882,223100,14255.5802804959,13850.9389089991,1.2,-0.05,1.24
62883,223100,14253.2103726398,13850.9180103407,2.38,1.18,1.23
62884,223100,14251.9304224053,13850.9067233016,1.27,-1.11,-2.29
62885,223100,14250.3404842235,13850.8927026827,1.59,0.32,1.43
62886,223100,14248.480556539,13850.876301204,1.86,0.27,-0.05
62887,223100,14246.8906183571,13850.8622805852,1.59,-0.27,-0.54
62888,223100,14244.5707085571,13850.8418228268,2.32,0.73,1
62889,223100,14241.4708290829,13850.814487029,3.1,0.78,0.0500000000000005
62890,223100,14239.3809103407,13850.7960574104,2.08,-1.02,-1.8
62891,223100,14237.1425564037,13850.8162994432,2.25,0.17,1.19
62892,223100,14235.0703759802,13850.9964890452,2.07,-0.18,-0.35
62893,223100,14232.4502632333,13851.2243249362,2.64,0.57,0.75
62894,223100,14229.8102256745,13851.4538934196,2.65,0.00999999999999979,-0.56
62895,223100,14228.8074203605,13851.7595558842,1.05,-1.6,-1.61
62896,223100,14227.6553931786,13852.129600979,1.21,0.16,1.76
62897,223100,14227.1793488885,13852.2825121752,0.49,-0.72,-0.88
62898,223100,14226.8842014287,13852.3773171168,0.31,-0.18,0.54
62899,223100,14225.9416337344,13852.6800812853,0.99,0.68,0.86
62900,223100,14224.7134394661,13853.0745921715,1.3,0.31,-0.37
62901,223100,14223.1615350806,13853.5730826711,1.62,0.32,0.01
62902,223100,14221.9142990407,13853.9737100051,1.31,-0.31,-0.63
62903,223100,14221.0322377784,13854.4045671337,0.99,-0.32,-0.01
62904,223100,14220.250168348,13854.9078239329,0.92,-0.07,0.25
62905,223100,14219.7876541687,13855.2054489217,0.55,-0.37,-0.3
62906,223100,14219.6951513329,13855.2649739195,0.1,-0.45,-0.0800000000000001
62907,223100,14219.661513938,13855.2866193732,0.05,-0.05,0.4
62908,223100,14219.661513938,13855.2866193732,0,-0.05,0
62909,223100,14219.661513938,13855.2866193732,0,0,0.05
62910,223100,14219.661513938,13855.2866193732,0,0,0
62911,223100,14219.661513938,13855.2866193732,0,0,0
62912,223100,14219.661513938,13855.2866193732,0,0,0
62913,223100,14219.661513938,13855.2866193732,0,0,0
62914,223100,14219.661513938,13855.2866193732,0,0,0
62915,223100,14218.7953510204,13855.8439898068,1.03,1.03,1.03
62916,223100,14217.1471186725,13856.9046170397,1.96,0.93,-0.1
62917,223100,14215.1114054029,13858.2131540441,2.42,0.46,-0.47
62918,223100,14214.3539225478,13858.6991784511,0.9,-1.52,-1.98
62919,223100,14213.6553550258,13859.1474009598,0.82,-0.0800000000000001,1.44
62920,223100,14213.4954419786,13859.2500061124,0.19,-0.63,-0.55
62921,223100,14213.3944442646,13859.3148093667,0.12,-0.07,0.56
62922,223100,14213.3523618838,13859.3418107226,0.05,-0.07,1.38777878078145e-17
62923,223100,14213.3439454076,13859.3472109938,0.01,-0.04,0.03
62924,223100,14213.3439454076,13859.3472109938,0,-0.01,0.03
62925,223100,14213.3439454076,13859.3472109938,0,0,0.01
62926,223100,14213.3439454076,13859.3472109938,0,0,0
62927,223100,14213.3439454076,13859.3472109938,0,0,0
62928,223100,14213.3439454076,13859.3472109938,0,0,0
62929,223100,14213.3439454076,13859.3472109938,0,0,0
62930,223100,14213.3439454076,13859.3472109938,0,0,0
62931,223100,14213.3439454076,13859.3472109938,0,0,0
62932,223100,14213.3439454076,13859.3472109938,0,0,0
62933,223100,14213.3439454076,13859.3472109938,0,0,0
62934,223100,14213.3439454076,13859.3472109938,0,0,0
62935,223100,14213.3439454076,13859.3472109938,0,0,0
62936,223100,14213.3439454076,13859.3472109938,0,0,0
62937,223100,14213.3439454076,13859.3472109938,0,0,0
62938,223100,14213.3439454076,13859.3472109938,0,0,0
62939,223100,14212.3676341722,13859.9736424518,1.16,1.16,1.16
62940,223100,14211.1005847689,13860.9481849744,1.63,0.47,-0.69
62941,223100,14209.8187831736,13863.5048595079,2.87,1.24,0.77
62942,223100,14209.37,13864.4,1.57,-1.3,-2.54
62943,223100,14209.37,13864.4,0.23,-1.34,-0.04
62944,223100,14209.37,13864.4,0.03,-0.2,1.14
62945,223100,14209.37,13864.4,0.01,-0.02,0.18
62946,223100,14209.37,13864.4,0.01,0,0.02
62947,223100,14209.37,13864.4,0,-0.01,-0.01
62948,223100,14209.37,13864.4,0,0,0.01
62949,223100,14209.37,13864.4,0,0,0
62950,223100,14209.37,13864.4,0,0,0
62951,223100,14209.37,13864.4,0,0,0
62952,223100,14209.37,13864.4,0,0,0
62953,223100,14209.37,13864.4,0,0,0
62954,223100,14209.37,13864.4,0,0,0
62955,223100,14209.37,13864.4,0,0,0
62956,223100,14209.37,13864.4,0,0,0
62957,223100,14209.37,13864.4,0,0,0
62958,223100,14209.37,13864.4,0,0,0
62959,223100,14209.37,13864.4,0,0,0
62960,223100,14209.37,13864.4,0,0,0
62961,223100,14209.37,13864.4,0,0,0
62962,223100,14209.37,13864.4,0,0,0
62963,223100,14209.37,13864.4,0,0,0
62964,223100,14209.37,13864.4,0,0,0
62965,223100,14209.37,13864.4,0,0,0
62966,223100,14209.37,13864.4,0,0,0
62967,223100,14209.37,13864.4,0,0,0
62968,223100,14207.1403766771,13875.8411395647,2.46,2.46,2.46
62969,223100,14208.4285185257,13880.2466804597,4.59,2.13,-0.33
62970,223100,14210.6046115519,13886.4610446592,6.59,2,-0.13
62971,223100,14213.4545156738,13893.8183639058,7.89,1.3,-0.7
62972,223100,14216.4714727009,13901.1298640441,7.92,0.0300000000000002,-1.27
62973,223100,14232.6641979442,13918.5864103674,7.88,-0.04,-0.0700000000000003
62974,223100,14240.4344652411,13923.6049207175,9.25,1.37,1.41
62975,223100,14248.9520418912,13929.5865413897,10.41,1.16,-0.21
62976,223100,14257.4629761994,13935.5448179221,10.39,-0.0199999999999996,-1.18
62977,223100,14264.6620873657,13940.4475618902,8.71,-1.68,-1.66
62978,223100,14270.3818582692,13943.9898344797,6.73,-1.98,-0.300000000000001
62979,223100,14276.3618274454,13947.5704585387,6.97,0.239999999999999,2.22
62980,223100,14281.928199361,13950.7602175804,6.42,-0.55,-0.789999999999999
62981,223100,14287.1385283012,13953.2623911025,5.78,-0.64,-0.0899999999999999
62982,223100,14291.7989782356,13955.5004944087,5.17,-0.61,0.0299999999999994
62983,223100,14295.7112321457,13957.3792890602,4.34,-0.83,-0.22
62984,223100,14299.8089170424,13958.8297983367,4.35,0.00999999999999979,0.84
62985,223100,14304.1087792294,13960.2867764331,4.54,0.19,0.180000000000001
62986,223100,14307.9540304362,13961.5897127924,4.06,-0.48,-0.670000000000001
62987,223100,14312.6422061686,13963.1782682059,4.95,0.890000000000001,1.37
62988,223100,14317.1220185352,13964.6962211566,4.73,-0.22,-1.11
62989,223100,14321.1517311284,13965.8201493779,4.19,-0.54,-0.32
62990,223100,14325.371902767,13966.7434864457,4.32,0.13,0.67
62991,223100,14329.1817799407,13967.5770546319,3.9,-0.42,-0.55
62992,223100,14333.1577286836,13968.4469578417,4.07,0.17,0.590000000000001
62993,223100,14336.2642439175,13969.1266365166,3.18,-0.89,-1.06
62994,223100,14339.5954442156,13969.8554743409,3.4,0.22,1.11
62995,223100,14342.5839348891,13970.4591883409,3.05,-0.35,-0.57
62996,223100,14346.1518725393,13971.0086616557,3.62,0.57,0.92
62997,223100,14349.7296936734,13971.5596570573,3.62,0,-0.57
62998,223100,14352.3883508145,13971.9690983916,2.69,-0.93,-0.93
62999,223100,14354.058659576,13972.2263310515,1.69,-1,-0.0699999999999998
63000,223100,14356.4801131059,13972.5992423039,2.46,0.77,1.77
63001,223100,14357.5079954207,13972.7575393254,1.04,-1.42,-2.19
63002,223100,14358.6347125734,13972.9310572143,1.14,0.0999999999999999,1.52
63003,223100,14360.8980303627,13973.2796150788,2.29,1.15,1.05
63004,223100,14362.5298810996,13973.4265892201,1.65,-0.64,-1.79
63005,223100,14363.7476912502,13973.4996538287,1.22,-0.43,0.21
63006,223100,14364.5262911826,13973.546367267,0.78,-0.44,-0.01
63007,223100,14365.6842090307,13973.6158385343,1.16,0.38,0.82
63008,223100,14366.772252526,13973.6811175698,1.09,-0.0699999999999998,-0.45
63009,223100,14368.2995062394,13973.7727477757,1.53,0.44,0.51
63010,223100,14369.876670205,13973.8673724328,1.58,0.05,-0.39
63011,223100,14370.934767549,13973.9308547977,1.07,-0.51,-0.56
63012,223100,14372.3921469096,13974.018292772,1.45,0.38,0.89
63013,223100,14373.749705766,13974.0997418439,1.36,-0.0899999999999999,-0.47
63014,223100,14374.8676954125,13974.1668175501,1.12,-0.24,-0.15
63015,223100,14377.4929746716,13974.3243256819,2.63,1.51,1.75
63016,223100,14379.0202283851,13974.4159558878,1.53,-1.1,-2.61
63017,223100,14380.9367820648,13974.5309428128,1.92,0.39,1.49
63018,223100,14383.611971576,13974.6914453957,2.69,0.77,0.38
63019,223100,14386.307125188,13974.8531457591,2.7,0.0100000000000002,-0.76
63020,223100,14390.8988683789,13975.128635267,4.6,1.9,1.89
63021,223100,14397.107703737,13975.501144993,6.22,1.62,-0.279999999999999
63022,223100,14402.9871314314,13975.8538913412,5.89,-0.33,-1.95
