"V1","V2","V3","V4","V5","acceleration","jerk"
45556,225087,13485.4303260332,13275.7219647728,13.73,-0.18,0
45557,225087,13494.7035735808,13285.5994840503,13.55,-0.18,0
45558,225087,13503.6614770958,13295.0893978864,13.05,-0.5,-0.32
45559,225087,13513.1753884152,13305.1683408571,13.86,0.809999999999999,1.31
45560,225087,13522.2087991628,13314.7382463041,13.17,-0.69,-1.5
45561,225087,13531.4687316086,13324.5481265837,13.48,0.31,1
45562,225087,13540.4746851807,13334.0889441722,13.12,-0.360000000000001,-0.670000000000002
45563,225087,13548.1489657399,13342.2190006233,11.18,-1.94,-1.58
45564,225087,13554.2444587064,13348.6765052107,8.89,-2.29,-0.35
45565,225087,13559.1112430682,13353.83232813,7.09,-1.8,0.489999999999998
45566,225087,13561.4537617439,13357.6279721079,4.52,-2.57,-0.77
45567,225087,13569.7567568149,13360.6906764814,6.57,2.05,4.62
45568,225087,13576.4747168508,13355.9019905494,8.26,1.69,-0.360000000000001
45569,225087,13584.4222671479,13350.2368299802,9.75,1.49,-0.199999999999999
45570,225087,13593.7948392708,13343.5558875466,11.51,1.76,0.27
45571,225087,13604.7878647842,13335.7198560215,13.5,1.99,0.23
45572,225087,13615.9844648441,13327.7387128015,13.75,0.25,-1.74
45573,225087,13627.1077780673,13319.8098097917,13.66,-0.0899999999999999,-0.34
45574,225087,13637.6855115057,13312.2698061242,12.98,-0.68,-0.59
45575,225087,13648.304642054,13304.8410269227,12.97,-0.00999999999999979,0.67
45576,225087,13659.1165175779,13297.3735676723,13.14,0.17,0.18
45577,225087,13670.3068910273,13289.6446905182,13.6,0.459999999999999,0.289999999999999
45578,225087,13681.0117997461,13282.2511102406,13.01,-0.59,-1.05
45621,225087,14217.4060886011,13276.9007036538,13.16,0.00348837209302326,0.013802055164954
45622,225087,14231.3911241892,13279.2838228863,12.98,-0.18,-0.183488372093023
45623,225087,14244.3462970429,13281.2263718125,13.1,0.119999999999999,0.299999999999999
45624,225087,14257.519037685,13283.2015436978,13.32,0.220000000000001,0.100000000000001
45625,225087,14270.3852055344,13285.130746868,13.02,-0.300000000000001,-0.520000000000001
45626,225087,14283.8249611894,13287.1459560212,13.59,0.57,0.870000000000001
45627,225087,14297.4625057431,13289.19082241,13.79,0.199999999999999,-0.370000000000001
45628,225087,14310.4176785968,13291.1333713362,13.1,-0.69,-0.889999999999999
45629,225087,14324.0266850497,13293.4734193251,13.81,0.710000000000001,1.4
45630,225087,14336.681454585,13295.7617392348,12.86,-0.950000000000001,-1.66
45631,225087,14350.1234570618,13298.1924118605,13.65,0.790000000000001,1.74
45632,225087,14363.417853362,13300.596393352,13.51,-0.140000000000001,-0.930000000000001
45633,225087,14377.0173024272,13303.0555365209,13.83,0.32,0.460000000000001
45634,225087,14389.8098377272,13305.3687681559,12.99,-0.84,-1.16
45635,225087,14402.868064145,13307.7300438325,13.27,0.279999999999999,1.12
