"V1","V2","V3","V4","V5","acceleration","jerk"
26334,225219,14404.3455695187,13996.1156833968,13.75,-0.449999999999999,0
26335,225219,14391.0823479713,13995.1272734694,13.3,-0.449999999999999,0
26336,225219,14377.9573084866,13994.1691507467,13.16,-0.140000000000001,0.309999999999999
26337,225219,14364.7790066642,13993.2545682858,13.21,0.0500000000000007,0.190000000000001
26338,225219,14351.0224727119,13992.0552472712,13.81,0.6,0.549999999999999
26339,225219,14327.1999317322,13989.2553690576,13.37,-0.440000000000001,-1.04
26340,225219,14314.1351257045,13987.6020594357,13.17,-0.199999999999999,0.240000000000002
26341,225219,14301.4429423841,13985.4473233589,12.88,-0.289999999999999,-0.0899999999999999
26342,225219,14288.7994642708,13982.8962371552,12.91,0.0299999999999994,0.319999999999999
26343,225219,14276.061928389,13979.2709698089,13.31,0.4,0.370000000000001
26344,225219,14263.7704737505,13974.5258089101,13.17,-0.140000000000001,-0.540000000000001
26345,225219,14251.139408934,13970.297499366,13.32,0.15,0.290000000000001
26346,225219,14240.8126599961,13966.840570617,10.89,-2.43,-2.58
26347,225219,14227.276354667,13962.3505998387,8.94,-1.95,0.479999999999999
26348,225219,14221.2772363098,13960.3944099358,6.31,-2.63,-0.679999999999999
26349,225219,14215.3826984628,13958.4723216001,6.2,-0.109999999999999,2.52
26350,225219,14211.4181463948,13957.1795621872,4.17,-2.03,-1.92
26351,225219,14207.6437407089,13955.9488056239,3.97,-0.2,1.83
26352,225219,14205.7993208019,13955.3473779833,1.94,-2.03,-1.83
26353,225219,14199.7334228419,13954.4879803996,2.13,0.19,2.22
26354,225219,14197.800883868,13954.6579601469,1.94,-0.19,-0.38
26355,225219,14196.1273449628,13954.8051591034,1.69,-0.25,-0.0600000000000001
26356,225219,14193.2286516597,13955.0605834165,2.91,1.22,1.47
26357,225219,14191.3564006058,13955.8706920456,2.04,-0.87,-2.09
26358,225219,14188.7678719011,13960.369915461,1.1,-0.94,-0.0699999999999998
26359,225219,14188.7469613856,13961.869769704,1.5,0.4,1.34
26360,225219,14188.7299541664,13963.089651155,1.21,-0.29,-0.69
26361,225219,14188.7080678269,13964.659498596,1.57,0.36,0.65
26362,225219,14188.6826964015,13966.4793217442,1.82,0.25,-0.11
26363,225219,14188.7337326558,13969.1280651383,2.65,0.83,0.58
26364,225219,14188.7989591731,13970.906869653,1.78,-0.87,-1.7
26365,225219,14188.859421956,13972.5557614784,1.65,-0.13,0.74
26366,225219,14188.9535973209,13975.1240354125,2.57,0.92,1.05
26367,225219,14189.0536357435,13977.8522018873,2.73,0.16,-0.76
26368,225219,14189.1184958197,13979.6210131182,1.77,-0.96,-1.12
26369,225219,14189.210472538,13982.1293273495,2.51,0.74,1.7
26370,225219,14181.410546014,13989.9810433462,2.74,0.23,-0.509999999999999
26371,225219,14176.7308434232,13989.9644029097,4.68,1.94,1.71
26372,225219,14170.1608475481,13989.9717650745,6.57,1.89,-0.0499999999999989
26373,225219,14161.2708531296,13989.9817269687,8.89,2.32,0.43
26374,225219,14150.8108596968,13989.9934481626,10.46,1.57,-0.75
26375,225219,14138.8708671933,13990.0068278046,11.94,1.48,-0.0900000000000016
26376,225219,14125.2621702274,13989.8937874285,13.61,1.67,0.190000000000001
26377,225219,14112.1821769716,13989.8805048763,13.08,-0.529999999999999,-2.2
26378,225219,14098.8221838601,13989.8669379882,13.36,0.279999999999999,0.809999999999999
26379,225219,14078.9870222728,13990.3075888895,13.62,0.26,-0.0199999999999996
26380,225219,14065.3112856132,13990.9323502987,13.69,0.0700000000000003,-0.19
26381,225219,14052.3847675435,13991.5228844575,12.94,-0.75,-0.82
