"V1","V2","V3","V4","V5","acceleration","jerk"
64087,230418,13412.2871069517,13365.9629082357,13.05,0.489999999999998,0
64088,230418,13425.5912768999,13368.478988916,13.54,0.489999999999998,0
64089,230418,13439.0821375638,13371.0303764891,13.73,0.190000000000001,-0.299999999999997
64090,230418,13462.620286829,13370.3441297251,13.87,0.139999999999999,-0.0500000000000025
64091,230418,13476.4826006869,13371.2206880549,13.89,0.0200000000000014,-0.119999999999997
64092,230418,13490.2750540717,13372.0928288841,13.83,-0.0600000000000005,-0.0800000000000018
64093,230418,13503.638364551,13372.9378336383,13.39,-0.44,-0.379999999999999
64094,230418,13517.0415953006,13373.7853626785,13.42,0.0299999999999994,0.469999999999999
64095,230418,13530.0219923906,13373.4922651314,13.02,-0.4,-0.43
64096,230418,13543.7889531754,13372.2826409128,13.82,0.800000000000001,1.2
64097,230418,13567.0125719274,13362.6467821288,13.73,-0.0899999999999999,-0.890000000000001
64098,230418,13577.6391632571,13355.0719516546,13.04,-0.690000000000001,-0.600000000000001
64099,230418,13588.3797563327,13347.4158586312,13.19,0.15,0.840000000000002
64100,230418,13599.6822151569,13339.3592573298,13.88,0.690000000000001,0.540000000000001
64101,230418,13610.276234559,13331.8076447268,13.02,-0.860000000000001,-1.55
64102,230418,13620.8458250156,13324.2734455271,12.97,-0.0499999999999989,0.810000000000002
64103,230418,13632.1238548941,13316.2342576292,13.85,0.879999999999999,0.929999999999998
64104,230418,13642.6271731716,13308.7622954788,12.9,-0.949999999999999,-1.83
64105,230418,13653.4966462059,13301.2550552431,13.21,0.31,1.26
64106,230418,13664.6787914395,13293.5318610869,13.59,0.379999999999999,0.0699999999999985
64107,230418,13675.4742105318,13286.0757678323,13.12,-0.470000000000001,-0.85
64108,230418,13686.3683682134,13278.5514786028,13.24,0.120000000000001,0.590000000000002
64150,230418,14216.9914821612,13276.8336104347,13.52,0.00666666666666665,-0.00269841269841272
64151,230418,14231.6680286471,13279.325343016,13.67,0.15,0.143333333333334
64152,230418,14244.8902165139,13281.3079292102,13.37,-0.300000000000001,-0.450000000000001
64153,230418,14257.9442838168,13283.2653067541,13.2,-0.17,0.130000000000001
64154,230418,14271.6609439299,13285.3220360371,13.86,0.66,0.83
64155,230418,14284.962247356,13287.3164851254,13.45,-0.41,-1.07
64156,230418,14298.3327768966,13289.3213142462,13.52,0.0700000000000003,0.48
64157,230418,14311.7033064372,13291.326143367,13.52,0,-0.0700000000000003
64158,230418,14325.1484919914,13293.6762719454,13.65,0.130000000000001,0.130000000000001
64159,230418,14338.6987389977,13296.1265180695,13.77,0.119999999999999,-0.0100000000000016
64160,230418,14352.0226565332,13298.5358377878,13.54,-0.23,-0.35
64161,230418,14365.6909884807,13301.0074368194,13.88,0.340000000000002,0.570000000000002
64162,230418,14378.473683369,13303.3188890455,12.99,-0.890000000000001,-1.23
64163,230418,14391.9648879047,13305.7584587159,13.72,0.73,1.62
