"V1","V2","V3","V4","V5","acceleration","jerk"
48250,231895,14038.96,14240.09,0,1.88,0
48251,231895,14037.0824404731,14240.1857612815,1.88,1.88,0
48252,231895,14033.1475550817,14240.386452478,3.94,2.06,0.18
48253,231895,14027.3650712197,14240.6813768504,5.79,1.85,-0.21
48254,231895,14019.3554821742,14241.0898904025,8.02,2.23,0.379999999999999
48255,231895,14009.8078922396,14241.5768467066,9.57,1.55,-0.679999999999999
48256,231895,13995.6709979217,14240.5674978081,11.06,1.49,-0.0600000000000005
48257,231895,13983.000700803,14241.0553994104,12.68,1.62,0.129999999999999
48258,231895,13969.8270532544,14241.4645574048,13.18,0.5,-1.12
48259,231895,13956.856811009,14241.1674747834,12.99,-0.19,-0.69
48260,231895,13948.1653172244,14251.4753752998,12.98,-0.00999999999999979,0.18
48261,231895,13948.6625520458,14265.1963686141,13.73,0.75,0.76
48275,231895,14040.7523103366,14268.9020712525,13.75,0.0014285714285714,-0.053469387755102
48276,231895,14041.4375131987,14255.4194714665,13.5,-0.25,-0.251428571428571
48277,231895,14042.7819166643,14232.9332390613,13.05,-0.449999999999999,-0.199999999999999
48278,231895,14044.2032963423,14210.1900124141,13.69,0.639999999999999,1.09
48279,231895,14044.4090963274,14196.3648728444,13.85,0.16,-0.479999999999999
48280,231895,14044.1597110755,14182.9371884947,13.43,-0.42,-0.58
48281,231895,14043.5815411798,14169.0719834993,13.88,0.450000000000001,0.870000000000001
48282,231895,14042.8046738219,14155.8748293701,13.22,-0.66,-1.11
48283,231895,14033.7679168668,14137.6701475843,13.74,0.52,1.18
48284,231895,14032.4513053893,14124.1973205726,13.56,-0.18,-0.699999999999999
48285,231895,14030.5841300693,14110.4434826964,13.87,0.309999999999999,0.489999999999998
48286,231895,14025.4747650681,14098.2030983726,13.44,-0.43,-0.739999999999998
48287,231895,14023.641544165,14085.0985744673,13.44,0,0.43
48288,231895,14023.3759034971,14071.9840770167,13.12,-0.32,-0.32
48289,231895,14023.2965716207,14058.8943174142,13.09,-0.0299999999999994,0.290000000000001
48290,231895,14023.2149973613,14045.4345646066,13.45,0.359999999999999,0.389999999999999
48291,231895,14023.5232249817,14032.1328202809,13.32,-0.129999999999999,-0.489999999999998
48292,231895,14023.0919900825,14020.7778006255,11.37,-1.95,-1.82
48293,231895,14023.2185020134,14012.8993941876,7.88,-3.49,-1.54
48294,231895,14023.2549295904,14007.9695287704,4.93,-2.95,0.539999999999999
48295,231895,14028.112173934,13991.8767328629,7.09,2.16,5.11
48296,231895,14030.1473663357,13978.1395255073,9.14,2.05,-0.109999999999999
48297,231895,14027.8779009779,13967.0595603905,11.31,2.17,0.119999999999999
48298,231895,14026.4971143457,13954.6427776334,12.54,1.23,-0.940000000000001
48299,231895,14026.1008557614,13941.048551685,13.59,1.05,-0.179999999999998
48300,231895,14026.7816657378,13927.9500157151,13.13,-0.459999999999999,-1.51
48301,231895,14028.1506274368,13914.6938966266,13.35,0.219999999999999,0.679999999999998
48302,231895,14030.6334649217,13901.2614315504,13.65,0.300000000000001,0.0800000000000018
48303,231895,14049.1084510363,13884.1309961208,12.95,-0.700000000000001,-1
48304,231895,14062.0524739829,13880.4635825341,13.74,0.790000000000001,1.49
48305,231895,14075.5172671099,13881.7903251794,13.53,-0.210000000000001,-1
48306,231895,14089.1809603786,13883.0252042217,13.72,0.190000000000001,0.400000000000002
48307,231895,14102.2748086358,13883.5134719557,13.11,-0.610000000000001,-0.800000000000002
48308,231895,14114.69673282,13881.047207178,13.76,0.65,1.26
48309,231895,14127.8769609461,13881.9335967888,13.21,-0.549999999999999,-1.2
48310,231895,14140.9617138351,13882.4899756496,13.09,-0.120000000000001,0.429999999999998
48311,231895,14154.7157202074,13882.2694912069,8.89,-4.2,-4.08
48312,231895,14159.952402735,13882.0830613139,5.24,-3.65,0.549999999999999
48313,231895,14162.2509465925,13882.0012313991,2.3,-2.94,0.71
48314,231895,14163.2902881629,13881.9642300463,1.04,-1.26,1.68
48315,231895,14163.69,13881.95,0.71,-0.33,0.93
48316,231895,14163.69,13881.95,0.11,-0.6,-0.27
48317,231895,14163.69,13881.95,0.06,-0.05,0.55
48318,231895,14163.69,13881.95,0,-0.06,-0.01
48319,231895,14163.69,13881.95,0,0,0.06
48320,231895,14165.9037091458,13881.3898376238,1.92,1.92,1.92
48321,231895,14169.5242348213,13880.4129579827,3.75,1.83,-0.0899999999999999
48322,231895,14174.5195871351,13877.962458763,5.58,1.83,0
48323,231895,14180.8666453196,13873.497592636,7.77,2.19,0.359999999999999
48324,231895,14185.0570391761,13870.401676079,5.21,-2.56,-4.75
48325,231895,14191.7942173763,13864.1935422003,2.67,-2.54,0.0199999999999996
48326,231895,14192.9233907934,13862.9904348094,1.65,-1.02,1.52
48327,231895,14193.1423820016,13862.7571048912,0.32,-1.33,-0.31
48328,231895,14193.2518776057,13862.640439932,0.16,-0.16,1.17
48329,231895,14205.2620993461,13855.5690932002,1.64,1.48,1.64
48330,231895,14207.6989572119,13853.4390955175,3.24,1.6,0.12
48331,231895,14211.9473712459,13849.9776827718,5.48,2.24,0.64
48332,231895,14217.9788787613,13845.0634873044,7.77,2.29,0.0499999999999989
48333,231895,14238.5999661116,13835.4543525194,9.55,1.78,-0.509999999999998
48334,231895,14249.6299194409,13832.1864384521,11.03,1.48,-0.300000000000002
48335,231895,14262.6398664276,13832.2235787789,13.01,1.98,0.500000000000002
48336,231895,14276.3798104397,13832.2628030749,13.74,0.73,-1.25
48337,231895,14289.2897578338,13832.2996579265,12.91,-0.83,-1.56
48338,231895,14302.8497025794,13832.3383683671,13.56,0.65,1.48
48339,231895,14322.7811182408,13834.0942143617,13.47,-0.0899999999999999,-0.74
48340,231895,14343.3804839384,13831.6204665453,13.11,-0.360000000000001,-0.270000000000001
48341,231895,14355.937461458,13826.1223650262,13.39,0.280000000000001,0.640000000000002
48342,231895,14362.4537098603,13819.56847228,9.3,-4.09,-4.37
48343,231895,14365.4625610377,13814.9883833515,5.49,-3.81,0.279999999999999
48344,231895,14367.2195544259,13812.3138788678,3.2,-2.29,1.52
48345,231895,14368.1859007894,13810.8429014017,1.76,-1.44,0.85
48346,231895,14368.4494497977,13810.4417257291,0.48,-1.28,0.16
48347,231895,14368.4823934237,13810.3915787701,0.06,-0.42,0.86
48348,231895,14368.487884028,13810.3832209435,0.01,-0.05,0.37
48349,231895,14368.487884028,13810.3832209435,0,-0.01,0.04
48350,231895,14368.487884028,13810.3832209435,0,0,0.01
48351,231895,14368.487884028,13810.3832209435,0,0,0
48352,231895,14372.0747526497,13796.0006607589,2.31,2.31,2.31
48353,231895,14371.9604312929,13791.2220280437,4.78,2.47,0.16
48354,231895,14371.792775914,13784.2140332039,7.01,2.23,-0.240000000000001
48355,231895,14371.5806356556,13775.3465704039,8.87,1.86,-0.37
48356,231895,14371.3374038148,13765.1794794595,10.17,1.3,-0.559999999999999
48357,231895,14371.8607967618,13752.9613916159,12.23,2.06,0.76
48358,231895,14372.4841931849,13738.9752778991,14,1.77,-0.290000000000001
48359,231895,14373.1694839672,13723.6005428918,15.39,1.39,-0.379999999999999
48360,231895,14372.5004225709,13697.2380558507,16.55,1.16,-0.23
48361,231895,14370.1712415988,13679.1473810153,18.24,1.69,0.529999999999998
48362,231895,14367.6671166612,13659.6979219407,19.61,1.37,-0.319999999999997
48363,231895,14365.0212488025,13639.1475500882,20.72,1.11,-0.260000000000002
48364,231895,14362.2502385451,13617.6252011886,21.7,0.98,-0.129999999999999
48365,231895,14358.8992539651,13595.0574077271,22.83,1.13,0.149999999999999
48366,231895,14352.321522872,13565.5532144538,23.85,1.02,-0.109999999999996
48367,231895,14345.5577624042,13541.2890996491,25.19,1.34,0.319999999999997
48368,231895,14336.0166736725,13506.2510198876,26.2,1.01,-0.330000000000002
48369,231895,14331.9399599983,13481.1263340467,25.48,-0.719999999999999,-1.73
48370,231895,14328.3159327283,13448.113162563,23.43,-2.05,-1.33
48371,231895,14327.3552212924,13410.2651897679,21.94,-1.49,0.560000000000002
48372,231895,14329.2429897162,13380.4792678697,21.04,-0.900000000000002,0.589999999999996
48373,231895,14330.0505301073,13359.4447633945,21.05,0.0100000000000016,0.910000000000004
48374,231895,14331.1085316308,13338.7133241042,20.77,-0.280000000000001,-0.290000000000003
48375,231895,14332.0845497131,13317.09938256,21.64,0.870000000000001,1.15
48376,231895,14331.0363140432,13294.7183331622,22.31,0.669999999999998,-0.200000000000003
