"V1","V2","V3","V4","V5","acceleration","jerk"
71687,232869,13901.57,13592.13,0,2.53,0
71688,232869,13901.1274545465,13594.6209944845,2.53,2.53,0
71689,232869,13900.3892957268,13598.7759339012,4.22,1.69,-0.84
71690,232869,13899.9197249025,13601.961047534,3.23,-0.99,-2.68
71691,232869,13896.1377959516,13625.1380198395,4.55,1.32,2.31
71692,232869,13895.0292518097,13630.9828479821,5.95,1.4,0.0800000000000005
71693,232869,13894.9434245581,13638.1923371237,7.21,1.26,-0.140000000000001
71694,232869,13895.0008189932,13661.6781064177,8.8,1.59,0.330000000000001
71695,232869,13895.2588828533,13672.6350678142,10.96,2.16,0.569999999999999
71696,232869,13895.4498406915,13680.7428193585,8.11,-2.85,-5.01
71697,232869,13896.3705572463,13697.4966286165,7.63,-0.48,2.37
71698,232869,13897.1294883737,13705.4404578911,7.99,0.36,0.84
71699,232869,13897.8570351312,13713.0557829476,7.64,-0.350000000000001,-0.710000000000001
71700,232869,13898.5921902208,13720.7507453903,7.74,0.100000000000001,0.450000000000001
71701,232869,13899.3016671895,13728.1769316545,7.45,-0.29,-0.390000000000001
71702,232869,13900.0558431093,13736.0709875627,7.93,0.48,0.77
71703,232869,13900.7719773686,13743.5668565399,7.53,-0.399999999999999,-0.879999999999999
71704,232869,13901.4243918465,13750.3957624075,6.86,-0.67,-0.27
71705,232869,13901.8580667765,13754.9350934216,4.55,-2.31,-1.64
71706,232869,13890.7095464244,13763.7985772018,6.86,2.31,4.62
71707,232869,13881.8800550188,13764.645324814,8.87,2.01,-0.300000000000002
71708,232869,13871.169195095,13765.6724955364,10.75,1.88,-0.129999999999998
71709,232869,13859.1841808308,13766.8218575715,12.04,1.29,-0.590000000000002
71710,232869,13845.6695190894,13768.3259926114,13.61,1.57,0.280000000000001
71711,232869,13832.4207322378,13770.0462388038,13.35,-0.26,-1.83
71712,232869,13819.2611961959,13771.7548965114,13.27,-0.0800000000000001,0.18
71713,232869,13805.8544079108,13772.6901395831,13.45,0.18,0.26
71714,232869,13792.7665541209,13773.2541282128,13.1,-0.35,-0.529999999999999
71715,232869,13779.4489135851,13773.828018933,13.33,0.23,0.58
71716,232869,13766.1154477452,13772.8894350026,13.4,0.0700000000000003,-0.16
71717,232869,13752.4553952898,13771.3192544662,13.74,0.34,0.27
71718,232869,13733.3645691452,13768.90400386,12.97,-0.77,-1.11
71719,232869,13720.3971631012,13767.2779094389,13.07,0.0999999999999996,0.869999999999999
71720,232869,13710.855710616,13766.3141747909,9.59,-3.48,-3.58
71721,232869,13704.9557300907,13765.7182471097,5.94,-3.65,-0.169999999999999
71722,232869,13697.4020135083,13772.2898668984,8.27,2.33,5.98
71723,232869,13697.4892399244,13782.7795042397,10.49,2.22,-0.109999999999999
71724,232869,13697.5936787982,13795.3390700173,12.56,2.07,-0.15
71725,232869,13697.708927428,13809.1985908515,13.86,1.3,-0.770000000000001
71726,232869,13697.8397254762,13824.9280470363,15.73,1.87,0.570000000000002
71727,232869,13697.9582170328,13839.1775543875,14.25,-1.48,-3.35
71728,232869,13694.1855663023,13862.4536136748,11.1,-3.15,-1.67
71729,232869,13689.600565013,13868.6021956984,7.67,-3.43,-0.279999999999999
71730,232869,13686.6547716734,13872.6546519412,5.01,-2.66,0.77
71731,232869,13658.3600219408,13901.7166800709,6.45,1.44,4.1
71732,232869,13655.0810088967,13904.1613014029,4.09,-2.36,-3.8
71733,232869,13641.4140418235,13909.9162546246,6.14,2.05,4.41
71734,232869,13633.3307366116,13911.3530137736,8.21,2.07,0.0200000000000014
71735,232869,13623.8493445056,13913.0382745049,9.63,1.42,-0.650000000000001
71736,232869,13606.7048772035,13914.7494365861,11.22,1.59,0.17
71737,232869,13594.165688759,13914.8921010625,12.54,1.32,-0.270000000000001
71738,232869,13580.2997879077,13915.3888863228,13.89,1.35,0.0300000000000029
71739,232869,13567.2486930232,13916.2579791353,13.08,-0.81,-2.16
71740,232869,13554.0080180143,13917.1396963846,13.27,0.19,1
71741,232869,13540.5677849796,13918.0347025148,13.47,0.200000000000001,0.0100000000000016
71742,232869,13527.3869773784,13918.9124330998,13.21,-0.26,-0.460000000000001
71743,232869,13513.9068327386,13919.8100970063,13.5,0.289999999999999,0.549999999999999
71744,232869,13500.733426251,13921.2698392116,13.28,-0.220000000000001,-0.51
71745,232869,13487.7920860186,13923.4276420265,13.11,-0.17,0.0500000000000007
71746,232869,13484.6257977452,13923.9555800628,3.21,-9.9,-9.73
71747,232869,13483.3435003137,13924.1693867441,1.3,-1.91,7.99
71748,232869,13482.9884025634,13924.2285947482,0.36,-0.94,0.97
71749,232869,13482.92,13924.24,0.19,-0.17,0.77
71750,232869,13481.1964912976,13924.4889932067,1.75,1.56,1.73
71751,232869,13477.6207060013,13924.9848354345,3.61,1.86,0.3
71752,232869,13465.5299262123,13926.6500281828,5.44,1.83,-0.0299999999999994
71753,232869,13458.3070530084,13927.637045245,7.28,1.84,0.00999999999999934
71754,232869,13452.6694469001,13928.407433048,5.69,-1.59,-3.43
71755,232869,13447.2993546141,13929.1412646636,5.43,-0.260000000000001,1.33
71756,232869,13440.1755606037,13930.1147423971,7.19,1.76,2.02
71757,232869,13431.2458342884,13931.883890992,9.11,1.92,0.159999999999998
71758,232869,13420.4037394856,13934.7322379317,11.21,2.1,0.180000000000002
71759,232869,13411.6314112197,13937.0368326457,9.07,-2.14,-4.24
