"V1","V2","V3","V4","V5","acceleration","jerk"
46209,233330,13407.3254401591,13501.4501362492,4.09,2.04,0
46210,233330,13413.3181442992,13502.6918677377,6.13,2.04,0
46211,233330,13417.6951684015,13503.5988186778,4.46,-1.67,-3.71
46212,233330,13422.2680325084,13504.5463490783,4.67,0.21,1.88
46213,233330,13426.8213126148,13505.4898215328,4.65,-0.0199999999999996,-0.23
46214,233330,13429.8862086864,13506.1248900882,3.13,-1.52,-1.5
46215,233330,13435.3938946381,13500.2311184277,5.38,2.25,3.77
46216,233330,13435.9546452042,13493.0830796195,7.17,1.79,-0.46
46217,233330,13436.6538237344,13484.1704621935,8.94,1.77,-0.0200000000000005
46218,233330,13437.5008151753,13473.3736337009,10.83,1.89,0.120000000000001
46219,233330,13438.5190818938,13460.39351302,13.02,2.19,0.299999999999999
46220,233330,13439.3676374925,13449.576745786,10.85,-2.17,-4.36
46221,233330,13440.1700504365,13439.3481714245,10.26,-0.59,1.58
46222,233330,13440.794149393,13431.3926135879,7.98,-2.28,-1.69
46223,233330,13441.180496366,13426.4677444509,4.94,-3.04,-0.760000000000001
46224,233330,13450.5757513081,13419.8605872638,6.72,1.78,4.82
46225,233330,13458.9952548979,13420.7840910813,8.48,1.76,-0.0199999999999987
46226,233330,13469.007365861,13418.5627949855,9.7,1.22,-0.540000000000002
46227,233330,13480.4288648276,13419.8155764334,11.5,1.8,0.580000000000002
46228,233330,13493.5899306516,13421.2591644552,13.23,1.73,-0.0700000000000003
46229,233330,13506.7509964756,13422.702752477,13.24,0.00999999999999979,-1.72
46230,233330,13519.8424796252,13424.1387082358,13.18,-0.0600000000000005,-0.0700000000000003
