"V1","V2","V3","V4","V5","acceleration","jerk"
63524,243551,14352.5331655129,14266.9234853221,19.42,-0.210000000000001,0
63525,243551,14350.5781497253,14247.8208122027,19.21,-0.210000000000001,0
63526,243551,14351.9106494845,14228.9778680487,18.89,-0.32,-0.109999999999999
63527,243551,14353.8999036599,14210.2536918384,18.83,-0.0600000000000023,0.259999999999998
63528,243551,14355.9200136927,14191.4820761526,18.88,0.0500000000000007,0.110000000000003
63529,243551,14357.9583132755,14172.5414363849,19.05,0.170000000000002,0.120000000000001
63530,243551,14359.9230858345,14153.7238396653,18.93,-0.120000000000001,-0.290000000000003
63531,243551,14361.8645554239,14134.4513827427,19.37,0.440000000000001,0.560000000000002
63532,243551,14363.7559096392,14115.6764079296,18.87,-0.5,-0.940000000000001
63533,243551,14365.6943723061,14096.4337999336,19.34,0.469999999999999,0.969999999999999
63534,243551,14367.5546549896,14077.9672640284,18.56,-0.780000000000001,-1.25
63535,243551,14369.4209515179,14059.4410302701,18.62,0.0600000000000023,0.840000000000003
63536,243551,14370.6424316393,14040.1005247557,19.38,0.759999999999998,0.699999999999996
63537,243551,14371.8059620453,14020.8656840495,19.27,-0.109999999999999,-0.869999999999997
63538,243551,14372.7047483861,13998.7709849333,18.86,-0.41,-0.300000000000001
63539,243551,14372.23505589,13978.4464114086,20.34,1.48,1.89
63540,243551,14371.7242393091,13956.3423130009,22.11,1.77,0.289999999999999
63541,243551,14371.2305192578,13934.9780170726,21.37,-0.739999999999998,-2.51
63542,243551,14370.8121163506,13916.8728509864,18.1,-3.27,-2.53
63543,243551,14370.4059582551,13899.2975434329,17.58,-0.520000000000003,2.75
63544,243551,14370.045544928,13883.7017073786,15.6,-1.98,-1.46
63545,243551,14373.7570027376,13857.1608218225,15.12,-0.48,1.5
63546,243551,14373.0485708316,13826.9125179757,13.64,-1.48,-0.999999999999998
63547,243551,14372.6251884665,13813.4591783392,13.45,-0.190000000000001,1.29
63548,243551,14371.8461099361,13786.4433953284,14.26,0.81,1
63549,243551,14371.4981233792,13771.8975572516,14.56,0.300000000000001,-0.51
63550,243551,14371.7000495413,13756.5678109386,15.34,0.779999999999999,0.479999999999999
63551,243551,14372.4405554353,13739.9543058593,16.62,1.28,0.500000000000002
63552,243551,14373.241619839,13721.9821497332,17.99,1.37,0.0899999999999963
63553,243551,14372.0190074248,13693.4989196594,18.7,0.710000000000001,-0.659999999999997
63554,243551,14369.4638039571,13673.6527352594,20.01,1.31,0.600000000000001
63555,243551,14366.7681345316,13652.7155562147,21.11,1.1,-0.210000000000004
63556,243551,14363.8809206182,13630.2906572,22.61,1.5,0.400000000000002
63557,243551,14360.7983313273,13606.3482838159,24.14,1.53,0.0300000000000011
63558,243551,14356.4817023711,13583.9473967329,22.83,-1.31,-2.84
63559,243551,14350.0946031301,13557.2361880343,21.09,-1.74,-0.429999999999996
63560,243551,14344.989545623,13539.2986148615,18.64,-2.45,-0.710000000000001
63561,243551,14337.4995401706,13511.9616334228,18.24,-0.400000000000002,2.05
63562,243551,14333.6984119074,13493.7544909543,18.63,0.390000000000001,0.790000000000003
63563,243551,14331.1827912939,13475.6887982488,18.24,-0.390000000000001,-0.780000000000001
63564,243551,14328.2873227963,13447.7743684193,18.29,0.0500000000000007,0.440000000000001
63565,243551,14328.3018838007,13414.9748276441,16.69,-1.6,-1.65
63566,243551,14328.8984902999,13389.4526574273,16.96,0.27,1.87
63567,243551,14329.5096123156,13373.5343839694,15.93,-1.03,-1.3
63568,243551,14330.0697115893,13358.9451314592,14.6,-1.33,-0.299999999999999
63569,243551,14330.7291339836,13344.7213568459,14.24,-0.359999999999999,0.970000000000001
63570,243551,14331.6045215782,13330.8589690084,13.89,-0.35,0.00999999999999979
63571,243551,14332.1284468314,13315.059854908,15.81,1.92,2.27
63572,243551,14331.2580235423,13298.0509664901,16.93,1.12,-0.800000000000001
63573,243551,14330.0140606637,13279.3522992553,18.74,1.81,0.69
