"V1","V2","V3","V4","V5","acceleration","jerk"
74595,246796,13434.57,13755.85,0,1.5,0
74596,246796,13436.0653166048,13755.9684409192,1.5,1.5,0
74597,246796,13439.3735667764,13756.2470873431,3.32,1.82,0.32
74598,246796,13444.3357979077,13756.4808638462,4.97,1.65,-0.17
74599,246796,13450.6138378345,13756.6377545018,6.28,1.31,-0.339999999999999
74600,246796,13458.3914095909,13756.8321190401,7.78,1.5,0.19
74601,246796,13468.2283371087,13757.0779990715,9.85,2.07,0.569999999999999
74602,246796,13479.8546938719,13757.3690805282,11.62,1.77,-0.3
74603,246796,13492.8606183336,13757.6947013151,13.01,1.39,-0.379999999999999
74604,246796,13505.7265866519,13758.0168181119,12.87,-0.140000000000001,-1.53
74605,246796,13519.162376411,13758.3532011539,13.44,0.57,0.710000000000001
74606,246796,13532.3559183911,13758.7499633038,13.2,-0.24,-0.81
74607,246796,13545.9731174427,13758.839967291,13.63,0.430000000000001,0.670000000000002
74608,246796,13559.1818537293,13758.2943614694,13.23,-0.4,-0.830000000000002
74609,246796,13572.6546090796,13757.8562065086,13.48,0.25,0.65
74610,246796,13586.0767219392,13757.3960095745,13.43,-0.0500000000000007,-0.300000000000001
74611,246796,13595.7509884855,13757.0628927925,9.68,-3.75,-3.7
74612,246796,13601.6774761528,13756.8588243505,5.93,-3.75,0
74613,246796,13604.635722948,13756.756962194,2.96,-2.97,0.78
74614,246796,13605.4652313399,13756.7283994948,0.83,-2.13,0.84
74615,246796,13605.9749292674,13756.7108489205,0.51,-0.32,1.81
74616,246796,13606.1748108076,13756.7039663423,0.2,-0.31,0.00999999999999995
74617,246796,13606.2747515778,13756.7005250533,0.1,-0.1,0.21
74618,246796,13606.2847456548,13756.7001809244,0.01,-0.09,0.01
74619,246796,13606.2847456548,13756.7001809244,0,-0.01,0.08
74620,246796,13606.2847456548,13756.7001809244,0,0,0.01
74621,246796,13612.8483516664,13765.3999710076,2.35,2.35,2.35
74622,246796,13612.8258514666,13769.9199150051,4.53,2.18,-0.17
74623,246796,13612.7923500628,13776.649831621,6.73,2.2,0.02
74624,246796,13612.7491914935,13785.3197242003,8.67,1.94,-0.260000000000001
74625,246796,13612.6948823828,13796.2295890263,10.91,2.24,0.300000000000001
74626,246796,13612.6324094827,13808.7794335328,12.55,1.64,-0.6
74627,246796,13611.8891598522,13822.3637263491,13.62,1.07,-0.570000000000002
74628,246796,13609.8734980388,13835.2642577994,13.07,-0.549999999999999,-1.62
74629,246796,13606.7289734717,13847.8124017828,12.98,-0.0899999999999999,0.459999999999999
74630,246796,13602.4322139334,13860.4341459272,13.34,0.359999999999999,0.449999999999999
74631,246796,13600.6301350977,13871.4301504165,11.16,-2.18,-2.54
74632,246796,13599.4617870622,13879.738403113,8.39,-2.77,-0.59
74633,246796,13598.7696905502,13884.6599783098,4.97,-3.42,-0.650000000000001
74634,246796,13604.3575499049,13891.5214354899,6.7,1.73,5.15
74635,246796,13612.7503788947,13891.1744174114,8.4,1.7,-0.0300000000000002
74636,246796,13623.0615687966,13890.7480809151,10.33,1.93,0.23
74637,246796,13634.7328238503,13888.6462500075,11.88,1.55,-0.379999999999999
74638,246796,13646.404450653,13885.510954742,12.09,0.209999999999999,-1.34
74639,246796,13658.1613849843,13879.3956659943,8.48,-3.61,-3.82
74640,246796,13661.4238714276,13875.3474107254,5.22,-3.26,0.349999999999999
74641,246796,13663.0018265642,13872.0102964584,3.71,-1.51,1.75
74642,246796,13664.6611667862,13863.2617059875,5.53,1.82,3.33
74643,246796,13665.1998517079,13856.3426440168,6.93,1.4,-0.420000000000001
74644,246796,13665.866610134,13847.7785601077,8.6,1.67,0.27
74645,246796,13666.6831757502,13837.2902990224,10.52,1.92,0.25
74646,246796,13667.5944381393,13825.5857186857,11.74,1.22,-0.699999999999999
74647,246796,13668.6609411399,13811.8871723632,13.73,1.99,0.77
74648,246796,13670.3989940014,13795.1434657092,13.77,0.0399999999999991,-1.95
74649,246796,13667.8508556442,13781.8963116408,13.49,-0.279999999999999,-0.319999999999999
74650,246796,13662.8920563777,13769.125172744,13.7,0.209999999999999,0.489999999999998
74651,246796,13649.9613842612,13755.8604762478,13.16,-0.539999999999999,-0.749999999999998
74652,246796,13637.8285658559,13756.2779897728,12.14,-1.02,-0.48
74653,246796,13628.166542645,13756.824563405,9.69,-2.45,-1.43
74654,246796,13622.0263164529,13757.3177391445,6.16,-3.53,-1.08
74655,246796,13618.9661712565,13757.5635264043,3.07,-3.09,0.439999999999999
74656,246796,13603.3318229739,13760.1059537449,5.53,2.46,5.55
74657,246796,13595.9561910088,13760.3598299258,7.39,1.86,-0.600000000000001
74658,246796,13587.1913817494,13760.6615228942,8.77,1.38,-0.48
74659,246796,13577.0873480761,13761.0088007955,10.11,1.34,-0.04
74660,246796,13565.0541164123,13761.4119068424,12.04,1.93,0.59
74661,246796,13551.6233802896,13761.9047074417,13.44,1.4,-0.529999999999999
74662,246796,13537.984862328,13762.2957108818,13.65,0.210000000000001,-1.19
74663,246796,13524.9947016146,13761.802162397,13,-0.65,-0.860000000000001
74664,246796,13511.5989047521,13761.466563801,13.4,0.4,1.05
74665,246796,13497.853217673,13761.12219957,13.75,0.35,-0.0500000000000007
74666,246796,13484.7373329837,13760.7936134819,13.12,-0.630000000000001,-0.98
74667,246796,13471.1515957179,13760.4532563983,13.59,0.470000000000001,1.1
74668,246796,13457.6658801064,13760.1132968545,13.49,-0.0999999999999996,-0.57
74669,246796,13444.690024975,13759.7852974525,12.98,-0.51,-0.41
74670,246796,13421.8282487511,13757.4122384128,13.05,0.0700000000000003,0.58
74671,246796,13408.4351428904,13755.1072838788,13.59,0.539999999999999,0.469999999999999
74699,246796,13412.324454713,13913.9033646119,9.78,-0.136071428571429,-0.0241454081632653
74700,246796,13423.9325497766,13910.9013271382,11.98,2.2,2.33607142857143
74701,246796,13437.0896817128,13907.4986841634,13.6,1.62,-0.580000000000002
74702,246796,13450.4622119185,13904.9204943358,13.62,0.0199999999999996,-1.6
