"V1","V2","V3","V4","V5","acceleration","jerk"
64606,255701,13491.4155768117,13282.1162129948,13.83,-0.619999999999999,0
64607,255701,13500.4901733227,13291.7297502295,13.21,-0.619999999999999,0
64608,255701,13509.4412125438,13301.212392101,13.05,-0.16,0.459999999999999
64609,255701,13518.2824230628,13310.5786825384,12.87,-0.180000000000001,-0.0200000000000014
64610,255701,13527.1373621695,13319.9595169051,12.91,0.0400000000000009,0.220000000000002
64611,255701,13536.4865304357,13329.8639327249,13.62,0.709999999999999,0.669999999999998
64612,255701,13545.9592559918,13339.8992439078,13.8,0.180000000000001,-0.529999999999998
64613,255701,13553.7159080776,13348.1165639345,11.3,-2.5,-2.68
64614,255701,13558.8572641946,13353.5632654389,7.49,-3.81,-1.31
64615,255701,13561.2388366794,13357.1217041782,4.35,-3.14,0.67
64616,255701,13562.1063523943,13359.1651856399,2.22,-2.13,1.01
64617,255701,13562.5401102517,13360.1869263708,1.1,-1.12,1.01
64618,255701,13562.6143570922,13360.3618189283,0.19,-0.91,0.21
64619,255701,13562.6612498335,13360.4722773857,0.13,-0.06,0.85
64620,255701,13562.6846962042,13360.5275066144,0.06,-0.07,-0.01
64621,255701,13562.6886039327,13360.5367114858,0.01,-0.05,0.02
64622,255701,13562.6886039327,13360.5367114858,0,-0.01,0.04
64623,255701,13562.6886039327,13360.5367114858,0,0,0.01
64624,255701,13562.6886039327,13360.5367114858,0,0,0
64625,255701,13562.6886039327,13360.5367114858,0,0,0
64626,255701,13562.6886039327,13360.5367114858,0,0,0
64627,255701,13569.0483173929,13361.1956651797,2.54,2.54,2.54
64628,255701,13572.5660855572,13358.6881350917,4.32,1.78,-0.76
64629,255701,13577.289015037,13355.3215437698,5.8,1.48,-0.300000000000001
64630,255701,13583.9011163088,13350.6083159192,8.12,2.32,0.84
64631,255701,13591.8242376603,13344.9605687533,9.73,1.61,-0.709999999999998
64632,255701,13601.3270974929,13338.186754835,11.67,1.94,0.329999999999998
64633,255701,13611.9129739132,13330.6409466997,13,1.33,-0.609999999999999
64634,255701,13622.8408555717,13322.851350917,13.42,0.42,-0.91
64635,255701,13633.9885977405,13314.9050345038,13.69,0.27,-0.15
64636,255701,13644.6759988988,13307.3472289999,13.08,-0.609999999999999,-0.879999999999999
64637,255701,13655.833459485,13299.6410838374,13.56,0.48,1.09
64638,255701,13666.5054553408,13292.2702355514,12.97,-0.59,-1.07
64639,255701,13677.8850777529,13284.4106494454,13.83,0.859999999999999,1.45
64640,255701,13689.15773336,13276.6249423122,13.7,-0.130000000000001,-0.99
64681,255701,14208.5315364724,13275.4645892727,13.08,-0.0151219512195122,0.0028019036287924
64682,255701,14221.3547213613,13277.5396866932,12.99,-0.0899999999999999,-0.0748780487804877
64683,255701,14235.317233825,13279.8725190112,12.94,-0.0500000000000007,0.0399999999999991
64684,255701,14248.6185372511,13281.8669680996,13.45,0.51,0.56
64685,255701,14261.415478986,13283.7857912374,12.94,-0.51,-1.02
64686,255701,14274.7464507469,13285.7846889111,13.48,0.540000000000001,1.05
64687,255701,14287.7115130456,13287.7287206991,13.11,-0.370000000000001,-0.910000000000002
64688,255701,14300.6469070094,13289.6683039017,13.08,-0.0299999999999994,0.340000000000002
64689,255701,14313.8196476515,13291.643475787,13.32,0.24,0.27
64690,255701,14326.6934366392,13293.9556391505,13.08,-0.24,-0.48
64691,255701,14340.1944815866,13296.3969882299,13.72,0.640000000000001,0.880000000000001
64692,255701,14353.5380799457,13298.8098667661,13.56,-0.16,-0.800000000000001
64693,255701,14366.9210399519,13301.2298629382,13.61,0.0499999999999989,0.209999999999999
64694,255701,14380.4712869582,13303.6801090623,13.77,0.16,0.110000000000001
64695,255701,14393.27366267,13305.9951201063,13.01,-0.76,-0.92
