"V1","V2","V3","V4","V5","acceleration","jerk"
24384,255910,14398.3214508696,13323.2655952133,13.17,0.24,0
24385,255910,14385.0946894602,13321.0563232473,13.41,0.24,0
24386,255910,14371.9665616184,13318.8635260909,13.31,-0.0999999999999996,-0.34
24387,255910,14358.6806200685,13316.6443692392,13.47,0.16,0.26
24388,255910,14345.5919456537,13314.4581620066,13.28,-0.190000000000001,-0.350000000000001
24389,255910,14334.7915700063,13312.6541703565,10.95,-2.33,-2.14
24390,255910,14325.5101512992,13311.1038907741,9.41,-1.54,0.790000000000001
24391,255910,14317.9153665973,13309.8353304357,7.7,-1.71,-0.170000000000001
24392,255910,14308.4169540416,13308.2488062722,9.63,1.93,3.64
24393,255910,14298.0111126643,13306.5107138605,10.55,0.92,-1.01
24394,255910,14286.8063393899,13304.6391754911,11.35,0.799999999999999,-0.120000000000001
24395,255910,14274.6349571534,13302.6061839877,12.34,0.99,0.190000000000001
24396,255910,14263.1934633168,13300.6951060753,11.6,-0.74,-1.73
24397,255910,14250.8445406587,13298.6324599146,12.52,0.92,1.66
24398,255910,14237.6572326763,13296.4297778725,13.38,0.860000000000001,-0.0599999999999987
24399,255910,14221.6179174625,13294.328478712,13.5,0.119999999999999,-0.740000000000002
24400,255910,14206.6758884213,13292.4471578642,15.06,1.56,1.44
24401,255910,14189.7396045081,13290.3147443933,17.07,2.01,0.449999999999999
24402,255910,14171.0372640415,13287.9599702909,18.86,1.79,-0.220000000000001
24403,255910,14151.2226638667,13285.4757096941,19.96,1.1,-0.689999999999998
24404,255910,14130.1254525812,13286.0570477693,21.36,1.4,0.299999999999997
24405,255910,14110.7075646271,13294.7308935064,21.46,0.100000000000001,-1.3
24406,255910,14096.8562006056,13311.3700295935,21.85,0.390000000000001,0.289999999999999
24407,255910,14093.2512657025,13333.0824311191,22.19,0.34,-0.0500000000000007
24408,255910,14099.4534834396,13351.5715069717,19.87,-2.32,-2.66
24409,255910,14111.148304205,13362.9535963076,16.56,-3.31,-0.990000000000002
24410,255910,14128.1830072295,13373.0521294462,13.25,-3.31,3.5527136788005e-15
24411,255910,14149.8391507859,13378.9997024997,13.72,0.470000000000001,3.78
24412,255910,14163.0366925,13383.1005917575,13.82,0.0999999999999996,-0.370000000000001
24413,255910,14176.2270875415,13387.1154102135,13.79,-0.0300000000000011,-0.130000000000001
24414,255910,14189.3718351729,13390.3630570091,13.53,-0.26,-0.229999999999999
24415,255910,14202.487458548,13393.6035081323,13.52,-0.00999999999999979,0.25
24416,255910,14224.3899531809,13399.0514331839,13.08,-0.44,-0.43
24417,255910,14237.1177007649,13402.2765442576,13.13,0.0500000000000007,0.49
24418,255910,14250.5143094177,13405.6711394623,13.82,0.69,0.639999999999999
24419,255910,14263.2783619821,13407.469078712,12.9,-0.92,-1.61
24420,255910,14276.999232796,13409.2030349138,13.84,0.94,1.86
24421,255910,14295.2174842344,13408.8466089898,13.4,-0.44,-1.38
24422,255910,14305.3796300309,13406.6350952978,10.4,-3,-2.56
24423,255910,14312.3878176268,13405.0481948527,7.19,-3.21,-0.21
24424,255910,14315.5135653597,13403.8431217798,3.34,-3.85,-0.640000000000001
24425,255910,14316.7078809113,13403.382675949,1.28,-2.06,1.79
24426,255910,14317.5103116726,13403.0733139065,0.86,-0.42,1.64
24427,255910,14317.7715681995,13402.972591381,0.28,-0.58,-0.16
24428,255910,14317.9115270532,13402.9186328852,0.16,-0.12,0.46
24429,255910,14317.9301882337,13402.9114384191,0.02,-0.14,-0.02
24430,255910,14317.9301882337,13402.9114384191,0,-0.02,0.12
24431,255910,14317.9301882337,13402.9114384191,0,0,0.02
24432,255910,14317.9301882337,13402.9114384191,0,0,0
24433,255910,14317.9301882337,13402.9114384191,0,0,0
24434,255910,14317.9301882337,13402.9114384191,0,0,0
24435,255910,14317.9301882337,13402.9114384191,0,0,0
24436,255910,14317.9301882337,13402.9114384191,0,0,0
24437,255910,14317.9301882337,13402.9114384191,0,0,0
24438,255910,14317.9301882337,13402.9114384191,0,0,0
24439,255910,14317.9301882337,13402.9114384191,0,0,0
24440,255910,14317.9301882337,13402.9114384191,0,0,0
24441,255910,14317.9301882337,13402.9114384191,0,0,0
24442,255910,14317.9301882337,13402.9114384191,0,0,0
24443,255910,14317.9301882337,13402.9114384191,0,0,0
24444,255910,14317.9301882337,13402.9114384191,0,0,0
24445,255910,14317.9301882337,13402.9114384191,0,0,0
24446,255910,14317.9301882337,13402.9114384191,0,0,0
24447,255910,14317.9301882337,13402.9114384191,0,0,0
24448,255910,14317.9301882337,13402.9114384191,0,0,0
24449,255910,14317.9301882337,13402.9114384191,0,0,0
24450,255910,14317.9301882337,13402.9114384191,0,0,0
24451,255910,14318.7886025364,13402.5804929782,0.92,0.92,0.92
24452,255910,14321.1958948202,13401.6524068505,2.58,1.66,0.74
24453,255910,14324.127608854,13399.7765563613,3.55,0.97,-0.69
24454,255910,14328.9376205231,13388.4334082793,5.08,1.53,0.56
24455,255910,14329.1881306777,13381.9082152046,6.53,1.45,-0.0800000000000001
24456,255910,14329.5280265383,13373.0547373115,8.86,2.33,0.879999999999999
24457,255910,14329.9419629194,13362.2726801482,10.79,1.93,-0.399999999999999
24458,255910,14330.4379960433,13349.3521983019,12.93,2.14,0.210000000000001
24459,255910,14331.3247000577,13335.2901426584,14.09,1.16,-0.98
24460,255910,14332.0199440916,13319.8586228426,15.45,1.36,0.199999999999999
24461,255910,14331.5832859813,13302.9401590968,16.83,1.38,0.0199999999999996
24462,255910,14330.3678665411,13284.6705434581,18.31,1.48,0.100000000000001
