"V1","V2","V3","V4","V5","acceleration","jerk"
56795,258888,13448.56,13416.32,0,1.83,0
56796,258888,13450.3790899137,13416.5195291601,1.83,1.83,0
56797,258888,13454.5341696074,13416.9752842909,4.18,2.35,0.52
56798,258888,13460.3791142483,13417.6163943791,5.89,1.71,-0.64
56799,258888,13468.2817179719,13418.4832013861,7.95,2.06,0.350000000000001
56800,258888,13477.9040077888,13419.5386343205,9.68,1.73,-0.330000000000001
56801,258888,13489.7330624192,13420.8361190228,11.9,2.22,0.490000000000001
56802,258888,13503.1625185583,13422.3091457731,13.51,1.61,-0.610000000000001
56803,258888,13516.5223920231,13423.7745402605,13.45,-0.0600000000000005,-1.67
56804,258888,13534.5367723317,13432.697710948,13.05,-0.399999999999999,-0.339999999999998
56805,258888,13533.3623295853,13446.3272041241,13.68,0.629999999999999,1.03
56806,258888,13532.1853113066,13459.9865865395,13.71,0.0300000000000011,-0.599999999999998
56807,258888,13531.0125855818,13473.5961535559,13.66,-0.0500000000000007,-0.0800000000000018
56808,258888,13529.8913705038,13486.6079357839,13.06,-0.6,-0.549999999999999
56809,258888,13528.7315224407,13500.0680566033,13.51,0.449999999999999,1.05
56810,258888,13527.577683953,13513.4584358639,13.44,-0.0700000000000003,-0.52
56811,258888,13526.4693465367,13526.3207718948,12.91,-0.529999999999999,-0.459999999999999
56812,258888,13539.5844422577,13536.5152737849,13.34,0.43,0.959999999999999
56813,258888,13552.5719147666,13540.5843839862,13.61,0.27,-0.16
56814,258888,13565.4925891069,13544.6325656265,13.54,-0.0700000000000003,-0.34
56815,258888,13577.2799406871,13550.1174523594,13.01,-0.529999999999999,-0.459999999999999
56816,258888,13589.5004971128,13555.2350432149,13.25,0.24,0.77
56817,258888,13602.3036757901,13560.5433589324,13.86,0.609999999999999,0.369999999999999
56818,258888,13614.6819293454,13565.6754967834,13.39,-0.469999999999999,-1.08
56819,258888,13627.2079829431,13570.8689138923,13.56,0.17,0.639999999999999
56820,258888,13636.0020854689,13574.5150297386,9.52,-4.04,-4.21
56821,258888,13641.5538245635,13576.8168318643,6.01,-3.51,0.530000000000001
56822,258888,13644.5837254338,13578.0730566517,3.28,-2.73,0.78
56823,258888,13650.8705766769,13587.1814161844,4.68,1.4,4.13
56824,258888,13649.2306338782,13593.6466685087,6.67,1.99,0.59
56825,258888,13648.1906101842,13597.7468210322,4.23,-2.44,-4.43
56826,258888,13647.5759389703,13600.1700790249,2.49,-1.74,0.699999999999999
56827,258888,13647.4431699881,13600.6935027513,0.54,-1.95,-0.21
56828,258888,13647.3792441819,13600.9455215825,0.26,-0.28,1.67
56829,258888,13647.3620333879,13601.0133728063,0.07,-0.19,0.09
56830,258888,13647.3620333879,13601.0133728063,0,-0.07,0.12
56831,258888,13647.3571160182,13601.0327588702,0.02,0.02,0.09
56832,258888,13647.342363909,13601.0909170621,0.06,0.04,0.02
56833,258888,13647.3128596908,13601.2072334457,0.12,0.06,0.02
56834,258888,13647.2513925694,13601.449559245,0.24,0.12,0.06
56835,258888,13647.0964954235,13602.0602202591,0.63,0.39,0.27
56836,258888,13646.8334161439,13603.0973746799,1.07,0.44,0.05
56837,258888,13646.6539321494,13603.8049660138,0.73,-0.34,-0.78
56838,258888,13646.4031462942,13604.7936552748,1.02,0.29,0.63
56839,258888,13646.0269675112,13606.2766891663,1.53,0.51,0.22
56840,258888,13645.6507887283,13607.7597230577,1.53,0,-0.51
56841,258888,13645.1934733452,13609.5626270042,1.86,0.33,0.33
56842,258888,13644.6230584587,13611.8114104214,2.32,0.46,0.13
56843,258888,13643.7158037469,13615.3881392185,3.69,1.37,0.91
56844,258888,13642.7692100775,13619.1199565271,3.85,0.16,-1.21
56845,258888,13641.5079047465,13624.092481928,5.13,1.28,1.12
56846,258888,13640.3965791917,13628.4737323786,4.52,-0.61,-1.89
56847,258888,13638.9975875088,13633.9890675698,5.69,1.17,1.78
56848,258888,13637.9477290755,13638.1279922212,4.27,-1.42,-2.59
56849,258888,13636.745432181,13642.8678848548,4.89,0.62,2.04
56850,258888,13635.7373713902,13646.8420279626,4.1,-0.79,-1.41
56851,258888,13634.173647822,13653.0067962959,6.36,2.26,3.05
56852,258888,13632.0542614764,13661.3621898544,8.62,2.26,-1.77635683940025e-15
56853,258888,13639.2408941763,13669.6224281245,9.3,0.680000000000001,-1.58
56854,258888,13646.4995092443,13671.1125983479,7.41,-1.89,-2.57
56855,258888,13653.7875114178,13672.6088016491,7.44,0.0300000000000002,1.92
56856,258888,13659.4984055941,13673.7812297736,5.84,-1.6,-1.63
56857,258888,13665.7774504775,13675.0702974027,6.41,0.57,2.17
56858,258888,13673.9764529227,13676.7535261166,8.36,1.95,1.38
56859,258888,13683.958273104,13678.802761552,10.19,1.83,-0.119999999999999
