"V1","V2","V3","V4","V5","acceleration","jerk"
65257,260027,14399.8601345235,13323.5226022429,13.68,-0.77,0
65258,260027,14387.1265409519,13321.3957043249,12.91,-0.77,0
65259,260027,14374.1365001047,13319.2259719019,13.17,0.26,1.03
65260,260027,14361.4127698898,13317.1007214648,12.9,-0.27,-0.529999999999999
65261,260027,14348.2945054048,13314.9095717894,13.3,0.4,0.67
65262,260027,14335.0874707089,13312.7035947853,13.39,0.0899999999999999,-0.31
65263,260027,14322.0579764347,13310.5272724385,13.21,-0.18,-0.27
65264,260027,14308.9298485929,13308.3344752821,13.31,0.0999999999999996,0.279999999999999
65265,260027,14296.127211524,13306.1960449973,12.98,-0.33,-0.43
65266,260027,14283.3936179524,13304.0691470793,12.91,-0.0700000000000003,0.26
65267,260027,14270.6797510943,13301.9455441231,12.89,-0.0199999999999996,0.0500000000000007
65268,260027,14257.5220331823,13299.7478045238,13.35,0.459999999999999,0.479999999999999
65269,260027,14244.3544519134,13297.5484174436,13.35,0,-0.459999999999999
65270,260027,14228.9202636606,13295.2479024464,12.93,-0.42,-0.42
65271,260027,14214.3949445927,13293.4190487138,14.63,1.7,2.12
65272,260027,14198.1531773015,13291.3740804351,16.38,1.75,0.0499999999999972
65273,260027,14180.2445701174,13289.1192436952,18.05,1.67,-0.0799999999999965
65274,260027,14161.1552846757,13286.7157501287,19.24,1.19,-0.480000000000004
65275,260027,14140.1915501016,13284.6768798625,21.07,1.83,0.640000000000004
65276,260027,14118.9719613613,13290.0591524926,22.2,1.13,-0.700000000000003
65277,260027,14102.1657556604,13303.5712040826,21.89,-0.309999999999999,-1.44
65278,260027,14093.8673125054,13323.1401370558,21.74,-0.150000000000002,0.159999999999997
65279,260027,14095.7065315254,13344.4180250156,21.74,0,0.150000000000002
65280,260027,14105.531587255,13358.7604937272,17.62,-4.12,-4.12
65281,260027,14114.65,13365.22,14.36,-3.26,0.859999999999996
65282,260027,14143.8802028629,13377.1480708812,13.39,-0.969999999999999,2.29
65283,260027,14156.762607908,13381.151037313,13.5,0.109999999999999,1.08
65284,260027,14169.8551040657,13385.2192856287,13.71,0.210000000000001,0.100000000000001
65285,260027,14182.7120885886,13388.7176465942,13.33,-0.380000000000001,-0.590000000000002
65286,260027,14196.0509979279,13392.0132645389,13.74,0.41,0.790000000000001
65287,260027,14208.9724595951,13395.2057445129,13.31,-0.43,-0.84
65288,260027,14231.4469221383,13400.8396135812,13.68,0.369999999999999,0.799999999999999
65289,260027,14244.8629180685,13404.2391213695,13.84,0.16,-0.209999999999999
65290,260027,14258.2086837566,13406.8284050901,13.62,-0.220000000000001,-0.380000000000001
65291,260027,14271.4136577648,13408.4971655417,13.31,-0.309999999999999,-0.0899999999999981
65292,260027,14284.1821037065,13410.1107603585,12.87,-0.440000000000001,-0.130000000000003
65293,260027,14301.7642512379,13407.4218838229,12.87,0,0.440000000000001
65294,260027,14311.6430295075,13405.2720373396,10.1,-2.77,-2.77
65295,260027,14318.7232884047,13402.6056736095,7.58,-2.52,0.25
65296,260027,14322.772764572,13401.0444744645,4.34,-3.24,-0.720000000000001
65297,260027,14323.9871271436,13399.9189111611,1.66,-2.68,0.56
65298,260027,14324.2259460513,13399.6769080014,0.34,-1.32,1.36
65299,260027,14324.4085722748,13399.4918467615,0.26,-0.08,1.24
65300,260027,14324.4296445314,13399.4704935415,0.03,-0.23,-0.15
65301,260027,14324.44,13399.46,0.02,-0.01,0.22
65302,260027,14324.44,13399.46,0,-0.02,-0.01
65303,260027,14324.44,13399.46,0,0,0.02
65304,260027,14324.44,13399.46,0,0,0
65305,260027,14324.44,13399.46,0,0,0
65306,260027,14324.44,13399.46,0,0,0
65307,260027,14324.44,13399.46,0,0,0
65308,260027,14328.8482348171,13390.7616930977,2.3,2.3,2.3
65309,260027,14329.0319934144,13385.9752191578,4.79,2.49,0.19
65310,260027,14329.2909434211,13379.2301880315,6.75,1.96,-0.53
65311,260027,14329.6154940961,13370.7764156866,8.46,1.71,-0.249999999999999
65312,260027,14330.0113998841,13360.4640125425,10.32,1.86,0.149999999999999
65313,260027,14330.4946889258,13348.4339617959,12.04,1.72,-0.140000000000001
65314,260027,14331.3574719474,13334.771176375,13.69,1.65,-0.0699999999999985
65315,260027,14331.8875886628,13325.2069853995,9.58,-4.11,-5.76
65316,260027,14332.0528474039,13318.5290299078,6.68,-2.9,1.21
65317,260027,14332.1271557397,13315.1198410154,3.41,-3.27,-0.369999999999999
65318,260027,14332.1661036732,13313.3102601086,1.8,-1.61,1.66
65319,260027,14332.1859004128,13312.3904731283,0.92,-0.88,0.73
65320,260027,14332.018075568,13309.4757124793,2.81,1.89,2.77
65321,260027,14331.718701364,13304.9756596923,4.52,1.71,-0.180000000000001
65322,260027,14331.2898859853,13298.5299078066,6.45,1.93,0.220000000000001
65323,260027,14330.7415864454,13290.2881259839,8.26,1.81,-0.120000000000001
65324,260027,14330.0591991246,13280.0307994538,10.29,2.03,0.22
