"V1","V2","V3","V4","V5","acceleration","jerk"
66393,263830,13829.4828901514,14261.9841998919,13.36,0.0700000000000003,0
66394,263830,13827.9901328319,14248.6374184227,13.43,0.0700000000000003,0
66395,263830,13826.5140481556,14235.4397074837,13.27,-0.16,-0.23
66396,263830,13824.2986111284,14222.6060182695,13.03,-0.24,-0.0800000000000001
66397,263830,13807.581879922,14209.1444186955,13.89,0.860000000000001,1.1
66398,263830,13795.1113441349,14212.5226041825,12.92,-0.970000000000001,-1.83
66399,263830,13782.1009621226,14216.6741115399,13.66,0.74,1.71
66400,263830,13769.1336545869,14220.9688216902,13.66,0,-0.74
66401,263830,13756.2233044782,14225.2446678134,13.6,-0.0600000000000005,-0.0600000000000005
66402,263830,13737.1224562953,14231.4167269387,13.72,0.120000000000001,0.180000000000001
66403,263830,13721.6839249557,14241.5784441627,11.68,-2.04,-2.16
66404,263830,13714.8982507955,14246.8943661138,8.61,-3.07,-1.03
66405,263830,13710.521412242,14250.3231974419,5.57,-3.04,0.0300000000000011
66406,263830,13705.484890116,14257.3368528891,3.64,-1.93,1.11
66407,263830,13706.9484289363,14263.0318027678,5.88,2.24,4.17
66408,263830,13708.8326107169,14270.3635664723,7.57,1.69,-0.549999999999999
