"V1","V2","V3","V4","V5","acceleration","jerk"
40623,264679,14348.7702106661,14273.3869667113,19.19,-0.600000000000001,0
40624,264679,14350.0815484386,14254.8432752437,18.59,-0.600000000000001,0
40625,264679,14351.4161643965,14235.970405821,18.92,0.330000000000002,0.930000000000003
40626,264679,14353.187301286,14216.8754588123,19.19,0.27,-0.0600000000000023
40627,264679,14355.1988515305,14198.1833838709,18.79,-0.400000000000002,-0.670000000000002
40628,264679,14357.1911422514,14179.6702756045,18.62,-0.169999999999998,0.230000000000004
40629,264679,14359.1633367645,14161.2656684456,18.51,-0.109999999999999,0.0599999999999987
40630,264679,14361.0857625117,14142.1822547246,19.17,0.66,0.77
40631,264679,14362.9650890373,14123.5266756178,18.75,-0.420000000000002,-1.08
40632,264679,14364.8985401668,14104.3338158327,19.29,0.539999999999999,0.960000000000001
40633,264679,14366.820965914,14085.2504021117,19.18,-0.109999999999999,-0.649999999999999
40634,264679,14368.7373778163,14066.2266862439,19.13,-0.0500000000000007,0.0599999999999987
40635,264679,14370.2209764118,14047.0677893188,19.22,0.0899999999999999,0.140000000000001
40636,264679,14371.38631823,14027.8030033494,19.3,0.0800000000000018,-0.00999999999999801
40637,264679,14372.5172432173,14009.1071773801,18.72,-0.580000000000002,-0.660000000000004
40638,264679,14372.4205763397,13986.4742680443,19.39,0.670000000000002,1.25
40639,264679,14371.9335562798,13965.3998947093,21.08,1.69,1.02
40640,264679,14371.4241259041,13943.3557802864,22.05,0.970000000000002,-0.719999999999995
40641,264679,14370.9096127762,13921.0917245858,22.27,0.219999999999999,-0.750000000000004
40642,264679,14370.4858960827,13902.7566198911,18.34,-3.93,-4.15
40643,264679,14370.1670689088,13888.9603033815,13.79,-4.55,-0.620000000000001
40644,264679,14365.5066721592,13866.0431835524,13.65,-0.139999999999999,4.41
40645,264679,14357.6078672351,13857.3981344622,12.96,-0.69,-0.550000000000001
40646,264679,14346.6936040522,13849.9564338672,13.48,0.52,1.21
40647,264679,14337.78,13849.38,9.06,-4.42,-4.94
40648,264679,14334.0711291662,13849.4697829141,5.55,-3.51,0.909999999999999
40649,264679,14330.9721096747,13849.5477456686,3.09,-2.46,1.05
40650,264679,14308.3067082238,13846.7751626745,4.62,1.53,3.99
40651,264679,14302.4312844933,13848.0475208818,6.11,1.49,-0.04
40652,264679,14294.5315869747,13847.9783897407,7.91,1.8,0.31
40653,264679,14284.741961822,13847.8927196303,9.79,1.88,0.0799999999999992
40654,264679,14273.4023960168,13847.793485815,11.34,1.55,-0.329999999999998
40655,264679,14260.3928941539,13847.6796382016,13.01,1.67,0.119999999999999
40656,264679,14246.6134217733,13847.5590524896,13.78,0.77,-0.9
40657,264679,14232.950347059,13847.8721588374,13.68,-0.0999999999999996,-0.869999999999999
40658,264679,14220.7262564805,13850.8887742738,12.66,-1.02,-0.92
40659,264679,14213.0045155526,13855.6440958972,9.1,-3.56,-2.54
40660,264679,14208.4251952772,13858.9196094456,5.7,-3.4,0.160000000000001
40661,264679,14204.355932082,13878.085767968,7.45,1.75,5.15
40662,264679,14207.4119532478,13887.3250458902,9.74,2.29,0.54
40663,264679,14211.4984064888,13897.8817167627,11.32,1.58,-0.71
40664,264679,14231.3968947512,13921.6998755885,13.06,1.74,0.16
40665,264679,14242.1738479613,13928.7856925143,12.9,-0.16,-1.9
40666,264679,14253.18606861,13936.6283736498,13.52,0.619999999999999,0.779999999999999
40667,264679,14264.2331024315,13944.1418606198,13.35,-0.17,-0.789999999999999
40668,264679,14275.5447835795,13950.9258100304,13.19,-0.16,0.00999999999999979
40669,264679,14287.2349290199,13956.9657237828,13.18,-0.00999999999999979,0.15
40670,264679,14299.6083599273,13962.2294475267,13.47,0.290000000000001,0.300000000000001
40671,264679,14312.1456579073,13966.4854737673,13.24,-0.23,-0.520000000000001
40672,264679,14326.8958536365,13967.0769137202,13.4,0.16,0.390000000000001
40673,264679,14339.6149820473,13969.8597490496,13.01,-0.390000000000001,-0.550000000000001
40674,264679,14352.7441562311,13972.0238935144,13.31,0.300000000000001,0.690000000000001
40675,264679,14365.9437423415,13973.6314096804,13.31,0,-0.300000000000001
40676,264679,14378.8505335281,13974.4057747538,12.93,-0.380000000000001,-0.380000000000001
40677,264679,14391.7473426642,13975.179540937,12.92,-0.00999999999999979,0.370000000000001
