"V1","V2","V3","V4","V5","acceleration","jerk"
37343,265171,13446.2909564704,13276.7977140349,11.31,2.04,0
37344,265171,13446.9750301896,13290.1401891856,13.35,2.04,0
37345,265171,13447.6386226596,13303.0831890324,12.96,-0.389999999999999,-2.43
37346,265171,13448.345737784,13316.8750739,13.81,0.85,1.24
37347,265171,13449.0149625975,13329.9279294553,13.08,-0.73,-1.58
37348,265171,13449.659097881,13342.4914277634,12.58,-0.5,0.23
37349,265171,13449.8392057462,13352.7856296003,10.3,-2.28,-1.78
37350,265171,13449.7981781984,13358.8054897931,6.03,-4.27,-1.99
37351,265171,13449.7726893232,13362.5454029361,3.74,-2.29,1.98
37352,265171,13455.4558404268,13370.8249258426,5.89,2.15,4.44
37353,265171,13463.2263826499,13372.3562891434,7.92,2.03,-0.119999999999999
37354,265171,13472.2429587901,13374.1332119633,9.19,1.27,-0.760000000000001
37355,265171,13483.4180188812,13376.335513478,11.39,2.2,0.930000000000001
37356,265171,13496.4376016211,13378.9013204226,13.27,1.88,-0.320000000000002
37357,265171,13511.2624618473,13381.8228986391,15.12,1.85,-0.0299999999999994
37358,265171,13526.3522269219,13384.7966824227,15.38,0.260000000000002,-1.59
37359,265171,13537.3016273272,13386.9545125283,11.16,-4.22,-4.48
37360,265171,13546.955937362,13388.8571154172,9.84,-1.32,2.9
37361,265171,13555.0208183057,13390.4464849036,8.22,-1.62,-0.299999999999999
37362,265171,13559.847973323,13391.397786348,4.92,-3.3,-1.68
37363,265171,13569.4595306211,13393.338806667,6.92,2,5.3
37364,265171,13578.1370773381,13395.0773931546,8.84,1.92,-0.0800000000000001
37365,265171,13588.3472758236,13398.3752177446,10.73,1.89,-0.0299999999999994
37366,265171,13607.9518499857,13404.9988468948,12.25,1.52,-0.370000000000001
37367,265171,13620.6648225752,13410.6947538798,13.97,1.72,0.200000000000001
37368,265171,13633.8394443018,13418.3753685922,15.25,1.28,-0.440000000000001
37369,265171,13645.5454196721,13425.1997836317,13.56,-1.69,-2.97
37370,265171,13654.8670044872,13430.63413332,10.78,-2.78,-1.09
37371,265171,13662.32254452,13434.9806057769,8.63,-2.15,0.630000000000003
37372,265171,13666.2533332975,13437.2721990189,4.55,-4.08,-1.93
37373,265171,13669.0524004709,13438.904014866,3.25,-1.3,2.78
37374,265171,13669.9508664772,13439.427807607,1.03,-2.22,-0.92
37375,265171,13670.4087385765,13439.6947404462,0.53,-0.5,1.72
37376,265171,13670.4519340576,13439.7199227895,0.04,-0.49,0.00999999999999995
37377,265171,13670.4605731538,13439.7249592582,0.01,-0.03,0.46
37378,265171,13670.4605731538,13439.7249592582,0,-0.01,0.02
37379,265171,13670.4605731538,13439.7249592582,0,0,0.01
37380,265171,13670.4605731538,13439.7249592582,0,0,0
37381,265171,13670.4605731538,13439.7249592582,0,0,0
37382,265171,13670.4605731538,13439.7249592582,0,0,0
37383,265171,13670.4605731538,13439.7249592582,0,0,0
37384,265171,13670.4605731538,13439.7249592582,0,0,0
37385,265171,13670.4605731538,13439.7249592582,0,0,0
37386,265171,13670.4605731538,13439.7249592582,0,0,0
37387,265171,13670.4605731538,13439.7249592582,0,0,0
37388,265171,13670.4605731538,13439.7249592582,0,0,0
37389,265171,13670.4605731538,13439.7249592582,0,0,0
37390,265171,13670.4605731538,13439.7249592582,0,0,0
37391,265171,13670.4605731538,13439.7249592582,0,0,0
37392,265171,13670.4605731538,13439.7249592582,0,0,0
37393,265171,13670.4605731538,13439.7249592582,0,0,0
37394,265171,13670.4605731538,13439.7249592582,0,0,0
37395,265171,13670.4605731538,13439.7249592582,0,0,0
37396,265171,13670.4605731538,13439.7249592582,0,0,0
37397,265171,13670.4605731538,13439.7249592582,0,0,0
37398,265171,13670.4605731538,13439.7249592582,0,0,0
37399,265171,13670.4605731538,13439.7249592582,0,0,0
37400,265171,13670.4605731538,13439.7249592582,0,0,0
37401,265171,13670.4605731538,13439.7249592582,0,0,0
37402,265171,13670.4605731538,13439.7249592582,0,0,0
37403,265171,13670.4605731538,13439.7249592582,0,0,0
37404,265171,13670.4605731538,13439.7249592582,0,0,0
37405,265171,13670.4605731538,13439.7249592582,0,0,0
37406,265171,13670.4605731538,13439.7249592582,0,0,0
37407,265171,13670.4605731538,13439.7249592582,0,0,0
37408,265171,13670.4605731538,13439.7249592582,0,0,0
37409,265171,13670.5037686349,13439.7501416015,0.05,0.05,0.05
37410,265171,13670.7456633289,13439.8911627241,0.28,0.23,0.18
37411,265171,13671.0048362153,13440.042256784,0.3,0.02,-0.21
37412,265171,13671.6182120465,13440.3998460591,0.71,0.41,0.39
37413,265171,13672.7240163619,13441.0445140481,1.28,0.57,0.16
37414,265171,13674.1667454297,13441.885604315,1.67,0.39,-0.18
37415,265171,13676.7066397167,13443.3663261021,2.94,1.27,0.88
37416,265171,13680.5423984358,13445.6025181889,4.44,1.5,0.23
37417,265171,13686.1146154939,13448.8510404771,6.45,2.01,0.509999999999999
37418,265171,13693.3722436788,13453.6569139998,8.73,2.28,0.27
37419,265171,13701.8770286178,13460.6332047867,11,2.27,-0.0100000000000007
37420,265171,13710.2735708393,13467.520706418,10.86,-0.140000000000001,-2.41
37421,265171,13724.2719093466,13478.7810845162,11.7,0.84,0.98
37422,265171,13756.7393905843,13515.3755743245,12.87,1.17,0.33
37423,265171,13772.4621665929,13523.0533139209,14.62,1.75,0.58
37424,265171,13784.1677378319,13533.9904068605,16.02,1.4,-0.35
37425,265171,13797.4918429549,13545.7507445872,17.79,1.77,0.369999999999999
37426,265171,13812.932402418,13557.5124291378,19.4,1.61,-0.16
37427,265171,13829.2559614177,13569.9467293427,20.53,1.13,-0.479999999999997
37428,265171,13847.1807104607,13582.8465325688,22.09,1.56,0.429999999999996
37429,265171,13867.856271599,13593.5878940089,23.39,1.3,-0.259999999999998
37430,265171,13913.8992376582,13620.053185889,24.79,1.4,0.0999999999999979
37431,265171,13937.2224163686,13632.4711259161,26.44,1.65,0.250000000000004
37432,265171,13959.7423441577,13646.8470282835,26.73,0.289999999999999,-1.36
37433,265171,13982.9060134766,13661.9993145159,27.69,0.960000000000001,0.670000000000002
37434,265171,14007.1904767209,13673.1787888122,26.8,-0.890000000000001,-1.85
37435,265171,14033.5370797197,13679.0038268026,27.03,0.23,1.12
37436,265171,14060.2452943159,13682.9625226843,27.01,-0.0199999999999996,-0.25
37437,265171,14087.4085377533,13686.9886630143,27.45,0.439999999999998,0.459999999999997
37438,265171,14121.8768428388,13697.5956249097,27.4,-0.0500000000000007,-0.489999999999998
37439,265171,14136.3584019692,13726.5258792256,27.27,-0.129999999999999,-0.0799999999999983
37440,265171,14142.7557955531,13753.3536587709,27.58,0.309999999999999,0.439999999999998
37441,265171,14151.913886787,13788.0153695493,27.15,-0.43,-0.739999999999998
37442,265171,14168.3488689924,13819.5583235872,23.56,-3.59,-3.16
37443,265171,14185.5955104471,13830.1130267347,20.22,-3.34,0.25
37444,265171,14193.6447137734,13853.5744640974,16.89,-3.33,0.0100000000000016
37445,265171,14209.4632050848,13883.5143870142,14.73,-2.16,1.17
37446,265171,14214.2925102952,13895.9817328097,13.37,-1.36,0.799999999999999
37447,265171,14232.8070028567,13918.6786424495,13.64,0.270000000000001,1.63
37448,265171,14243.7572072892,13925.8655477781,13.1,-0.540000000000001,-0.810000000000002
37449,265171,14254.3552083481,13933.42836358,13.02,-0.0800000000000001,0.460000000000001
37450,265171,14265.2241304877,13940.8303249095,13.15,0.130000000000001,0.210000000000001
37451,265171,14276.6277945106,13947.7297115457,13.33,0.18,0.0499999999999989
37452,265171,14288.3284304121,13953.8338217339,13.21,-0.119999999999999,-0.299999999999999
37453,265171,14300.3677097055,13959.0191413052,13.13,-0.0800000000000001,0.0399999999999991
37454,265171,14313.3051805146,13963.4029124058,13.67,0.539999999999999,0.619999999999999
37455,265171,14326.4855591716,13966.9871448386,13.68,0.00999999999999979,-0.529999999999999
37456,265171,14339.517292889,13969.8383755064,13.34,-0.34,-0.35
37457,265171,14353.1296120992,13972.0832548975,13.81,0.470000000000001,0.81
37458,265171,14366.702378173,13973.6769253382,13.67,-0.140000000000001,-0.610000000000001
37459,265171,14379.8287744687,13974.4644659968,13.15,-0.52,-0.379999999999999
37460,265171,14393.5341296885,13975.286742289,13.73,0.58,1.1
