"V1","V2","V3","V4","V5","acceleration","jerk"
38418,268622,14393.5654623813,13995.3123216438,13.66,-0.68,0
38419,268622,14380.6209016635,13994.3540057937,12.98,-0.68,0
38420,268622,14367.3228877882,13993.4311152408,13.33,0.35,1.03
38421,268622,14354.4653363441,13992.3991738746,12.9,-0.43,-0.779999999999999
38422,268622,14330.7745020114,13989.6825075821,13.24,0.34,0.77
38423,268622,14318.0152719871,13988.1578603488,12.85,-0.390000000000001,-0.73
38424,268622,14304.6667331605,13986.1524283366,13.5,0.65,1.04
38425,268622,14291.1595422375,13983.3321637441,13.8,0.300000000000001,-0.35
38426,268622,14278.6310939308,13980.3064834104,12.94,-0.860000000000001,-1.16
38427,268622,14266.5204803547,13975.4463868138,13.04,0.0999999999999996,0.960000000000001
38428,268622,14254.2307956684,13971.332355906,12.96,-0.0799999999999983,-0.179999999999998
38429,268622,14241.7799036983,13967.1643600866,13.14,0.18,0.259999999999998
38430,268622,14224.0343588512,13961.2934512541,13.37,0.229999999999999,0.0499999999999989
38431,268622,14211.4846976285,13957.2012631845,13.2,-0.17,-0.399999999999999
38432,268622,14196.3017732116,13951.8383471606,13.54,0.34,0.51
38433,268622,14183.2577194052,13948.9407296066,13.41,-0.129999999999999,-0.469999999999999
38434,268622,14169.680940995,13947.4351794669,13.66,0.25,0.379999999999999
38435,268622,14156.4429882671,13945.9590332773,13.31,-0.35,-0.6
38436,268622,14142.9068834507,13944.4496405518,13.63,0.32,0.67
38437,268622,14129.5300504191,13942.1016267593,13.6,-0.0300000000000011,-0.350000000000001
38438,268622,14116.7838213128,13939.1299482215,13.09,-0.51,-0.479999999999999
38439,268622,14104.2853102427,13935.6773724156,12.98,-0.109999999999999,0.4
38440,268622,14092.5549886232,13929.6126949318,13.26,0.279999999999999,0.389999999999999
38441,268622,14081.4141624169,13921.5755703834,13.74,0.48,0.200000000000001
38442,268622,14070.0569402412,13914.607809201,13.38,-0.359999999999999,-0.84
38443,268622,14058.1922607703,13908.7325128362,13.24,-0.140000000000001,0.219999999999999
38444,268622,14049.3720645085,13904.3585126412,9.85,-3.39,-3.25
38445,268622,14044.8716611002,13898.7937012687,6.18,-3.67,-0.279999999999999
38446,268622,14042.1065237307,13897.5670903422,3.03,-3.15,0.52
38447,268622,14041.32,13896.23,1.64,-1.39,1.76
38448,268622,14041.32,13896.23,0.87,-0.77,0.62
38449,268622,14041.32,13896.23,0.12,-0.75,0.0199999999999999
38450,268622,14041.32,13896.23,0.08,-0.04,0.71
38451,268622,14041.32,13896.23,0,-0.08,-0.04
38452,268622,14041.32,13896.23,0,0,0.08
38453,268622,14041.32,13896.23,0,0,0
38454,268622,14041.32,13896.23,0,0,0
38455,268622,14041.32,13896.23,0,0,0
38456,268622,14041.32,13896.23,0,0,0
38457,268622,14041.32,13896.23,0,0,0
38458,268622,14041.32,13896.23,0,0,0
38459,268622,14041.32,13896.23,0,0,0
38460,268622,14041.32,13896.23,0,0,0
38461,268622,14041.32,13896.23,0,0,0
38462,268622,14041.32,13896.23,0,0,0
38463,268622,14041.32,13896.23,0,0,0
38464,268622,14041.32,13896.23,0,0,0
38465,268622,14041.32,13896.23,0,0,0
38466,268622,14041.32,13896.23,0,0,0
38467,268622,14041.32,13896.23,0,0,0
38468,268622,14041.32,13896.23,0,0,0
38469,268622,14041.32,13896.23,0,0,0
38470,268622,14041.32,13896.23,0,0,0
38471,268622,14041.32,13896.23,0,0,0
38472,268622,14041.32,13896.23,0,0,0
38473,268622,14041.32,13896.23,0,0,0
38474,268622,14041.32,13896.23,0,0,0
38475,268622,14041.32,13896.23,0,0,0
38476,268622,14041.32,13896.23,0,0,0
38477,268622,14041.32,13896.23,0,0,0
38478,268622,14041.32,13896.23,0,0,0
38479,268622,14041.32,13896.23,0,0,0
38480,268622,14025.2801765418,13886.6782477932,2.27,2.27,2.27
38481,268622,14021.2704897864,13886.7283688777,4.01,1.74,-0.53
38482,268622,14015.9409061438,13886.7949886732,5.33,1.32,-0.419999999999999
38483,268622,14008.9683968748,13885.4423937709,7.16,1.83,0.51
38484,268622,14000.7385064472,13883.1619325127,8.54,1.38,-0.450000000000001
38485,268622,13990.5426937161,13880.3367240688,10.58,2.04,0.660000000000002
38486,268622,13978.942112702,13878.3149166931,11.79,1.21,-0.830000000000002
38487,268622,13965.6313327724,13878.1534140239,13.42,1.63,0.420000000000002
38488,268622,13942.971135122,13879.1607449211,13.34,-0.0800000000000001,-1.71
38489,268622,13930.0245221797,13878.8645805727,12.96,-0.379999999999999,-0.299999999999999
38490,268622,13916.6846450477,13877.1640175102,13.48,0.52,0.899999999999999
38491,268622,13903.9076339157,13874.9349175725,12.97,-0.51,-1.03
38492,268622,13885.3070793823,13873.8361692914,12.88,-0.0899999999999999,0.42
38493,268622,13871.9916239794,13871.9087800759,13.47,0.59,0.68
38494,268622,13858.306681262,13870.473529986,13.76,0.289999999999999,-0.300000000000001
38495,268622,13845.4269395062,13869.1264073586,12.95,-0.81,-1.1
38496,268622,13832.6323095093,13868.0227332281,12.86,-0.0899999999999999,0.720000000000001
38497,268622,13818.8044798652,13867.7777284678,13.83,0.970000000000001,1.06
38498,268622,13805.7278796033,13868.0588911874,13.09,-0.74,-1.71
38499,268622,13792.6529979678,13868.8697365601,13.1,0.00999999999999979,0.75
38500,268622,13781.5285276677,13870.1808397151,11.21,-1.89,-1.9
38501,268622,13772.0883830283,13871.557527475,9.53,-1.68,0.209999999999997
38502,268622,13762.5317781248,13873.2143058778,9.7,0.17,1.85
38503,268622,13742.791173103,13873.905957798,9.95,0.25,0.0800000000000001
38504,268622,13732.6274623178,13879.6309547624,11.19,1.24,0.99
38505,268622,13724.1154840048,13885.3043245512,9.59,-1.6,-2.84
38506,268622,13718.863883269,13890.9024977271,6.45,-3.14,-1.54
38507,268622,13707.4843120334,13890.7879726721,7.79,1.34,4.48
38508,268622,13700.0044893382,13895.9883911599,9.1,1.31,-0.0300000000000002
38509,268622,13693.1300212251,13902.7397886907,9.65,0.550000000000001,-0.759999999999999
38510,268622,13688.8890946094,13907.9138240056,6.69,-2.96,-3.51
38511,268622,13687.2155450929,13909.9555957891,2.63,-4.06,-1.1
38512,268622,13678.8315933846,13923.6605595079,4.94,2.31,6.37
38513,268622,13676.4038381923,13929.6362188628,6.45,1.51,-0.800000000000001
38514,268622,13673.396432923,13937.0386247924,7.99,1.54,0.0300000000000002
38515,268622,13669.7830298461,13945.9326294137,9.6,1.61,0.0699999999999994
38516,268622,13665.3942506922,13956.7351391933,11.66,2.06,0.450000000000001
38517,268622,13660.5989636921,13968.5382244928,12.74,1.08,-0.98
38518,268622,13657.060839846,13977.2469373512,9.4,-3.34,-4.42
38519,268622,13655.1713311536,13981.897760601,5.02,-4.38,-1.04
38520,268622,13653.8840563075,13985.0662497474,3.42,-1.6,2.78
38521,268622,13653.5557741112,13994.1581840625,5.52,2.1,3.7
38522,268622,13654.7197620154,14001.3647874343,7.3,1.78,-0.319999999999999
38523,268622,13656.2026507152,14010.5458026888,9.3,2,0.220000000000001
38524,268622,13658.0140072345,14021.7604621825,11.36,2.06,0.0599999999999978
38525,268622,13663.5842133461,14038.1171843655,13.19,1.83,-0.229999999999999
38526,268622,13664.3633835967,14052.526132756,14.43,1.24,-0.59
38527,268622,13665.2521668486,14068.9621196242,16.46,2.03,0.790000000000001
38528,268622,13666.2187051359,14086.836005708,17.89,1.43,-0.600000000000001
38529,268622,13666.9438788341,14100.2464129766,13.43,-4.46,-5.89
38530,268622,13667.4471267022,14109.5528162336,9.32,-4.11,0.350000000000001
38531,268622,13667.6882735679,14115.7576625276,6.21,-3.11,0.999999999999999
38532,268622,13667.8110089354,14120.0058899261,4.25,-1.96,1.15
38533,268622,13667.8615470279,14121.7551600314,1.75,-2.5,-0.54
38534,268622,13667.8742537483,14122.194976515,0.44,-1.31,1.19
38535,268622,13667.8832062104,14122.5048472193,0.3,-0.14,1.17
38536,268622,13667.8858053123,14122.5948096819,0.09,-0.21,-0.07
38537,268622,13667.8869604687,14122.6347929986,0.04,-0.05,0.16
38538,268622,13667.8872492578,14122.6447888278,0.01,-0.03,0.02
38539,268622,13667.8872492578,14122.6447888278,0,-0.01,0.02
38540,268622,13667.8872492578,14122.6447888278,0,0,0.01
38541,268622,13667.8872492578,14122.6447888278,0,0,0
38542,268622,13667.8872492578,14122.6447888278,0,0,0
38543,268622,13667.8872492578,14122.6447888278,0,0,0
38544,268622,13667.8872492578,14122.6447888278,0,0,0
38545,268622,13667.8872492578,14122.6447888278,0,0,0
38546,268622,13667.8872492578,14122.6447888278,0,0,0
38547,268622,13667.8872492578,14122.6447888278,0,0,0
38548,268622,13667.8872492578,14122.6447888278,0,0,0
38549,268622,13667.8872492578,14122.6447888278,0,0,0
38550,268622,13667.8872492578,14122.6447888278,0,0,0
38551,268622,13667.8872492578,14122.6447888278,0,0,0
38552,268622,13667.8872492578,14122.6447888278,0,0,0
38553,268622,13667.8872492578,14122.6447888278,0,0,0
38554,268622,13667.8872492578,14122.6447888278,0,0,0
38555,268622,13667.8872492578,14122.6447888278,0,0,0
38556,268622,13667.8872492578,14122.6447888278,0,0,0
38557,268622,13667.8872492578,14122.6447888278,0,0,0
38558,268622,13667.8872492578,14122.6447888278,0,0,0
38559,268622,13667.8872492578,14122.6447888278,0,0,0
38560,268622,13667.8872492578,14122.6447888278,0,0,0
38561,268622,13667.8872492578,14122.6447888278,0,0,0
38562,268622,13667.8872492578,14122.6447888278,0,0,0
38563,268622,13667.8872492578,14122.6447888278,0,0,0
38564,268622,13667.8872492578,14122.6447888278,0,0,0
38565,268622,13667.8872492578,14122.6447888278,0,0,0
38566,268622,13667.8872492578,14122.6447888278,0,0,0
38567,268622,13667.8872492578,14122.6447888278,0,0,0
38568,268622,13667.8872492578,14122.6447888278,0,0,0
38569,268622,13667.8872492578,14122.6447888278,0,0,0
38570,268622,13669.5468140566,14135.1648662844,2.5,2.5,2.5
38571,268622,13671.313545209,14139.0412384331,4.26,1.76,-0.74
38572,268622,13673.737014361,14144.7306659132,6.2,1.94,0.180000000000001
38573,268622,13676.2497254458,14152.4401973863,8.1,1.9,-0.0400000000000009
38574,268622,13678.8796533438,14161.4127098132,9.35,1.25,-0.649999999999999
38575,268622,13682.0440050927,14172.2085135354,11.25,1.9,0.65
38576,268622,13685.7680955065,14184.9139749828,13.24,1.99,0.0899999999999999
38577,268622,13689.9816056576,14199.2891874058,14.98,1.74,-0.25
38578,268622,13695.4835036916,14238.8236400501,16.83,1.85,0.109999999999998
38579,268622,13706.4282255121,14261.0075773858,18.34,1.51,-0.339999999999996
