"V1","V2","V3","V4","V5","acceleration","jerk"
63594,272123,13645.5,13909.19,0,1.53,0
63595,272123,13643.9936106,13909.457751705,1.53,1.53,0
63596,272123,13641.0300602117,13909.9845050592,3.01,1.48,-0.0500000000000003
63597,272123,13636.3435154117,13910.8175103636,4.76,1.75,0.27
63598,272123,13629.5696859528,13912.0215180304,6.88,2.12,0.37
63599,272123,13622.0869673645,13913.3515264996,7.6,0.72,-1.4
63600,272123,13616.5479712066,13922.7284281094,8.17,0.57,-0.149999999999999
63601,272123,13616.7518408832,13931.0259239457,8.3,0.130000000000001,-0.44
63602,272123,13616.9466223935,13938.9535314135,7.93,-0.370000000000001,-0.500000000000002
63603,272123,13617.1310876068,13946.461265598,7.51,-0.42,-0.0499999999999989
63604,272123,13617.415303017,13953.9953054529,7.54,0.0300000000000002,0.45
63605,272123,13617.8133647651,13961.9753835757,7.99,0.45,0.42
63606,272123,13618.1770507178,13969.2663185313,7.31,-0.680000000000001,-1.13
63607,272123,13618.5447222699,13976.6371541441,7.37,0.0600000000000005,0.740000000000001
63608,272123,13618.3521503949,13983.9749324351,7.89,0.52,0.459999999999999
63609,272123,13610.0451259276,13984.1972936282,8.32,0.430000000000001,-0.089999999999999
63610,272123,13602.1579510724,13984.4084163494,7.88,-0.44,-0.870000000000001
63611,272123,13594.2607797979,13984.6198066532,7.9,0.0200000000000005,0.460000000000001
63612,272123,13586.6335118454,13984.8239722252,7.63,-0.27,-0.290000000000001
63613,272123,13579.2561543762,13985.0214482306,7.38,-0.25,0.0200000000000005
63614,272123,13571.5389186497,13985.2280220465,7.72,0.34,0.59
63615,272123,13564.2415325353,13985.4233573906,7.31,-0.41,-0.75
63616,272123,13556.024475842,13985.6433103397,8.21,0.900000000000001,1.31
63617,272123,13548.1472974062,13985.8541654782,7.89,-0.320000000000001,-1.22
63618,272123,13540.619993647,13986.0556552235,7.52,-0.37,-0.0499999999999989
63619,272123,13533.2126469199,13986.2539339769,7.42,-0.0999999999999996,0.27
63620,272123,13525.8252930314,13986.4516775649,7.39,-0.0300000000000002,0.0699999999999994
63621,272123,13517.9081289182,13986.6636030341,7.92,0.53,0.56
63622,272123,13510.1509075143,13986.8712471807,7.75,-0.17,-0.7
63623,272123,13502.3437040138,13987.0802292406,7.81,0.0599999999999996,0.23
63624,272123,13494.2965864493,13987.2956332844,8.05,0.240000000000001,0.180000000000001
63625,272123,13486.8992361415,13987.4936444551,7.4,-0.65,-0.890000000000001
63626,272123,13479.3419431243,13987.6959369484,7.56,0.159999999999999,0.81
63627,272123,13473.8840743783,13984.9848802671,8.24,0.680000000000001,0.520000000000001
63628,272123,13473.6926738993,13977.7874247545,7.2,-1.04,-1.72
63629,272123,13473.4988809143,13970.5000010479,7.29,0.0899999999999999,1.13
63630,272123,13473.2822846639,13962.4329082846,8.07,0.78,0.69
63631,272123,13473.0818068674,13955.1656988109,7.27,-0.800000000000001,-1.58
63632,272123,13472.7908775872,13947.4211613713,7.75,0.48,1.28
63633,272123,13472.481178676,13939.1769763549,8.25,0.5,0.0199999999999996
63634,272123,13472.275838913,13933.7108318653,5.46,-2.79,-3.29
63635,272123,13472.1947541072,13931.5523543337,2.16,-3.3,-0.51
63636,272123,13471.4224929194,13917.7745791,4.02,1.86,5.16
63637,272123,13471.0551860186,13913.0688925783,4.72,0.7,-1.16
63638,272123,13470.8466307533,13910.5776188179,2.5,-2.22,-2.92
63639,272123,13475.4944422395,13901.1708177848,4.8,2.3,4.52
63640,272123,13482.3144407284,13900.0591880751,6.91,2.11,-0.19
63641,272123,13491.1577383348,13898.6177695225,8.96,2.05,-0.0599999999999996
63642,272123,13501.6986332496,13896.8996500871,10.68,1.72,-0.330000000000002
63643,272123,13513.7240351044,13895.2979679496,12.14,1.46,-0.259999999999998
63644,272123,13526.796729138,13894.1848324216,13.12,0.979999999999999,-0.480000000000002
63645,272123,13539.7996755662,13893.0776358788,13.05,-0.0699999999999985,-1.05
63646,272123,13553.3530862377,13892.2527044666,13.58,0.529999999999999,0.599999999999998
63647,272123,13567.1189947759,13892.0428629007,13.78,0.199999999999999,-0.33
63648,272123,13580.5388072854,13891.9719248371,13.42,-0.359999999999999,-0.559999999999999
63649,272123,13595.3320982074,13886.1170637356,13.2,-0.220000000000001,0.139999999999999
63650,272123,13597.1581872897,13872.4106051417,13.84,0.640000000000001,0.860000000000001
63651,272123,13599.2650291125,13859.5606960073,13.04,-0.800000000000001,-1.44
63652,272123,13603.6697237255,13846.5852248227,13.7,0.66,1.46
63653,272123,13606.9036142087,13833.2746423417,13.74,0.0400000000000009,-0.619999999999999
63654,272123,13608.8309441528,13819.87660568,13.55,-0.19,-0.23
63655,272123,13609.3491821339,13806.9507124327,12.95,-0.600000000000001,-0.410000000000002
63656,272123,13609.4130019897,13793.6608656681,13.29,0.34,0.940000000000001
63657,272123,13609.4767258035,13780.3910186729,13.27,-0.0199999999999996,-0.359999999999999
63658,272123,13609.5425625396,13766.681176751,13.71,0.440000000000001,0.460000000000001
63659,272123,13612.1141857497,13744.8262967794,12.85,-0.860000000000001,-1.3
63660,272123,13614.2741037474,13733.6022309277,11.43,-1.42,-0.559999999999999
63661,272123,13615.7537326119,13725.913303927,7.82,-3.61,-2.19
63662,272123,13616.5360651151,13721.8478942484,4.14,-3.68,-0.0700000000000012
63663,272123,13617.0217159684,13719.324197902,2.57,-1.57,2.11
63664,272123,13617.2409202447,13718.1850976056,1.16,-1.41,0.16
63665,272123,13617.2995006978,13717.8806828712,0.31,-0.85,0.56
63666,272123,13617.312728542,13717.8119440603,0.07,-0.24,0.61
63667,272123,13617.3221770022,13717.7628449095,0.05,-0.02,0.22
63668,272123,13617.3221770022,13717.7628449095,0,-0.05,-0.03
63669,272123,13617.3221770022,13717.7628449095,0,0,0.05
63670,272123,13617.3543017668,13717.5959077971,0.17,0.17,0.17
63671,272123,13617.4941389775,13716.8692403667,0.74,0.57,0.4
63672,272123,13617.6925566414,13715.8381582018,1.05,0.31,-0.26
63673,272123,13618.0761641248,13713.8447326831,2.03,0.98,0.67
63674,272123,13618.4087499232,13712.1164425782,1.76,-0.27,-1.25
63675,272123,13618.7866883305,13710.1524765499,2.01,0.25,0.52
63676,272123,13619.1060462847,13708.492925256,1.69,-0.32,-0.57
63677,272123,13619.432963007,13706.7940946415,1.73,0.04,0.36
63678,272123,13619.793894186,13704.9185070845,1.91,0.18,0.14
63679,272123,13620.0773479914,13703.4455325633,1.5,-0.41,-0.59
63680,272123,13620.2455305827,13702.5715676807,0.89,-0.61,-0.2
63681,272123,13620.6896082112,13700.2639075975,2.34,1.45,2.06
63682,272123,13621.2886405868,13697.1510214426,3.17,0.83,-0.62
63683,272123,13622.2108103006,13692.3589443336,4.88,1.71,0.88
63684,272123,13623.5052493456,13685.6323606867,6.85,1.97,0.26
63685,272123,13624.7770120862,13679.0236150015,6.73,-0.119999999999999,-2.09
63686,272123,13625.4692944494,13675.4398714345,3.65,-3.08,-2.96
63687,272123,13637.5952162662,13669.2845757661,6.07,2.42,5.5
63688,272123,13644.1975193105,13670.6400072514,6.74,0.67,-1.75
63689,272123,13647.9884559249,13671.4182742911,3.87,-2.87,-3.54
63690,272123,13649.2227143575,13671.6716635599,1.26,-2.61,0.26
63691,272123,13649.7124994498,13671.772214857,0.5,-0.76,1.85
63692,272123,13649.8986177849,13671.8104243499,0.19,-0.31,0.45
63693,272123,13649.9671876978,13671.8245015315,0.07,-0.12,0.19
63694,272123,13650.0161662071,13671.8345566612,0.05,-0.02,0.1
63695,272123,13650.0259619089,13671.8365676872,0.01,-0.04,-0.02
63696,272123,13650.0259619089,13671.8365676872,0,-0.01,0.03
63697,272123,13650.0259619089,13671.8365676872,0,0,0.01
63698,272123,13650.0259619089,13671.8365676872,0,0,0
63699,272123,13650.0259619089,13671.8365676872,0,0,0
63700,272123,13650.0259619089,13671.8365676872,0,0,0
63701,272123,13650.0259619089,13671.8365676872,0,0,0
63702,272123,13650.0259619089,13671.8365676872,0,0,0
63703,272123,13650.0259619089,13671.8365676872,0,0,0
63704,272123,13650.0259619089,13671.8365676872,0,0,0
63705,272123,13650.0259619089,13671.8365676872,0,0,0
63706,272123,13650.0259619089,13671.8365676872,0,0,0
63707,272123,13650.0259619089,13671.8365676872,0,0,0
63708,272123,13650.0259619089,13671.8365676872,0,0,0
63709,272123,13650.0259619089,13671.8365676872,0,0,0
63710,272123,13650.0259619089,13671.8365676872,0,0,0
63711,272123,13650.0259619089,13671.8365676872,0,0,0
63712,272123,13650.0259619089,13671.8365676872,0,0,0
63713,272123,13650.0259619089,13671.8365676872,0,0,0
63714,272123,13650.0259619089,13671.8365676872,0,0,0
63715,272123,13650.0259619089,13671.8365676872,0,0,0
63716,272123,13650.0259619089,13671.8365676872,0,0,0
63717,272123,13650.0259619089,13671.8365676872,0,0,0
63718,272123,13650.0259619089,13671.8365676872,0,0,0
63719,272123,13650.0259619089,13671.8365676872,0,0,0
63720,272123,13650.0259619089,13671.8365676872,0,0,0
63721,272123,13650.0259619089,13671.8365676872,0,0,0
63722,272123,13650.0259619089,13671.8365676872,0,0,0
63723,272123,13650.0259619089,13671.8365676872,0,0,0
63724,272123,13650.0259619089,13671.8365676872,0,0,0
63725,272123,13650.0259619089,13671.8365676872,0,0,0
63726,272123,13650.0259619089,13671.8365676872,0,0,0
63727,272123,13650.0259619089,13671.8365676872,0,0,0
63728,272123,13650.0259619089,13671.8365676872,0,0,0
63729,272123,13650.0259619089,13671.8365676872,0,0,0
63730,272123,13650.0259619089,13671.8365676872,0,0,0
63731,272123,13650.0259619089,13671.8365676872,0,0,0
63732,272123,13650.0259619089,13671.8365676872,0,0,0
63733,272123,13650.0259619089,13671.8365676872,0,0,0
63734,272123,13650.0259619089,13671.8365676872,0,0,0
63735,272123,13650.0259619089,13671.8365676872,0,0,0
63736,272123,13650.0259619089,13671.8365676872,0,0,0
63737,272123,13650.0259619089,13671.8365676872,0,0,0
63738,272123,13650.0259619089,13671.8365676872,0,0,0
63739,272123,13650.0259619089,13671.8365676872,0,0,0
63740,272123,13650.0259619089,13671.8365676872,0,0,0
63741,272123,13650.0259619089,13671.8365676872,0,0,0
63742,272123,13650.0259619089,13671.8365676872,0,0,0
63743,272123,13650.0259619089,13671.8365676872,0,0,0
63744,272123,13650.0259619089,13671.8365676872,0,0,0
63745,272123,13650.0259619089,13671.8365676872,0,0,0
63746,272123,13650.0259619089,13671.8365676872,0,0,0
63747,272123,13650.0259619089,13671.8365676872,0,0,0
63748,272123,13650.0259619089,13671.8365676872,0,0,0
63749,272123,13650.0259619089,13671.8365676872,0,0,0
63750,272123,13650.7410481437,13671.983372581,0.74,0.74,0.74
63751,272123,13651.1818547268,13672.0738687484,0.45,-0.29,-1.03
63752,272123,13652.1810163151,13672.2789933945,1.02,0.57,0.86
63753,272123,13653.6013930828,13672.5705921562,1.45,0.43,-0.14
63754,272123,13656.4323509163,13673.1517786536,2.89,1.44,1.01
63755,272123,13660.5955242009,13674.0064646791,4.25,1.36,-0.0800000000000003
63756,272123,13667.0410960157,13675.3297197493,6.58,2.33,0.97
63757,272123,13675.4458081997,13677.0551800079,8.58,2,-0.33
63758,272123,13681.92076712,13678.3844681559,6.61,-1.97,-3.97
63759,272123,13684.1933699483,13678.8510261746,2.32,-4.29,-2.32
63760,272123,13694.536149839,13698.9276288574,4.39,2.07,6.36
63761,272123,13695.9913546872,13704.758793308,6.01,1.62,-0.45
63762,272123,13700.0485088732,13707.396096816,7.84,1.83,0.21
63763,272123,13701.3975192509,13716.8768503487,9.69,1.85,0.0199999999999996
63764,272123,13700.4362663723,13727.9251123343,11.09,1.4,-0.449999999999999
63765,272123,13699.3718673327,13740.1588956692,12.28,1.19,-0.210000000000001
63766,272123,13698.1687843792,13753.9866572887,13.88,1.6,0.410000000000002
63767,272123,13711.9732509674,13763.1104826238,13.44,-0.440000000000001,-2.04
63768,272123,13725.6661723577,13764.5572492497,13.77,0.33,0.770000000000001
63769,272123,13738.881083312,13766.3051132236,13.33,-0.44,-0.77
63770,272123,13758.0546910565,13768.6523570912,13.1,-0.23,0.209999999999999
63771,272123,13771.2571844067,13770.174943489,13.29,0.19,0.42
63772,272123,13784.1391192139,13770.3374007,12.92,-0.369999999999999,-0.559999999999999
63773,272123,13797.5863825978,13769.7519884657,13.46,0.540000000000001,0.91
63774,272123,13811.433267479,13769.1491791366,13.87,0.409999999999998,-0.130000000000003
63775,272123,13824.8858035826,13767.6977695647,13.54,-0.33,-0.739999999999998
63776,272123,13837.9460951711,13766.0013958966,13.17,-0.369999999999999,-0.0399999999999991
63777,272123,13851.3435545,13764.2612282233,13.51,0.34,0.709999999999999
63778,272123,13864.8016506814,13762.9694394212,13.52,0.00999999999999979,-0.33
63779,272123,13877.8419888313,13761.7206075928,13.1,-0.42,-0.43
63780,272123,13890.762873502,13760.4832154453,12.97,-0.129999999999999,0.290000000000001
63781,272123,13913.8566447447,13760.5594984534,13.65,0.68,0.809999999999999
63782,272123,13927.081973433,13761.1826205008,13.24,-0.41,-1.09
63783,272123,13940.1639818309,13760.0300783353,13.17,-0.0700000000000003,0.34
63784,272123,13953.029029698,13758.2410256573,12.99,-0.18,-0.109999999999999
63785,272123,13970.6355351713,13750.5553711832,13.3,0.31,0.49
63786,272123,13982.7773483657,13746.3483684078,12.86,-0.440000000000001,-0.750000000000002
63787,272123,13995.6183788181,13741.8990946556,13.58,0.720000000000001,1.16
63788,272123,14008.6204697489,13738.6422468916,13.5,-0.0800000000000001,-0.800000000000001
63789,272123,14021.6177008479,13737.6590767681,13.04,-0.460000000000001,-0.380000000000001
63790,272123,14034.6909950501,13738.0778591729,13.07,0.0300000000000011,0.490000000000002
63791,272123,14046.7338706076,13743.0656233195,13.07,0,-0.0300000000000011
63792,272123,14058.784828191,13748.4515723049,13.2,0.129999999999999,0.129999999999999
63793,272123,14070.7339448046,13753.8208005691,13.1,-0.0999999999999996,-0.229999999999999
63794,272123,14082.6100897138,13759.1572396531,13.02,-0.0800000000000001,0.0199999999999996
63795,272123,14094.3950199923,13764.4526922618,12.92,-0.0999999999999996,-0.0199999999999996
63796,272123,14107.271089789,13765.7385107853,13.09,0.17,0.27
63797,272123,14119.0063117538,13766.0733958879,11.75,-1.34,-1.51
63798,272123,14126.517267248,13766.0476898082,7.53,-4.22,-2.88
63799,272123,14131.8058917441,13765.1758808048,5.36,-2.17,2.05
63800,272123,14156.0714690486,13762.9694924373,7.72,2.36,4.53
63801,272123,14165.6861773648,13763.0781406126,9.65,1.93,-0.429999999999999
63802,272123,14176.9592006318,13763.6970480551,11.29,1.64,-0.290000000000002
63803,272123,14189.9596225039,13764.4107925105,13.02,1.73,0.0900000000000016
63804,272123,14202.8701797087,13765.1196032485,12.92,-0.0999999999999996,-1.83
63805,272123,14216.1202256566,13765.8470524745,13.27,0.35,0.449999999999999
63806,272123,14229.1805573069,13766.5640860749,13.08,-0.19,-0.539999999999999
63807,272123,14242.450573181,13767.2926316826,13.29,0.209999999999999,0.399999999999999
63808,272123,14255.8404086115,13768.0277555802,13.4,0.110000000000001,-0.0999999999999979
63809,272123,14266.0250709076,13768.5869102227,10.21,-3.19,-3.3
63810,272123,14273.6535826666,13769.0057280137,7.64,-2.57,0.619999999999998
63811,272123,14277.7374325481,13769.2299380615,4.08,-3.56,-0.989999999999998
63812,272123,14295.9079400347,13768.4054695509,5.66,1.58,5.14
63813,272123,14303.1810291835,13768.088335141,7.27,1.61,0.0299999999999994
63814,272123,14312.4422292397,13767.6845115174,9.27,2,0.390000000000001
63815,272123,14323.4517680336,13767.2044536607,11.02,1.75,-0.25
63816,272123,14345.4024583894,13763.6323042669,13.11,2.09,0.34
63817,272123,14351.4266634406,13754.1818052738,13.49,0.380000000000001,-1.71
63818,272123,14351.7839643184,13740.4078208046,13.78,0.289999999999999,-0.0900000000000016
63819,272123,14352.0531933273,13728.9409809723,11.47,-2.31,-2.6
63820,272123,14352.2372173404,13721.1031410171,7.84,-3.63,-1.32
63821,272123,14352.3205445402,13717.5541190986,3.55,-4.29,-0.659999999999999
63822,272123,14352.3548143182,13716.0945213519,1.46,-2.09,2.2
63823,272123,14352.383920157,13714.8548629916,1.24,-0.22,1.87
63824,272123,14352.3923702392,13714.4949621774,0.36,-0.88,-0.66
63825,272123,14352.3977689029,13714.265025546,0.23,-0.13,0.75
63826,272123,14352.3994119744,13714.1950448321,0.07,-0.16,-0.03
63827,272123,14352.3998814234,13714.1750503425,0.02,-0.05,0.11
63828,272123,14347.8341960832,13711.2575340992,1.4,1.38,1.43
63829,272123,14344.154622404,13708.2351615115,3.43,2.03,0.65
63830,272123,14336.1757380315,13703.6070574263,5.67,2.24,0.21
63831,272123,14334.4392491211,13696.249190462,7.56,1.89,-0.35
63832,272123,14332.2318868951,13686.8961347045,9.62,2.06,0.17
63833,272123,14329.6354007969,13675.407741766,11.77,2.15,0.0900000000000007
63834,272123,14327.1202651888,13662.2764435487,13.37,1.6,-0.550000000000001
63835,272123,14324.526120085,13648.7326438167,13.79,0.42,-1.18
63836,272123,14322.960342654,13635.6408615736,13.2,-0.59,-1.01
63837,272123,14321.4844062128,13622.080949641,13.63,0.430000000000001,1.02
63838,272123,14320.6169103462,13610.6109261371,11.53,-2.1,-2.53
63839,272123,14320.7515541835,13601.8019550827,8.81,-2.72,-0.619999999999997
63840,272123,14320.8302619886,13596.6525565662,5.15,-3.66,-0.940000000000001
63841,272123,14320.8745828885,13593.7528952657,2.9,-2.25,1.41
63842,272123,14325.5905822495,13586.1685977514,4.23,1.33,3.58
63843,272123,14331.1551571695,13583.6451861797,6.11,1.88,0.549999999999999
63844,272123,14337.9176042776,13579.8094969706,7.8,1.69,-0.19
63845,272123,14344.447439203,13575.4524617577,7.85,0.0499999999999998,-1.64
63846,272123,14347.4758317527,13573.3796952917,3.67,-4.18,-4.23
63847,272123,14351.9439034965,13564.1428940621,5.93,2.26,6.44
63848,272123,14349.9859728988,13556.8304794284,7.57,1.64,-0.619999999999999
63849,272123,14347.4161332296,13547.79904265,9.39,1.82,0.18
63850,272123,14344.2840784115,13536.827336647,11.41,2.02,0.199999999999999
63851,272123,14338.2460000857,13514.8362982024,12.69,1.28,-0.74
63852,272123,14334.7121077139,13501.0342519952,14.25,1.56,0.280000000000001
63853,272123,14332.469564338,13484.9296377742,16.26,2.01,0.450000000000001
63854,272123,14329.0858764864,13457.2307108414,18.12,1.86,-0.150000000000002
63855,272123,14327.4382809909,13437.720153979,19.58,1.46,-0.400000000000002
63856,272123,14328.7937594083,13392.1806477939,20.84,1.26,-0.199999999999996
63857,272123,14329.6339083188,13370.2967690288,21.9,1.06,-0.200000000000003
63858,272123,14330.5696861352,13347.2463274168,23.07,1.17,0.110000000000003
63859,272123,14331.9425099809,13322.9876648618,24.3,1.23,0.0599999999999987
63860,272123,14331.228152502,13297.6019590058,25.31,1.01,-0.220000000000002
