"V1","V2","V3","V4","V5","acceleration","jerk"
63694,272537,13417.9173059032,13367.0276897939,13.55,-0.520000000000001,0
63695,272537,13430.7203586673,13369.4489993407,13.03,-0.520000000000001,0
63696,272537,13452.6988277752,13373.0271732592,13.08,0.0500000000000007,0.570000000000002
63697,272537,13465.9923633092,13373.8664068405,13.32,0.24,0.19
63698,272537,13479.1761173937,13374.6987098141,13.21,-0.109999999999999,-0.35
63699,272537,13492.2700502922,13375.5253422906,13.11,-0.100000000000001,0.00999999999999801
63700,272537,13505.393923586,13376.3538649328,13.16,0.0500000000000007,0.150000000000002
63701,272537,13519.2363663681,13377.2277515523,13.87,0.709999999999999,0.659999999999998
63702,272537,13532.502760327,13376.5636136636,13.32,-0.549999999999999,-1.26
63703,272537,13546.1921150101,13375.384983798,13.74,0.42,0.969999999999999
63704,272537,13570.7791717919,13364.0133634712,12.95,-0.790000000000001,-1.21
63705,272537,13581.2999043573,13356.5139910784,12.92,-0.0299999999999994,0.760000000000002
63706,272537,13592.5779342359,13348.4748031804,13.85,0.93,0.959999999999999
63707,272537,13603.7582483321,13340.505268896,13.73,-0.119999999999999,-1.05
63708,272537,13614.8571326097,13332.5937792896,13.63,-0.0999999999999996,0.0199999999999996
63709,272537,13625.9478739054,13324.6880941509,13.62,-0.0100000000000016,0.0899999999999981
63710,272537,13637.0874730923,13316.7475822055,13.68,0.0600000000000005,0.0700000000000021
63711,272537,13647.8780760402,13309.1453563694,13.19,-0.49,-0.550000000000001
63712,272537,13659.1102817784,13301.3890651001,13.66,0.470000000000001,0.960000000000001
63713,272537,13669.8981365205,13293.9396161228,13.11,-0.550000000000001,-1.02
63714,272537,13680.5296455416,13286.5981301742,12.92,-0.19,0.360000000000001
63715,272537,13691.8441385013,13278.7850162583,13.76,0.84,1.03
63755,272537,14192.46006127,13276.2032770324,13.81,0.00125000000000002,-0.02096875
63756,272537,14205.2136340534,13278.2703477276,12.92,-0.890000000000001,-0.891250000000001
63757,272537,14218.3028271732,13280.3918150201,13.26,0.34,1.23
63758,272537,14233.8778471121,13282.9901642808,13.86,0.6,0.26
63759,272537,14246.7044571817,13284.9134360039,12.96,-0.899999999999999,-1.5
63760,272537,14259.9958711629,13286.9064022305,13.44,0.479999999999999,1.38
63761,272537,14272.773034008,13288.8222596447,12.92,-0.52,-0.999999999999998
63762,272537,14286.2919052225,13290.8493316922,13.66,0.74,1.26
63763,272537,14299.0690680675,13292.7651891064,12.93,-0.73,-1.47
63764,272537,14312.6571653965,13294.8026411863,13.73,0.800000000000001,1.53
63765,272537,14325.9868280543,13297.1771530481,13.54,-0.190000000000001,-0.990000000000002
63766,272537,14339.0350856643,13299.5373592561,13.26,-0.279999999999999,-0.0899999999999981
63767,272537,14352.1817464236,13301.9153649075,13.37,0.109999999999999,0.389999999999999
63768,272537,14365.2496846635,13304.2791310041,13.28,-0.0899999999999999,-0.199999999999999
63769,272537,14378.534109832,13306.6820558765,13.5,0.220000000000001,0.31
63770,272537,14391.9956606694,13309.1170197471,13.68,0.18,-0.0400000000000009
63771,272537,14404.8569522955,13311.4434070124,13.07,-0.609999999999999,-0.789999999999999
