"V1","V2","V3","V4","V5","acceleration","jerk"
21306,27454,14396.082468886,13322.8916170356,13.79,-0.76,0
21307,27454,14383.2305150334,13320.7449493461,13.03,-0.76,0
21308,27454,14369.7374429916,13318.4911953942,13.68,0.65,1.41
21309,27454,14356.3035510904,13316.2473263281,13.62,-0.0600000000000005,-0.710000000000001
21310,27454,14342.7118454811,13313.9770975666,13.78,0.16,0.220000000000001
21311,27454,14329.6724878501,13311.7991277388,13.21,-0.569999999999999,-0.729999999999999
21312,27454,14316.2188692353,13309.5519637108,13.64,0.43,0.999999999999998
21313,27454,14302.7257971935,13307.2982097589,13.69,0.0499999999999989,-0.380000000000001
21314,27454,14289.4891724274,13305.0872903119,13.41,-0.279999999999999,-0.329999999999998
21315,27454,14275.8974668181,13302.8170615504,13.79,0.379999999999999,0.659999999999998
21316,27454,14263.0060595384,13300.663803937,13.07,-0.719999999999999,-1.1
21317,27454,14249.8582049831,13298.4677118187,13.33,0.26,0.979999999999999
21318,27454,14233.8233688849,13295.7625355868,13.58,0.25,-0.00999999999999979
21319,27454,14221.0220793229,13293.4415259895,13,-0.58,-0.83
21320,27454,14207.3745861465,13290.9670907001,13.88,0.880000000000001,1.46
21321,27454,14194.4749008155,13288.628240906,13.11,-0.770000000000001,-1.65
21322,27454,14181.2603490232,13286.2323024823,13.43,0.32,1.09
21323,27454,14168.1146742694,13283.8488521964,13.36,-0.0700000000000003,-0.390000000000001
21324,27454,14155.3035451305,13281.5260585793,13.03,-0.33,-0.26
21325,27454,14142.2562661458,13279.1604484901,13.26,0.23,0.56
21326,27454,14128.7545672492,13276.4452546107,13.78,0.52,0.289999999999999
21357,27454,13736.3965106841,13280.8989158975,16.08,0.0741935483870967,-0.0143808532778356
21358,27454,13732.6049731157,13297.5780207168,17.93,1.85,1.7758064516129
21359,27454,13737.7677610939,13315.7453738504,19.59,1.66,-0.190000000000001
21360,27454,13756.0634957733,13325.202681552,21.29,1.7,0.0399999999999991
21361,27454,13774.3465165473,13319.721329793,19.15,-2.14,-3.84
21362,27454,13787.5380236157,13312.5457185693,15.02,-4.13,-1.99
21363,27454,13804.090174457,13300.1060655138,13.27,-1.75,2.38
21364,27454,13807.6470342988,13287.0208697543,13.56,0.290000000000001,2.04
