"V1","V2","V3","V4","V5","acceleration","jerk"
62108,284016,13416.0700504008,13366.6783373804,12.85,0.31,0
62109,284016,13429.0008389177,13369.123804275,13.16,0.31,0
62110,284016,13442.0298857059,13371.5878537447,13.26,0.0999999999999996,-0.210000000000001
62111,284016,13464.7759814246,13370.4804411716,13.02,-0.24,-0.34
62112,284016,13478.2790128499,13371.334280927,13.53,0.51,0.75
62113,284016,13491.8519047482,13372.1925381829,13.6,0.0700000000000003,-0.44
62114,284016,13504.7760922542,13373.0097757906,12.95,-0.65,-0.720000000000001
62115,284016,13517.5805189495,13373.8194405402,12.84,-0.109999999999999,0.540000000000001
62116,284016,13531.1675788525,13373.3916089916,13.63,0.790000000000001,0.9
62117,284016,13544.8648082874,13372.1881116685,13.74,0.109999999999999,-0.680000000000001
62118,284016,13567.4930078573,13362.3043185288,13.24,-0.5,-0.609999999999999
62119,284016,13578.5674631893,13354.4102423258,13.59,0.35,0.85
62120,284016,13588.89276419,13347.05017716,12.68,-0.91,-1.26
62121,284016,13600.0079344313,13339.127078618,13.65,0.970000000000001,1.88
62122,284016,13611.0091029266,13331.2852426251,13.5,-0.15,-1.12
62123,284016,13621.5461214557,13323.7742612966,12.95,-0.550000000000001,-0.4
62124,284016,13632.2622855858,13316.1355816766,13.16,0.210000000000001,0.760000000000002
62125,284016,13642.8164221344,13308.631586527,12.94,-0.220000000000001,-0.430000000000001
62126,284016,13654.0890777415,13300.8458793938,13.7,0.76,0.98
62127,284016,13666.8205944354,13296.0647831079,13.14,-0.559999999999999,-1.32
62128,284016,13678.1926884502,13288.2118933394,13.82,0.68,1.24
62129,284016,13689.0628304138,13280.7056217154,13.22,-0.6,-1.28
62171,284016,14215.5601027856,13276.6019790829,13.11,-0.00261904761904765,0.0142233560090703
62172,284016,14230.0066018995,13279.0762222377,13.44,0.33,0.332619047619048
62173,284016,14243.39691033,13281.084017082,13.54,0.0999999999999996,-0.23
62174,284016,14257.0839021082,13283.1362977796,13.84,0.300000000000001,0.200000000000001
62175,284016,14270.4148738691,13285.1351954533,13.48,-0.359999999999999,-0.66
62176,284016,14283.4887200619,13287.0955387208,13.22,-0.26,0.0999999999999996
62177,284016,14296.9482546069,13289.1137135976,13.61,0.389999999999999,0.649999999999999
62178,284016,14309.8144224563,13291.0429167679,13.02,-0.59,-0.979999999999999
62179,284016,14322.4522191666,13293.1887138931,12.81,-0.209999999999999,0.380000000000001
62180,284016,14334.9200208783,13295.4432250327,12.68,-0.130000000000001,0.0799999999999983
62181,284016,14348.3029808845,13297.8632212047,13.6,0.92,1.05
62182,284016,14361.5776963612,13300.2636438783,13.49,-0.109999999999999,-1.03
62183,284016,14374.8425714262,13302.6622871429,13.48,-0.00999999999999979,0.0999999999999996
62184,284016,14388.4026588442,13305.114312676,13.78,0.299999999999999,0.309999999999999
62185,284016,14401.0574283795,13307.4026325857,12.86,-0.92,-1.22
