"V1","V2","V3","V4","V5","acceleration","jerk"
32848,28725,14404.5649611533,13996.1320330347,13.88,-0.0200000000000014,0
32849,28725,14390.7532605194,13995.1027490126,13.86,-0.0200000000000014,0
32850,28725,14377.2190841605,13994.1179175127,13.57,-0.289999999999999,-0.269999999999998
32851,28725,14364.2003984086,13993.2144125079,13.04,-0.530000000000001,-0.240000000000002
32852,28725,14351.112026059,13992.0642026059,13.14,0.100000000000001,0.630000000000003
32853,28725,14327.7857640835,13989.3253723158,12.88,-0.26,-0.360000000000001
32854,28725,14314.293383394,13987.6256073379,13.6,0.719999999999999,0.979999999999999
32855,28725,14301.2475611249,13985.4045897239,13.24,-0.359999999999999,-1.08
32856,28725,14288.2881140446,13982.8017863943,13.21,-0.0299999999999994,0.33
32857,28725,14275.3570309841,13978.9868577738,13.55,0.34,0.369999999999999
32858,28725,14262.9265062064,13974.2432867258,13.32,-0.23,-0.57
32859,28725,14249.9256129156,13969.8911753257,13.71,0.390000000000001,0.620000000000001
32860,28725,14232.3437557516,13964.0029757789,13.22,-0.49,-0.880000000000001
32861,28725,14220.1173433786,13960.0161925536,12.86,-0.360000000000001,0.129999999999999
32862,28725,14211.5607561814,13957.2260643244,9,-3.86,-3.5
32863,28725,14205.6281890579,13955.2915754188,6.24,-2.76,1.1
32864,28725,14199.0974163583,13952.8127811344,2.59,-3.65,-0.890000000000001
32865,28725,14196.6604281351,13951.9639124658,4.42,1.83,5.48
32866,28725,14190.9997627591,13950.329339553,5.9,1.48,-0.35
32867,28725,14183.5658328159,13948.9748781962,7.57,1.67,0.19
32868,28725,14174.640483049,13947.9856706654,8.98,1.41,-0.26
32869,28725,14164.433464238,13946.8500404368,10.27,1.29,-0.120000000000001
32870,28725,14152.2688590286,13945.493581776,12.25,1.98,0.690000000000001
32871,28725,14138.762569421,13943.9875137041,13.59,1.34,-0.640000000000001
32872,28725,14125.5754894871,13941.2275856644,13.48,-0.109999999999999,-1.45
32873,28725,14112.2259007967,13937.9427411761,13.75,0.27,0.379999999999999
32874,28725,14099.3870269615,13933.5507739822,13.61,-0.140000000000001,-0.41
32875,28725,14088.351896249,13926.7417866271,13.01,-0.6,-0.459999999999999
32876,28725,14078.1181732955,13919.1202586493,12.76,-0.25,0.35
32877,28725,14069.9672300644,13914.5636268044,9.37,-3.39,-3.14
32878,28725,14064.1001844993,13911.6740980647,6.54,-2.83,0.560000000000001
32879,28725,14061.444763265,13910.3662991245,2.96,-3.58,-0.750000000000001
32880,28725,14059.4621683569,13909.389868159,2.21,-0.75,2.83
32881,28725,14059.0612630662,13909.1855415435,0.45,-1.76,-1.01
32882,28725,14058.8661809182,13909.0838412214,0.22,-0.23,1.53
32883,28725,14058.4582818813,13908.8711950935,0.46,0.24,0.47
32884,28725,14056.4099193265,13907.8033417122,2.31,1.85,1.61
32885,28725,14054.5300368087,13906.8233204271,2.12,-0.19,-2.04
32886,28725,14050.8656813483,13905.0112060884,4.1,1.98,2.17
32887,28725,14045.0744798591,13902.4805173853,6.32,2.22,0.240000000000001
32888,28725,14039.2873737122,13899.2868550753,6.78,0.46,-1.76
32889,28725,14019.4406660363,13890.0541279398,8.6,1.82,1.36
32890,28725,14008.7796411038,13888.8183217273,10.84,2.24,0.420000000000001
32891,28725,13996.8016061023,13885.4969398606,12.43,1.59,-0.65
32892,28725,13984.3961035804,13882.327449177,12.82,0.390000000000001,-1.2
32893,28725,13971.5448847965,13877.4107819093,12.91,0.0899999999999999,-0.300000000000001
32894,28725,13958.0012631305,13879.1116088162,13.65,0.74,0.65
32895,28725,13935.3231359708,13878.9857906921,13.3,-0.35,-1.09
32896,28725,13922.3490871456,13878.152246087,13.03,-0.270000000000001,0.0799999999999983
32897,28725,13909.0105574056,13875.8251826209,13.54,0.51,0.780000000000001
32898,28725,13890.4221878253,13874.0599227635,12.94,-0.6,-1.11
32899,28725,13877.3489334103,13872.7886550131,13.15,0.210000000000001,0.81
32900,28725,13863.7766801679,13871.0472127981,13.7,0.549999999999999,0.339999999999998
32901,28725,13850.9469863581,13869.7022395841,12.9,-0.799999999999999,-1.35
32902,28725,13838.9421277089,13868.4499341855,12.07,-0.83,-0.0300000000000011
32903,28725,13825.2234723681,13867.8914616971,13.74,1.67,2.5
32904,28725,13811.5367201467,13867.6986530142,13.69,-0.0500000000000007,-1.72
32905,28725,13798.4418768599,13868.5107363188,13.12,-0.57,-0.52
32906,28725,13784.9523117821,13869.6815378651,13.55,0.430000000000001,1
32907,28725,13771.6826745061,13871.6166933012,13.41,-0.140000000000001,-0.570000000000002
32908,28725,13748.4046060983,13872.6148458715,13.48,0.0700000000000003,0.210000000000001
32909,28725,13735.852346206,13875.5019155961,12.88,-0.6,-0.67
32910,28725,13723.4506195447,13878.538688627,12.78,-0.100000000000001,0.499999999999998
32911,28725,13714.0421012428,13882.2115326699,10.1,-2.68,-2.58
32912,28725,13703.3213551216,13889.2048200097,8.52,-1.58,1.1
32913,28725,13696.8895042172,13888.8809466663,6.44,-2.08,-0.499999999999999
32914,28725,13692.2054388846,13888.6450823835,4.69,-1.75,0.329999999999999
32915,28725,13666.7751733321,13880.2811913695,6.05,1.36,3.11
32916,28725,13663.9443575181,13872.8913271332,7.96,1.91,0.550000000000001
32917,28725,13664.9041183431,13860.1411492197,10.22,2.26,0.350000000000001
32918,28725,13665.7913184374,13848.7456336108,11.42,1.2,-1.06
32919,28725,13666.8197874882,13835.5356089549,13.25,1.83,0.630000000000001
32920,28725,13667.9724490281,13820.7304115102,14.85,1.6,-0.23
32921,28725,13668.9846178147,13807.7297532828,13.03,-1.82,-3.42
32922,28725,13669.7775429121,13791.9126920335,12.9,-0.129999999999999,1.69
32923,28725,13666.8042136582,13778.9660632226,13.31,0.41,0.539999999999999
32924,28725,13661.805961722,13766.3931408264,13.53,0.219999999999999,-0.190000000000001
32925,28725,13647.2729755701,13755.9529895412,12.91,-0.619999999999999,-0.839999999999998
32926,28725,13635.5399205389,13756.3567464427,11.74,-1.17,-0.550000000000001
32927,28725,13626.5517428997,13756.9542622196,9.01,-2.73,-1.56
32928,28725,13621.7173115634,13757.3425580535,4.84,-4.17,-1.44
32929,28725,13618.1787071832,13757.6267745917,3.55,-1.29,2.88
32930,28725,13602.1625154672,13760.1462024077,5.92,2.37,3.66
32931,28725,13593.9473806768,13760.4289750645,8.22,2.3,-0.0699999999999994
32932,28725,13584.2431277797,13760.7630045655,9.71,1.49,-0.81
32933,28725,13572.6199391048,13761.1609753103,11.62,1.91,0.419999999999998
32934,28725,13559.1371865858,13761.5995600288,13.5,1.88,-0.0299999999999976
32935,28725,13545.8581326395,13762.1388431561,13.29,-0.210000000000001,-2.09
32936,28725,13532.5999680907,13762.0611601346,13.26,-0.0299999999999994,0.180000000000001
32937,28725,13518.8566275298,13761.6483881149,13.75,0.49,0.52
32938,28725,13505.3208745807,13761.3092832649,13.55,-0.199999999999999,-0.69
32939,28725,13492.4549114746,13760.9869583447,12.87,-0.680000000000001,-0.480000000000002
32940,28725,13479.1990706987,13760.6548660026,13.26,0.390000000000001,1.07
32941,28725,13465.9032488493,13760.3215183547,13.3,0.0400000000000009,-0.35
32942,28725,13452.1976268268,13759.975072145,13.71,0.41,0.369999999999999
32943,28725,13439.4367184324,13759.5622729761,12.77,-0.940000000000001,-1.35
32944,28725,13416.2601068738,13756.4539607736,13.44,0.67,1.61
