"V1","V2","V3","V4","V5","acceleration","jerk"
56920,290229,13946.4534161687,13282.3523977967,13.04,-3.7,0
56921,290229,13945.0973271957,13291.5934271061,9.34,-3.7,0
56922,290229,13944.0171021466,13298.9545896395,7.44,-1.9,1.8
56923,290229,13942.329646235,13313.4734179799,8.05,0.61,2.51
56924,290229,13941.5340863304,13321.5041081394,8.07,0.0199999999999996,-0.590000000000001
56925,290229,13940.7385264258,13329.534798299,8.07,0,-0.0199999999999996
56926,290229,13939.9971868369,13337.0181675678,7.52,-0.550000000000001,-0.550000000000001
56927,290229,13939.2252867064,13344.8100267932,7.83,0.31,0.860000000000001
56928,290229,13936.377906621,13352.4918501005,8.23,0.4,0.0899999999999999
56929,290229,13933.6453357937,13359.3150133459,7.34,-0.890000000000001,-1.29
56930,290229,13930.7194402275,13366.6209037869,7.87,0.53,1.42
56931,290229,13928.353796755,13373.7324137301,7.51,-0.36,-0.890000000000001
56932,290229,13926.3656888391,13381.4298111419,7.95,0.44,0.800000000000001
56933,290229,13924.3828387009,13388.8907423697,7.72,-0.23,-0.670000000000001
56934,290229,13922.4536282062,13396.0659111389,7.43,-0.29,-0.0599999999999996
56935,290229,13920.3166965278,13404.0136418214,8.23,0.800000000000001,1.09
56936,290229,13917.8534268152,13411.4511802739,7.91,-0.32,-1.12
56937,290229,13913.0436376989,13417.7685791577,7.94,0.0300000000000002,0.350000000000001
56938,290229,13908.3913479744,13423.8791110755,7.69,-0.25,-0.28
56939,290229,13905.6734350095,13431.3505375108,8.05,0.36,0.61
56940,290229,13903.8821827189,13439.0338402981,7.91,-0.140000000000001,-0.500000000000001
56941,290229,13903.7616381762,13446.4303768051,7.43,-0.48,-0.34
56942,290229,13904.706013689,13452.8669254311,6.52,-0.91,-0.43
56943,290229,13905.4955565337,13456.0607823622,3.29,-3.23,-2.32
56944,290229,13907.1976614774,13466.2422066854,4.76,1.47,4.7
56945,290229,13905.9602807136,13472.8167780665,6.69,1.93,0.460000000000001
56946,290229,13904.3270860731,13481.4944260927,8.83,2.14,0.209999999999999
56947,290229,13902.3646630679,13491.9213621695,10.6,1.77,-0.37
56948,290229,13901.21439889,13503.7924192118,11.93,1.33,-0.44
56949,290229,13899.9993281904,13517.2075041238,13.47,1.54,0.210000000000001
56950,290229,13898.888794818,13532.5078657723,15.37,1.9,0.359999999999998
56951,290229,13900.0315112704,13549.1286298675,16.66,1.29,-0.609999999999998
56952,290229,13901.1701122974,13565.6895352685,16.6,-0.0599999999999987,-1.35
56953,290229,13902.0329798227,13578.2399081568,12.57,-4.03,-3.97
56954,290229,13901.0312490131,13595.1625150246,9.01,-3.56,0.470000000000001
56955,290229,13900.2263355814,13599.7320365669,4.65,-4.36,-0.799999999999999
56956,290229,13896.2337636387,13624.6371304275,6.29,1.64,6
56957,290229,13895.1950545549,13630.0585217102,5.52,-0.77,-2.41
56958,290229,13894.9840169198,13634.7825787363,4.74,-0.779999999999999,-0.0099999999999989
56959,290229,13894.8440028153,13655.0199528684,5.55,0.81,1.59
56960,290229,13895.0168302546,13662.3579178912,7.34,1.79,0.98
56961,290229,13895.2400460752,13671.8352896101,9.48,2.14,0.350000000000001
56962,290229,13895.4945780395,13682.6422925933,10.81,1.33,-0.81
56963,290229,13879.1501314555,13691.9914538257,12.84,2.03,0.699999999999999
56964,290229,13866.0203028567,13692.0585430741,13.13,0.290000000000001,-1.74
56965,290229,13853.4104674698,13692.1229753226,12.61,-0.520000000000001,-0.810000000000002
56966,290229,13840.3406380878,13692.1897579941,13.07,0.460000000000001,0.980000000000002
56967,290229,13826.6608166688,13692.2596575309,13.68,0.609999999999999,0.149999999999999
56968,290229,13813.550987809,13692.326644587,13.11,-0.57,-1.18
56969,290229,13800.4311590797,13692.3936827393,13.13,0.0200000000000014,0.590000000000002
56970,290229,13787.0513337445,13692.4620493915,13.38,0.25,0.229999999999999
56971,290229,13763.9899659106,13691.8816980243,12.95,-0.430000000000001,-0.680000000000001
56972,290229,13751.1504406387,13690.4419095703,12.92,-0.0299999999999994,0.400000000000002
56973,290229,13737.3867080523,13688.8984830929,13.85,0.93,0.959999999999999
56974,290229,13724.4279302237,13687.4453219908,13.04,-0.81,-1.74
56975,290229,13715.2653587836,13686.4178568557,9.22,-3.82,-3.01
56976,290229,13709.8294297404,13685.8082869762,5.46,-3.76,0.0599999999999978
56977,290229,13706.3611678829,13685.4193657916,3.49,-1.97,1.79
56978,290229,13705.5760885513,13685.3313291911,0.79,-2.7,-0.73
56979,290229,13704.9003240633,13685.2555508514,0.69,-0.1,2.6
56980,290229,13704.8208223588,13685.2466357526,0.08,-0.61,-0.51
56981,290229,13704.8208223588,13685.2466357526,0,-0.08,0.53
56982,290229,13704.8208223588,13685.2466357526,0,0,0.08
56983,290229,13704.8208223588,13685.2466357526,0,0,0
56984,290229,13704.8208223588,13685.2466357526,0,0,0
56985,290229,13704.8208223588,13685.2466357526,0,0,0
56986,290229,13704.8208223588,13685.2466357526,0,0,0
56987,290229,13704.8208223588,13685.2466357526,0,0,0
56988,290229,13704.8208223588,13685.2466357526,0,0,0
56989,290229,13704.8208223588,13685.2466357526,0,0,0
56990,290229,13704.8208223588,13685.2466357526,0,0,0
56991,290229,13704.8208223588,13685.2466357526,0,0,0
56992,290229,13704.8208223588,13685.2466357526,0,0,0
56993,290229,13704.8208223588,13685.2466357526,0,0,0
56994,290229,13704.8208223588,13685.2466357526,0,0,0
56995,290229,13704.8208223588,13685.2466357526,0,0,0
56996,290229,13704.8208223588,13685.2466357526,0,0,0
56997,290229,13704.8208223588,13685.2466357526,0,0,0
56998,290229,13704.8208223588,13685.2466357526,0,0,0
56999,290229,13704.8208223588,13685.2466357526,0,0,0
57000,290229,13704.8208223588,13685.2466357526,0,0,0
57001,290229,13704.8208223588,13685.2466357526,0,0,0
57002,290229,13704.8208223588,13685.2466357526,0,0,0
57003,290229,13704.8208223588,13685.2466357526,0,0,0
57004,290229,13704.8208223588,13685.2466357526,0,0,0
57005,290229,13704.8208223588,13685.2466357526,0,0,0
57006,290229,13704.8208223588,13685.2466357526,0,0,0
57007,290229,13704.8208223588,13685.2466357526,0,0,0
57008,290229,13704.8208223588,13685.2466357526,0,0,0
57009,290229,13704.8208223588,13685.2466357526,0,0,0
57010,290229,13704.8208223588,13685.2466357526,0,0,0
57011,290229,13704.8208223588,13685.2466357526,0,0,0
57012,290229,13704.8208223588,13685.2466357526,0,0,0
57013,290229,13704.8208223588,13685.2466357526,0,0,0
57014,290229,13704.8208223588,13685.2466357526,0,0,0
57015,290229,13704.8208223588,13685.2466357526,0,0,0
57016,290229,13704.8208223588,13685.2466357526,0,0,0
57017,290229,13704.8208223588,13685.2466357526,0,0,0
57018,290229,13704.8208223588,13685.2466357526,0,0,0
57019,290229,13704.8208223588,13685.2466357526,0,0,0
57020,290229,13704.8208223588,13685.2466357526,0,0,0
57021,290229,13704.8208223588,13685.2466357526,0,0,0
57022,290229,13704.8208223588,13685.2466357526,0,0,0
57023,290229,13704.8208223588,13685.2466357526,0,0,0
57024,290229,13704.8208223588,13685.2466357526,0,0,0
57025,290229,13704.8208223588,13685.2466357526,0,0,0
57026,290229,13704.8208223588,13685.2466357526,0,0,0
57027,290229,13704.8208223588,13685.2466357526,0,0,0
57028,290229,13704.8208223588,13685.2466357526,0,0,0
57029,290229,13704.8208223588,13685.2466357526,0,0,0
57030,290229,13704.8208223588,13685.2466357526,0,0,0
57031,290229,13704.8208223588,13685.2466357526,0,0,0
57032,290229,13704.8208223588,13685.2466357526,0,0,0
57033,290229,13704.8208223588,13685.2466357526,0,0,0
57034,290229,13704.8208223588,13685.2466357526,0,0,0
57035,290229,13704.8208223588,13685.2466357526,0,0,0
57036,290229,13703.7475493485,13685.126281919,1.08,1.08,1.08
57037,290229,13702.0183872762,13684.9323785204,1.74,0.66,-0.42
57038,290229,13697.9836757744,13684.479937257,4.07,2.33,1.67
57039,290229,13680.5364519677,13681.4747217229,6.32,2.25,-0.0800000000000001
57040,290229,13672.7785432831,13679.8805909752,7.92,1.6,-0.65
57041,290229,13663.5219476935,13677.9785031511,9.45,1.53,-0.0700000000000003
57042,290229,13655.1175466185,13676.2515281744,8.58,-0.869999999999999,-2.4
57043,290229,13649.2501384087,13675.0458661569,5.99,-2.59,-1.72
57044,290229,13644.2839014099,13674.0253809434,5.07,-0.92,1.67
57045,290229,13641.7567038838,13673.5060807755,2.58,-2.49,-1.57
57046,290229,13641.0318487794,13673.3571342158,0.74,-1.84,0.65
57047,290229,13640.4245377461,13673.2323411522,0.62,-0.12,1.72
57048,290229,13639.1805296615,13672.976716651,1.27,0.65,0.77
57049,290229,13636.4574253505,13672.4171606562,2.78,1.51,0.86
