"V1","V2","V3","V4","V5","acceleration","jerk"
58860,293577,14392.7683810161,13322.3380634334,13.47,0.149999999999999,0
58861,293577,14379.3344891149,13320.0941943673,13.62,0.149999999999999,0
58862,293577,14366.3740383379,13317.9294043872,13.14,-0.479999999999999,-0.629999999999997
58863,293577,14352.9302830799,13315.6838878401,13.63,0.49,0.969999999999999
58864,293577,14339.7429750976,13313.4812057979,13.37,-0.260000000000002,-0.750000000000002
58865,293577,14326.2400396991,13311.2258043651,13.69,0.32,0.580000000000002
58866,293577,14313.0527317167,13309.0231223229,13.37,-0.32,-0.640000000000001
58867,293577,14299.3821192534,13306.7397137138,13.86,0.49,0.81
58868,293577,14286.6287989683,13304.6095208338,12.93,-0.93,-1.42
58869,293577,14273.0469567157,13302.3409395533,13.77,0.84,1.77
58870,293577,14259.8793754469,13300.141552473,13.35,-0.42,-1.26
58871,293577,14246.7709743186,13297.9520502786,13.29,-0.0600000000000005,0.359999999999999
58872,293577,14231.3339559262,13295.311178609,12.98,-0.309999999999999,-0.249999999999998
58873,293577,14217.6963023268,13292.8385273393,13.86,0.879999999999999,1.19
58874,293577,14204.098007035,13290.3730121483,13.82,-0.0399999999999991,-0.919999999999998
58875,293577,14191.0212093195,13288.00205,13.29,-0.530000000000001,-0.490000000000002
58876,293577,14177.8460158349,13285.6132476551,13.39,0.100000000000001,0.630000000000003
58877,293577,14165.2021595035,13283.3207823725,12.86,-0.530000000000001,-0.630000000000003
58878,293577,14151.6333829425,13280.8606192405,13.78,0.92,1.45
58879,293577,14137.9760501892,13278.3843999315,13.89,0.110000000000001,-0.809999999999999
58880,293577,14125.1975184901,13275.5019603165,13.11,-0.780000000000001,-0.890000000000002
58912,293577,13724.7239587379,13282.6940344367,13.13,0.000625000000000042,0.02439453125
58913,293577,13713.8526810837,13290.7318029185,13.51,0.379999999999999,0.379374999999999
58914,293577,13697.3370997363,13301.6407483493,13.73,0.220000000000001,-0.159999999999998
58915,293577,13685.6265602955,13309.016984924,13.84,0.109999999999999,-0.110000000000001
58916,293577,13674.2206302621,13316.2013540734,13.48,-0.359999999999999,-0.469999999999999
58917,293577,13662.6877796424,13323.4656679833,13.64,0.16,0.52
58918,293577,13651.4699442153,13330.7698310079,13.38,-0.26,-0.42
58919,293577,13640.2454475923,13338.6943673074,13.74,0.359999999999999,0.619999999999999
58920,293577,13629.3803962761,13346.3651338855,13.3,-0.44,-0.799999999999999
58921,293577,13618.1640688647,13354.2839026914,13.73,0.43,0.869999999999999
58922,293577,13607.6176167976,13361.7297370164,12.92,-0.81,-1.24
58923,293577,13586.0841044626,13378.801661784,13.28,0.359999999999999,1.17
58924,293577,13574.1131796191,13386.3535084316,13.66,0.380000000000001,0.0200000000000014
58925,293577,13555.2404699486,13393.8932796522,13.58,-0.0800000000000001,-0.460000000000001
58926,293577,13541.5460828581,13395.2354280113,13.76,0.18,0.26
58927,293577,13527.9611712459,13396.5668469867,13.65,-0.109999999999999,-0.289999999999999
58928,293577,13514.2468795231,13397.9109461428,13.78,0.129999999999999,0.239999999999998
58929,293577,13497.5613618005,13397.3853019191,13.43,-0.35,-0.479999999999999
58930,293577,13484.5663993368,13394.9564440462,13.22,-0.209999999999999,0.140000000000001
58931,293577,13471.6795643974,13392.5477960346,13.11,-0.110000000000001,0.0999999999999979
58932,293577,13458.1931131869,13390.0270751559,13.72,0.610000000000001,0.720000000000002
58933,293577,13447.8268073359,13399.1064954427,13.68,-0.0400000000000009,-0.650000000000002
58934,293577,13445.9275750831,13412.5221994277,13.56,-0.119999999999999,-0.0799999999999983
