"V1","V2","V3","V4","V5","acceleration","jerk"
62168,298114,14401.0733274044,13323.7252424009,13.61,0.0500000000000007,0
62169,298114,14387.5901187194,13321.47313593,13.66,0.0500000000000007,0
62170,298114,14374.2943138128,13319.2523315972,13.48,-0.18,-0.23
62171,298114,14361.1168691872,13317.051297036,13.36,-0.120000000000001,0.0599999999999987
62172,298114,14348.0281947724,13314.8650898035,13.27,-0.0899999999999999,0.0300000000000011
62173,298114,14334.7817066495,13312.6525228756,13.43,0.16,0.25
62174,298114,14321.7127589482,13310.4696106049,13.25,-0.18,-0.34
62175,298114,14308.8608050956,13308.3229429154,13.02,-0.23,-0.0500000000000007
62176,298114,14295.2986895565,13306.0576565967,13.75,0.73,0.960000000000001
62177,298114,14281.7365740175,13303.7923702781,13.75,0,-0.73
62178,298114,14268.4999492513,13301.5814508312,13.42,-0.33,-0.33
62179,298114,14255.79594575,13299.459495356,12.88,-0.539999999999999,-0.209999999999999
62180,298114,14243.0524888217,13297.330949957,12.92,0.0399999999999991,0.579999999999998
62181,298114,14227.6244354306,13294.6386031915,12.98,0.0600000000000005,0.0200000000000014
62182,298114,14214.0654984464,13292.1802240792,13.78,0.799999999999999,0.739999999999998
62183,298114,14200.8411070773,13289.7825016358,13.44,-0.34,-1.14
62184,298114,14187.4888012083,13287.3615869367,13.57,0.130000000000001,0.470000000000001
62185,298114,14173.9495433779,13284.9067758637,13.76,0.19,0.0599999999999987
62186,298114,14160.3118897785,13282.434124594,13.86,0.0999999999999996,-0.0899999999999999
62187,298114,14147.1662150246,13280.050674308,13.36,-0.5,-0.6
62188,298114,14133.656475925,13277.6012152941,13.72,0.360000000000001,0.860000000000001
62220,298114,13730.104474195,13278.7352064823,13.34,-0.011875,-0.01162109375
62221,298114,13719.4652193993,13286.5821265869,13.22,-0.119999999999999,-0.108124999999999
62222,298114,13703.9115861131,13297.4996097521,12.93,-0.290000000000001,-0.170000000000002
62223,298114,13692.4295037279,13304.7319457578,13.57,0.640000000000001,0.930000000000001
62224,298114,13681.3789513365,13311.6924695776,13.06,-0.51,-1.15
62225,298114,13669.8799462064,13318.9354648847,13.59,0.529999999999999,1.04
62226,298114,13658.4909389179,13326.1091747326,13.47,-0.119999999999999,-0.649999999999999
62227,298114,13647.3199847651,13333.6997177911,13.5,0.0299999999999994,0.149999999999999
62228,298114,13636.5856408332,13341.2782044706,13.14,-0.359999999999999,-0.389999999999999
62229,298114,13626.0718656121,13348.700968821,12.87,-0.270000000000001,0.0899999999999981
62230,298114,13615.1006145462,13356.4467128168,13.43,0.56,0.830000000000002
62231,298114,13593.8365624401,13373.3803155207,12.99,-0.44,-1
62232,298114,13582.0016913457,13381.5229926476,13.87,0.879999999999999,1.32
62233,298114,13568.3510585592,13384.9443652429,13.53,-0.34,-1.22
62234,298114,13550.0422192654,13391.0886063099,13.86,0.33,0.67
62235,298114,13536.3079698003,13392.4341142548,13.8,-0.0599999999999987,-0.389999999999999
62236,298114,13524.3253347597,13393.6080211865,12.04,-1.76,-1.7
62237,298114,13515.378167898,13394.4845513622,8.98,-3.06,-1.3
62238,298114,13508.8991849981,13395.1192801101,6.51,-2.47,0.589999999999998
62239,298114,13504.7689578039,13395.5239074994,4.15,-2.36,0.110000000000001
62240,298114,13501.7633466891,13395.8183592381,3.02,-1.13,1.23
62241,298114,13500.93,13395.9,1.45,-1.57,-0.44
62242,298114,13496.9424697086,13393.9074816647,1.33,-0.12,1.45
62243,298114,13495.8120455911,13393.6961967514,1.15,-0.18,-0.0600000000000003
62244,298114,13494.8487276475,13393.5161452601,0.98,-0.17,0.0100000000000002
62245,298114,13493.6986439802,13393.3011858266,1.17,0.19,0.36
62246,298114,13492.4895816632,13393.0752028324,1.23,0.0600000000000001,-0.13
62247,298114,13490.562945776,13392.7150998497,1.96,0.73,0.67
62248,298114,13489.2162666099,13392.4633952138,1.37,-0.59,-1.32
62249,298114,13488.3512464157,13392.3017163237,0.89,-0.48,0.11
62250,298114,13487.6238430705,13392.1657590751,0.74,-0.15,0.33
62251,298114,13486.6998442266,13391.9930566242,0.94,0.2,0.35
62252,298114,13485.0189527128,13391.6788851445,1.71,0.77,0.57
62253,298114,13484.2424004929,13391.5337415953,0.79,-0.92,-1.69
62254,298114,13483.5149971478,13391.3977843468,0.74,-0.05,0.87
62255,298114,13482.6401471786,13391.2342681965,0.89,0.15,0.2
62256,298114,13482.3747432553,13391.1846621734,0.28,-0.61,-0.76
62257,298114,13482.2567859561,13391.162615052,0.12,-0.16,0.45
62258,298114,13482.1978073065,13391.1515914913,0.06,-0.06,0.1
62259,298114,13482.1683179817,13391.1460797109,0.03,-0.03,0.03
62260,298114,13482.1584882068,13391.1442424508,0.01,-0.02,0.01
62261,298114,13482.1584882068,13391.1442424508,0,-0.01,0.01
62262,298114,13482.1584882068,13391.1442424508,0,0,0.01
62263,298114,13482.1584882068,13391.1442424508,0,0,0
62264,298114,13482.1584882068,13391.1442424508,0,0,0
62265,298114,13482.1584882068,13391.1442424508,0,0,0
62266,298114,13482.1584882068,13391.1442424508,0,0,0
62267,298114,13482.1584882068,13391.1442424508,0,0,0
62268,298114,13482.1584882068,13391.1442424508,0,0,0
62269,298114,13482.1584882068,13391.1442424508,0,0,0
62270,298114,13482.1584882068,13391.1442424508,0,0,0
62271,298114,13482.1584882068,13391.1442424508,0,0,0
62272,298114,13482.1584882068,13391.1442424508,0,0,0
62273,298114,13482.1584882068,13391.1442424508,0,0,0
62274,298114,13480.0942354705,13390.7584178265,2.09,2.09,2.09
62275,298114,13476.9093883916,13390.1631455491,3.24,1.15,-0.94
62276,298114,13475.5135603509,13389.9022546126,1.43,-1.81,-2.96
62277,298114,13475.051560929,13389.8159033872,0.47,-0.96,0.85
62278,298114,13474.89428453,13389.7865072254,0.16,-0.31,0.65
62279,298114,13474.8156463305,13389.7718091444,0.08,-0.08,0.23
62280,298114,13474.7861570057,13389.7662973641,0.03,-0.05,0.03
62281,298114,13474.7861570057,13389.7662973641,0,-0.03,0.02
62282,298114,13474.7861570057,13389.7662973641,0,0,0.03
62283,298114,13474.7861570057,13389.7662973641,0,0,0
62284,298114,13474.7861570057,13389.7662973641,0,0,0
62285,298114,13474.7861570057,13389.7662973641,0,0,0
62286,298114,13474.7861570057,13389.7662973641,0,0,0
62287,298114,13474.7861570057,13389.7662973641,0,0,0
62288,298114,13474.7664974559,13389.7626228439,0.02,0.02,0.02
62289,298114,13474.6878592564,13389.7479247629,0.08,0.06,0.04
62290,298114,13474.6583699316,13389.7424129826,0.03,-0.05,-0.11
62291,298114,13474.5502424073,13389.7222031213,0.11,0.08,0.13
62292,298114,13474.3536469086,13389.685457919,0.2,0.09,0.01
62293,298114,13474.1177323102,13389.6413636762,0.23,0.03,-0.06
62294,298114,13473.6655626632,13389.5568497109,0.46,0.23,0.2
62295,298114,13473.4001587399,13389.5072436878,0.28,-0.18,-0.41
62296,298114,13472.6039469702,13389.3584256184,0.8,0.52,0.7
62297,298114,13471.6209694767,13389.1746996069,1.01,0.21,-0.31
62298,298114,13471.0999914052,13389.0773248207,0.53,-0.48,-0.69
62299,298114,13470.4217369347,13388.9505538727,0.68,0.15,0.63
62300,298114,13469.8319504386,13388.8403182658,0.6,-0.0800000000000001,-0.23
62301,298114,13468.8981218198,13388.6657785548,0.95,0.35,0.43
62302,298114,13468.6032285718,13388.6106607513,0.3,-0.65,-1
62303,298114,13468.2591864491,13388.5463566473,0.35,0.05,0.7
62304,298114,13467.7087190527,13388.4434700808,0.57,0.22,0.17
62305,298114,13466.8240393086,13388.2781166704,0.9,0.33,0.11
62306,298114,13465.7525938407,13388.0778553178,1.09,0.19,-0.14
62307,298114,13465.2119562193,13387.9768060115,0.55,-0.54,-0.73
62308,298114,13464.2879573754,13387.8041035606,0.94,0.39,0.93
62309,298114,13463.3836180814,13387.6350756299,0.92,-0.0199999999999999,-0.41
62310,298114,13462.4891085624,13387.4678849594,0.91,-0.01,0.0099999999999999
62311,298114,13461.8501731916,13387.3484630519,0.65,-0.26,-0.25
62312,298114,13461.3980035446,13387.2639490866,0.46,-0.19,0.07
62313,298114,13460.8671956981,13387.1647370403,0.54,0.08,0.27
62314,298114,13460.2675794271,13387.0526641733,0.6,0.0599999999999999,-0.0200000000000001
62315,298114,13459.9333670793,13386.9901973294,0.35,-0.25,-0.31
62316,298114,13459.5106867572,13386.9111951444,0.42,0.07,0.32
62317,298114,13459.1863041843,13386.8505655606,0.33,-0.09,-0.16
62318,298114,13458.930730036,13386.8027967976,0.26,-0.07,0.02
62319,298114,13458.4883901639,13386.7201200924,0.45,0.19,0.26
62320,298114,13457.5250722203,13386.540068601,0.98,0.53,0.34
62321,298114,13456.9254559493,13386.427995734,0.61,-0.37,-0.9
62322,298114,13455.4509897091,13386.1524067166,1.49,0.88,1.25
62323,298114,13454.713756589,13386.014612208,0.75,-0.74,-1.62
62324,298114,13453.3277583232,13385.7555585316,1.42,0.67,1.41
62325,298114,13442.6822566692,13383.6201953788,1.47,0.05,-0.62
62326,298114,13440.961428407,13383.2509392455,1.76,0.29,0.24
62327,298114,13439.3970390777,13382.9152518516,1.6,-0.16,-0.45
62328,298114,13437.0700099504,13382.4159168532,2.37,0.77,0.93
62329,298114,13435.7989436204,13382.1431708456,1.3,-1.07,-1.84
62330,298114,13434.6060967568,13381.8872092078,1.23,-0.0700000000000001,1
62331,298114,13432.8559361946,13381.5116589359,1.78,0.55,0.62
62332,298114,13431.9955220635,13381.3270308692,0.88,-0.9,-1.45
62333,298114,13430.7244557335,13381.0542848617,1.3,0.42,1.32
62334,298114,13430.0987000018,13380.9200099041,0.64,-0.66,-1.08
62335,298114,13429.1698438375,13380.720695514,0.95,0.31,0.97
62336,298114,13428.9547403047,13380.6745384973,0.23,-0.72,-1.03
62337,298114,13428.8471885384,13380.651459989,0.1,-0.13,0.59
62338,298114,13428.7983013718,13380.6409697579,0.05,-0.05,0.08
62339,298114,13428.7885239385,13380.6388717117,0.02,-0.03,0.02
62340,298114,13428.7885239385,13380.6388717117,0,-0.02,0.01
62341,298114,13428.7885239385,13380.6388717117,0,0,0.02
62342,298114,13428.7885239385,13380.6388717117,0,0,0
62343,298114,13428.7885239385,13380.6388717117,0,0,0
62344,298114,13428.7885239385,13380.6388717117,0,0,0
62345,298114,13428.7885239385,13380.6388717117,0,0,0
62346,298114,13428.7885239385,13380.6388717117,0,0,0
62347,298114,13428.7885239385,13380.6388717117,0,0,0
62348,298114,13428.7885239385,13380.6388717117,0,0,0
62349,298114,13428.7885239385,13380.6388717117,0,0,0
62350,298114,13428.7885239385,13380.6388717117,0,0,0
62351,298114,13428.7885239385,13380.6388717117,0,0,0
62352,298114,13428.7885239385,13380.6388717117,0,0,0
62353,298114,13428.7885239385,13380.6388717117,0,0,0
62354,298114,13428.7885239385,13380.6388717117,0,0,0
62355,298114,13428.7885239385,13380.6388717117,0,0,0
62356,298114,13428.7885239385,13380.6388717117,0,0,0
62357,298114,13428.7885239385,13380.6388717117,0,0,0
62358,298114,13428.7885239385,13380.6388717117,0,0,0
62359,298114,13428.7885239385,13380.6388717117,0,0,0
62360,298114,13428.7885239385,13380.6388717117,0,0,0
62361,298114,13428.7885239385,13380.6388717117,0,0,0
62362,298114,13428.7885239385,13380.6388717117,0,0,0
62363,298114,13428.7885239385,13380.6388717117,0,0,0
62364,298114,13428.7885239385,13380.6388717117,0,0,0
62365,298114,13428.7885239385,13380.6388717117,0,0,0
62366,298114,13428.7885239385,13380.6388717117,0,0,0
62367,298114,13428.7885239385,13380.6388717117,0,0,0
62368,298114,13428.7885239385,13380.6388717117,0,0,0
62369,298114,13428.7885239385,13380.6388717117,0,0,0
62370,298114,13428.7885239385,13380.6388717117,0,0,0
62371,298114,13428.7885239385,13380.6388717117,0,0,0
62372,298114,13428.7885239385,13380.6388717117,0,0,0
62373,298114,13428.7885239385,13380.6388717117,0,0,0
62374,298114,13428.7885239385,13380.6388717117,0,0,0
62375,298114,13428.7885239385,13380.6388717117,0,0,0
62376,298114,13428.7885239385,13380.6388717117,0,0,0
62377,298114,13428.7885239385,13380.6388717117,0,0,0
62378,298114,13428.7885239385,13380.6388717117,0,0,0
62379,298114,13428.7885239385,13380.6388717117,0,0,0
62380,298114,13428.7885239385,13380.6388717117,0,0,0
62381,298114,13428.7885239385,13380.6388717117,0,0,0
62382,298114,13428.7885239385,13380.6388717117,0,0,0
62383,298114,13428.7885239385,13380.6388717117,0,0,0
62384,298114,13428.7885239385,13380.6388717117,0,0,0
62385,298114,13428.7885239385,13380.6388717117,0,0,0
62386,298114,13428.7885239385,13380.6388717117,0,0,0
62387,298114,13428.7885239385,13380.6388717117,0,0,0
62388,298114,13428.7885239385,13380.6388717117,0,0,0
62389,298114,13428.7885239385,13380.6388717117,0,0,0
62390,298114,13428.7885239385,13380.6388717117,0,0,0
62391,298114,13428.7885239385,13380.6388717117,0,0,0
62392,298114,13428.7885239385,13380.6388717117,0,0,0
62393,298114,13428.7885239385,13380.6388717117,0,0,0
62394,298114,13428.7885239385,13380.6388717117,0,0,0
62395,298114,13428.7885239385,13380.6388717117,0,0,0
62396,298114,13428.7885239385,13380.6388717117,0,0,0
62397,298114,13428.7885239385,13380.6388717117,0,0,0
62398,298114,13428.7689690719,13380.6346756193,0.02,0.02,0.02
62399,298114,13428.739636772,13380.6283814806,0.02,0,-0.02
62400,298114,13428.7005270387,13380.6199892958,0.04,0.02,0.02
62401,298114,13428.5929752723,13380.5969107875,0.11,0.07,0.05
62402,298114,13428.4365363394,13380.5633420481,0.16,0.05,-0.02
62403,298114,13428.20187794,13380.512988939,0.24,0.08,0.03
62404,298114,13428.074771307,13380.4857143382,0.13,-0.11,-0.19
62405,298114,13427.7227837079,13380.4101846746,0.35,0.22,0.33
62406,298114,13427.0774731096,13380.2717136246,0.67,0.32,0.1
62407,298114,13426.520159411,13380.1521249905,0.57,-0.1,-0.42
62408,298114,13425.7868519129,13379.9947715246,0.74,0.17,0.27
62409,298114,13424.7308891157,13379.7681825338,1.09,0.35,0.18
62410,298114,13423.7042586183,13379.5478876815,1.05,-0.04,-0.39
62411,298114,13423.1469449198,13379.4282990474,0.56,-0.49,-0.45
62412,298114,13421.6290862807,13379.1158850426,1.56,1,1.49
62413,298114,13420.1960725607,13378.8945895877,1.44,-0.12,-1.12
62414,298114,13417.8736020491,13378.5359383332,2.35,0.91,1.03
62415,298114,13415.738905749,13378.2062844142,2.16,-0.19,-1.1
62416,298114,13413.3077238516,13377.8308452287,2.47,0.31,0.5
62417,298114,13412.1514300224,13377.6522826892,1.16,-1.31,-1.62
62418,298114,13411.0939647256,13377.4889819052,1.08,-0.0799999999999998,1.23
62419,298114,13409.6510681524,13377.2661602748,1.45,0.37,0.45
62420,298114,13408.4651257634,13377.0830192087,1.2,-0.25,-0.62
62421,298114,13407.8425060092,13376.9868701489,0.63,-0.57,-0.32
62422,298114,13407.1408234291,13376.8785116848,0.71,0.08,0.65
62423,298114,13406.6763293268,13376.8067814339,0.47,-0.24,-0.32
62424,298114,13405.9647638934,13376.6968967943,0.72,0.25,0.49
62425,298114,13405.539801204,13376.6312712456,0.43,-0.29,-0.54
62426,298114,13405.1148385146,13376.5656456969,0.44,0.01,0.3
