"V1","V2","V3","V4","V5","acceleration","jerk"
39149,301218,13645.5,13909.19,0,1.69,0
39150,301218,13643.8360796823,13909.4857518833,1.69,1.69,0
39151,301218,13639.6910474117,13910.2225065748,4.21,2.52,0.83
39152,301218,13633.7344095881,13911.2812633167,6.05,1.84,-0.68
39153,301218,13625.4640364115,13912.7512726773,8.4,2.35,0.510000000000001
39154,301218,13609.3447063497,13914.7194019595,10.23,1.83,-0.52
39155,301218,13597.9454441274,13914.849096938,11.4,1.17,-0.66
39156,301218,13584.6002633628,13915.1025109389,13.35,1.95,0.779999999999999
39157,301218,13571.3595883538,13915.9842281882,13.27,-0.0800000000000001,-2.03
39158,301218,13557.699346583,13913.5869248929,13.47,0.200000000000001,0.280000000000001
39159,301218,13544.5583203116,13914.460039165,13.17,-0.300000000000001,-0.500000000000002
39160,301218,13530.9483280304,13915.3643124126,13.64,0.470000000000001,0.770000000000001
39161,301218,13517.717499757,13916.243393297,13.26,-0.380000000000001,-0.850000000000001
39162,301218,13504.4386954494,13917.3152174251,13.33,0.0700000000000003,0.450000000000001
39163,301218,13494.9101301452,13918.9033116425,9.66,-3.67,-3.74
39164,301218,13488.2815629771,13920.0080728372,6.72,-2.94,0.73
39165,301218,13479.3886639617,13921.4044097327,8.8,2.08,5.02
39166,301218,13471.2917565649,13916.0996737279,7.71,-1.09,-3.17
39167,301218,13470.9172779601,13911.4046067091,4.71,-3,-1.91
39168,301218,13477.050837776,13904.2639612225,6.66,1.95,4.95
39169,301218,13485.3804842733,13902.9035975836,8.44,1.78,-0.170000000000001
39170,301218,13495.1016949367,13901.3159694031,9.85,1.41,-0.369999999999999
39171,301218,13506.0413240385,13896.1918106193,11.63,1.78,0.370000000000001
39172,301218,13519.7522209964,13894.7846699355,13.8,2.17,0.389999999999999
39173,301218,13533.0441217897,13893.6528690252,13.33,-0.470000000000001,-2.64
39174,301218,13545.8430942162,13892.6405444301,12.85,-0.48,-0.00999999999999979
39175,301218,13559.0891069628,13892.085309447,13.25,0.4,0.880000000000001
39176,301218,13572.4389204503,13892.0147414031,13.35,0.0999999999999996,-0.300000000000001
39177,301218,13586.138729048,13891.9423232606,13.7,0.35,0.25
39178,301218,13596.0185790643,13880.5310295821,13.24,-0.459999999999999,-0.809999999999999
39179,301218,13597.8767994377,13867.361493987,13.3,0.0600000000000005,0.52
39180,301218,13600.8917177274,13854.3381694013,13.41,0.109999999999999,0.0499999999999989
39181,301218,13605.312976948,13841.481924054,13.61,0.199999999999999,0.0899999999999999
39182,301218,13607.7807479134,13828.7488566128,12.97,-0.639999999999999,-0.839999999999998
39183,301218,13609.3105252612,13815.0006196152,13.84,0.869999999999999,1.51
39184,301218,13609.3728084462,13802.0307691609,12.97,-0.869999999999999,-1.74
39185,301218,13609.4354757989,13788.9809196291,13.05,0.0800000000000001,0.949999999999999
39186,301218,13609.4996318014,13775.6210736717,13.37,0.319999999999999,0.239999999999998
39187,301218,13605.2207043308,13760.0409366742,13.74,0.370000000000001,0.0500000000000025
39188,301218,13591.3888958759,13760.5170405148,13.84,0.0999999999999996,-0.270000000000001
39189,301218,13578.3865945331,13760.9645442251,13.01,-0.83,-0.93
39190,301218,13564.5643096132,13761.4256654603,13.83,0.82,1.65
39191,301218,13550.963923886,13761.9314889965,13.61,-0.220000000000001,-1.04
39192,301218,13537.5252980703,13762.2756935639,13.45,-0.16,0.0600000000000005
39193,301218,13523.9050435116,13761.7748637052,13.63,0.180000000000001,0.340000000000002
39194,301218,13510.2293344758,13761.4322526012,13.68,0.0499999999999989,-0.130000000000003
39195,301218,13496.4336630801,13761.0866361366,13.79,0.109999999999999,0.0600000000000005
39196,301218,13482.7879446343,13760.7447763728,13.65,-0.139999999999999,-0.249999999999998
39197,301218,13469.3921477717,13760.4091777767,13.4,-0.25,-0.110000000000001
39198,301218,13456.1663590974,13760.0753924552,13.23,-0.17,0.0800000000000001
39199,301218,13442.8006285036,13759.7375379093,13.37,0.139999999999999,0.309999999999999
39200,301218,13419.4334549879,13757.0000942246,13.59,0.220000000000001,0.0800000000000018
39201,301218,13405.981218417,13754.6849632909,13.65,0.0600000000000005,-0.16
