"V1","V2","V3","V4","V5","acceleration","jerk"
25695,301409,14041.095904554,14262.140796002,13.67,-0.82,0
25696,301409,14041.7491301412,14249.2973970729,12.85,-0.82,0
25697,301409,14043.3320791462,14226.8380178805,13.05,0.200000000000001,1.02
25698,301409,14044.5500370618,14203.9535641486,13.81,0.76,0.559999999999999
25699,301409,14044.3110505992,14191.0857832416,12.88,-0.93,-1.69
25700,301409,14044.0709499806,14178.15801268,12.93,0.0499999999999989,0.979999999999999
25701,301409,14043.3523594328,14165.178723204,13,0.0700000000000003,0.0200000000000014
25702,301409,14042.8534483989,14156.7033950227,8.49,-4.51,-4.58
25703,301409,14049.4718623329,14145.3933257755,8.19,-0.300000000000001,4.21
25704,301409,14056.8606243334,14144.440070248,7.46,-0.73,-0.429999999999999
25705,301409,14064.0311947043,14143.5149645481,7.23,-0.23,0.5
25706,301409,14071.2017650752,14142.5898588482,7.23,0,0.23
25707,301409,14077.3904731131,14141.7914273727,6.24,-0.99,-0.99
25708,301409,14080.9013747885,14141.3384710549,3.54,-2.7,-1.71
25709,301409,14085.7060231759,14138.8262494521,5.33,1.79,4.49
25710,301409,14085.1095655838,14131.490457856,7.36,2.03,0.24
25711,301409,14084.3356294418,14121.9718695758,9.55,2.19,0.16
25712,301409,14083.4409430536,14110.9681821818,11.03,1.48,-0.710000000000002
25713,301409,14084.9287658601,14098.3261899864,12.89,1.86,0.380000000000003
25714,301409,14088.1191425343,14085.0234122059,13.68,0.789999999999999,-1.07
25715,301409,14089.19506538,14071.4488577606,13.7,0.0199999999999996,-0.77
25716,301409,14089.2174548134,14057.8488761903,13.6,-0.0999999999999996,-0.119999999999999
25717,301409,14089.2393668251,14044.5388942269,13.31,-0.289999999999999,-0.19
25718,301409,14099.0299117254,14035.0243158199,13.14,-0.17,0.119999999999999
25719,301409,14112.7397302794,14035.0948510358,13.71,0.57,0.74
25720,301409,14125.5995600828,14035.1610131713,12.86,-0.850000000000001,-1.42
25721,301409,14144.6749024509,14033.5626374083,13.17,0.31,1.16
25722,301409,14157.6576472924,14031.9932111357,13.08,-0.0899999999999999,-0.4
25723,301409,14169.3502072377,14030.9388668246,11.74,-1.34,-1.25
25724,301409,14176.7003854656,14030.2760847959,7.38,-4.36,-3.02
25725,301409,14181.1025247295,14029.8791340416,4.42,-2.96,1.4
25726,301409,14183.7519573953,14029.6422999782,2.67,-1.75,1.21
25727,301409,14191.345073415,14033.919991206,2.45,-0.22,1.53
25728,301409,14191.33682674,14036.2299764857,2.31,-0.14,0.0799999999999996
25729,301409,14191.3278660673,14038.7399604909,2.51,0.2,0.34
25730,301409,14191.3212972872,14040.5799487657,1.84,-0.67,-0.869999999999999
25731,301409,14191.3155139048,14042.1999384423,1.62,-0.22,0.45
25732,301409,14191.3091236242,14043.9899270357,1.79,0.17,0.39
25733,301409,14191.3020907456,14045.959914482,1.97,0.18,0.01
25734,301409,14191.2958075647,14047.7199032665,1.76,-0.21,-0.39
25735,301409,14191.2870967912,14050.1598877178,2.44,0.68,0.89
25736,301409,14191.2800996124,14052.1198752278,1.96,-0.48,-1.16
25737,301409,14191.2716387381,14054.4898601251,2.37,0.41,0.89
25738,301409,14191.2618569679,14057.2298426647,2.73,0.36,-0.0500000000000003
25739,301409,14191.2542171911,14059.3698290277,2.14,-0.59,-0.95
25740,301409,14191.2452208184,14061.8898129691,2.52,0.38,0.97
25741,301409,14191.2379023407,14063.9397999056,2.05,-0.47,-0.85
25742,301409,14191.2285132692,14066.5697831462,2.63,0.58,1.05
25743,301409,14191.2200880948,14068.9297681072,2.36,-0.27,-0.85
25744,301409,14191.2131980158,14070.8597558084,1.93,-0.43,-0.16
25745,301409,14191.2069862346,14072.5997447204,1.73,-0.2,0.23
25746,301409,14191.1972044644,14075.3397272599,2.74,1.01,1.21
25747,301409,14191.1899573864,14077.3697143239,2.03,-0.71,-1.72
25748,301409,14191.1819606107,14079.6097000496,2.24,0.21,0.920000000000001
25749,301409,14191.1723930398,14082.2896829715,2.68,0.44,0.23
25750,301409,14191.1650031622,14084.3596697806,2.08,-0.6,-1.04
25751,301409,14191.158505782,14086.1796581828,1.81,-0.27,0.33
25752,301409,14191.1504019066,14088.4496437174,2.27,0.46,0.73
25753,301409,14191.1412627344,14091.0096274039,2.55,0.28,-0.18
25754,301409,14191.1326947604,14093.4096121101,2.41,-0.14,-0.419999999999999
25755,301409,14191.1271612772,14094.9596022328,1.54,-0.87,-0.73
25756,301409,14191.1193073011,14097.1595882135,2.21,0.67,1.54
25757,301409,14191.1122387226,14099.1395755961,1.98,-0.23,-0.9
25758,301409,14191.1036707486,14101.5395603022,2.39,0.41,0.64
25759,301409,14191.0958524724,14103.7295463466,2.2,-0.19,-0.6
25760,301409,14191.0867490001,14106.2795300969,2.55,0.35,0.54
25761,301409,14191.0803944194,14108.059518754,1.77,-0.78,-1.13
25762,301409,14191.1779738439,14109.9768637743,1.92,0.15,0.93
25763,301409,14191.3236201611,14112.6629179715,2.69,0.77,0.62
25764,301409,14191.4362388748,14114.7398669418,2.08,-0.61,-1.38
25765,301409,14191.5721393419,14117.2461851704,2.51,0.43,1.04
