"V1","V2","V3","V4","V5","acceleration","jerk"
74935,304603,13407.0990702216,13364.9817482659,13.19,0.210000000000001,0
74936,304603,13420.2656785898,13367.4718133409,13.4,0.210000000000001,0
74937,304603,13433.8351458708,13370.0380669741,13.81,0.41,0.199999999999999
74938,304603,13456.650959961,13373.2766751347,13.88,0.0700000000000003,-0.34
74939,304603,13470.08421734,13374.1247294894,13.46,-0.42,-0.49
74940,304603,13483.5474151144,13374.9746740098,13.49,0.0299999999999994,0.449999999999999
74941,304603,13496.5714870904,13375.7968960995,13.05,-0.44,-0.469999999999999
74942,304603,13509.5855789345,13376.6184881341,13.04,-0.0100000000000016,0.429999999999998
74943,304603,13523.097555945,13377.3733855654,13.54,0.5,0.510000000000002
74944,304603,13536.1990853543,13376.2453664437,13.15,-0.389999999999999,-0.889999999999999
74945,304603,13549.4583894576,13374.4448324037,13.43,0.279999999999999,0.669999999999998
74946,304603,13573.7350742078,13361.9063416612,13.18,-0.25,-0.529999999999999
74947,304603,13584.6548128844,13354.1225503463,13.42,0.24,0.49
74948,304603,13595.7944120713,13346.1820384008,13.67,0.25,0.00999999999999979
74949,304603,13606.7548656572,13338.3692247469,13.46,-0.209999999999999,-0.459999999999999
74950,304603,13617.4058859324,13330.7769808693,13.09,-0.370000000000001,-0.160000000000002
74951,304603,13628.5291991556,13322.8480778595,13.65,0.56,0.930000000000001
74952,304603,13639.5385106327,13315.0004373988,13.53,-0.120000000000001,-0.680000000000001
74953,304603,13650.3220065195,13307.4577237635,13.16,-0.369999999999999,-0.249999999999998
74954,304603,13660.9535155406,13300.1162378149,12.92,-0.24,0.129999999999999
74955,304603,13671.6343968946,13292.7406582783,12.98,0.0600000000000005,0.300000000000001
74956,304603,13682.924203688,13284.9445911563,13.72,0.74,0.68
74957,304603,13693.7367445964,13277.478095385,13.14,-0.58,-1.32
74996,304603,14185.5502308146,13275.0833470892,13.38,0.00615384615384616,0.0150295857988166
74997,304603,14198.5900680026,13277.1968148821,13.22,-0.16,-0.166153846153846
74998,304603,14212.2715323043,13279.4142761697,13.85,0.629999999999999,0.789999999999999
74999,304603,14226.895898994,13281.9432638671,12.91,-0.94,-1.57
75000,304603,14240.2862074244,13283.9510587115,13.54,0.629999999999999,1.57
75001,304603,14253.1919330535,13285.8861933288,13.05,-0.489999999999998,-1.12
75002,304603,14266.1075481275,13287.8228108079,13.06,0.00999999999999979,0.499999999999998
75003,304603,14279.0824998711,13289.7683254577,13.12,0.0599999999999987,0.0499999999999989
75004,304603,14291.9288888306,13291.6945629043,12.99,-0.129999999999999,-0.189999999999998
75005,304603,14305.3093078161,13293.7008748869,13.54,0.549999999999999,0.679999999999998
75006,304603,14319.0100447621,13295.9151725041,13.88,0.340000000000002,-0.209999999999997
75007,304603,14331.7335719791,13298.2166405485,12.93,-0.950000000000001,-1.29
75008,304603,14345.0573584073,13300.6266851982,13.53,0.6,1.55
75009,304603,14358.1646579069,13302.9975710722,13.32,-0.209999999999999,-0.809999999999999
75010,304603,14371.8131747282,13305.4663538855,13.87,0.549999999999999,0.759999999999998
75011,304603,14384.890953283,13307.8318999265,13.29,-0.58,-1.13
75012,304603,14397.6833627046,13310.1458275813,13,-0.289999999999999,0.290000000000001
