"V1","V2","V3","V4","V5","acceleration","jerk"
57905,30561,14352.5148178047,14267.1828371326,18.95,0.150000000000002,0
57906,30561,14353.8633743583,14248.1204790617,19.1,0.150000000000002,0
57907,30561,14355.1858207118,14229.4271985673,18.74,-0.360000000000003,-0.510000000000005
57908,30561,14357.1433268166,14210.931074213,18.6,-0.139999999999997,0.220000000000006
57909,30561,14359.1393403303,14192.3881933674,18.65,0.0499999999999972,0.189999999999994
57910,30561,14361.1867257735,14173.3680694759,19.13,0.48,0.430000000000003
57911,30561,14363.1438518207,14154.6602723602,18.81,-0.32,-0.800000000000001
57912,30561,14365.0709233978,14135.5270735911,19.23,0.420000000000002,0.740000000000002
57913,30561,14366.9749462768,14116.622717033,19,-0.23,-0.650000000000002
57914,30561,14368.8489056367,14098.0168503153,18.7,-0.300000000000001,-0.0700000000000003
57915,30561,14370.7549327503,14079.0925944345,19.02,0.32,0.620000000000001
57916,30561,14372.6589556293,14060.1882378764,19,-0.0199999999999996,-0.34
57917,30561,14373.8617646494,14041.4981259299,18.73,-0.27,-0.25
57918,30561,14375.0284961865,14022.2835159281,19.25,0.52,0.789999999999999
57919,30561,14376.0299262092,13999.7806941043,19.26,0.0100000000000016,-0.509999999999998
57920,30561,14375.5495669357,13978.9962442687,20.79,1.53,1.52
57921,30561,14375.034318653,13956.7021975475,22.3,1.51,-0.019999999999996
57922,30561,14374.4846434671,13932.9185486014,23.79,1.49,-0.0200000000000031
57923,30561,14373.9767888817,13910.944416452,21.98,-1.81,-3.3
57924,30561,14373.5324738827,13891.7195501538,19.23,-2.75,-0.940000000000001
57925,30561,14376.9997562533,13861.9104747228,18.5,-0.73,2.02
57926,30561,14376.3935409555,13828.2314824312,16.93,-1.57,-0.84
57927,30561,14375.8764231188,13811.7996173775,16.43,-0.5,1.07
57928,30561,14375.0183771582,13781.2347448065,17.84,1.41,1.91
57929,30561,14374.7123843076,13762.9511677471,18.29,0.449999999999999,-0.960000000000001
57930,30561,14375.5559627232,13744.0199534316,18.95,0.66,0.210000000000001
57931,30561,14376.4511797121,13723.9298890579,20.11,1.16,0.5
57932,30561,14375.2261198581,13692.5828893723,21.23,1.12,-0.0399999999999991
57933,30561,14372.3193555944,13669.9891043526,22.78,1.55,0.43
57934,30561,14369.3003019299,13646.5225128879,23.66,0.879999999999999,-0.670000000000002
57935,30561,14366.4764787011,13624.5734144469,22.13,-1.53,-2.41
57936,30561,14363.986971643,13605.2228988308,19.51,-2.62,-1.09
57937,30561,14360.2700549941,13585.8614014173,19.73,0.219999999999999,2.84
57938,30561,14354.7386998772,13561.8255234719,17.84,-1.89,-2.11
57939,30561,14349.5566215776,13543.2970385164,19.23,1.39,3.28
57940,30561,14345.2558882058,13528.2183750324,15.69,-3.54,-4.93
57941,30561,14338.207668477,13501.5374453769,17.51,1.82,5.36
57942,30561,14336.0764924798,13486.9684215884,14.74,-2.77,-4.59
57943,30561,14333.7835000541,13470.4366858738,16.68,1.94,4.71
57944,30561,14331.7006450437,13448.9391153093,12.38,-4.3,-6.24
57945,30561,14331.2345861015,13435.2744248906,13.77,1.39,5.69
57946,30561,14331.2683114682,13403.0061284694,15.42,1.65,0.260000000000002
57947,30561,14332.494553224,13381.8683365403,13.63,-1.79,-3.44
57948,30561,14333.0794549596,13366.629557391,15.24,1.61,3.4
57949,30561,14333.7226550978,13349.8718966479,16.78,1.54,-0.0699999999999985
57950,30561,14334.8588359573,13331.6474115557,18.26,1.48,-0.0600000000000005
57951,30561,14335.2588310919,13322.2875806553,9.38,-8.88,-10.36
57952,30561,14335.3784993433,13317.4590690235,4.83,-4.55,4.33
57953,30561,14335.4453103675,13314.3497867451,3.11,-1.72,2.83
57954,30561,14335.4777491605,13312.8401352208,1.51,-1.6,0.12
57955,30561,14335.4833346481,13312.5801952233,0.27,-1.24,0.36
57956,30561,14335.4880608299,13312.3602459946,0.22,-0.05,1.19
57957,30561,14335.4889201356,13312.3202552257,0.04,-0.18,-0.13
57958,30561,14335.4893497885,13312.3002598413,0.02,-0.02,0.16
57959,30561,14335.4893497885,13312.3002598413,0,-0.02,0
57960,30561,14335.3286533958,13309.5650287463,2.29,2.29,2.31
57961,30561,14335.0717624491,13305.7035643813,3.87,1.58,-0.71
57962,30561,14334.6681715045,13299.6369743713,6.08,2.21,0.63
57963,30561,14334.1583724165,13291.9739133061,7.68,1.6,-0.61
57964,30561,14333.5556412032,13282.9139400675,9.08,1.4,-0.199999999999999
