"V1","V2","V3","V4","V5","acceleration","jerk"
42058,305969,14337.66,13993.95,0,1.84,0
42059,305969,14335.8482778219,13994.2713452181,1.84,1.84,0
42060,305969,14332.683084505,13994.7331414113,3.2,1.36,-0.48
42061,305969,14327.3072894276,13995.2730509043,5.41,2.21,0.85
42062,305969,14319.5048328621,13994.9298723168,7.81,2.4,0.19
42063,305969,14309.9023265312,13993.7067455017,9.69,1.88,-0.52
42064,305969,14298.3775278905,13991.2502133534,11.8,2.11,0.230000000000001
42065,305969,14285.5831579932,13987.4039555706,13.36,1.56,-0.550000000000002
42066,305969,14272.6501174924,13985.0492925798,13.29,-0.0700000000000003,-1.63
42067,305969,14258.9019221716,13985.6208861694,13.82,0.530000000000001,0.600000000000001
42068,305969,14247.7606439542,13991.6574453711,12.93,-0.890000000000001,-1.42
42069,305969,14244.0086343839,14003.5262106081,12.98,0.0500000000000007,0.940000000000001
42070,305969,14246.3946842436,14016.9269111816,13.66,0.68,0.629999999999999
42071,305969,14255.210450622,14027.1444014821,13.88,0.220000000000001,-0.459999999999999
42072,305969,14268.341344841,14029.1166214372,13.45,-0.430000000000001,-0.650000000000002
42073,305969,14295.4915047772,14025.3897682694,13.18,-0.27,0.160000000000002
42074,305969,14306.4496341103,14018.0414727387,13.29,0.109999999999999,0.379999999999999
42075,305969,14311.8517646559,14003.3110139908,13.14,-0.149999999999999,-0.259999999999998
42076,305969,14312.100876462,13989.5832740709,13.73,0.59,0.739999999999998
42077,305969,14312.3519840655,13975.745552258,13.84,0.109999999999999,-0.48
42078,305969,14312.5887582147,13962.6977004041,13.05,-0.789999999999999,-0.899999999999999
42079,305969,14312.8404101266,13948.8299835294,13.87,0.819999999999999,1.61
42080,305969,14313.0895219327,13935.1022436095,13.73,-0.139999999999999,-0.959999999999997
42081,305969,14313.3310134213,13921.7944345539,13.31,-0.42,-0.280000000000001
42082,305969,14313.5221568077,13908.5761499742,13.22,-0.0899999999999999,0.33
42083,305969,14313.532818343,13894.7161540748,13.87,0.649999999999999,0.739999999999998
42084,305969,14313.5429414169,13881.5561579683,13.16,-0.709999999999999,-1.36
42085,305969,14313.5513644914,13870.606161208,10.94,-2.22,-1.51
42086,305969,14313.5573337204,13862.8461635038,7.77,-3.17,-0.949999999999999
42087,305969,14313.95636273,13857.0909332908,4.73,-3.04,0.130000000000001
42088,305969,14320.932706485,13834.715401919,2.97,-1.76,1.28
42089,305969,14333.61117518,13834.3127625301,4.91,1.94,3.7
42090,305969,14340.3447351352,13832.5918121155,6.95,2.04,0.1
42091,305969,14348.975976069,13829.6569574885,9.12,2.17,0.129999999999999
42092,305969,14358.6173760465,13823.9855827896,10.91,1.79,-0.379999999999998
42093,305969,14363.8428327579,13817.4539421725,8.4,-2.51,-4.3
42094,305969,14366.5936255313,13813.2666710901,5.01,-3.39,-0.880000000000001
42095,305969,14367.741161838,13811.5198853491,2.09,-2.92,0.470000000000001
42096,305969,14368.1474665591,13810.9014061873,0.74,-1.35,1.57
42097,305969,14368.4494497977,13810.4417257291,0.54,-0.2,1.15
42098,305969,14368.487884028,13810.3832209435,0.07,-0.47,-0.27
42099,305969,14368.487884028,13810.3832209435,0,-0.07,0.4
42100,305969,14372.0898201089,13796.630480552,1.68,1.68,1.75
42101,305969,14372.0039595083,13793.0415074457,3.59,1.91,0.23
42102,305969,14371.8846156651,13788.0529347995,4.99,1.4,-0.51
42103,305969,14371.7305927492,13781.6147769153,6.44,1.45,0.0499999999999998
42104,305969,14371.5308891238,13773.2671653729,8.34,1.9,0.449999999999999
42105,305969,14371.3856796307,13763.6208082844,9.66,1.32,-0.579999999999999
42106,305969,14371.878162805,13752.5717784481,11.05,1.39,0.0700000000000003
42107,305969,14372.4548044964,13739.63462326,12.95,1.9,0.509999999999998
42108,305969,14373.1222839523,13724.6594915018,14.99,2.04,0.140000000000002
42109,305969,14372.6281188962,13698.229869164,16.62,1.63,-0.41
42110,305969,14370.3576782337,13680.5954284528,17.78,1.16,-0.470000000000001
42111,305969,14367.9071857526,13661.5625309697,19.19,1.41,0.25
42112,305969,14365.2983498282,13641.2997849781,20.43,1.24,-0.170000000000002
42113,305969,14362.7393154707,13621.4238461788,20.04,-0.390000000000001,-1.63
42114,305969,14360.5173994118,13604.1662945266,17.4,-2.64,-2.25
42115,305969,14357.4512745144,13588.4031267358,16.07,-1.33,1.31
42116,305969,14354.1874735498,13573.4041233268,15.35,-0.720000000000001,0.609999999999998
42117,305969,14348.6870722136,13552.2511897836,15.47,0.120000000000001,0.840000000000002
42118,305969,14344.4350538848,13537.3562094167,15.49,0.0199999999999996,-0.100000000000001
42119,305969,14337.4517868427,13511.777732309,16.4,0.909999999999998,0.889999999999999
42120,305969,14333.8680507975,13494.9727366795,17.2,0.800000000000001,-0.109999999999998
42121,305969,14331.4158723705,13477.3626480664,17.79,0.59,-0.210000000000001
42122,305969,14328.394189307,13449.0398641913,18.69,0.900000000000002,0.310000000000002
42123,305969,14330.6450596132,13411.6846235816,20.3,1.61,0.709999999999997
42124,305969,14332.4546648433,13382.907571315,21.31,1.01,-0.600000000000001
42125,305969,14333.3253054597,13360.2242738273,22.69,1.38,0.370000000000005
42126,305969,14334.5484630447,13336.5776517786,23.69,1,-0.380000000000003
42127,305969,14335.4282235301,13311.0617203606,25.08,1.39,0.389999999999997
42128,305969,14333.7441606576,13285.7476761905,25.37,0.290000000000003,-1.09999999999999
