"V1","V2","V3","V4","V5","acceleration","jerk"
30938,309851,13415.9521923607,13503.2376614802,11.9,-3.78,0
30939,309851,13423.8935045463,13504.8831585997,8.12,-3.78,0
30940,309851,13428.4272006523,13505.8225731081,4.63,-3.49,0.290000000000002
30941,309851,13437.9988334818,13515.0994788838,6.83,2.2,5.69
30942,309851,13437.8613366011,13523.1683074609,8.06,1.23,-0.97
30943,309851,13437.6863560602,13533.4368166911,10.27,2.21,0.979999999999999
30944,309851,13437.4905891259,13544.9251488289,11.49,1.22,-0.989999999999998
30945,309851,13437.2736950377,13557.6533009711,12.73,1.24,0.0199999999999996
30946,309851,13437.0496449781,13570.801392147,13.15,0.42,-0.82
30947,309851,13436.8257652987,13583.9394847745,13.14,-0.00999999999999979,-0.43
30948,309851,13436.6064858867,13596.8076165946,12.87,-0.270000000000001,-0.260000000000002
30949,309851,13436.3769836583,13610.2756613201,13.47,0.600000000000001,0.870000000000003
30950,309851,13436.1541262605,13623.3537626571,13.09,-0.380000000000001,-0.980000000000002
30951,309851,13435.9309281022,13636.4518610909,13.1,0.00999999999999979,0.390000000000001
30952,309851,13435.137375189,13661.5711820646,13.37,0.27,0.26
30953,309851,13434.626353878,13674.9714416598,13.41,0.0400000000000009,-0.229999999999999
30954,309851,13434.1035192481,13688.6814760854,13.72,0.31,0.27
30955,309851,13433.5814467678,13702.371525038,13.7,-0.0200000000000014,-0.330000000000002
30956,309851,13433.0540392402,13716.2014723011,13.84,0.140000000000001,0.160000000000002
30957,309851,13432.5540690985,13729.3119425389,13.12,-0.720000000000001,-0.860000000000001
30958,309851,13432.191285886,13738.8250276505,9.52,-3.6,-2.88
30959,309851,13431.924152449,13745.8299359102,7,-2.52,1.08
30960,309851,13431.7812493978,13749.5772120834,3.75,-3.25,-0.73
30961,309851,13437.6801959611,13756.0971030708,5.52,1.77,5.02
30962,309851,13444.6956855468,13756.4898575781,7.03,1.51,-0.259999999999999
30963,309851,13453.0030918831,13756.6974628883,8.32,1.29,-0.220000000000001
30964,309851,13463.1599208092,13756.9512859872,10.16,1.84,0.55
30965,309851,13475.2861254791,13757.2547002825,12.13,1.97,0.130000000000001
30966,309851,13488.9918306574,13757.5978410195,13.71,1.58,-0.390000000000001
30967,309851,13502.1477081298,13757.9272160814,13.15,-0.56,-2.14
30968,309851,13515.2036169284,13758.2540882933,13.06,-0.0899999999999999,0.470000000000001
30969,309851,13529.0592477873,13758.6017643501,13.86,0.799999999999999,0.889999999999999
30970,309851,13542.3761847172,13758.9885437629,13.33,-0.529999999999999,-1.33
30971,309851,13555.9546057561,13758.4276675816,13.59,0.26,0.789999999999999
30972,309851,13569.0067282295,13757.9805660831,13.06,-0.529999999999999,-0.789999999999999
30973,309851,13582.4688601383,13757.52024011,13.46,0.4,0.93
30974,309851,13592.8926824605,13757.1613136599,10.43,-3.03,-3.43
30975,309851,13599.7586133668,13756.9248971007,6.87,-3.56,-0.529999999999998
30976,309851,13603.666297478,13756.790342698,3.91,-2.96,0.6
30977,309851,13612.8465596151,13765.7599665472,5.33,1.42,4.38
30978,309851,13612.8120626273,13772.689880685,6.93,1.6,0.18
30979,309851,13612.7695511877,13781.2297748751,8.53,1.6,0
30980,309851,13612.7187764004,13791.4296484979,10.21,1.68,0.0800000000000018
30981,309851,13612.6606840702,13803.0995039075,11.66,1.45,-0.230000000000002
30982,309851,13612.5250747414,13816.0355976958,12.95,1.29,-0.16
30983,309851,13611.0892849417,13828.9807983855,13.03,0.0800000000000001,-1.21
30984,309851,13608.5456307808,13842.1269736281,13.38,0.350000000000001,0.270000000000001
30985,309851,13604.2978778916,13854.4690978976,13.08,-0.300000000000001,-0.650000000000002
30986,309851,13601.2624384054,13866.9545955971,12.89,-0.19,0.110000000000001
30987,309851,13599.8572707834,13876.9260744291,10.07,-2.82,-2.63
30988,309851,13599.044022568,13882.7091728495,5.84,-4.23,-1.41
30989,309851,13598.6604946787,13885.894948431,3.21,-2.63,1.6
30990,309851,13604.0080098381,13894.8326901345,4.97,1.76,4.39
30991,309851,13610.8522818511,13894.5526176225,6.85,1.88,0.12
30992,309851,13619.5050403376,13894.1985405488,8.66,1.81,-0.0699999999999994
30993,309851,13630.2837196945,13892.9120971913,10.88,2.22,0.41
30994,309851,13639.3737701231,13890.9192521791,9.31,-1.57,-3.79
30995,309851,13644.6775002213,13889.4257505738,5.51,-3.8,-2.23
30996,309851,13647.5170653375,13888.6261444512,2.95,-2.56,1.24
30997,309851,13648.633640095,13888.3117230606,1.17,-1.78,0.779999999999999
30998,309851,13654.2194602278,13889.817377603,0.64,-0.53,1.25
30999,309851,13654.319267452,13889.8235838898,0.11,-0.53,-1.11022302462516e-16
31000,309851,13654.3392288968,13889.8248251471,0.01,-0.1,0.43
31001,309851,13654.3392288968,13889.8248251471,0,-0.01,0.09
31002,309851,13654.3392288968,13889.8248251471,0,0,0.01
31003,309851,13654.3392288968,13889.8248251471,0,0,0
31004,309851,13654.3392288968,13889.8248251471,0,0,0
31005,309851,13654.3392288968,13889.8248251471,0,0,0
31006,309851,13654.3392288968,13889.8248251471,0,0,0
31007,309851,13654.3392288968,13889.8248251471,0,0,0
31008,309851,13654.3392288968,13889.8248251471,0,0,0
31009,309851,13654.3392288968,13889.8248251471,0,0,0
31010,309851,13654.3392288968,13889.8248251471,0,0,0
31011,309851,13654.3392288968,13889.8248251471,0,0,0
31012,309851,13654.3392288968,13889.8248251471,0,0,0
31013,309851,13655.3772240286,13889.8893705297,1.05,1.05,1.05
31014,309851,13658.1618455841,13890.062525931,2.78,1.73,0.68
31015,309851,13660.6570261893,13890.2176831006,2.5,-0.28,-2.01
31016,309851,13661.2159466449,13890.2524383066,0.56,-1.94,-1.66
31017,309851,13661.7848478228,13890.2878141413,0.58,0.0199999999999999,1.96
31018,309851,13661.8147899901,13890.2896760273,0.03,-0.55,-0.57
31019,309851,13661.8147899901,13890.2896760273,0,-0.03,0.52
31020,309851,13661.8147899901,13890.2896760273,0,0,0.03
31021,309851,13661.8147899901,13890.2896760273,0,0,0
31022,309851,13661.8147899901,13890.2896760273,0,0,0
31023,309851,13661.8147899901,13890.2896760273,0,0,0
31024,309851,13661.8147899901,13890.2896760273,0,0,0
31025,309851,13661.8147899901,13890.2896760273,0,0,0
31026,309851,13661.8147899901,13890.2896760273,0,0,0
31027,309851,13661.8147899901,13890.2896760273,0,0,0
31028,309851,13674.4207529232,13900.720593058,1.69,1.69,1.69
31029,309851,13675.7211349529,13904.5455906497,4.04,2.35,0.66
31030,309851,13677.5204259296,13909.8380996937,5.59,1.55,-0.8
31031,309851,13677.7362805769,13926.3565546587,7.84,2.25,0.7
31032,309851,13674.0777099615,13935.3617343378,9.72,1.88,-0.369999999999999
31033,309851,13669.7228064615,13946.0808628241,11.58,1.86,-0.0200000000000014
31034,309851,13664.5586512306,13958.791877762,13.71,2.13,0.270000000000001
31035,309851,13660.1209405768,13969.7148271875,11.79,-1.92,-4.05
31036,309851,13656.9930885383,13977.4136999378,8.31,-3.48,-1.56
31037,309851,13655.0697041921,13982.147904481,5.11,-3.2,0.279999999999998
31038,309851,13653.8464166921,13985.1588956288,3.25,-1.86,1.34
31039,309851,13653.4170522651,13993.2993148935,4.55,1.3,3.16
31040,309851,13654.3514315964,13999.0843417098,5.86,1.31,0.0100000000000007
31041,309851,13655.5106359886,14006.2613289034,7.27,1.41,0.0999999999999988
31042,309851,13656.9983082004,14015.4719603362,9.33,2.06,0.650000000000001
31043,309851,13658.6789153935,14025.877110958,10.54,1.21,-0.850000000000001
31044,309851,13660.4491834513,14041.1629973856,11.89,1.35,0.140000000000002
31045,309851,13657.8873163222,14054.9930545234,13.67,1.78,0.429999999999998
31046,309851,13658.7134635733,14070.2707336901,15.3,1.63,-0.149999999999999
31047,309851,13659.631944929,14087.2559181754,17.01,1.71,0.0800000000000001
31048,309851,13660.3851968345,14101.1855668273,13.95,-3.06,-4.77
31049,309851,13660.933261841,14111.3207592157,10.15,-3.8,-0.739999999999997
31050,309851,13661.1554741823,14118.006797953,6.69,-3.46,0.339999999999999
31051,309851,13661.2490796908,14121.1954243044,3.19,-3.5,-0.0400000000000005
31052,309851,13661.2872261362,14122.4948645103,1.29,-1.9,1.6
31053,309851,13661.2951488595,14122.7647482453,0.27,-1.02,0.88
31054,309851,13661.3,14122.93,0.17,-0.1,0.92
31055,309851,13661.3,14122.93,0.06,-0.11,-0.01
31056,309851,13661.3,14122.93,0.02,-0.04,0.07
31057,309851,13661.3,14122.93,0,-0.02,0.02
31058,309851,13661.3,14122.93,0,0,0.02
31059,309851,13661.3,14122.93,0,0,0
31060,309851,13661.3,14122.93,0,0,0
31061,309851,13661.3,14122.93,0,0,0
31062,309851,13661.3,14122.93,0,0,0
31063,309851,13661.3,14122.93,0,0,0
31064,309851,13661.3,14122.93,0,0,0
