"V1","V2","V3","V4","V5","acceleration","jerk"
52160,310004,13830.3966400392,14271.2762979491,13.19,0.610000000000001,0
52161,310004,13828.9871568941,14257.5518361277,13.8,0.610000000000001,0
52162,310004,13827.4755039124,14244.0361080577,13.6,-0.200000000000001,-0.810000000000002
52163,310004,13825.8983362476,14231.0457445413,13.09,-0.51,-0.309999999999999
52164,310004,13819.3519599221,14202.940153968,13.14,0.0500000000000007,0.56
52165,310004,13818.8181085962,14189.8734149686,13.08,-0.0600000000000005,-0.110000000000001
52166,310004,13816.2555803069,14176.4262166527,13.7,0.619999999999999,0.68
52167,310004,13813.5611112469,14163.7903060608,12.92,-0.779999999999999,-1.4
52168,310004,13811.2599837199,14150.6752444678,13.31,0.390000000000001,1.17
52169,310004,13809.7241975891,14137.5895810934,13.19,-0.120000000000001,-0.510000000000002
52170,310004,13808.9287852826,14124.062947393,13.56,0.370000000000001,0.490000000000002
52171,310004,13808.3674552254,14111.99219105,12.09,-1.47,-1.84
52172,310004,13808.6642137205,14103.9976970451,7.99,-4.1,-2.63
52173,310004,13808.8229795154,14099.7206427524,4.29,-3.7,0.399999999999999
52174,310004,13818.348786729,14089.2082364625,6.21,1.92,5.62
52175,310004,13826.0530962684,14089.3200271418,7.71,1.5,-0.42
52176,310004,13835.5030120694,14089.3599189065,9.45,1.74,0.239999999999999
52177,310004,13846.9923209608,14089.4734625839,11.49,2.04,0.300000000000002
52178,310004,13859.9710703336,14089.6536422662,12.97,1.48,-0.56
52179,310004,13873.5309159247,14087.3862966102,13.81,0.84,-0.640000000000001
52180,310004,13887.0935278071,14084.5305727217,13.86,0.0499999999999989,-0.790000000000001
52181,310004,13900.6072125182,14081.6851508674,13.8,-0.0599999999999987,-0.109999999999998
52182,310004,13913.5533420423,14078.9592326102,13.24,-0.56,-0.500000000000002
52183,310004,13926.3820463553,14076.2580392351,13.11,-0.130000000000001,0.43
52184,310004,13935.7858486778,14074.2779882561,9.6,-3.51,-3.38
52185,310004,13943.5163417421,14072.6502668478,7.9,-1.7,1.81
52186,310004,13947.4051787679,14061.8290404649,8.12,0.219999999999999,1.92
52187,310004,13947.7718420023,14054.4281176797,7.41,-0.709999999999999,-0.929999999999998
52188,310004,13948.183534055,14046.1183096402,8.32,0.91,1.62
52189,310004,13948.5818659088,14038.078170852,8.05,-0.27,-1.18
52190,310004,13948.5785371696,14030.7938153993,7.28,-0.77,-0.500000000000001
52191,310004,13948.3502297739,14023.5374061128,7.26,-0.0200000000000005,0.75
52192,310004,13948.1109158234,14015.9311699324,7.61,0.350000000000001,0.370000000000001
52193,310004,13947.9329241072,14010.273969304,5.67,-1.94,-2.29
52194,310004,13947.8439282491,14007.4453689899,2.83,-2.84,-0.899999999999999
52195,310004,13955.4399451102,13997.887916793,4.32,1.49,4.33
52196,310004,13961.4696962489,13997.8331335313,6.03,1.71,0.22
52197,310004,13968.9593871325,13997.7650859972,7.49,1.46,-0.25
52198,310004,13978.5889896973,13997.6775963105,9.63,2.14,0.680000000000001
52199,310004,13989.9985188004,13997.5739351137,11.41,1.78,-0.360000000000001
52200,310004,14003.5679587593,13997.4506500619,13.57,2.16,0.380000000000001
52201,310004,14017.1173995435,13997.3275467125,13.55,-0.0199999999999996,-2.18
52202,310004,14029.6793569623,13985.669863433,13.71,0.16,0.18
52203,310004,14027.9260593939,13967.2946790137,13.76,0.0499999999999989,-0.110000000000001
52204,310004,14026.5550963003,13956.6319327538,10.79,-2.97,-3.02
52205,310004,14026.3348231461,13949.0751424472,7.55,-3.24,-0.269999999999999
52206,310004,14026.2433340318,13945.9364755738,3.15,-4.4,-1.16
52207,310004,14026.1736974129,13943.5474902785,2.39,-0.76,3.64
52208,310004,14026.149222618,13942.7078469111,0.83,-1.56,-0.8
52209,310004,14026.1474744184,13942.6478723848,0.07,-0.76,0.8
52210,310004,14026.1466003185,13942.6178851217,0.02,-0.05,0.71
52211,310004,14026.1419384528,13942.4579530517,0.16,0.14,0.19
52212,310004,14026.1256219229,13941.8981908068,0.56,0.4,0.26
52213,310004,14026.1046435273,13941.1784964919,0.72,0.16,-0.24
52214,310004,14026.1084125298,13939.3401355616,1.84,1.12,0.96
52215,310004,14026.2948700352,13936.185641371,3.15,1.31,0.19
52216,310004,14026.5751463488,13931.4439175085,4.75,1.6,0.29
52217,310004,14026.9173784791,13925.654023108,5.8,1.05,-0.55
52218,310004,14027.5144684912,13918.1355970488,7.55,1.75,0.7
52219,310004,14029.1739345407,13909.1576756618,9.13,1.58,-0.169999999999999
52220,310004,14031.0969521535,13898.7539069571,10.58,1.45,-0.130000000000002
52221,310004,14051.1825957107,13883.2851096807,12.62,2.04,0.59
52222,310004,14062.6197269085,13880.5194763485,12.08,-0.539999999999999,-2.58
52223,310004,14076.1143754526,13881.8491607734,13.55,1.47,2.01
52224,310004,14089.5896820255,13883.0575556564,13.53,-0.0200000000000014,-1.49
52225,310004,14102.5042884109,13883.5289326408,12.93,-0.6,-0.579999999999998
52226,310004,14115.4050427288,13884.3980920226,12.93,0,0.6
52227,310004,14128.5352768218,13885.2827120895,13.16,0.23,0.23
52228,310004,14141.4417229847,13885.8001975106,12.92,-0.24,-0.470000000000001
52229,310004,14157.8832750833,13885.4596383514,13.72,0.800000000000001,1.04
52230,310004,14174.1711567025,13881.9235629955,15.29,1.57,0.769999999999998
52231,310004,14187.7920862306,13872.4765920229,16.6,1.31,-0.259999999999996
52232,310004,14206.7116246889,13885.5158637795,16.15,-0.450000000000003,-1.76000000000001
52233,310004,14211.671683658,13898.3293494498,13.74,-2.41,-1.96
52234,310004,14231.8002293537,13921.960108558,13.06,-0.68,1.73
52235,310004,14242.5394801702,13929.0480150025,12.87,-0.190000000000001,0.489999999999998
52236,310004,14253.4672028691,13936.8195895705,13.42,0.550000000000001,0.740000000000002
52237,310004,14264.3017100503,13944.183006636,13.1,-0.32,-0.870000000000001
52238,310004,14276.0936445298,13951.2549781595,13.75,0.65,0.970000000000001
52239,310004,14287.8475988563,13957.2607418696,13.2,-0.550000000000001,-1.2
52240,310004,14300.081822842,13962.3901735932,13.29,0.0899999999999999,0.640000000000001
52241,310004,14312.6380593386,13966.6526288765,13.27,-0.0199999999999996,-0.109999999999999
52242,310004,14325.9454340046,13970.2281413835,13.79,0.52,0.539999999999999
52243,310004,14338.8476828372,13973.0629385652,13.22,-0.569999999999999,-1.09
52244,310004,14352.271349848,13975.2840651456,13.6,0.379999999999999,0.949999999999998
52245,310004,14365.5005348739,13976.8949394907,13.35,-0.25,-0.629999999999999
52246,310004,14380.9567461656,13974.5321405933,13.59,0.24,0.49
52247,310004,14394.4824244779,13975.3436368613,13.55,-0.0399999999999991,-0.279999999999999
