"V1","V2","V3","V4","V5","acceleration","jerk"
60964,312336,13405.6743252862,13364.7123009257,13.25,-0.33,0
60965,312336,13418.3791197788,13367.1150278973,12.92,-0.33,0
60966,312336,13431.5359023199,13369.6032347148,13.39,0.470000000000001,0.800000000000001
60967,312336,13454.2357680696,13373.1242017664,13.79,0.399999999999999,-0.0700000000000021
60968,312336,13467.7289062394,13373.9760364525,13.52,-0.27,-0.669999999999998
60969,312336,13481.332913527,13371.5273888096,12.99,-0.529999999999999,-0.26
60970,312336,13494.1972206276,13372.3408399882,12.89,-0.0999999999999996,0.43
60971,312336,13507.3110294176,13373.1700679546,13.14,0.25,0.35
60972,312336,13520.8939013835,13374.028956282,13.6,0.459999999999999,0.209999999999999
60973,312336,13534.0166025749,13373.1412815484,13.17,-0.43,-0.889999999999999
60974,312336,13547.3792936842,13371.6125007097,13.48,0.31,0.74
60975,312336,13569.6508980507,13360.7661345628,13.29,-0.190000000000001,-0.500000000000002
60976,312336,13580.5217788361,13353.0171700547,13.35,0.0600000000000005,0.250000000000002
60977,312336,13591.0913692927,13345.482970855,12.99,-0.359999999999999,-0.42
60978,312336,13602.027393933,13337.6875706045,13.43,0.44,0.799999999999999
60979,312336,13613.2321369748,13329.7006229167,13.76,0.33,-0.109999999999999
60980,312336,13624.2821633613,13321.823960117,13.57,-0.19,-0.52
60981,312336,13635.1856160742,13314.0517777377,13.39,-0.18,0.00999999999999979
60982,312336,13646.3792395635,13306.170848433,13.69,0.299999999999999,0.479999999999999
60983,312336,13657.7835466229,13298.2942133333,13.86,0.17,-0.129999999999999
60984,312336,13669.05620223,13290.5085062001,13.7,-0.16,-0.33
60985,312336,13679.9585881274,13282.9785339727,13.25,-0.449999999999999,-0.289999999999999
60986,312336,13691.2641565975,13275.1700948479,13.73,0.48,0.93
61027,312336,14212.7960598535,13276.1546909553,13.8,0.00170731707317074,-0.0116656751933373
61028,312336,14227.6133562273,13278.717369688,13.81,0.00999999999999979,0.00829268292682905
61029,312336,14241.2607902258,13280.7637189385,13.81,0,-0.00999999999999979
61030,312336,14254.15662641,13282.697370694,13.04,-0.770000000000001,-0.770000000000001
61031,312336,14267.0425731492,13284.6295395878,13.03,-0.00999999999999979,0.760000000000002
61032,312336,14279.7702887696,13286.5379826932,12.87,-0.16,-0.15
61033,312336,14292.5968988392,13288.4612544163,12.97,0.100000000000001,0.260000000000002
61034,312336,14306.0465439393,13290.4779464313,13.6,0.629999999999999,0.529999999999998
61035,312336,14319.0867983415,13292.5801560322,13.21,-0.389999999999999,-1.02
61036,312336,14331.9186952886,13294.900505303,13.04,-0.170000000000002,0.219999999999997
61037,312336,14345.2819744713,13297.3169426571,13.58,0.540000000000001,0.710000000000003
61038,312336,14358.3106796538,13299.6728801069,13.24,-0.34,-0.880000000000001
61039,312336,14371.7330013071,13302.0999939147,13.64,0.4,0.74
61040,312336,14384.7223448425,13304.4488137287,13.2,-0.440000000000001,-0.840000000000002
61041,312336,14398.0561027899,13306.859912856,13.55,0.350000000000001,0.790000000000003
