"V1","V2","V3","V4","V5","acceleration","jerk"
43456,318644,13415.4903265995,13366.5687001868,13.79,-0.75,0
43457,318644,13428.3032051907,13368.9918679911,13.04,-0.75,0
43458,318644,13441.2339937076,13371.4373348857,13.16,0.120000000000001,0.870000000000001
43459,318644,13462.910182248,13375.6599589099,12.91,-0.25,-0.370000000000001
43460,318644,13476.9796079168,13378.4324778639,14.34,1.43,1.68
43461,318644,13493.6413837757,13378.350261659,16.33,1.99,0.559999999999999
43462,318644,13511.2330279752,13381.8170980205,17.93,1.6,-0.389999999999997
43463,318644,13528.5695786169,13385.2336623545,17.67,-0.259999999999998,-1.86
43464,318644,13541.49104845,13387.7801339039,13.17,-4.5,-4.24
43465,318644,13551.2238488103,13389.6982051089,9.92,-3.25,1.25
43466,318644,13558.2977893947,13391.0922871036,7.21,-2.71,0.54
43467,318644,13561.28,13391.68,3.24,-3.97,-1.26
43468,318644,13569.4399203461,13393.334877658,5.24,2,5.97
43469,318644,13576.8231889086,13394.8141495508,7.52,2.28,0.279999999999999
43470,318644,13585.7595167456,13397.5374212572,9.35,1.83,-0.449999999999999
43471,318644,13604.6026705158,13403.706137771,11.38,2.03,0.200000000000001
43472,318644,13616.488059498,13408.293634773,12.74,1.36,-0.670000000000002
43473,318644,13625.8569193999,13413.7216715468,10.83,-1.91,-3.27
43474,318644,13632.5349407735,13417.6148618239,7.72,-3.11,-1.2
43475,318644,13638.3836089105,13421.0245511093,6.77,-0.95,2.16
43476,318644,13643.9039913914,13424.2428545855,6.39,-0.38,0.57
43477,318644,13650.4783436104,13428.0756072387,7.61,1.22,1.6
43478,318644,13658.9532969965,13433.016382998,9.81,2.2,0.98
43479,318644,13669.0610395671,13438.9090513346,11.7,1.89,-0.310000000000001
43480,318644,13678.1061733034,13444.1822340257,10.47,-1.23,-3.12
43481,318644,13685.8381644151,13448.6898734798,8.95,-1.52,-0.290000000000003
43482,318644,13694.5242554569,13454.6018842973,10.54,1.59,3.11
43483,318644,13701.1193295959,13460.0116806984,8.53,-2.01,-3.6
43484,318644,13706.5469287115,13464.4638226369,7.02,-1.51,0.5
43485,318644,13711.0235382384,13468.1358884238,5.79,-1.23,0.28
43486,318644,13714.3481359873,13470.8629839132,4.3,-1.49,-0.260000000000001
43487,318644,13714.3481359873,13470.8629839132,0,-4.3,-2.81
43488,318644,13719.2639805285,13476.2545250656,1.89,1.89,6.19
43489,318644,13720.1825581162,13478.0423492224,2.01,0.12,-1.77
43490,318644,13720.6761221931,13479.0029711574,1.08,-0.93,-1.05
43491,318644,13720.9548944958,13479.5455446577,0.6,-0.48,0.45
43492,318644,13721.0645754018,13479.7590161988,0.24,-0.36,0.12
43493,318644,13721.0828555528,13479.7945947889,0.05,-0.19,0.17
43494,318644,13721.1148458171,13479.8568573218,0.06,0.01,0.2
43495,318644,13721.1285559303,13479.8835412644,0.03,-0.03,-0.04
43496,318644,13721.1468360813,13479.9191198546,0.04,0.01,0.04
43497,318644,13721.1559761568,13479.9369091497,0.02,-0.02,-0.03
43498,318644,13721.1605461946,13479.9458037972,0.01,-0.01,0.01
43499,318644,13721.1651162323,13479.9546984448,0.01,0,0.01
43500,318644,13721.1651162323,13479.9546984448,0,-0.01,-0.01
43501,318644,13721.1651162323,13479.9546984448,0,0,0.01
43502,318644,13721.1651162323,13479.9546984448,0,0,0
43503,318644,13721.1651162323,13479.9546984448,0,0,0
43504,318644,13721.1651162323,13479.9546984448,0,0,0
43505,318644,13721.1651162323,13479.9546984448,0,0,0
43506,318644,13721.1651162323,13479.9546984448,0,0,0
43507,318644,13721.1651162323,13479.9546984448,0,0,0
43508,318644,13721.1651162323,13479.9546984448,0,0,0
43509,318644,13721.1651162323,13479.9546984448,0,0,0
43510,318644,13721.1651162323,13479.9546984448,0,0,0
43511,318644,13721.1651162323,13479.9546984448,0,0,0
43512,318644,13721.1651162323,13479.9546984448,0,0,0
43513,318644,13721.1651162323,13479.9546984448,0,0,0
43514,318644,13721.1651162323,13479.9546984448,0,0,0
43515,318644,13721.1651162323,13479.9546984448,0,0,0
43516,318644,13721.1651162323,13479.9546984448,0,0,0
43517,318644,13721.1651162323,13479.9546984448,0,0,0
43518,318644,13721.1651162323,13479.9546984448,0,0,0
43519,318644,13721.1651162323,13479.9546984448,0,0,0
43520,318644,13721.1651162323,13479.9546984448,0,0,0
43521,318644,13721.1651162323,13479.9546984448,0,0,0
43522,318644,13721.1651162323,13479.9546984448,0,0,0
43523,318644,13721.1651162323,13479.9546984448,0,0,0
43524,318644,13721.1651162323,13479.9546984448,0,0,0
43525,318644,13721.1651162323,13479.9546984448,0,0,0
43526,318644,13721.1651162323,13479.9546984448,0,0,0
43527,318644,13721.1651162323,13479.9546984448,0,0,0
43528,318644,13721.1651162323,13479.9546984448,0,0,0
43529,318644,13721.1651162323,13479.9546984448,0,0,0
43530,318644,13721.1651162323,13479.9546984448,0,0,0
43531,318644,13721.1651162323,13479.9546984448,0,0,0
43532,318644,13721.1651162323,13479.9546984448,0,0,0
43533,318644,13721.1651162323,13479.9546984448,0,0,0
43534,318644,13721.1651162323,13479.9546984448,0,0,0
43535,318644,13721.1651162323,13479.9546984448,0,0,0
43536,318644,13721.1651162323,13479.9546984448,0,0,0
43537,318644,13721.1651162323,13479.9546984448,0,0,0
43538,318644,13721.1651162323,13479.9546984448,0,0,0
43539,318644,13721.1651162323,13479.9546984448,0,0,0
43540,318644,13721.1651162323,13479.9546984448,0,0,0
43541,318644,13721.1651162323,13479.9546984448,0,0,0
43542,318644,13721.1651162323,13479.9546984448,0,0,0
43543,318644,13721.1651162323,13479.9546984448,0,0,0
43544,318644,13721.1651162323,13479.9546984448,0,0,0
43545,318644,13721.1651162323,13479.9546984448,0,0,0
43546,318644,13721.1651162323,13479.9546984448,0,0,0
43547,318644,13721.1651162323,13479.9546984448,0,0,0
43548,318644,13721.1651162323,13479.9546984448,0,0,0
43549,318644,13721.1651162323,13479.9546984448,0,0,0
43550,318644,13721.1651162323,13479.9546984448,0,0,0
43551,318644,13721.1651162323,13479.9546984448,0,0,0
43552,318644,13721.1651162323,13479.9546984448,0,0,0
43553,318644,13721.1651162323,13479.9546984448,0,0,0
43554,318644,13721.1651162323,13479.9546984448,0,0,0
43555,318644,13721.1651162323,13479.9546984448,0,0,0
43556,318644,13721.1651162323,13479.9546984448,0,0,0
43557,318644,13721.1651162323,13479.9546984448,0,0,0
43558,318644,13721.1651162323,13479.9546984448,0,0,0
43559,318644,13721.1651162323,13479.9546984448,0,0,0
43560,318644,13721.1651162323,13479.9546984448,0,0,0
43561,318644,13721.1651162323,13479.9546984448,0,0,0
43562,318644,13721.1651162323,13479.9546984448,0,0,0
43563,318644,13721.8597619703,13481.3066848718,1.52,1.52,1.52
43564,318644,13723.2124931441,13483.9395005454,2.96,1.44,-0.0800000000000001
43565,318644,13713.9763131328,13495.9257893386,5.24,2.28,0.84
43566,318644,13708.088699401,13491.9464014854,7.15,1.91,-0.37
