"V1","V2","V3","V4","V5","acceleration","jerk"
44231,326466,14352.7194653194,14264.2900669386,18.71,0.469999999999999,0
44232,326466,14354.0729616406,14245.1578833803,19.18,0.469999999999999,0
44233,326466,14355.4801605966,14226.3818178237,18.83,-0.350000000000001,-0.82
44234,326466,14357.5168435545,14207.4611195668,19.03,0.200000000000003,0.550000000000004
44235,326466,14359.5824232229,14188.2719720966,19.29,0.259999999999998,0.0599999999999952
44236,326466,14361.6447921456,14169.1126523167,19.28,-0.00999999999999801,-0.269999999999996
44237,326466,14363.5507114465,14150.6207098536,18.58,-0.700000000000003,-0.690000000000005
44238,326466,14365.4296813929,14131.9650948291,18.75,0.170000000000002,0.870000000000005
44239,326466,14367.376795316,14112.6329028331,19.44,0.690000000000001,0.52
44240,326466,14369.2527589105,14094.0071367927,18.72,-0.720000000000002,-1.41
44241,326466,14371.1838389567,14074.8341393782,19.27,0.550000000000001,1.27
44242,326466,14372.9611085122,14056.3308066897,18.59,-0.68,-1.23
44243,326466,14374.0951109568,14037.6552039295,18.71,0.120000000000001,0.800000000000001
44244,326466,14375.2236585527,14019.0694357096,18.61,-0.100000000000001,-0.220000000000002
44245,326466,14375.9555271298,13996.5615537257,19.26,0.650000000000002,0.750000000000004
44246,326466,14375.467774159,13975.4571893183,21.11,1.85,1.2
44247,326466,14374.9391247999,13952.5832974357,22.88,1.77,-0.0799999999999983
44248,326466,14374.3746622193,13928.1598193461,24.43,1.55,-0.219999999999999
44249,326466,14373.7847838041,13902.6366349159,25.53,1.1,-0.449999999999999
44250,326466,14376.9658300859,13864.7602727885,26.57,1.04,-0.0600000000000023
44251,326466,14376.1447330426,13820.3253965082,27.69,1.12,0.0800000000000018
44252,326466,14375.0013672496,13780.514945763,27.08,-0.610000000000003,-1.73
44253,326466,14375.1432992977,13753.2807638118,27.25,0.170000000000002,0.780000000000005
44254,326466,14376.3514638466,13726.1676684809,27.13,-0.120000000000001,-0.290000000000003
44255,326466,14374.7578220158,13688.9428897664,27.14,0.0100000000000016,0.130000000000003
44256,326466,14371.2845066841,13661.9453995014,27.22,0.0799999999999983,0.0699999999999967
44257,326466,14367.8341596389,13635.1264378275,27.04,-0.18,-0.259999999999998
44258,326466,14364.3072516386,13607.7123808501,27.64,0.600000000000001,0.780000000000001
44259,326466,14359.2049608596,13580.9659265186,27.25,-0.390000000000001,-0.990000000000002
44260,326466,14350.9115720148,13548.0475868335,27.12,-0.129999999999999,0.260000000000002
44261,326466,14340.9837648221,13512.253703543,27.05,-0.0700000000000003,0.0599999999999987
44262,326466,14335.8291955136,13485.1854902351,27.6,0.550000000000001,0.620000000000001
44263,326466,14331.6653530834,13448.5206007008,27.68,0.0799999999999983,-0.470000000000002
44264,326466,14331.1433285758,13404.5209813589,27.27,-0.41,-0.489999999999998
44265,326466,14332.9785833816,13369.2576222541,27.76,0.490000000000002,0.900000000000002
44266,326466,14334.2311789944,13341.6176746785,27.67,-0.0899999999999999,-0.580000000000002
44267,326466,14335.4453103675,13314.3497867451,27.3,-0.370000000000001,-0.280000000000001
44268,326466,14333.792618123,13286.4760661095,27.47,0.169999999999998,0.539999999999999
