"V1","V2","V3","V4","V5","acceleration","jerk"
48524,336122,14395.0613144355,13995.4237964476,13.48,-0.0600000000000005,0
48525,336122,14381.6783581307,13994.4273939397,13.42,-0.0600000000000005,0
48526,336122,14368.1908001716,13993.4913489078,13.52,0.0999999999999996,0.16
48527,336122,14355.2417500168,13992.473885379,12.98,-0.539999999999999,-0.639999999999999
48528,336122,14331.4794867054,13989.7667487911,13.31,0.33,0.869999999999999
48529,336122,14317.7968260256,13988.131757439,13.78,0.469999999999999,0.139999999999999
48530,336122,14304.7253475383,13986.1652484271,13.23,-0.549999999999999,-1.02
48531,336122,14291.4053836924,13983.3775727638,13.61,0.379999999999999,0.929999999999998
48532,336122,14278.1673456381,13980.1195675978,13.69,0.0800000000000001,-0.299999999999999
48533,336122,14265.7713406246,13975.1956086952,13.34,-0.35,-0.43
48534,336122,14253.548035408,13971.1037986334,12.89,-0.449999999999999,-0.0999999999999996
48535,336122,14241.3436957542,13967.0183373847,12.87,-0.0200000000000014,0.429999999999998
48536,336122,14223.3213099181,13961.0609405683,13.66,0.790000000000001,0.810000000000002
48537,336122,14210.562487675,13956.9005493643,13.42,-0.24,-1.03
48538,336122,14195.4523273402,13951.5409556483,13.48,0.0600000000000005,0.300000000000001
48539,336122,14182.2141094659,13948.825065029,13.55,0.0700000000000003,0.00999999999999979
48540,336122,14169.0846368181,13947.3686863953,13.22,-0.33,-0.4
48541,336122,14155.2801951221,13945.8293717876,13.88,0.66,0.99
48542,336122,14142.4397785121,13944.3975543123,12.93,-0.950000000000001,-1.61
48543,336122,14129.0320686721,13941.9915623251,13.63,0.700000000000001,1.65
48544,336122,14116.2515800635,13938.9913147024,13.13,-0.5,-1.2
48545,336122,14103.2212636872,13935.2154147035,13.59,0.459999999999999,0.959999999999999
48546,336122,14091.4649921725,13928.8681764716,13.42,-0.17,-0.629999999999999
48547,336122,14080.6122185917,13920.9781709347,13.41,-0.00999999999999979,0.16
48548,336122,14069.7429546223,13914.4531708128,12.73,-0.68,-0.67
48549,336122,14061.4537342826,13910.3707173642,9.24,-3.49,-2.81
48550,336122,14056.0995613636,13907.6415457453,6.01,-3.23,0.26
48551,336122,14053.4925544757,13906.2824596235,2.94,-3.07,0.160000000000001
48552,336122,14052.4284700317,13905.7277305942,1.19,-1.75,1.32
48553,336122,14052.2067857725,13905.6121620465,0.25,-0.94,0.81
48554,336122,14052.1979184021,13905.6075393046,0.01,-0.24,0.7
48555,336122,14052.1979184021,13905.6075393046,0,-0.01,0.23
48556,336122,14052.1979184021,13905.6075393046,0,0,0.01
48557,336122,14052.1979184021,13905.6075393046,0,0,0
48558,336122,14052.1979184021,13905.6075393046,0,0,0
48559,336122,14052.1979184021,13905.6075393046,0,0,0
48560,336122,14052.1979184021,13905.6075393046,0,0,0
48561,336122,14052.1979184021,13905.6075393046,0,0,0
48562,336122,14051.1589067401,13905.1393422252,1.14,1.14,1.14
48563,336122,14049.4453708565,13904.3905466754,1.86,0.72,-0.42
48564,336122,14047.2095272436,13903.4135086318,2.44,0.58,-0.14
48565,336122,14042.8294729527,13901.4994750874,4.79,2.35,1.77
48566,336122,14025.5501661,13889.9759680243,6.81,2.02,-0.330000000000001
48567,336122,14017.4208313181,13890.0799680428,8.14,1.33,-0.689999999999999
48568,336122,14007.3245459427,13888.4148392962,10.33,2.19,0.859999999999999
48569,336122,13999.1047037414,13886.1355643708,8.53,-1.8,-3.99
48570,336122,13990.9426798908,13883.8723218598,8.47,-0.0599999999999987,1.74
48571,336122,13982.0850193017,13882.0311563207,9.07,0.6,0.659999999999998
48572,336122,13972.4240918877,13880.792575883,9.74,0.67,0.0700000000000003
48573,336122,13962.4523376526,13881.8790505197,10.05,0.31,-0.359999999999999
48574,336122,13941.4115236361,13882.4268354312,11.57,1.52,1.21
48575,336122,13929.1147436917,13882.1454051569,12.3,0.73,-0.789999999999999
48576,336122,13916.2873314304,13880.4201150553,12.97,0.67,-0.0600000000000005
48577,336122,13905.793348543,13878.6038487863,10.66,-2.31,-2.98
48578,336122,13891.0214099937,13877.3839016461,9.01,-1.65,0.66
48579,336122,13880.1256798406,13876.591123825,10.95,1.94,3.59
48580,336122,13871.0658974315,13875.1201401469,9.18,-1.77,-3.71
48581,336122,13861.4179254675,13874.1168271432,9.7,0.52,2.29
48582,336122,13851.2826158447,13873.06250466,10.19,0.49,-0.0299999999999994
48583,336122,13839.8056088672,13871.8583822253,11.53,1.34,0.85
48584,336122,13828.2531814257,13871.2355291359,11.59,0.0600000000000005,-1.28
48585,336122,13816.6848662914,13871.0380830571,11.57,-0.0199999999999996,-0.0800000000000001
48586,336122,13804.0012446148,13871.4650313676,12.7,1.13,1.15
48587,336122,13791.8747416644,13872.2202970131,12.15,-0.549999999999999,-1.68
48588,336122,13779.8498105762,13873.7560440834,12.13,-0.0199999999999996,0.529999999999999
48589,336122,13766.6332485676,13875.8314846472,13.39,1.26,1.28
48590,336122,13761.4039008786,13886.4693082033,12.34,-1.05,-2.31
48591,336122,13768.2851476951,13898.153572932,13.55,1.21,2.26
48592,336122,13774.7299732534,13909.0968002221,12.7,-0.850000000000001,-2.06
48593,336122,13780.6482190185,13920.7817408151,13.1,0.4,1.25
48594,336122,13786.6516654239,13932.7616669942,13.4,0.300000000000001,-0.0999999999999996
48595,336122,13792.5475874162,13944.5270273313,13.15,-0.25,-0.550000000000001
48596,336122,13796.0787987162,13956.6883562682,12.68,-0.470000000000001,-0.220000000000001
48597,336122,13799.5398653689,13969.2710236176,13.06,0.380000000000001,0.850000000000001
48598,336122,13803.2254506173,13992.3384749371,13.04,-0.0200000000000014,-0.400000000000002
48599,336122,13804.5468166495,14005.5827224358,13.3,0.260000000000002,0.280000000000003
48600,336122,13805.8691754436,14018.8369205338,13.32,0.0199999999999996,-0.240000000000002
48601,336122,13807.2302519501,14032.4791919995,13.71,0.390000000000001,0.370000000000001
48602,336122,13808.5307699833,14045.5144769156,13.1,-0.610000000000001,-1
48603,336122,13809.1836696001,14058.6863512033,13.19,0.0899999999999999,0.700000000000001
48604,336122,13809.834806629,14072.2275933436,13.56,0.370000000000001,0.280000000000001
48605,336122,13811.7519581733,14084.832633207,12.74,-0.82,-1.19
48606,336122,13811.7994900064,14108.4511910401,13.02,0.279999999999999,1.1
48607,336122,13812.096164247,14121.7833715683,13.35,0.33,0.0500000000000007
48608,336122,13812.8904387595,14135.3000548893,13.54,0.19,-0.140000000000001
48609,336122,13814.3118106614,14148.8398022255,13.64,0.100000000000001,-0.0899999999999981
48610,336122,13816.1079585847,14159.8932261398,11.19,-2.45,-2.55
48611,336122,13818.0030471177,14168.7834870725,9.09,-2.1,0.350000000000001
48612,336122,13819.3435772901,14175.0721975013,6.43,-2.66,-0.56
48613,336122,13820.535314812,14181.0234197977,6.06,-0.37,2.29
48614,336122,13821.4513193886,14186.0303186,5.09,-0.97,-0.6
48615,336122,13822.1538003615,14190.3482823172,4.38,-0.71,0.26
48616,336122,13822.2550622314,14192.93630203,2.59,-1.79,-1.08
48617,336122,13822.3242643587,14194.7049487063,1.77,-0.82,0.97
48618,336122,13822.3387303401,14195.0746658081,0.37,-1.4,-0.58
48619,336122,13822.3539782665,14195.4643676181,0.39,0.02,1.42
48620,336122,13822.4008949629,14196.6634501105,1.19,0.8,0.78
48621,336122,13822.4892547413,14198.9217221379,2.26,1.07,0.27
48622,336122,13822.6096742622,14201.9993672017,3.08,0.82,-0.25
48623,336122,13813.3731504113,14207.5756019059,4.57,1.49,0.67
48624,336122,13807.2054473402,14209.2463917868,6.39,1.82,0.329999999999999
48625,336122,13799.3679279446,14211.3695238421,8.12,1.73,-0.0899999999999999
48626,336122,13790.1889167496,14213.9954197039,9.55,1.43,-0.299999999999998
48627,336122,13779.6707785727,14217.4789766925,11.08,1.53,0.0999999999999979
48628,336122,13767.8710982895,14221.386974289,12.43,1.35,-0.18
48629,336122,13755.6537302087,14225.4333080836,12.87,0.44,-0.91
48630,336122,13738.1186530941,14231.1180767454,12.08,-0.789999999999999,-1.23
48631,336122,13724.9350658237,14239.0314885179,8.6,-3.48,-2.69
48632,336122,13720.6290753763,14242.4048171806,5.46,-3.14,0.340000000000001
48633,336122,13716.354572976,14245.7534779921,5.43,-0.0300000000000002,3.11
48634,336122,13711.6471099275,14249.4413217586,5.98,0.550000000000001,0.580000000000001
48635,336122,13708.9155218375,14251.5812578573,3.47,-2.51,-3.06
48636,336122,13706.3635112105,14260.7557598741,5.14,1.67,4.18
48637,336122,13707.9589676456,14266.9640300651,6.41,1.27,-0.399999999999999
