"V1","V2","V3","V4","V5","acceleration","jerk"
33551,340488,14402.3161103556,13323.9328250017,13.73,-0.84,0
33552,340488,14389.6022434976,13321.8092220456,12.89,-0.84,0
33553,340488,14375.9414943909,13319.5274609174,13.85,0.959999999999999,1.8
33554,340488,14362.7936398356,13317.3313687991,13.33,-0.52,-1.48
33555,340488,14349.5668784263,13315.1220968331,13.41,0.0800000000000001,0.6
33556,340488,14336.4091605142,13312.9243572338,13.34,-0.0700000000000003,-0.15
33557,340488,14323.5670700183,13310.7793370252,13.02,-0.32,-0.25
33558,340488,14310.4093521062,13308.5815974259,13.34,0.32,0.640000000000001
33559,340488,14297.3009509779,13306.3920952314,13.3,-0.0399999999999991,-0.359999999999999
33560,340488,14284.4785871955,13304.2503699847,13,-0.300000000000001,-0.260000000000002
33561,340488,14271.2222357159,13302.0361555759,13.44,0.44,0.74
33562,340488,14258.4491887173,13299.902667734,12.95,-0.49,-0.93
33563,340488,14245.1040670269,13297.6736259965,13.54,0.59,1.08
33564,340488,14229.2971635055,13294.9418865363,13.36,-0.18,-0.77
33565,340488,14216.4958739436,13292.6208769389,13.01,-0.35,-0.17
33566,340488,14203.4190762281,13290.2499147907,13.29,0.279999999999999,0.629999999999999
33567,340488,14190.4406742817,13287.8967928392,13.19,-0.0999999999999996,-0.379999999999999
33568,340488,14176.8718977207,13285.4366297072,13.79,0.6,0.699999999999999
33569,340488,14164.0706081587,13283.1156201099,13.01,-0.779999999999999,-1.38
33570,340488,14150.4526337131,13280.6465368795,13.84,0.83,1.61
33571,340488,14137.218402767,13278.2470304165,13.45,-0.390000000000001,-1.22
33572,340488,14123.8926228856,13275.1559148553,13.69,0.24,0.630000000000001
33603,340488,13729.4594848902,13279.2084810291,13.29,-0.0129032258064516,-0.00815816857440167
33604,340488,13718.6611308154,13287.17663609,13.41,0.120000000000001,0.132903225806453
33605,340488,13702.6931484834,13298.2670794535,13.37,-0.0400000000000009,-0.160000000000002
33606,340488,13690.9487635529,13305.6646346311,13.88,0.510000000000002,0.550000000000002
33607,340488,13679.6274472438,13312.7957072734,13.38,-0.5,-1.01
33608,340488,13668.0015215273,13320.118647341,13.74,0.359999999999999,0.859999999999999
33609,340488,13656.3163662038,13327.4788949636,13.81,0.0700000000000003,-0.289999999999999
33610,340488,13645.4574045395,13335.0147063474,13.22,-0.59,-0.66
33611,340488,13634.9272908954,13342.4490056851,12.88,-0.34,0.25
33612,340488,13624.0295627332,13350.1428422379,13.34,0.459999999999999,0.799999999999999
33613,340488,13612.8214045333,13358.0558435501,13.72,0.380000000000001,-0.0799999999999983
33614,340488,13591.2059715196,13375.2199055318,13.41,-0.31,-0.690000000000001
33615,340488,13579.9464142364,13382.7815378411,13.08,-0.33,-0.0199999999999996
33616,340488,13568.1489795324,13388.4903401559,13.19,0.109999999999999,0.44
33617,340488,13549.5776020311,13394.4482814083,12.9,-0.289999999999999,-0.399999999999999
33618,340488,13535.9727857865,13395.7816511807,13.67,0.77,1.06
33619,340488,13522.5570635496,13397.0964883813,13.48,-0.19,-0.959999999999999
33620,340488,13509.0915797318,13398.4162025745,13.53,0.0499999999999989,0.239999999999998
33621,340488,13492.5285170339,13396.4446247399,13.37,-0.16,-0.209999999999999
33622,340488,13479.8481073681,13394.0745591907,12.9,-0.469999999999999,-0.309999999999999
33623,340488,13466.5680814313,13391.5924207745,13.51,0.609999999999999,1.08
33624,340488,13453.4551616684,13389.1415157802,13.34,-0.17,-0.779999999999999
33625,340488,13430.8850924313,13384.4668148821,13.57,0.23,0.4
33626,340488,13418.0434069824,13381.8987369675,13.1,-0.470000000000001,-0.700000000000001
