"V1","V2","V3","V4","V5","acceleration","jerk"
81389,342902,14217.6232634029,13276.935847721,13.18,0.220000000000001,0
81390,342902,14232.0339381094,13279.3802089017,13.4,0.220000000000001,0
81391,342902,14245.4934726544,13281.3983837785,13.6,0.199999999999999,-0.0200000000000014
81392,342902,14258.4980927327,13283.3483470136,13.16,-0.44,-0.639999999999999
81393,342902,14271.6510544849,13285.3205531753,13.3,0.140000000000001,0.58
81394,342902,14284.5666695589,13287.2571706544,13.05,-0.25,-0.390000000000001
81395,342902,14297.6899629764,13289.2249282308,13.27,0.219999999999999,0.469999999999999
81396,342902,14311.0011558474,13291.2208601809,13.46,0.190000000000001,-0.0299999999999976
81397,342902,14323.9774829908,13293.4645222803,13.18,-0.280000000000001,-0.470000000000002
81398,342902,14336.7798587027,13295.7795333243,13.01,-0.17,0.110000000000001
81399,342902,14349.8282447087,13298.139029592,13.26,0.25,0.42
81400,342902,14363.2210451267,13300.560805173,13.61,0.35,0.0999999999999996
81401,342902,14376.3284736033,13302.9309778944,13.32,-0.289999999999999,-0.639999999999999
81402,342902,14389.8590397861,13305.3776652006,13.75,0.43,0.719999999999999
81403,342902,14403.4978504983,13307.8439260053,13.86,0.109999999999999,-0.32
