"V1","V2","V3","V4","V5","acceleration","jerk"
24035,343168,14344.1122698676,13279.2351829384,4.44,-0.300000000000001,0
24036,343168,14344.2790483779,13283.3718222663,4.14,-0.300000000000001,0
24037,343168,14344.4337414889,13287.2087051211,3.84,-0.3,8.88178419700125e-16
24038,343168,14344.4580069569,13290.3881752131,3.18,-0.66,-0.36
24039,343168,14344.4554291098,13293.658174197,3.27,0.0899999999999999,0.75
24040,343168,14344.4538445616,13295.6681735724,2,-1.27,-1.36
24041,343168,14344.4528354961,13296.9481731746,1.29,-0.71,0.56
24042,343168,14344.4518973805,13298.1381728049,1.18,-0.11,0.6
24043,343168,14344.4495954498,13301.0581718975,2.92,1.74,1.85
24044,343168,14344.4455355378,13306.2081702972,5.15,2.23,0.49
24045,343168,14344.4427763743,13309.7081692097,3.5,-1.65,-3.88
24046,343168,14344.4552707011,13313.8797917521,3.86,0.36,2.01
24047,343168,14344.5599840798,13317.7183637663,3.84,-0.02,-0.38
24048,343168,14344.7099641795,13323.2163184741,5.5,1.66,1.68
24049,343168,14344.6145804087,13330.80889442,7.6,2.1,0.44
24050,343168,14344.123046434,13339.3247205309,8.53,0.93,-1.17
24051,343168,14343.5966892527,13349.4700246873,10.16,1.63,0.700000000000001
24052,343168,14343.4095793143,13360.9484997546,11.49,1.33,-0.300000000000001
24053,343168,14343.0391487102,13374.5232101067,13.58,2.09,0.76
24054,343168,14342.562656293,13390.1659545902,15.65,2.07,-0.0199999999999996
24055,343168,14342.0541947361,13406.8582122819,16.7,1.05,-1.02
24056,343168,14341.5012427639,13436.9685568303,17.75,1.05,1.77635683940025e-15
24057,343168,14343.6265209436,13455.7820453677,18.94,1.19,0.140000000000001
24058,343168,14345.2127780575,13476.037505569,20.34,1.4,0.209999999999997
24059,343168,14348.5891401357,13497.1118515957,21.34,1,-0.399999999999999
24060,343168,14353.8939838917,13518.7973158462,22.33,0.989999999999998,-0.0100000000000016
24061,343168,14360.4929474392,13541.2267179804,23.38,1.05,0.0600000000000023
24062,343168,14367.3561330183,13565.1368201654,24.88,1.5,0.449999999999999
24063,343168,14373.2397386064,13590.6984336764,26.23,1.35,-0.149999999999999
24064,343168,14379.061317967,13617.0733955175,27.02,0.789999999999999,-0.560000000000002
24065,343168,14382.9194001526,13644.034362876,27.27,0.25,-0.539999999999999
24066,343168,14385.8568081782,13671.1758741473,27.29,0.0199999999999996,-0.23
24067,343168,14388.8092798346,13698.4565726559,27.44,0.150000000000002,0.130000000000003
24068,343168,14390.102928326,13733.4278766556,27.76,0.32,0.169999999999998
24069,343168,14390.4746155268,13760.8153546085,27.38,-0.380000000000003,-0.700000000000003
24070,343168,14390.8426387793,13787.9328574229,27.12,-0.259999999999998,0.120000000000005
24071,343168,14391.0167441749,13800.7616760478,12.83,-14.29,-14.03
24072,343168,14391.147424998,13810.3907893259,9.63,-3.2,11.09
24073,343168,14391.2326457217,13816.670211069,6.28,-3.35,-0.150000000000001
24074,343168,14391.2733562584,13819.6699348317,3,-3.28,0.0700000000000003
24075,343168,14391.2893690696,13820.8498261783,1.18,-1.82,1.46
24076,343168,14391.2999538091,13821.6297543566,0.78,-0.4,1.42
24077,343168,14391.3053818807,13822.029717525,0.4,-0.38,0.0199999999999999
24078,343168,14391.3074174075,13822.1797037131,0.15,-0.25,0.13
24079,343168,14391.309045829,13822.2996926636,0.12,-0.03,0.22
24080,343168,14391.2668970931,13824.2895161212,1.92,1.8,1.83
24081,343168,14391.1876506028,13827.8186264898,3.53,1.61,-0.19
24082,343168,14391.080127895,13832.9174914021,5.1,1.57,-0.04
24083,343168,14390.7822956324,13845.4199020456,6.88,1.78,0.21
24084,343168,14390.6841470443,13854.2893590106,8.87,1.99,0.209999999999999
24085,343168,14390.5706177869,13864.5487308777,10.26,1.39,-0.599999999999999
24086,343168,14390.4423717738,13876.1380213202,11.58,1.32,-0.0700000000000003
24087,343168,14390.2947616087,13889.477204625,13.34,1.76,0.44
24088,343168,14390.1338731679,13904.016314464,14.54,1.2,-0.56
24089,343168,14389.9581573191,13919.8953422661,15.88,1.34,0.140000000000002
24090,343168,14389.7706016745,13936.8443045612,16.95,1.07,-0.270000000000003
24091,343168,14389.5625753548,13955.6431535964,18.8,1.85,0.780000000000003
24092,343168,14389.3542133675,13974.2595119639,18.62,-0.18,-2.03
24093,343168,14389.1436151491,13992.7683138806,18.52,-0.100000000000001,0.0799999999999983
24094,343168,14388.9263041835,14011.8670776087,19.1,0.580000000000002,0.680000000000003
24095,343168,14388.7095620948,14030.9158445732,19.05,-0.0500000000000007,-0.630000000000003
24096,343168,14388.4949817382,14049.7746238357,18.86,-0.190000000000001,-0.140000000000001
24097,343168,14387.6371710611,14068.4217306066,18.68,-0.18,0.0100000000000016
24098,343168,14385.9624644928,14087.6790476032,19.33,0.649999999999999,0.829999999999998
24099,343168,14384.3172147395,14106.5976430387,19,-0.329999999999998,-0.979999999999997
24100,343168,14382.6425081712,14125.8549600353,19.33,0.329999999999998,0.659999999999997
24101,343168,14380.9989911717,14144.753630673,18.97,-0.359999999999999,-0.689999999999998
24102,343168,14379.3199527189,14164.060759664,19.38,0.41,0.77
24103,343168,14377.570543611,14183.3214559952,19.34,-0.0399999999999991,-0.449999999999999
24104,343168,14375.8220461316,14202.4617578884,19.22,-0.120000000000001,-0.0800000000000018
24105,343168,14374.0562638175,14221.7912719232,19.42,0.200000000000003,0.320000000000004
24106,343168,14372.414960477,14240.3989806717,18.67,-0.75,-0.950000000000003
24107,343168,14370.7897300619,14259.1587121756,18.83,0.159999999999997,0.909999999999997
