"V1","V2","V3","V4","V5","acceleration","jerk"
55257,344533,14398.844412229,13320.009949122,13.5,0.35,0
55258,344533,14385.1836245897,13317.7284186984,13.85,0.35,0
55259,344533,14371.532700335,13315.4485355891,13.84,-0.00999999999999979,-0.359999999999999
55260,344533,14358.5820763852,13313.2856118012,13.14,-0.699999999999999,-0.69
55261,344533,14345.3256875136,13311.0716212673,13.43,0.289999999999999,0.989999999999998
55262,344533,14332.0692986419,13308.8576307335,13.45,0.0199999999999996,-0.27
55263,344533,14318.8326365395,13306.6469348284,13.42,-0.0299999999999994,-0.0499999999999989
55264,344533,14305.6255645907,13304.4411808665,13.39,-0.0299999999999994,0
55265,344533,14292.3593123345,13302.2255430182,13.45,0.0599999999999987,0.0899999999999981
55266,344533,14279.6256828454,13300.0988601468,12.92,-0.529999999999999,-0.589999999999998
55267,344533,14265.9550318216,13297.8156824088,13.86,0.94,1.47
55268,344533,14252.8170035649,13295.6214596476,13.32,-0.539999999999999,-1.48
55269,344533,14239.590204847,13293.4124110569,13.4,0.0800000000000001,0.619999999999999
55270,344533,14222.8127107812,13290.4180566526,13.75,0.35,0.27
55271,344533,14209.6967803406,13288.0387145843,13.34,-0.41,-0.76
55272,344533,14196.7874774614,13285.6968565245,13.12,-0.220000000000001,0.19
55273,344533,14184.0848021435,13283.3924824733,12.91,-0.209999999999999,0.0100000000000016
55274,344533,14170.7130471032,13280.9667316324,13.59,0.68,0.889999999999999
55275,344533,14157.5872772549,13278.5856046112,13.34,-0.25,-0.93
55276,344533,14144.7468502295,13276.256241221,13.05,-0.289999999999999,-0.0399999999999991
55309,344533,13722.8535142952,13279.9734286205,13.63,0.0175757575757576,0.00932047750229566
55310,344533,13711.9450320516,13288.0281548815,13.56,-0.0700000000000003,-0.0875757575757579
55311,344533,13695.9155546334,13298.6375623212,13.38,-0.18,-0.109999999999999
55312,344533,13684.3319357791,13305.9338541353,13.69,0.309999999999999,0.489999999999998
55313,344533,13673.129078684,13312.9903116677,13.24,-0.449999999999999,-0.759999999999998
55314,344533,13662.0362194305,13319.977483741,13.1,-0.140000000000001,0.309999999999999
55315,344533,13650.5265089442,13327.4025766789,13.7,0.6,0.74
55316,344533,13639.5699082978,13335.1343942062,13.41,-0.289999999999999,-0.889999999999999
55317,344533,13628.6868418839,13342.8143203407,13.32,-0.0899999999999999,0.199999999999999
55318,344533,13617.7465821781,13350.5346064473,13.39,0.0700000000000003,0.16
55319,344533,13606.6020607152,13358.3990353118,13.64,0.25,0.18
55320,344533,13585.1856979248,13375.4082337736,13,-0.640000000000001,-0.890000000000001
55321,344533,13574.1016306525,13382.4908632855,12.85,-0.15,0.49
55322,344533,13557.0387246088,13390.4031772626,13.13,0.280000000000001,0.430000000000001
55323,344533,13543.3840939812,13391.7408851615,13.72,0.59,0.309999999999999
55324,344533,13533.6407387447,13392.6954157978,9.78,-3.94,-4.53
55325,344533,13523.3432965294,13397.0194318985,11.01,1.23,5.17
55326,344533,13511.8981329,13398.1411401927,11.49,0.48,-0.75
55327,344533,13496.4014483582,13397.1685052254,12.26,0.77,0.289999999999999
55328,344533,13484.9301010094,13395.0244226705,11.67,-0.59,-1.36
55329,344533,13472.5642441415,13392.713149445,12.58,0.91,1.5
55330,344533,13460.0509406496,13390.3743173178,12.73,0.15,-0.76
55331,344533,13448.286077854,13395.2437023353,11.68,-1.05,-1.2
55332,344533,13447.2317301286,13403.53634501,8.36,-3.32,-2.27
55333,344533,13446.5638533707,13408.1381316887,4.65,-3.71,-0.389999999999999
55334,344533,13446.1071118459,13411.285159998,3.18,-1.47,2.24
55335,344533,13444.5675850295,13425.480507237,4.68,1.5,2.97
55336,344533,13444.084319056,13431.6415829547,6.18,1.5,4.44089209850063e-16
55337,344533,13443.4571680679,13439.6370242582,8.01,1.83,0.33
55338,344533,13442.6642365192,13449.7459737367,10.14,2.13,0.300000000000001
55339,344533,13441.7688650959,13461.1609117573,11.45,1.31,-0.820000000000002
55340,344533,13440.7647979277,13473.9615933455,12.84,1.39,0.0800000000000018
55341,344533,13439.734925295,13487.0912644138,13.18,0.34,-1.05
55342,344533,13438.6557876844,13500.8490063076,13.79,0.609999999999999,0.27
55343,344533,13437.8790561495,13522.128458425,13.88,0.0900000000000016,-0.519999999999998
55344,344533,13437.6504058225,13535.5465104083,13.43,-0.450000000000001,-0.540000000000003
55345,344533,13437.4197109321,13549.0845449728,13.54,0.109999999999999,0.56
55346,344533,13437.1968535344,13562.1626463097,13.08,-0.459999999999999,-0.569999999999999
55347,344533,13436.9639437005,13575.8306620037,13.66,0.58,1.04
55348,344533,13436.7288189231,13589.6286588271,13.8,0.140000000000001,-0.44
55349,344533,13436.5034058212,13602.8567383904,13.23,-0.57,-0.710000000000001
55350,344533,13436.2727109309,13616.3947729548,13.54,0.309999999999999,0.879999999999999
55351,344533,13436.1122127132,13625.8134055691,9.42,-4.12,-4.43
55352,344533,13435.9989098313,13632.4624402702,6.66,-2.76,1.36
55353,344533,13435.9421732003,13635.791956895,3.32,-3.34,-0.580000000000001
55354,344533,13435.9259870743,13636.7418189951,0.95,-2.37,0.97
55355,344533,13426.0171995515,13642.015275615,2.47,1.52,3.89
55356,344533,13422.1444766989,13639.9692018854,4.38,1.91,0.389999999999999
55357,344533,13416.6271729088,13637.054247531,6.24,1.86,-0.0499999999999994
55358,344533,13409.7393850043,13633.4152259891,7.79,1.55,-0.31
