"V1","V2","V3","V4","V5","acceleration","jerk"
10432,364864,14348.7067247061,14274.2847247705,18.74,0.610000000000003,0
10433,364864,14350.0716728449,14254.9829264974,19.35,0.610000000000003,0
10434,364864,14351.4041726041,14236.1399823433,18.89,-0.460000000000001,-1.07
10435,364864,14353.1883712596,14216.8655162192,19.36,0.469999999999999,0.93
10436,364864,14355.2609099955,14197.6067134738,19.37,0.0100000000000016,-0.459999999999997
10437,364864,14357.2574806105,14179.0538348352,18.66,-0.710000000000001,-0.720000000000002
10438,364864,14359.2545467452,14160.3602510063,18.8,0.140000000000001,0.850000000000001
10439,364864,14361.1108201987,14141.9335136698,18.52,-0.280000000000001,-0.420000000000002
10440,364864,14362.9861374943,14123.3177331318,18.71,0.190000000000001,0.470000000000002
10441,364864,14364.8454178703,14104.8611468688,18.55,-0.16,-0.350000000000001
10442,364864,14366.7648366951,14085.8075820744,19.15,0.599999999999998,0.759999999999998
10443,364864,14368.6642093703,14066.9530101238,18.95,-0.199999999999999,-0.799999999999997
10444,364864,14370.1575769864,14048.1158735295,18.89,-0.0599999999999987,0.140000000000001
10445,364864,14371.2969552304,14029.2803029988,18.87,-0.0199999999999996,0.0399999999999991
10446,364864,14372.4447867312,14010.3049879067,19.01,0.140000000000001,0.16
10447,364864,14372.4556935357,13987.9938623265,19.08,0.0699999999999967,-0.0700000000000038
10448,364864,14371.9816113901,13967.4793395166,20.52,1.44,1.37
10449,364864,14371.4707948092,13945.3752411088,22.11,1.59,0.149999999999999
10450,364864,14370.9343334339,13922.1614389818,23.22,1.11,-0.48
10451,364864,14370.375692777,13897.9878930976,24.18,0.960000000000001,-0.149999999999999
10452,364864,14373.7139344514,13860.7505634737,25.82,1.64,0.68
10453,364864,14372.7444023716,13817.2473029471,26.9,1.08,-0.560000000000002
10454,364864,14371.6272730292,13777.2960126203,27.2,0.300000000000001,-0.779999999999998
10455,364864,14372.0046232223,13749.7345953798,27.58,0.379999999999999,0.0799999999999983
10456,364864,14373.2291519105,13722.2618720075,27.5,-0.0799999999999983,-0.459999999999997
10457,364864,14370.9706205947,13685.3561323568,27.19,-0.309999999999999,-0.23
10458,364864,14367.4845109161,13658.2796289026,27.3,0.109999999999999,0.419999999999998
10459,364864,14363.9664771561,13630.95517212,27.55,0.25,0.140000000000001
10460,364864,14360.4497203594,13603.6406334705,27.54,-0.0100000000000016,-0.260000000000002
10461,364864,14354.923157676,13576.7850061799,27.43,-0.109999999999999,-0.0999999999999979
10462,364864,14346.364794934,13544.1161649996,27.4,-0.0300000000000011,0.0799999999999983
10463,364864,14336.5017469507,13508.119068044,27.2,-0.199999999999999,-0.169999999999998
10464,364864,14331.996506295,13481.5324159551,27.01,-0.189999999999998,0.0100000000000016
10465,364864,14328.0357236884,13444.7949728617,27.17,0.16,0.349999999999998
10466,364864,14328.7665217039,13392.890125142,27.23,0.0599999999999987,-0.100000000000001
10467,364864,14329.806158027,13365.81007425,27.09,-0.140000000000001,-0.199999999999999
10468,364864,14331.1104223167,13338.6833837417,27.16,0.0700000000000003,0.210000000000001
10469,364864,14332.1375597292,13311.2717424165,27.33,0.169999999999998,0.0999999999999979
10470,364864,14330.3373316999,13284.2115580298,27.12,-0.209999999999997,-0.379999999999995
