"V1","V2","V3","V4","V5","acceleration","jerk"
71085,369982,14214.1596785903,13275.7765123081,7.92,-3.77,0
71086,369982,14218.1883217072,13276.7727726337,4.15,-3.77,0
71087,369982,14227.4650145534,13278.6951267613,6.33,2.18,5.95
71088,369982,14235.3271232699,13279.874001873,7.95,1.62,-0.56
71089,369982,14244.6232015008,13281.2678919422,9.4,1.45,-0.17
71090,369982,14255.5411486997,13282.9049713426,11.05,1.65,0.2
71091,369982,14268.2589748752,13284.8119315862,12.86,1.81,0.159999999999998
71092,369982,14281.0855849448,13286.7352033093,12.97,0.110000000000001,-1.7
71093,369982,14294.4660039304,13288.7415152919,13.53,0.559999999999999,0.449999999999998
71094,369982,14307.8958701405,13290.7552415834,13.58,0.0500000000000007,-0.509999999999998
71095,369982,14321.2221676955,13292.9662877743,13.51,-0.0700000000000003,-0.120000000000001
71096,369982,14334.4772023487,13295.36315163,13.47,-0.0399999999999991,0.0300000000000011
71097,369982,14347.6633541195,13297.747559623,13.39,-0.0800000000000001,-0.0400000000000009
71098,369982,14360.6723784784,13300.0999382549,13.23,-0.16,-0.0800000000000001
71099,369982,14374.2619871318,13302.5573020149,13.81,0.58,0.74
71100,369982,14387.3300539614,13304.9203571005,13.27,-0.540000000000001,-1.12
71101,369982,14400.309557085,13307.2673975055,13.2,-0.0700000000000003,0.470000000000001
