"V1","V2","V3","V4","V5","acceleration","jerk"
55783,372073,13502.6273864451,14268.2066941218,8.03,-3.53,0
55784,372073,13501.300218497,14263.9173205968,4.5,-3.53,0
55785,372073,13500.6647149138,14261.8633889534,2.14,-2.36,1.17
55786,372073,13500.4134693111,14261.0513694664,0.85,-1.29,1.07
55787,372073,13500.298191917,14260.6787958195,0.39,-0.46,0.83
55788,372073,13500.2834127639,14260.6310299673,0.05,-0.34,0.12
55789,372073,13500.2834127639,14260.6310299673,0,-0.05,0.29
55790,372073,13500.2834127639,14260.6310299673,0,0,0.05
55791,372073,13500.2834127639,14260.6310299673,0,0,0
55792,372073,13500.2834127639,14260.6310299673,0,0,0
55793,372073,13500.2834127639,14260.6310299673,0,0,0
55794,372073,13500.2834127639,14260.6310299673,0,0,0
55795,372073,13500.2834127639,14260.6310299673,0,0,0
55796,372073,13500.2834127639,14260.6310299673,0,0,0
55797,372073,13500.2834127639,14260.6310299673,0,0,0
55798,372073,13500.2834127639,14260.6310299673,0,0,0
55799,372073,13500.2834127639,14260.6310299673,0,0,0
