"V1","V2","V3","V4","V5","acceleration","jerk"
63297,3725,14352.1979669975,14271.6616433983,19.01,-0.34,0
63298,3725,14353.5154735833,14253.0381883913,18.67,-0.34,0
63299,3725,14354.8717926289,14233.8661045545,19.21,0.539999999999999,0.879999999999999
63300,3725,14356.7462646109,14214.6197652552,19.34,0.129999999999999,-0.41
63301,3725,14358.8129145278,14195.4206752215,19.31,-0.0300000000000011,-0.16
63302,3725,14360.7960850591,14176.9971051374,18.53,-0.779999999999998,-0.749999999999996
63303,3725,14362.7770768872,14158.301848413,18.8,0.27,1.05
63304,3725,14364.6941272912,14139.2681462574,19.13,0.329999999999998,0.0599999999999987
63305,3725,14366.5881289972,14120.4632863127,18.9,-0.23,-0.559999999999999
63306,3725,14368.5001688146,14101.4793324638,19.07,0.170000000000002,0.400000000000002
63307,3725,14370.4202255705,14082.4157813242,19.16,0.0899999999999999,-0.0800000000000018
63308,3725,14372.3252505668,14063.5014751047,19.01,-0.149999999999999,-0.239999999999998
63309,3725,14373.6732693206,14044.6024083769,18.95,-0.0600000000000023,0.0899999999999963
63310,3725,14374.8472739893,14025.2680189881,19.36,0.41,0.470000000000002
63311,3725,14375.9915800372,14006.422728763,18.88,-0.48,-0.890000000000001
63312,3725,14375.6664797748,13984.054893435,19.1,0.220000000000002,0.700000000000003
63313,3725,14375.1988284186,13963.8202967697,20.24,1.14,0.919999999999995
63314,3725,14374.7076096522,13942.5659724067,21.26,1.02,-0.119999999999994
63315,3725,14374.1944408468,13920.3619016589,22.21,0.949999999999999,-0.0700000000000038
63316,3725,14373.7699964094,13901.9968057724,18.38,-3.83,-4.78
63317,3725,14373.4379731887,13887.6306420332,14.36,-4.02,-0.189999999999998
63318,3725,14376.9494026785,13866.1401750097,10.19,-4.17,-0.15
63319,3725,14377.0291589318,13859.4406497325,6.7,-3.49,0.680000000000001
63320,3725,14377.1033489027,13851.2302390657,8.15,1.45,4.94
63321,3725,14376.2922563184,13825.0130757723,9.52,1.37,-0.080000000000001
63322,3725,14375.9336709571,13813.6187167934,11.4,1.88,0.510000000000002
63323,3725,14375.1700488431,13787.6529529443,13.25,1.85,-0.0300000000000011
63324,3725,14374.8135495088,13772.5671646578,15.09,1.84,-0.00999999999999979
63325,3725,14375.0124222243,13756.2178493045,16.35,1.26,-0.579999999999998
63326,3725,14375.8101491482,13738.3156139202,17.92,1.57,0.309999999999999
63327,3725,14376.689340373,13718.585192668,19.75,1.83,0.259999999999998
63328,3725,14374.5689716598,13687.474988018,21.04,1.29,-0.539999999999999
63329,3725,14371.6673114598,13664.9208760185,22.74,1.7,0.41
63330,3725,14368.5461765218,13640.6608241493,24.46,1.72,0.0200000000000031
63331,3725,14365.2438473232,13614.9923800619,25.88,1.42,-0.300000000000004
63332,3725,14360.7653981745,13588.1381392445,27.25,1.37,-0.0499999999999972
63333,3725,14352.7629719038,13554.5387206675,27.71,0.460000000000001,-0.91
63334,3725,14345.3080016842,13528.4010884292,27.18,-0.530000000000001,-0.990000000000002
63335,3725,14336.7757933454,13492.0101552485,27.35,0.170000000000002,0.700000000000003
63336,3725,14332.2804415354,13455.8147124491,27.25,-0.100000000000001,-0.270000000000003
63337,3725,14330.578438792,13411.3677177736,27.71,0.460000000000001,0.560000000000002
63338,3725,14332.7032001382,13376.4323392569,27.46,-0.25,-0.710000000000001
63339,3725,14333.7668761961,13348.993074526,27.46,0,0.25
63340,3725,14335.2759097978,13321.617798364,27.42,-0.0399999999999991,-0.0399999999999991
63341,3725,14334.2785203787,13293.7799211873,27.41,-0.0100000000000016,0.0299999999999976
