"V1","V2","V3","V4","V5","acceleration","jerk"
41508,374283,13644.92,13905.94,0,1.9,0
41509,374283,13643.0493421235,13906.2726245768,1.9,1.9,0
41510,374283,13638.7862112786,13907.0306584808,4.33,2.43,0.53
41511,374283,13632.878870616,13908.0810518813,6,1.67,-0.76
41512,374283,13625.0024163992,13909.4815764153,8,2,0.33
41513,374283,13609.984626178,13911.419343059,9.5,1.5,-0.5
41514,374283,13598.7553119671,13911.5434492742,11.23,1.73,0.23
41515,374283,13586.0967351697,13911.7001494804,12.66,1.43,-0.300000000000001
41516,374283,13573.1951809032,13912.5573527863,12.92,0.26,-1.17
41517,374283,13559.3457166171,13913.4775370001,13.89,0.970000000000001,0.710000000000001
41518,374283,13545.4962523309,13914.3977212139,13.88,-0.00999999999999979,-0.98
41519,374283,13532.3652040597,13915.2701725291,13.16,-0.720000000000001,-0.710000000000001
41520,374283,13519.3838257915,13916.1326794903,13.01,-0.15,0.57
41521,374283,13506.4623155245,13916.99120871,12.95,-0.0600000000000005,0.0899999999999999
41522,374283,13493.4995868341,13919.1384021943,13.13,0.180000000000001,0.240000000000002
41523,374283,13481.3795229109,13921.1276776521,12.08,-1.05,-1.23
41524,374283,13471.4333876157,13917.9141545477,7.9,-4.18,-3.13
41525,374283,13471.0777536036,13913.3580131485,4.57,-3.33,0.85
41526,374283,13470.8840822846,13911.0160220374,2.35,-2.22,1.11
41527,374283,13475.4717578713,13904.521850064,4.67,2.32,4.54
41528,374283,13481.5018692574,13903.5370370505,6.11,1.44,-0.879999999999999
41529,374283,13489.0518450518,13902.3040060271,7.65,1.54,0.0999999999999996
41530,374283,13498.476978233,13900.7647320044,9.55,1.9,0.36
41531,374283,13509.313414079,13898.9949698296,10.98,1.43,-0.470000000000001
41532,374283,13522.1243919047,13897.8846430736,12.86,1.88,0.449999999999999
41533,374283,13535.8254468366,13896.725508157,13.76,0.9,-0.979999999999999
41534,374283,13548.8303209447,13895.7924460447,13.03,-0.73,-1.63
41535,374283,13562.1001816114,13895.3701521127,13.29,0.26,0.99
41536,374283,13575.9899857316,13895.2963855803,13.89,0.600000000000001,0.340000000000002
41537,374283,13589.2099522837,13895.2217686692,13.47,-0.42,-1.02
41538,374283,13611.8414540106,13894.5121399893,12.95,-0.520000000000001,-0.100000000000001
41539,374283,13625.1883468419,13893.9499678446,13.36,0.41,0.930000000000001
41540,374283,13635.771044305,13891.794390334,10.81,-2.55,-2.96
41541,374283,13642.5598584398,13890.0220670042,7.01,-3.8,-1.25
41542,374283,13647.7865833824,13888.5502496328,5.43,-1.58,2.22
41543,374283,13657.1342313345,13886.6959535303,4.25,-1.18,0.4
41544,374283,13660.3280780913,13886.8943039626,3.2,-1.05,0.13
41545,374283,13661.2263474917,13886.9500900217,0.9,-2.3,-1.25
41546,374283,13661.8052322164,13886.9860410375,0.58,-0.32,1.98
41547,374283,13661.9250014697,13886.9934791787,0.12,-0.46,-0.14
41548,374283,13688.9816513515,13877.7089757349,1.8,1.68,2.14
41549,374283,13692.5568984583,13875.6414873734,4.13,2.33,0.65
41550,374283,13697.6730510978,13872.682926546,5.91,1.78,-0.55
41551,374283,13701.3868065671,13870.535341783,4.29,-1.62,-3.4
41552,374283,13715.3535812703,13864.5571038686,5.62,1.33,2.95
41553,374283,13722.6891433629,13863.4485694808,7.42,1.8,0.47
41554,374283,13731.2035401071,13861.8672257222,8.66,1.24,-0.56
41555,374283,13741.2615399561,13859.9991949311,10.23,1.57,0.33
41556,374283,13752.9617010928,13858.1364715772,11.85,1.62,0.0499999999999989
41557,374283,13766.6929499695,13856.1795085507,13.87,2.02,0.4
41558,374283,13780.4846632254,13855.0287467853,13.84,-0.0299999999999994,-2.05
41559,374283,13793.5914791307,13853.9640868873,13.15,-0.69,-0.66
41560,374283,13806.720009375,13852.9197719815,13.17,0.0199999999999996,0.709999999999999
41561,374283,13820.2471850209,13852.1768901883,13.56,0.390000000000001,0.370000000000001
41562,374283,13833.1846019304,13852.4354316933,12.95,-0.610000000000001,-1
41563,374283,13846.0147504653,13853.2395153036,12.88,-0.0699999999999985,0.540000000000003
41564,374283,13859.1405415456,13855.2574371345,13.28,0.399999999999999,0.469999999999997
41565,374283,13871.8699278329,13857.1472039557,12.87,-0.41,-0.809999999999999
41566,374283,13884.6859597956,13858.6166680521,12.9,0.0300000000000011,0.440000000000001
41567,374283,13898.1760137372,13860.7780498698,13.68,0.779999999999999,0.749999999999998
41568,374283,13911.6524432813,13863.5934071081,13.76,0.0800000000000001,-0.699999999999999
41569,374283,13924.4003100444,13865.8150040538,12.94,-0.82,-0.9
41570,374283,13937.8502452158,13867.3176356542,13.56,0.620000000000001,1.44
41571,374283,13951.6891889623,13867.3942269173,13.87,0.309999999999999,-0.310000000000002
41572,374283,13971.1086558314,13865.5645417649,13.25,-0.619999999999999,-0.929999999999998
41573,374283,13984.0622437255,13865.3997437933,13.05,-0.199999999999999,0.42
41574,374283,13993.4566041004,13867.2765477647,9.59,-3.46,-3.26
41575,374283,13999.8648654383,13868.5296799718,6.53,-3.06,0.400000000000001
41576,374283,14002.9420936669,13869.0445259968,3.11,-3.42,-0.360000000000001
41577,374283,14004.2439979174,13869.2623454689,1.32,-1.79,1.63
41578,374283,14004.9639904196,13869.3828062375,0.73,-0.59,1.2
41579,374283,14005.2598777493,13869.432310663,0.3,-0.43,0.16
41580,374283,14005.3585068592,13869.4488121381,0.09,-0.21,0.22
41581,374283,14005.3585068592,13869.4488121381,0,-0.09,0.12
41582,374283,14005.3585068592,13869.4488121381,0,0,0.09
41583,374283,14005.3585068592,13869.4488121381,0,0,0
41584,374283,14005.3585068592,13869.4488121381,0,0,0
41585,374283,14005.3585068592,13869.4488121381,0,0,0
41586,374283,14005.3585068592,13869.4488121381,0,0,0
41587,374283,14005.3585068592,13869.4488121381,0,0,0
41588,374283,14005.3585068592,13869.4488121381,0,0,0
41589,374283,14005.3585068592,13869.4488121381,0,0,0
41590,374283,14005.3585068592,13869.4488121381,0,0,0
41591,374283,14005.3585068592,13869.4488121381,0,0,0
41592,374283,14005.3585068592,13869.4488121381,0,0,0
41593,374283,14005.3585068592,13869.4488121381,0,0,0
41594,374283,14005.3585068592,13869.4488121381,0,0,0
41595,374283,14005.3585068592,13869.4488121381,0,0,0
41596,374283,14005.3585068592,13869.4488121381,0,0,0
41597,374283,14005.3585068592,13869.4488121381,0,0,0
41598,374283,14005.3585068592,13869.4488121381,0,0,0
41599,374283,14005.3585068592,13869.4488121381,0,0,0
41600,374283,14005.3585068592,13869.4488121381,0,0,0
41601,374283,14005.3585068592,13869.4488121381,0,0,0
41602,374283,14005.3585068592,13869.4488121381,0,0,0
41603,374283,14005.3585068592,13869.4488121381,0,0,0
41604,374283,14005.8812411416,13869.5362699565,0.53,0.53,0.53
41605,374283,14006.9858871724,13869.7210864783,1.12,0.59,0.0600000000000001
41606,374283,14007.8340975174,13869.8629991646,0.86,-0.26,-0.85
41607,374283,14009.8461313592,13870.1996292578,2.04,1.18,1.44
41608,374283,14013.554585891,13870.8200847238,3.77,1.73,0.55
41609,374283,14018.8706949141,13871.7095142348,5.38,1.61,-0.12
41610,374283,14025.5478856536,13872.826664103,6.78,1.4,-0.21
41611,374283,14030.8766498279,13878.6085631165,8.43,1.65,0.249999999999999
41612,374283,14047.5451621971,13881.2031599908,10.38,1.95,0.300000000000002
41613,374283,14059.0078535133,13876.8515979215,12.34,1.96,0.00999999999999801
41614,374283,14072.313969021,13878.157044242,13.37,1.03,-0.93
41615,374283,14085.2542677604,13879.3992056303,13,-0.369999999999999,-1.4
41616,374283,14098.2505995395,13880.0295934812,13.03,0.0299999999999994,0.399999999999999
41617,374283,14111.4640349298,13880.8298035187,13.24,0.210000000000001,0.180000000000001
41618,374283,14124.9435869347,13881.7363230979,13.51,0.27,0.0599999999999987
41619,374283,14138.1523509435,13882.4301413487,13.22,-0.289999999999999,-0.559999999999999
41620,374283,14156.5345679555,13882.2047388395,13.52,0.299999999999999,0.589999999999998
41621,374283,14171.3414215848,13879.7163583426,15.26,1.74,1.44
41622,374283,14185.0168242639,13870.4313873704,16.56,1.3,-0.440000000000001
41623,374283,14210.9317832195,13850.8051372785,13.9,-2.66,-3.96
41624,374283,14233.1599871805,13835.4392122102,13.2,-0.700000000000001,1.96
41625,374283,14246.1999334175,13832.1766466518,13.04,-0.16,0.540000000000001
41626,374283,14260.0698768999,13832.2162420656,13.87,0.83,0.99
41627,374283,14273.3598227456,13832.2541817231,13.29,-0.58,-1.41
41628,374283,14286.6497685913,13832.2921213805,13.29,0,0.58
41629,374283,14300.0097141518,13832.3302608707,13.36,0.0700000000000003,0.0700000000000003
41630,374283,14313.0896608533,13832.3676010302,13.08,-0.279999999999999,-0.35
41631,374283,14340.9163610883,13832.4457170444,13.75,0.67,0.949999999999999
41632,374283,14353.6451357229,13827.6595191254,13.22,-0.529999999999999,-1.2
41633,374283,14361.3732431363,13820.9634483481,10.31,-2.91,-2.38
41634,374283,14364.9958596689,13815.698798605,6.4,-3.91,-1
41635,374283,14367.0658175044,13812.5478980101,3.77,-2.63,1.28
41636,374283,14372.0625551828,13795.4908066408,5.41,1.64,4.27
41637,374283,14371.8898773175,13788.27287187,7.22,1.81,0.169999999999999
41638,374283,14371.6834770435,13779.6453404197,8.63,1.41,-0.399999999999999
41639,374283,14371.4290043999,13769.0083839154,10.64,2.01,0.599999999999999
41640,374283,14371.6800117991,13757.0173645938,12,1.36,-0.65
41641,374283,14372.3069704875,13742.9513302272,14.07,2.07,0.710000000000001
41642,374283,14373.0171971267,13727.0171506712,15.96,1.89,-0.18
41643,374283,14372.7609230744,13699.2613550099,17.93,1.97,0.0799999999999983
41644,374283,14370.2491363572,13679.7523871364,19.67,1.74,-0.229999999999997
41645,374283,14367.4998344751,13658.3986465002,21.53,1.86,0.119999999999997
41646,374283,14364.6292210841,13636.1026832162,22.48,0.949999999999999,-0.91
41647,374283,14361.6028181762,13612.59670769,23.69,1.21,0.260000000000002
41648,374283,14357.3003104307,13587.7093617573,25.28,1.59,0.379999999999999
41649,374283,14349.6615502683,13555.6648231149,26.56,1.28,-0.310000000000002
41650,374283,14342.3323772935,13529.9904541158,26.7,0.140000000000001,-1.14
41651,374283,14333.8777050433,13495.042067737,25.87,-0.829999999999998,-0.969999999999999
41652,374283,14330.4242434115,13470.2413580142,25.04,-0.830000000000002,-3.5527136788005e-15
41653,374283,14327.9037266195,13434.968084175,25.69,0.650000000000002,1.48
41654,374283,14329.0669037116,13385.0658890356,25.14,-0.550000000000001,-1.2
41655,374283,14330.0332667736,13359.8944321363,25.19,0.0500000000000007,0.600000000000001
41656,374283,14331.4570480741,13333.1943172834,26.74,1.55,1.5
41657,374283,14331.7645036258,13305.6641378349,27.45,0.710000000000001,-0.839999999999996
41658,374283,14329.9649892859,13278.6039089399,27.12,-0.329999999999998,-1.04
