"V1","V2","V3","V4","V5","acceleration","jerk"
52760,379094,13414.6673729827,13913.2974487915,10.36,1.58,0
52761,379094,13426.2173791636,13910.3104340241,11.94,1.58,0
52762,379094,13438.7355333899,13907.0730408185,12.92,0.98,-0.6
52763,379094,13451.4882226756,13904.7504886699,12.97,0.0500000000000007,-0.93
52764,379094,13465.6435660581,13902.6677457556,13.74,0.77,0.719999999999999
52765,379094,13484.712790414,13899.6682676418,13.19,-0.550000000000001,-1.32
52766,379094,13497.7408627807,13897.5447492384,13.2,0.00999999999999979,0.56
52767,379094,13511.2928328603,13895.5049840081,13.72,0.520000000000001,0.510000000000002
52768,379094,13524.1363561906,13894.4113622889,12.88,-0.84,-1.36
52769,379094,13537.7670310671,13893.2507148786,13.68,0.799999999999999,1.64
52770,379094,13551.6054152221,13892.3429597773,13.88,0.200000000000001,-0.599999999999998
52771,379094,13565.1701383176,13895.3538480627,13.03,-0.850000000000001,-1.05
52772,379094,13578.2399540017,13895.284436358,13.06,0.0300000000000011,0.880000000000003
52773,379094,13591.4498017423,13895.1957994001,13.46,0.4,0.369999999999999
52774,379094,13614.2694220386,13894.4127857989,13.14,-0.32,-0.720000000000001
52775,379094,13627.3538803042,13893.5088728169,13.14,0,0.32
52776,379094,13639.4604009232,13890.894857416,12.39,-0.75,-0.75
52777,379094,13647.0935369812,13888.7454077373,7.93,-4.46,-3.71
52778,379094,13657.8125202993,13890.0408039272,5.85,-2.08,2.38
52779,379094,13678.0700480208,13901.1951077091,7.32,1.47,3.55
52780,379094,13681.157036348,13910.295800159,9.61,2.29,0.819999999999999
52781,379094,13695.000956806,13922.4019468533,11.61,2,-0.289999999999999
52782,379094,13706.7332673508,13928.9788297988,13.45,1.84,-0.16
52783,379094,13718.9700095061,13935.0723492929,13.69,0.24,-1.6
52784,379094,13730.0713438094,13941.5496018182,12.95,-0.74,-0.98
52785,379094,13740.338283767,13949.9733101675,13.3,0.350000000000001,1.09
52786,379094,13750.1578309399,13959.3392097168,13.57,0.27,-0.0800000000000018
52787,379094,13759.2196234621,13969.1017051091,13.32,-0.25,-0.52
52788,379094,13771.7036647139,13974.5582754747,13.77,0.449999999999999,0.699999999999999
52789,379094,13781.9555711097,13976.3656258145,10.41,-3.36,-3.81
52790,379094,13788.3216800145,13976.656578852,6.42,-3.99,-0.630000000000001
52791,379094,13792.0129486328,13976.4025395101,3.7,-2.72,1.27
52792,379094,13802.4927923665,13984.9949327477,5.57,1.87,4.59
52793,379094,13803.2085736657,13992.1693147511,7.2,1.63,-0.24
52794,379094,13804.1129797178,14001.2343105974,9.11,1.91,0.279999999999999
52795,379094,13805.2099815702,14012.2297226832,11.05,1.94,0.030000000000002
52796,379094,13806.4727746529,14024.8868848308,12.72,1.67,-0.270000000000001
52797,379094,13807.8100248748,14038.2903419163,13.47,0.75,-0.92
52798,379094,13808.8564040424,14051.1834852672,12.94,-0.530000000000001,-1.28
52799,379094,13809.4316244635,14064.3709460337,13.2,0.26,0.790000000000001
52800,379094,13810.6347475087,14077.487108016,13.19,-0.00999999999999979,-0.27
52801,379094,13812.0585138056,14101.5360405232,13.52,0.33,0.34
52802,379094,13811.6826018162,14114.7455120843,13.22,-0.299999999999999,-0.629999999999999
52803,379094,13812.4639708344,14128.0425742583,13.33,0.109999999999999,0.409999999999998
52804,379094,13813.2547256666,14141.4993609028,13.48,0.15,0.0400000000000009
52805,379094,13815.2258181067,14154.678696846,13.33,-0.15,-0.300000000000001
52806,379094,13817.8675347364,14168.1477698441,13.73,0.4,0.550000000000001
52807,379094,13820.506520955,14180.8660320161,12.99,-0.74,-1.14
52808,379094,13822.168266343,14190.717999419,9.99,-3,-2.26
52809,379094,13822.3954213484,14196.5235571531,5.81,-4.18,-1.18
52810,379094,13822.5557200613,14200.6204223355,4.1,-1.71,2.47
52811,379094,13813.2766292365,14207.6017488524,6.05,1.95,3.66
52812,379094,13805.1591984339,14209.8007070525,8.41,2.36,0.41
52813,379094,13795.6229063615,14212.3840253661,9.88,1.47,-0.89
52814,379094,13784.6830321444,14215.8189423152,11.47,1.59,0.119999999999999
52815,379094,13772.1808769288,14219.9595962449,13.17,1.7,0.109999999999999
52816,379094,13759.3179913425,14224.2197223456,13.55,0.380000000000001,-1.32
52817,379094,13746.9962013122,14228.3006401897,12.98,-0.57,-0.950000000000001
52818,379094,13723.4866156549,14240.1662096768,13.39,0.41,0.98
52819,379094,13716.5435012589,14245.6054708844,8.82,-4.57,-4.98
52820,379094,13711.4739256682,14249.5769949407,6.45,-2.37,2.2
52821,379094,13709.7263390515,14250.9460606868,2.22,-4.23,-1.86
52822,379094,13705.9403792386,14259.1092607595,4.47,2.25,6.48
52823,379094,13707.4014290473,14264.7945253494,5.87,1.4,-0.849999999999999
52824,379094,13709.3652591991,14272.4362182989,7.89,2.02,0.619999999999999
