"V1","V2","V3","V4","V5","acceleration","jerk"
50821,387255,14200.18,13949.7,0,1.88,0
50822,387255,14198.4051075127,13949.0801962743,1.88,1.88,0
50823,387255,14194.5355543611,13947.795251176,4.09,2.21,0.33
50824,387255,14188.9436601923,13946.4561396776,5.75,1.66,-0.55
50825,387255,14181.8889374417,13945.4847761375,7.13,1.38,-0.28
50826,387255,14173.094325309,13944.4961925869,8.85,1.72,0.34
50827,387255,14162.5895840504,13943.3234618286,10.57,1.72,8.88178419700125e-16
50828,387255,14150.8920409653,13942.0194734191,11.77,1.2,-0.520000000000001
50829,387255,14137.1962112403,13940.4358947663,13.79,2.02,0.82
50830,387255,14123.1344024921,13940.6880541244,13.21,-0.579999999999998,-2.6
50831,387255,14110.5614372536,13937.5091963527,12.97,-0.24,0.339999999999998
50832,387255,14097.7450930526,13932.8379254436,13.68,0.709999999999999,0.949999999999999
50833,387255,14086.6348167186,13925.4646407944,13.36,-0.32,-1.03
50834,387255,14076.1935081151,13917.6864999724,13.03,-0.33,-0.00999999999999979
50835,387255,14063.8131119334,13911.5327143955,13.82,0.790000000000001,1.12
50836,387255,14053.8295145497,13906.4581238161,11.2,-2.62,-3.41
50837,387255,14046.5406068184,13903.1211980696,8.02,-3.18,-0.559999999999999
50838,387255,14042.1422259406,13901.1991560166,4.8,-3.22,-0.04
50839,387255,14040.5111596984,13900.4863987553,1.78,-3.02,0.2
50840,387255,14039.2570711764,13899.2350693985,1.86,0.0800000000000001,3.1
50841,387255,14039.0803063843,13898.9329862837,0.34,-1.52,-1.6
50842,387255,14039.0550542712,13898.889831553,0.05,-0.29,1.23
50843,387255,14039.0550542712,13898.889831553,0,-0.05,0.24
50844,387255,14039.0550542712,13898.889831553,0,0,0.05
50845,387255,14034.16146104,13900.3497633039,1.8,1.8,1.8
50846,387255,14033.517159635,13903.8204657831,3.53,1.73,-0.0700000000000003
50847,387255,14032.5881244646,13908.8249631257,5.1,1.57,-0.16
50848,387255,14031.2374642955,13916.1006567083,7.4,2.3,0.730000000000001
50849,387255,14030.2251990107,13925.4584975396,9.43,2.03,-0.270000000000001
50850,387255,14029.5483729184,13936.9986667948,11.56,2.13,0.100000000000001
50851,387255,14029.643754513,13949.7095661891,12.72,1.16,-0.970000000000001
50852,387255,14030.4423514453,13963.2158068609,13.55,0.83,-0.33
50853,387255,14032.8833414155,13975.0364019375,12.07,-1.48,-2.31
50854,387255,14032.7949214473,13987.9869852987,7.76,-4.31,-2.83
50855,387255,14031.4040880684,13992.4979010157,4.75,-3.01,1.3
50856,387255,14026.5549120143,14008.4231145778,7.06,2.31,5.32
50857,387255,14026.4858961193,14017.4028493627,8.98,1.92,-0.389999999999999
50858,387255,14026.5911590408,14027.872706024,10.49,1.51,-0.410000000000001
50859,387255,14026.668949036,14039.9108090061,12.05,1.56,0.0500000000000007
50860,387255,14026.5594512898,14052.7779938063,12.87,0.819999999999999,-0.740000000000002
50861,387255,14026.6411588483,14066.2077452513,13.43,0.56,-0.259999999999998
50862,387255,14026.7195202299,14079.0875068754,12.88,-0.549999999999999,-1.11
50863,387255,14027.3087566734,14092.2628609305,13.19,0.309999999999999,0.859999999999998
50864,387255,14032.4886209832,14104.3266354545,13.32,0.130000000000001,-0.179999999999998
50865,387255,14034.8968632993,14117.7454004309,13.74,0.42,0.289999999999999
50866,387255,14036.3549204078,14128.5373497205,10.89,-2.85,-3.27
50867,387255,14037.0387651045,14135.5825418255,7.09,-3.8,-0.950000000000001
50868,387255,14037.0825256734,14140.5323483886,4.95,-2.14,1.66
50869,387255,14027.3773534086,14148.9011734435,6.93,1.98,4.12
50870,387255,14018.9099121119,14150.6535551138,8.65,1.72,-0.259999999999999
50871,387255,14008.9514238248,14152.0067036771,10.05,1.4,-0.32
50872,387255,13997.1994167516,14153.6035536234,11.86,1.81,0.409999999999998
50873,387255,13984.3402606689,14155.5679650465,13.02,1.16,-0.649999999999999
50874,387255,13971.1465320534,14157.7928077874,13.38,0.360000000000001,-0.799999999999999
50875,387255,13958.4774352854,14160.1889682692,12.9,-0.48,-0.840000000000002
50876,387255,13941.0941761409,14165.8930927367,13.73,0.83,1.31
50877,387255,13942.4610798388,14179.0824511093,13.26,-0.470000000000001,-1.3
50878,387255,13943.8867418404,14192.8387728508,13.83,0.57,1.04
50879,387255,13945.1928753887,14206.0039738347,13.22,-0.609999999999999,-1.18
50880,387255,13946.3518842249,14218.4199817859,12.48,-0.74,-0.130000000000001
50881,387255,13946.9402157469,14227.7815129652,9.38,-3.1,-2.36
50882,387255,13947.3134111154,14233.7197976684,5.95,-3.43,-0.330000000000001
50883,387255,13947.504712943,14236.7637923483,3.05,-2.9,0.53
50884,387255,13948.036753232,14247.9277040495,5.01,1.96,4.86
50885,387255,13948.2797572852,14254.6333023845,6.7,1.69,-0.27
50886,387255,13948.5796192169,14262.9078708217,8.28,1.58,-0.110000000000001
50887,387255,13948.9519115667,14273.1811272872,10.28,2,0.420000000000001
