"V1","V2","V3","V4","V5","acceleration","jerk"
62330,38807,14348.6890897173,14274.5341020092,18.69,-0.350000000000001,0
62331,38807,14349.982792501,14256.2397877803,18.34,-0.350000000000001,0
62332,38807,14351.3463298406,14236.9579396862,19.33,0.989999999999998,1.34
62333,38807,14352.8310000991,14220.1863422992,16.83,-2.5,-3.49
62334,38807,14354.4830392361,14204.834978624,15.45,-1.38,1.12
62335,38807,14356.0302209667,14190.457989068,14.46,-0.989999999999998,0.390000000000001
62336,38807,14357.4115567995,14177.6221014354,12.91,-1.55,-0.560000000000002
62337,38807,14358.9394790065,14163.4240785544,14.29,1.38,2.93
62338,38807,14360.4452880318,14148.5400760842,14.96,0.670000000000002,-0.709999999999997
62339,38807,14362.1141299865,14131.9739218373,16.66,1.7,1.03
62340,38807,14363.7699419439,14115.537112939,16.52,-0.140000000000001,-1.84
62341,38807,14365.5309961868,14098.0555916106,17.57,1.05,1.19
62342,38807,14367.2750112026,14080.7432141995,17.4,-0.170000000000002,-1.22
62343,38807,14369.1733815703,14061.8985918911,18.93,1.53,1.7
62344,38807,14370.378569269,14044.4625514234,17.48,-1.45,-2.98
62345,38807,14371.4913801348,14026.0661780858,18.43,0.949999999999999,2.4
62346,38807,14372.5878882912,14007.9393121167,18.17,-0.259999999999998,-1.21
62347,38807,14372.397010853,13985.4545403023,19.24,1.07,1.32999999999999
62348,38807,14371.9444148865,13965.8697692571,19.58,0.34,-0.729999999999997
62349,38807,14371.56967744,13949.654098693,16.22,-3.36,-3.7
62350,38807,14371.2711812742,13936.7375472941,12.92,-3.3,0.0600000000000005
62351,38807,14370.9380299809,13922.3213962747,14.43,1.51,4.81
62352,38807,14370.6332958921,13909.1349169441,13.19,-1.24,-2.75
62353,38807,14370.4013375714,13899.0975968168,10.03,-3.16,-1.92
62354,38807,14370.2248274548,13891.4596360825,7.64,-2.39,0.77
62355,38807,14370.0926759015,13885.7411628626,5.72,-1.92,0.47
62356,38807,14373.6364355298,13867.2100985899,7.11,1.39,3.31
62357,38807,14373.6876615972,13862.9404058738,4.28,-2.83,-4.22
62358,38807,14373.7177734073,13860.430586502,2.5,-1.78,1.05
62359,38807,14373.7243716127,13859.8806260819,0.55,-1.95,-0.17
62360,38807,14373.7283305359,13859.5506498299,0.33,-0.22,1.73
62361,38807,14373.7394875014,13858.6207167559,0.93,0.6,0.82
62362,38807,14373.7654004535,13856.4608721969,2.16,1.23,0.63
62363,38807,14373.8087086744,13852.8511319849,3.62,1.46,0.23
62364,38807,14373.1551290428,13830.2107929258,6.03,2.41,0.95
62365,38807,14372.9117422069,13822.5646704706,7.65,1.62,-0.79
62366,38807,14372.6214138837,13813.3392377184,9.23,1.58,-0.04
62367,38807,14371.910206429,13789.1226287336,11.46,2.23,0.65
62368,38807,14371.6081397477,13776.4962414546,12.63,1.17,-1.06
62369,38807,14371.4230834161,13762.7816414614,13.73,1.1,-0.0700000000000003
62370,38807,14372.1132723131,13747.2970155606,15.5,1.77,0.67
62371,38807,14372.7353328868,13733.3408720875,13.97,-1.53,-3.3
62372,38807,14373.2852575886,13721.003121773,12.35,-1.62,-0.0900000000000016
62373,38807,14365.4105386883,13710.0680157475,13.19,0.84,2.46
62374,38807,14345.7904293952,13711.4172767829,13.43,0.24,-0.6
62375,38807,14325.8900012164,13712.0355966858,13.28,-0.15,-0.390000000000001
62376,38807,14312.9248618984,13711.7393521051,12.98,-0.299999999999999,-0.149999999999999
62377,38807,14300.1518062809,13710.4299055833,12.84,-0.140000000000001,0.159999999999998
62378,38807,14274.2528214351,13708.2331420616,13.38,0.540000000000001,0.680000000000001
62379,38807,14261.9438010832,13703.8081495061,12.66,-0.720000000000001,-1.26
62380,38807,14249.0360667683,13702.6453963695,12.96,0.300000000000001,1.02
62381,38807,14235.4510747888,13701.4216345806,13.64,0.68,0.379999999999999
62382,38807,14222.3541067147,13700.2418349088,13.15,-0.49,-1.17
62383,38807,14209.4078063861,13699.1870261197,12.99,-0.16,0.33
62384,38807,14196.5765537711,13698.3276331176,12.86,-0.130000000000001,0.0299999999999994
62385,38807,14182.7176036295,13697.3994084831,13.89,1.03,1.16
62386,38807,14169.0083181763,13696.4812078728,13.74,-0.15,-1.18
62387,38807,14155.3845980373,13696.8560285391,13.64,-0.0999999999999996,0.0500000000000007
62388,38807,14146.2038114658,13697.267438223,9.18,-4.46,-4.36
62389,38807,14139.4306087504,13697.5709591868,6.78,-2.4,2.06
62390,38807,14136.3936565004,13697.7070511824,3.04,-3.74,-1.34
62391,38807,14123.3848326884,13702.1472068298,5,1.96,5.7
62392,38807,14117.0055539237,13698.7234074134,7.24,2.24,0.28
62393,38807,14108.3473957298,13694.8513249656,9.49,2.25,0.00999999999999979
62394,38807,14090.1336119586,13690.7240620238,10.7,1.21,-1.04
62395,38807,14078.1446199441,13688.9468534047,12.11,1.41,0.200000000000001
62396,38807,14064.9290313868,13686.9878181613,13.36,1.25,-0.16
62397,38807,14050.358251488,13684.8278938249,14.72,1.36,0.110000000000001
62398,38807,14034.1256311118,13682.4216237392,16.42,1.7,0.34
62399,38807,14016.4959583165,13679.1164535467,17.95,1.53,-0.170000000000003
62400,38807,13997.5426670189,13673.2531784429,19.87,1.92,0.390000000000004
62401,38807,13978.820170833,13663.5073193027,21.12,1.25,-0.670000000000002
62402,38807,13960.105781703,13651.0525194451,22.48,1.36,0.109999999999999
62403,38807,13943.381045154,13639.9218731311,20.09,-2.39,-3.75
62404,38807,13929.1436095369,13632.0052079517,16.31,-3.78,-1.39
62405,38807,13917.7816720204,13626.1323486932,12.79,-3.52,0.260000000000002
62406,38807,13910.7020850362,13621.9970161227,8.2,-4.59,-1.07
62407,38807,13905.2377005745,13619.2880036084,6.11,-2.09,2.5
62408,38807,13903.4871955318,13618.523914546,1.91,-4.2,-2.11
62409,38807,13902.1124533516,13617.9238446016,1.51,-0.4,3.8
62410,38807,13901.76,13617.77,0.69,-0.82,-0.42
62411,38807,13901.76,13617.77,0.05,-0.64,0.18
62412,38807,13901.76,13617.77,0,-0.05,0.59
62413,38807,13896.5658870875,13602.1248186158,1.58,1.58,1.63
62414,38807,13897.1639228995,13598.0692317695,4.1,2.52,0.94
62415,38807,13898.1504643641,13592.5060280218,5.65,1.55,-0.969999999999999
62416,38807,13898.724139683,13578.1645487721,7.2,1.55,-8.88178419700125e-16
62417,38807,13898.0771595861,13568.7066517144,9.49,2.29,0.74
62418,38807,13897.3353163736,13557.861995489,10.87,1.38,-0.910000000000001
62419,38807,13896.5115769464,13545.8201371043,12.06,1.19,-0.189999999999998
62420,38807,13895.5417892694,13531.6432682024,14.21,2.15,0.959999999999999
62421,38807,13896.7803423776,13516.3540282937,15.35,1.14,-1.01
62422,38807,13898.3008241505,13499.5326063806,16.89,1.54,0.400000000000002
62423,38807,13900.3013370819,13485.0870151614,14.6,-2.29,-3.83
62424,38807,13902.2937148627,13474.4622078324,10.81,-3.79,-1.5
62425,38807,13903.6483843066,13467.2381251434,7.35,-3.46,0.329999999999998
62426,38807,13902.0028164456,13455.6142931501,7.64,0.29,3.75
62427,38807,13900.6552958062,13448.3862812956,7.38,-0.26,-0.55
62428,38807,13900.4533680574,13440.4554321391,7.96,0.58,0.84
62429,38807,13901.8374574893,13432.939238038,7.67,-0.29,-0.87
62430,38807,13903.7811717246,13425.7679846628,7.43,-0.24,0.0499999999999998
62431,38807,13908.0803719679,13418.837605499,8.27,0.84,1.08
62432,38807,13912.8396568697,13412.5823031703,7.86,-0.409999999999999,-1.25
62433,38807,13916.4447629235,13405.6944222219,7.92,0.0599999999999996,0.469999999999999
62434,38807,13918.4453391837,13398.2588526655,7.7,-0.22,-0.279999999999999
62435,38807,13920.6044026542,13390.234231495,8.31,0.61,0.83
62436,38807,13922.5218380828,13383.1076726215,7.39,-0.920000000000001,-1.53
62437,38807,13924.5012954843,13375.4803581166,7.88,0.49,1.41
62438,38807,13926.4772287712,13368.3667358045,7.39,-0.49,-0.98
62439,38807,13929.3030151706,13361.300829548,7.61,0.220000000000001,0.710000000000001
62440,38807,13932.1807871279,13354.1049329005,7.76,0.149999999999999,-0.0700000000000012
62441,38807,13935.1439639303,13346.6954806105,7.97,0.21,0.0600000000000005
62442,38807,13936.4587433676,13339.2501377127,7.62,-0.35,-0.56
62443,38807,13937.2655123742,13331.1200686004,8.18,0.56,0.909999999999999
62444,38807,13938.070306426,13323.0099017381,8.15,-0.0299999999999994,-0.589999999999999
62445,38807,13938.837576338,13315.2778776253,7.76,-0.390000000000001,-0.360000000000001
62446,38807,13939.6453328219,13307.137857388,8.18,0.42,0.81
62447,38807,13941.6500542062,13292.3807028442,8.16,-0.0199999999999996,-0.44
62448,38807,13943.1160105625,13282.3775497432,10.1,1.94,1.96
