"V1","V2","V3","V4","V5","acceleration","jerk"
59899,400196,13644.92,13905.94,0,1.71,0
59900,400196,13643.2364079112,13906.2393621191,1.71,1.71,0
59901,400196,13639.9578338434,13906.8223304564,3.33,1.62,-0.0899999999999999
59902,400196,13634.5526171371,13907.7834404179,5.49,2.16,0.54
59903,400196,13627.6114918585,13909.0176526635,7.05,1.56,-0.600000000000001
59904,400196,13619.4298250408,13910.4724475231,8.31,1.26,-0.299999999999999
59905,400196,13603.9349956369,13911.4862034866,9.89,1.58,0.319999999999999
59906,400196,13591.9257290587,13911.6189297239,12.01,2.12,0.539999999999999
59907,400196,13578.7329710176,13912.1894116921,13.21,1.2,-0.919999999999998
59908,400196,13565.2626707393,13913.0844035427,13.5,0.289999999999999,-0.910000000000002
59909,400196,13552.3112264717,13913.9449216332,12.98,-0.52,-0.809999999999999
59910,400196,13538.5415861873,13914.8598021916,13.8,0.82,1.34
59911,400196,13525.2109779118,13915.7455126453,13.36,-0.440000000000001,-1.26
59912,400196,13514.6352195326,13919.7615925909,10.8,-2.56,-2.12
59913,400196,13503.4459785101,13920.8175558472,11.26,0.459999999999999,3.02
59914,400196,13491.5600677021,13922.7993793167,12.05,0.790000000000001,0.330000000000002
59915,400196,13478.9975319187,13924.7939155739,12.86,0.809999999999999,0.0199999999999978
59916,400196,13460.1102943296,13927.3906294627,12.29,-0.57,-1.38
59917,400196,13447.0912883078,13929.1696972539,13.13,0.840000000000002,1.41
59918,400196,13438.3525034439,13930.3638660452,8.83,-4.3,-5.14
59919,400196,13431.5166448633,13931.812745841,6.99,-1.84,2.46
59920,400196,13426.5550082586,13933.1162266439,5.13,-1.86,-0.0200000000000005
59921,400196,13423.6921536096,13933.8683325263,2.96,-2.17,-0.31
59922,400196,13421.3419046916,13934.4857708014,2.43,-0.53,1.64
59923,400196,13417.5408848366,13935.4843438141,3.94,1.51,2.04
59924,400196,13412.7436689381,13936.7446293468,4.95,1.01,-0.5
59925,400196,13406.350605009,13938.4241630909,6.62,1.67,0.66
