"V1","V2","V3","V4","V5","acceleration","jerk"
63381,406751,13408.3960794041,13365.2270382583,13.14,0.559999999999999,0
63382,406751,13421.8672884137,13367.7747093164,13.7,0.559999999999999,0
63383,406751,13434.4273496547,13366.7942633286,13.01,-0.69,-1.25
63384,406751,13457.8198743267,13370.040584328,13.58,0.57,1.26
63385,406751,13470.8438625085,13370.8641326508,13.04,-0.540000000000001,-1.11
63386,406751,13483.9077709606,13371.6902052596,13.09,0.0500000000000007,0.590000000000002
63387,406751,13496.9117990073,13372.5124914394,13.03,-0.0600000000000005,-0.110000000000001
63388,406751,13510.544571311,13373.3745351244,13.66,0.630000000000001,0.690000000000001
63389,406751,13523.8856336038,13374.0314319322,13.37,-0.290000000000001,-0.920000000000002
63390,406751,13537.0050889971,13372.8787003143,13.17,-0.199999999999999,0.0900000000000016
63391,406751,13549.9136132602,13370.8730250261,13.12,-0.0500000000000007,0.149999999999999
63392,406751,13571.5970707156,13359.3788667595,13.03,-0.0899999999999999,-0.0399999999999991
63393,406751,13582.8913865579,13351.3280699259,13.88,0.850000000000001,0.940000000000001
63394,406751,13594.1449874909,13343.3062954314,13.82,-0.0600000000000005,-0.910000000000002
63395,406751,13605.4230173694,13335.2671075334,13.85,0.0299999999999994,0.0899999999999999
63396,406751,13616.0577516809,13327.6864725914,13.06,-0.789999999999999,-0.819999999999999
63397,406751,13626.6110561737,13320.1638823273,12.96,-0.0999999999999996,0.69
63398,406751,13637.6366536146,13312.304632931,13.54,0.579999999999998,0.679999999999998
63399,406751,13648.4527499379,13304.7387329604,13.2,-0.34,-0.919999999999998
63400,406751,13659.1741150883,13297.3337866869,13.04,-0.16,0.18
63401,406751,13670.0189034753,13289.8435954449,13.18,0.140000000000001,0.300000000000001
63402,406751,13681.3244719454,13282.0351563201,13.74,0.56,0.42
63444,406751,14209.469336753,13275.6163477446,13.8,0.00142857142857144,-0.0132993197278912
63445,406751,14222.16,13277.67,13.86,0.0599999999999987,0.0585714285714273
63446,406751,14237.9774945102,13280.2714088289,13.81,-0.0499999999999989,-0.109999999999998
63447,406751,14251.2293507117,13282.2584436084,13.39,-0.42,-0.370000000000001
63448,406751,14264.2240813451,13284.2069239817,13.14,-0.25,0.17
63449,406751,14277.8616258988,13286.2517903705,13.79,0.649999999999999,0.899999999999999
63450,406751,14290.609120409,13288.1631991994,12.9,-0.889999999999999,-1.54
63451,406751,14303.8115293859,13290.14281967,13.35,0.449999999999999,1.34
63452,406751,14317.3745666937,13292.2705388749,13.73,0.380000000000001,-0.0699999999999985
63453,406751,14330.8952924646,13294.7154467722,13.73,0,-0.380000000000001
63454,406751,14344.1601675296,13297.1140900368,13.49,-0.24,-0.24
63455,406751,14357.3266384769,13299.4949392119,13.37,-0.120000000000001,0.119999999999999
63456,406751,14370.6013539536,13301.8953618855,13.49,0.120000000000001,0.240000000000002
63457,406751,14383.718622842,13304.2673140158,13.33,-0.16,-0.280000000000001
63458,406751,14396.471796495,13306.573428015,12.96,-0.369999999999999,-0.209999999999999
