"V1","V2","V3","V4","V5","acceleration","jerk"
47119,419680,13688.2644642489,14271.1248234832,12.94,-1.8,0
47120,419680,13684.5191399156,14257.3703538468,11.14,-1.8,0
47121,419680,13682.6025763868,14250.2393261213,7.44,-3.7,-1.9
47122,419680,13683.941746598,14245.9222642564,4.52,-2.92,0.779999999999999
47123,419680,13682.520149276,14225.7463494117,5.93,1.41,4.33
47124,419680,13675.4531598717,14208.7732695722,7.58,1.65,0.24
47125,419680,13672.9460765504,14199.7968040529,9.32,1.74,0.0899999999999999
47126,419680,13670.0301126875,14189.3563656162,10.84,1.52,-0.220000000000001
47127,419680,13666.729478315,14177.5386368691,12.27,1.43,-0.0899999999999999
47128,419680,13663.0092033865,14164.2184096017,13.82,1.55,0.120000000000001
47129,419680,13659.5688738049,14151.7659229132,12.93,-0.890000000000001,-2.44
47130,419680,13656.1923452952,14138.3381440873,13.75,0.82,1.71
47131,419680,13650.2356122732,14116.4525626742,12.91,-0.84,-1.66
47132,419680,13648.6779929137,14093.4900649434,13.44,0.529999999999999,1.37
47133,419680,13648.5289319686,14079.7108711776,13.78,0.34,-0.19
47134,419680,13648.3873348879,14066.6216370416,13.09,-0.69,-1.03
47135,419680,13648.2471440426,14053.6623952997,12.96,-0.129999999999999,0.56
47136,419680,13646.325632123,14040.6339086017,13.25,0.289999999999999,0.419999999999998
47137,419680,13643.3069986049,14028.0920645713,12.9,-0.35,-0.639999999999999
47138,419680,13640.271984905,14015.4821640229,12.97,0.0700000000000003,0.42
47139,419680,13637.10592975,14002.3278113305,13.53,0.559999999999999,0.489999999999998
47140,419680,13636.948684505,13984.2441979674,13.55,0.0200000000000014,-0.539999999999997
47141,419680,13640.8661642401,13969.3818208854,15.37,1.82,1.8
47142,419680,13645.107339438,13953.2913879223,16.64,1.27,-0.549999999999997
47143,419680,13649.0299167395,13938.4096713777,15.39,-1.25,-2.52
47144,419680,13652.2311884033,13926.2644888046,12.56,-2.83,-1.58
47145,419680,13654.7264471285,13916.7978218149,9.78,-2.78,0.0499999999999989
47146,419680,13660.6253155831,13907.2903222814,5.69,-4.09,-1.31
47147,419680,13662.3389698999,13904.1357242273,3.59,-2.1,1.99
47148,419680,13691.3622638318,13876.3323188356,5.98,2.39,4.49
47149,419680,13698.3309658196,13872.3024686393,8.05,2.07,-0.32
47150,419680,13701.9062129264,13870.2349802777,4.13,-3.92,-5.99
47151,419680,13716.4625035731,13864.3999691293,6.15,2.02,5.94
47152,419680,13723.9869497951,13863.2075332497,7.61,1.46,-0.56
47153,419680,13733.6615068346,13861.4107177087,9.84,2.23,0.77
47154,419680,13744.9583219144,13859.3126068788,11.49,1.65,-0.579999999999999
47155,419680,13757.7136834005,13857.4592240987,12.9,1.41,-0.24
47156,419680,13771.2959095172,13855.787169682,13.68,0.779999999999999,-0.630000000000001
47157,419680,13784.3515140267,13854.7095840045,13.1,-0.58,-1.36
47158,419680,13797.3396396256,13853.6659377571,13.03,-0.0700000000000003,0.51
47159,419680,13810.1691145114,13852.6454113457,12.87,-0.16,-0.0899999999999999
47160,419680,13823.4365482312,13852.2406264635,13.29,0.42,0.58
47161,419680,13837.0238353873,13852.5121549838,13.59,0.300000000000001,-0.119999999999999
47162,419680,13850.0967924203,13853.8670768368,13.18,-0.41,-0.710000000000001
47163,419680,13863.1830479853,13855.87892059,13.24,0.0600000000000005,0.470000000000001
47164,419680,13876.1021988532,13857.6324688433,13.05,-0.19,-0.25
47165,419680,13889.9017867572,13859.2147057658,13.88,0.83,1.02
47166,419680,13903.0290326463,13861.8500141731,13.4,-0.48,-1.31
47167,419680,13916.2728061189,13864.3986072376,13.49,0.0899999999999999,0.57
47168,419680,13929.8777551142,13866.7695696657,13.81,0.32,0.23
47169,419680,13943.5637318283,13867.5905289084,13.72,-0.0899999999999999,-0.41
47170,419680,13957.8002701698,13870.0829004712,13.83,0.109999999999999,0.199999999999999
47171,419680,13977.3385290453,13868.3643253993,13.55,-0.279999999999999,-0.389999999999999
47172,419680,13990.6890590188,13870.0926803459,13.56,0.00999999999999979,0.289999999999999
47173,419680,14003.4663986144,13872.4799171774,13,-0.56,-0.57
47174,419680,14015.5587450553,13874.500500646,12.26,-0.74,-0.18
47175,419680,14024.2384064484,13875.9508378828,8.8,-3.46,-2.72
47176,419680,14027.6362100963,13879.6299307494,5.36,-3.44,0.0199999999999987
47177,419680,14029.5364158922,13882.7813777081,3.69,-1.67,1.77
47178,419680,14029.62,13882.92,1.25,-2.44,-0.77
47179,419680,14029.62,13882.92,0.53,-0.72,1.72
47180,419680,14029.62,13882.92,0.19,-0.34,0.38
47181,419680,14029.62,13882.92,0.06,-0.13,0.21
47182,419680,14029.62,13882.92,0.06,0,0.13
47183,419680,14029.62,13882.92,0,-0.06,-0.06
47184,419680,14029.62,13882.92,0,0,0.06
47185,419680,14029.62,13882.92,0,0,0
47186,419680,14029.62,13882.92,0,0,0
47187,419680,14029.62,13882.92,0,0,0
47188,419680,14029.62,13882.92,0,0,0
47189,419680,14029.62,13882.92,0,0,0
47190,419680,14029.62,13882.92,0,0,0
47191,419680,14029.62,13882.92,0,0,0
47192,419680,14029.62,13882.92,0,0,0
47193,419680,14029.62,13882.92,0,0,0
47194,419680,14029.62,13882.92,0,0,0
47195,419680,14029.62,13882.92,0,0,0
47196,419680,14029.62,13882.92,0,0,0
47197,419680,14029.62,13882.92,0,0,0
47198,419680,14029.62,13882.92,0,0,0
47199,419680,14029.62,13882.92,0,0,0
47200,419680,14029.62,13882.92,0,0,0
47201,419680,14029.62,13882.92,0,0,0
47202,419680,14029.62,13882.92,0,0,0
47203,419680,14029.62,13882.92,0,0,0
47204,419680,14029.62,13882.92,0,0,0
47205,419680,14029.62,13882.92,0,0,0
47206,419680,14029.62,13882.92,0,0,0
47207,419680,14029.62,13882.92,0,0,0
47208,419680,14026.1701070187,13886.6671236623,1.38,1.38,1.38
47209,419680,14023.1903398039,13886.7043707524,2.97,1.59,0.21
47210,419680,14018.0207436629,13886.7689907042,5.17,2.2,0.609999999999999
47211,419680,14011.4103760638,13889.5477965862,6.73,1.56,-0.639999999999999
47212,419680,14002.8147145825,13887.1643109667,8.92,2.19,0.629999999999999
47213,419680,13992.8217762909,13884.3933753305,10.37,1.45,-0.74
47214,419680,13981.1625693535,13881.9128935069,11.95,1.58,0.130000000000001
47215,419680,13969.8345834073,13880.9538221061,11.42,-0.529999999999999,-2.11
47216,419680,13962.2439678128,13881.9051658378,7.65,-3.77,-3.24
