"V1","V2","V3","V4","V5","acceleration","jerk"
76741,422349,13645.5,13909.19,0,2.21,0
76742,422349,13643.3241042,13909.5767524627,2.21,2.21,0
76743,422349,13639.4449053529,13910.2662568533,3.94,1.73,-0.48
76744,422349,13634.0297800587,13911.2287629824,5.5,1.56,-0.17
76745,422349,13626.5962898821,13912.5500213958,7.55,2.05,0.49
76746,422349,13611.65329423,13914.6603468581,9.07,1.52,-0.529999999999999
76747,422349,13600.6352700378,13914.8184934738,11.02,1.95,0.429999999999999
76748,422349,13587.4861210708,13914.9680977692,13.15,2.13,0.180000000000001
76749,422349,13574.2332239247,13915.7928683029,13.29,0.139999999999999,-1.99
76750,422349,13560.602944643,13913.3940044274,13.45,0.16,0.0200000000000014
76751,422349,13547.5018303724,13914.2644668717,13.13,-0.319999999999999,-0.479999999999999
76752,422349,13534.3907381015,13915.135592273,13.14,0.00999999999999979,0.329999999999998
76753,422349,13521.0800858265,13916.0199768128,13.34,0.199999999999999,0.19
76754,422349,13507.4202035443,13916.9275648451,13.69,0.35,0.15
76755,422349,13494.4958446972,13918.9723592171,13.09,-0.6,-0.949999999999999
76756,422349,13482.7873488213,13920.9237751964,11.87,-1.22,-0.620000000000001
76757,422349,13471.5057595262,13918.8413343073,8.18,-3.69,-2.47
76758,422349,13471.0870919147,13913.4776492465,5.38,-2.8,0.89
76759,422349,13470.8798264288,13910.9662034897,2.52,-2.86,-0.0600000000000001
76760,422349,13475.5408426172,13904.5105674272,4.69,2.17,5.03
76761,422349,13482.005200977,13903.4548349823,6.55,1.86,-0.310000000000001
76762,422349,13490.0881162392,13902.1347664748,8.19,1.64,-0.22
76763,422349,13500.2731816246,13900.4713834472,10.32,2.13,0.490000000000001
76764,422349,13512.5884576722,13898.6914009756,12.45,2.13,-1.77635683940025e-15
76765,422349,13525.7414704067,13897.5786314556,13.2,0.75,-1.38
76766,422349,13539.5122761637,13896.4135954885,13.82,0.620000000000001,-0.129999999999999
76767,422349,13552.5753958054,13895.6003151323,13.09,-0.73,-1.35
76768,422349,13565.9401274589,13895.3497587733,13.37,0.279999999999999,1.01
76769,422349,13579.2499397584,13895.2790724849,13.3,-0.0699999999999985,-0.349999999999998
76770,422349,13591.8897721717,13895.1906982937,12.89,-0.41,-0.340000000000002
76771,422349,13614.4592631601,13894.4050173643,12.89,0,0.41
76772,422349,13627.5106610074,13893.4769383353,13.11,0.219999999999999,0.219999999999999
76773,422349,13639.7106676792,13890.8243836561,12.49,-0.619999999999999,-0.839999999999998
76774,422349,13647.3341780927,13888.6776445066,7.92,-4.57,-3.95
76775,422349,13657.2040967323,13886.700292446,4.79,-3.13,1.44
76776,422349,13660.2582126935,13886.8899650469,3.05,-1.74,1.39
76777,422349,13690.7476329732,13876.6877466169,5.51,2.46,4.2
76778,422349,13696.5909545158,13873.3086796821,6.75,1.24,-1.22
76779,422349,13700.8241163445,13870.8607334137,4.89,-1.86,-3.1
76780,422349,13703.2047288248,13869.4840765144,2.75,-2.14,-0.279999999999999
76781,422349,13716.9872614485,13864.3256107259,5.17,2.42,4.56
76782,422349,13723.9377904605,13863.21666341,7.04,1.87,-0.55
76783,422349,13732.9929398847,13861.5348878884,9.21,2.17,0.300000000000001
76784,422349,13744.230763763,13859.4477332508,11.43,2.22,0.049999999999998
76785,422349,13756.971186165,13857.5650440172,12.88,1.45,-0.769999999999998
76786,422349,13770.6680445676,13855.8389925047,13.82,0.94,-0.510000000000002
76787,422349,13783.753547408,13854.7589390737,13.13,-0.69,-1.63
76788,422349,13796.7415289084,13853.7135147459,13.02,-0.110000000000001,0.579999999999998
76789,422349,13809.8800276647,13852.6684068903,13.18,0.16,0.270000000000001
76790,422349,13823.6465063109,13852.2448222684,13.8,0.620000000000001,0.460000000000001
76791,422349,13836.9438513569,13852.5105565819,13.3,-0.5,-1.12
76792,422349,13850.1857473297,13853.8807525119,13.34,0.0399999999999991,0.539999999999999
76793,422349,13863.0644414394,13855.8606863566,13.03,-0.31,-0.35
76794,422349,13876.3704413826,13857.6632250686,13.42,0.390000000000001,0.700000000000001
76795,422349,13890.0309405677,13859.2295143187,13.75,0.33,-0.0600000000000005
76796,422349,13903.1266789021,13861.8715828714,13.37,-0.380000000000001,-0.710000000000001
76797,422349,13916.6767184352,13864.4689978672,13.8,0.430000000000001,0.810000000000002
76798,422349,13930.2127067911,13866.827942383,13.74,-0.0600000000000005,-0.490000000000002
76799,422349,13943.9233218948,13867.6077040083,13.73,-0.00999999999999979,0.0500000000000007
76800,422349,13956.8632714284,13866.8756995468,12.99,-0.74,-0.73
76801,422349,13975.962164458,13865.1640994947,12.93,-0.0600000000000005,0.68
76802,422349,13989.3281847707,13866.4517727418,13.55,0.620000000000001,0.680000000000001
76803,422349,14002.3700448295,13868.9488174409,13.28,-0.270000000000001,-0.890000000000002
76804,422349,14012.4696656822,13870.6385684971,10.24,-3.04,-2.77
76805,422349,14022.2142217393,13872.2689142427,9.88,-0.359999999999999,2.68
76806,422349,14029.9116182557,13877.0068096821,9.94,0.0599999999999987,0.419999999999998
76807,422349,14044.8501436433,13882.3008735212,9.35,-0.59,-0.649999999999999
76808,422349,14055.0838051619,13878.1325798748,11.04,1.69,2.28
76809,422349,14067.4174777497,13877.6766556185,12.64,1.6,-0.0899999999999981
76810,422349,14080.9823509262,13879.0074883296,13.63,0.99,-0.610000000000001
76811,422349,14094.2207006018,13880.0010531204,13.29,-0.340000000000002,-1.33
76812,422349,14108.3310792243,13883.9214996006,12.82,-0.469999999999999,-0.129999999999997
76813,422349,14121.211878779,13884.789314575,12.91,0.0899999999999999,0.559999999999999
76814,422349,14134.8733060117,13885.6559807707,13.68,0.77,0.68
76815,422349,14150.5278750263,13885.719811375,12.93,-0.75,-1.52
76816,422349,14166.1262863671,13884.7509901626,14.07,1.14,1.89
76817,422349,14176.7709959868,13880.487688455,11.55,-2.52,-3.66
76818,422349,14184.0871025655,13875.2029625114,9.03,-2.52,-1.77635683940025e-15
76819,422349,14199.8726537868,13865.6088393255,9,-0.0299999999999994,2.49
76820,422349,14206.0690551863,13883.8558925646,9.97,0.970000000000001,1
76821,422349,14209.9208622606,13893.8063941732,10.68,0.709999999999999,-0.260000000000002
76822,422349,14226.8173664521,13918.7451470802,11.98,1.3,0.590000000000002
76823,422349,14237.4469137885,13925.6033701316,12.65,0.67,-0.630000000000001
76824,422349,14248.3489697114,13933.2160278709,13.3,0.65,-0.0199999999999996
76825,422349,14258.833559757,13940.469564057,12.75,-0.550000000000001,-1.2
76826,422349,14269.3958257454,13947.2380983341,12.55,-0.199999999999999,0.350000000000001
76827,422349,14281.3244670687,13954.1196669452,13.78,1.23,1.43
76828,422349,14292.9021250066,13959.694641086,12.85,-0.93,-2.16
76829,422349,14305.6118696851,13964.2674540498,13.52,0.67,1.6
76830,422349,14317.78933585,13968.4013284799,12.86,-0.66,-1.33
76831,422349,14330.7801146799,13971.2903855962,13.3,0.440000000000001,1.1
76832,422349,14344.2168740627,13974.039910885,13.72,0.42,-0.0200000000000014
76833,422349,14357.0348557725,13976.0198717145,12.98,-0.74,-1.16
76834,422349,14371.8531161872,13973.9859526993,13,0.0199999999999996,0.76
76835,422349,14384.9296022308,13974.7704989067,13.09,0.0899999999999999,0.0700000000000003
76836,422349,14397.8264113669,13975.5442650899,12.93,-0.16,-0.25
