"V1","V2","V3","V4","V5","acceleration","jerk"
48221,427368,13417.1989051085,13753.2691519785,13.39,0.199999999999999,0
48222,427368,13428.6073641419,13746.1641532882,13.59,0.199999999999999,0
48223,427368,13429.1299549084,13732.4941386982,13.68,0.0899999999999999,-0.109999999999999
48224,427368,13429.642995405,13719.0739416263,13.43,-0.25,-0.34
48225,427368,13430.151451772,13705.7736569631,13.31,-0.119999999999999,0.130000000000001
48226,427368,13430.6488298261,13692.7631606209,13.02,-0.290000000000001,-0.170000000000002
48227,427368,13431.1653084198,13679.2530292424,13.52,0.5,0.790000000000001
48228,427368,13431.6428219126,13666.7621533378,12.5,-1.02,-1.52
48229,427368,13431.9572167962,13658.5381606422,8.23,-4.27,-3.25
48230,427368,13432.1398179558,13653.7616496963,4.78,-3.45,0.819999999999999
48231,427368,13441.5582365389,13646.8003567518,7.12,2.34,5.79
48232,427368,13449.3139154296,13647.530798361,7.79,0.67,-1.67
48233,427368,13457.4976998303,13648.3015595969,8.22,0.430000000000001,-0.239999999999999
48234,427368,13464.8850088636,13648.9973075738,7.42,-0.800000000000001,-1.23
48235,427368,13473.1583967431,13649.7765078014,8.31,0.890000000000001,1.69
48236,427368,13480.8543399812,13650.5013234161,7.73,-0.58,-1.47
48237,427368,13488.9294266772,13647.9485190505,7.8,0.0699999999999994,0.649999999999999
48238,427368,13496.814445886,13648.6920727325,7.92,0.12,0.0500000000000007
48239,427368,13505.0280075617,13649.466607818,8.24,0.32,0.2
48240,427368,13512.7935567824,13650.1988955351,7.8,-0.44,-0.760000000000001
48241,427368,13520.9374276318,13650.9668588077,8.18,0.38,0.82
48242,427368,13528.7667139799,13651.9965485133,7.9,-0.279999999999999,-0.659999999999999
48243,427368,13535.9018717389,13653.1001443424,7.22,-0.680000000000001,-0.400000000000001
48244,427368,13543.5904489362,13654.289337632,7.78,0.56,1.24
48245,427368,13551.1967937433,13658.7967833028,8.01,0.23,-0.330000000000001
48246,427368,13558.3417155748,13659.9026729995,7.22,-0.79,-1.02
48247,427368,13566.3463997844,13661.1416365601,8.11,0.89,1.68
48248,427368,13573.5703802255,13662.2597629339,7.31,-0.8,-1.69
48249,427368,13581.3082416281,13663.4574277091,7.82,0.510000000000001,1.31
48250,427368,13589.3228081639,13664.6979208543,8.11,0.289999999999999,-0.220000000000002
48251,427368,13596.5369062787,13665.8145176435,7.3,-0.81,-1.1
48252,427368,13604.1166504624,13666.9877090644,7.67,0.37,1.18
48253,427368,13611.6371006889,13668.1517229775,7.61,-0.0599999999999996,-0.43
48254,427368,13617.6554373354,13669.0832400249,6.09,-1.52,-1.46
48255,427368,13621.2130747619,13669.6338904963,3.6,-2.49,-0.969999999999999
48256,427368,13636.5372804668,13669.0673849643,5.3,1.7,4.19
48257,427368,13643.2865190388,13670.4529818387,6.89,1.59,-0.11
48258,427368,13652.0438764892,13672.2508390313,8.94,2.05,0.46
48259,427368,13662.7897614144,13674.4569344902,10.97,2.03,-0.0199999999999987
48260,427368,13675.55356092,13677.0773012933,13.03,2.06,0.0299999999999976
48261,427368,13699.7771688901,13681.3595637937,13.51,0.48,-1.58
48262,427368,13713.3322095022,13682.8795881368,13.65,0.140000000000001,-0.34
48263,427368,13726.4499907398,13684.3505794365,13.19,-0.460000000000001,-0.600000000000001
48264,427368,13739.3888931423,13685.801511764,13.02,-0.17,0.290000000000001
48265,427368,13752.2482938403,13687.2435289926,12.94,-0.0800000000000001,0.0899999999999999
48266,427368,13765.6343933304,13688.7446087508,13.47,0.530000000000001,0.610000000000001
48267,427368,13788.8098287595,13689.152967753,13.44,-0.0300000000000011,-0.560000000000002
48268,427368,13802.4996500794,13689.0830232818,13.69,0.25,0.280000000000001
48269,427368,13815.9394746623,13689.014356102,13.45,-0.24,-0.49
48270,427368,13829.0393036828,13688.9474260383,13.1,-0.35,-0.109999999999999
48271,427368,13842.7591246111,13688.8773282922,13.73,0.630000000000001,0.98
48272,427368,13856.0189515433,13688.809580762,13.25,-0.48,-1.11
48273,427368,13869.0687812164,13688.7429061566,13.06,-0.19,0.290000000000001
48274,427368,13881.9486131083,13688.6771001092,12.87,-0.190000000000001,-1.77635683940025e-15
48275,427368,13892.1246549066,13679.7515931159,13.01,0.140000000000001,0.330000000000002
48276,427368,13891.8210111318,13666.8551672366,12.9,-0.109999999999999,-0.25
48277,427368,13891.5453779068,13655.1484116517,11.71,-1.19,-1.08
48278,427368,13891.7154500951,13631.8505508479,8.49,-3.22,-2.03
48279,427368,13892.456273319,13626.8097699297,5.11,-3.38,-0.159999999999999
48280,427368,13892.9072030566,13624.4626946493,2.39,-2.72,0.66
48281,427368,13896.7025244846,13601.1341974866,4.88,2.49,5.21
48282,427368,13897.8710897901,13594.0814485521,7.14,2.26,-0.23
48283,427368,13898.7418838629,13578.4239425733,8.55,1.41,-0.849999999999999
48284,427368,13898.0737472438,13568.6567682911,9.79,1.24,-0.170000000000003
48285,427368,13897.30597023,13557.4329980486,11.24,1.45,0.210000000000003
48286,427368,13896.4167138309,13544.4333779366,13.04,1.8,0.349999999999998
48287,427368,13895.525427285,13530.2374280254,14.22,1.18,-0.619999999999997
48288,427368,13896.9378819337,13514.6111337793,15.7,1.48,0.299999999999997
48289,427368,13898.4664657409,13497.7000772912,16.98,1.28,-0.199999999999998
48290,427368,13900.5501539185,13483.7601428308,14.1,-2.88,-4.16
48291,427368,13902.44669114,13473.6464270661,10.3,-3.8,-0.919999999999998
48292,427368,13903.8603393896,13466.1078264913,7.67,-2.63,1.17
48293,427368,13901.6847690218,13454.3228808084,7.83,0.16,2.79
48294,427368,13900.4780942445,13446.6452759519,7.78,-0.0499999999999998,-0.21
48295,427368,13900.5458026289,13439.4898463843,7.19,-0.59,-0.54
48296,427368,13902.0676685966,13432.0898836679,7.58,0.39,0.98
48297,427368,13904.0741676793,13424.6869881917,7.68,0.0999999999999996,-0.29
48298,427368,13908.2620240634,13418.5988535017,7.45,-0.23,-0.329999999999999
48299,427368,13913.2877320386,13411.993381577,8.3,0.850000000000001,1.08
48300,427368,13916.5824649259,13405.1826232784,7.71,-0.590000000000001,-1.44
48301,427368,13918.4843114485,13398.1140039079,7.32,-0.39,0.200000000000001
48302,427368,13920.43552284,13390.8619094446,7.51,0.19,0.579999999999999
48303,427368,13922.5634084986,13382.9531672801,8.19,0.68,0.49
48304,427368,13924.4912629838,13375.5190795439,7.68,-0.51,-1.19
48305,427368,13926.6480384616,13367.9396245196,7.89,0.21,0.72
48306,427368,13929.6780538386,13360.3630417268,8.17,0.28,0.0700000000000003
48307,427368,13932.6003848455,13353.0557247441,7.87,-0.3,-0.58
48308,427368,13935.61926046,13345.5069970352,8.13,0.260000000000001,0.56
48309,427368,13936.5693408324,13338.1356117144,7.46,-0.670000000000001,-0.930000000000001
48310,427368,13937.3533978596,13330.2344184768,7.94,0.48,1.15
48311,427368,13938.1483171378,13322.2237628644,8.05,0.11,-0.37
48312,427368,13938.8849752514,13314.800223626,7.46,-0.590000000000001,-0.700000000000001
48313,427368,13939.6344705708,13307.2473197628,7.58,0.12,0.710000000000001
48314,427368,13941.6297541181,13292.519223263,8.13,0.550000000000001,0.430000000000001
48315,427368,13943.1305106254,13282.2786065869,10.36,2.23,1.68
