"V1","V2","V3","V4","V5","acceleration","jerk"
45515,429516,13493.7563010252,13284.595952932,13.43,-0.48,0
45516,429516,13502.6455616014,13294.0131471219,12.95,-0.48,0
45517,429516,13511.7476152879,13303.6557722151,13.25,0.300000000000001,0.780000000000001
45518,429516,13520.7810260355,13313.225677662,13.16,-0.0899999999999999,-0.390000000000001
45519,429516,13529.8418939587,13322.8246709675,13.2,0.0399999999999991,0.129999999999999
45520,429516,13538.8547118248,13332.3727605206,13.13,-0.0699999999999985,-0.109999999999998
45521,429516,13547.7027866376,13341.7463229227,12.89,-0.24,-0.170000000000002
45522,429516,13554.9377523884,13349.4109736378,10.54,-2.35,-2.11
45523,429516,13559.6672508726,13354.4213572647,6.89,-3.65,-1.3
45524,429516,13561.3716994466,13357.4346698074,3.51,-3.38,0.27
45525,429516,13562.2509383468,13359.5057658835,2.25,-1.26,2.12
45526,429516,13562.5166638811,13360.1316971421,0.68,-1.57,-0.31
45527,429516,13562.665157562,13360.4814822571,0.37,-0.31,1.26
45528,429516,13562.6768807473,13360.5090968715,0.03,-0.34,-0.0299999999999999
45529,429516,13562.6846962042,13360.5275066144,0.02,-0.01,0.33
45530,429516,13562.6846962042,13360.5275066144,0,-0.02,-0.01
45531,429516,13568.6004533905,13361.5149109085,2,2,2.02
45532,429516,13571.7029294798,13359.3034086781,3.8,1.8,-0.2
45533,429516,13576.2548563406,13356.05871118,5.59,1.79,-0.00999999999999979
45534,429516,13582.7040979751,13351.4615726852,7.92,2.33,0.54
45535,429516,13591.0180824559,13345.5352110652,10.21,2.29,-0.0399999999999991
45536,429516,13600.3173677421,13338.9065088417,11.42,1.21,-1.08
45537,429516,13610.7403845251,13331.4767900624,12.8,1.38,0.170000000000002
45538,429516,13621.3669758547,13323.9019595881,13.05,0.25,-1.13
45539,429516,13632.5310039872,13315.9440342393,13.71,0.66,0.41
45540,429516,13643.1620071968,13308.3929006149,13.04,-0.670000000000002,-1.33
45541,429516,13654.3441524304,13300.6697064586,13.59,0.550000000000001,1.22
45542,429516,13665.3781897801,13293.0488062647,13.41,-0.18,-0.73
45543,429516,13676.5932478768,13285.3028801169,13.63,0.220000000000001,0.4
45544,429516,13687.9564138573,13277.4546600067,13.81,0.18,-0.0400000000000009
45585,429516,14205.8958241049,13275.0380680939,13.44,-0.00902439024390246,-0.00461035098155859
45586,429516,14218.6795226662,13277.106775684,12.95,-0.49,-0.480975609756098
45587,429516,14232.894319818,13279.5092178762,13.2,0.25,0.74
45588,429516,14245.7604876674,13281.4384210464,13.01,-0.19,-0.44
45589,429516,14258.6761027414,13283.3750385255,13.07,0.0600000000000005,0.25
45590,429516,14271.9378483878,13285.3635561668,13.41,0.34,0.279999999999999
45591,429516,14284.9325790212,13287.3120365401,13.14,-0.27,-0.609999999999999
45592,429516,14297.6701840865,13289.2219625073,12.88,-0.26,0.00999999999999979
45593,429516,14311.1593869663,13291.2445859694,13.63,0.75,1.01
45594,429516,14324.0857275203,13293.4840957788,13.12,-0.510000000000002,-1.26
45595,429516,14337.065230644,13295.8311361838,13.19,0.0700000000000003,0.580000000000002
45596,429516,14350.1431378853,13298.1959706784,13.29,0.0999999999999996,0.0299999999999994
45597,429516,14363.7917890093,13300.6640108921,13.87,0.58,0.48
45598,429516,14376.6138455446,13302.9825807539,13.02,-0.85,-1.43
45599,429516,14389.9771247273,13305.399018108,13.58,0.56,1.41
45600,429516,14402.9861490863,13307.7513967399,13.22,-0.359999999999999,-0.92
