"V1","V2","V3","V4","V5","acceleration","jerk"
18406,432860,14344.3314184415,13284.6707669827,27.11,0.43,0
18407,432860,14344.4407976599,13312.2181684297,27.54,0.43,0
18408,432860,14344.0988442922,13339.7440226372,27.24,-0.300000000000001,-0.73
18409,432860,14343.2537986489,13367.4764785662,27.75,0.510000000000002,0.810000000000002
18410,432860,14342.4296037778,13394.533928609,27.06,-0.690000000000001,-1.2
18411,432860,14337.6620477434,13435.8776370431,27.29,0.23,0.920000000000002
18412,432860,14340.6531567978,13462.6910981843,27.08,-0.210000000000001,-0.440000000000001
18413,432860,14343.9808484549,13489.9650206261,27.5,0.420000000000002,0.630000000000003
18414,432860,14350.0038155067,13516.9865210677,27.71,0.210000000000001,-0.210000000000001
18415,432860,14357.7309208421,13543.52276164,27.64,-0.0700000000000003,-0.280000000000001
18416,432860,14364.9945827756,13569.5492891817,27.02,-0.620000000000001,-0.550000000000001
18417,432860,14371.0815250695,13596.0799491688,27.23,0.210000000000001,0.830000000000002
18418,432860,14376.8869020634,13622.5610688196,27.11,-0.120000000000001,-0.330000000000002
18419,432860,14379.8008010692,13645.7299203799,23.37,-3.74,-3.62
18420,432860,14381.8690819177,13664.8886028589,19.27,-4.1,-0.360000000000003
18421,432860,14383.4801299476,13679.8118941931,15.02,-4.25,-0.149999999999999
18422,432860,14384.7241037428,13691.3349419321,11.58,-3.44,0.81
18423,432860,14385.5333843655,13698.8313854138,7.54,-4.04,-0.600000000000001
18424,432860,14386.0743358692,13703.8422707119,5.04,-2.5,1.54
18425,432860,14367.924808052,13706.6012058535,6.32,1.28,3.78
18426,432860,14359.8810907827,13707.1132727353,8.07,1.75,0.47
18427,432860,14343.6162605986,13708.2771920543,10.03,1.96,0.209999999999999
18428,432860,14325.7100012439,13708.7354972383,11.52,1.49,-0.469999999999999
18429,432860,14312.4873902647,13708.3922022148,13.25,1.73,0.24
18430,432860,14298.7205341047,13706.9711914938,13.84,0.59,-1.14
18431,432860,14273.2878669664,13704.830044431,13.21,-0.629999999999999,-1.22
18432,432860,14259.6231976145,13703.5991051536,13.72,0.51,1.14
18433,432860,14246.1079233358,13702.3816236672,13.57,-0.15,-0.66
18434,432860,14232.9511972324,13701.196440879,13.21,-0.359999999999999,-0.209999999999999
18435,432860,14219.4160036106,13699.9771650204,13.59,0.379999999999999,0.739999999999998
18436,432860,14205.4468507444,13702.2226613408,13.71,0.120000000000001,-0.259999999999998
18437,432860,14192.2363611143,13701.3391661613,13.24,-0.470000000000001,-0.590000000000002
18438,432860,14179.1056931738,13700.4610093213,13.16,-0.0800000000000001,0.390000000000001
18439,432860,14165.9941542731,13699.6610799919,13.15,-0.00999999999999979,0.0700000000000003
18440,432860,14153.0873999201,13700.2459663662,12.92,-0.23,-0.220000000000001
18441,432860,14144.3463704627,13700.6420774942,8.75,-4.17,-3.94
18442,432860,14138.0827984973,13700.9259194112,6.27,-2.48,1.69
18443,432860,14135.9649719316,13701.0218914788,2.12,-4.15,-1.67
18444,432860,14132.7084574262,13706.8329265598,4.51,2.39,6.54
18445,432860,14135.289462099,13713.2310558642,6.89,2.38,-0.00999999999999979
18446,432860,14138.1662940985,13721.4310520622,8.69,1.8,-0.58
18447,432860,14140.837813433,13731.1592395016,10.11,1.42,-0.38
18448,432860,14140.6472999883,13744.5115805959,11.85,1.74,0.32
18449,432860,14143.8738317051,13758.0421974732,13.91,2.06,0.32
18450,432860,14150.0943975461,13781.4218076211,15.5,1.59,-0.470000000000001
18451,432860,14154.7202627362,13798.185264044,17.39,1.89,0.300000000000001
18452,432860,14173.6712746639,13822.8155613538,19.25,1.86,-0.0300000000000011
18453,432860,14188.0859741775,13844.6012324915,20.3,1.05,-0.809999999999999
18454,432860,14207.4546945138,13876.9161299356,18.4,-1.9,-2.95
18455,432860,14212.2950489778,13890.8250819309,14.74,-3.66,-1.76
18456,432860,14228.2120447903,13915.7109395722,13.71,-1.03,2.63
18457,432860,14239.0652181391,13922.7205778126,12.93,-0.780000000000001,0.249999999999998
18458,432860,14250.0495421593,13930.3726668006,13.38,0.450000000000001,1.23
18459,432860,14261.455135434,13938.2635611329,13.87,0.489999999999998,0.0399999999999974
18460,432860,14273.1616430799,13945.6542852618,13.85,-0.0199999999999996,-0.509999999999998
18461,432860,14284.7677384893,13952.1238588597,13.3,-0.549999999999999,-0.529999999999999
18462,432860,14296.8634167338,13957.8317362486,13.38,0.0800000000000001,0.629999999999999
18463,432860,14309.5546399287,13962.132068075,13.4,0.0199999999999996,-0.0600000000000005
18464,432860,14322.5389171763,13966.1236536919,13.6,0.199999999999999,0.18
18465,432860,14335.7855670419,13969.0219061547,13.56,-0.0399999999999991,-0.239999999999998
18466,432860,14348.4646077476,13971.364829954,12.9,-0.66,-0.620000000000001
18467,432860,14361.5216940077,13973.3661013064,13.21,0.31,0.970000000000001
18468,432860,14374.9176056646,13974.1698120013,13.42,0.209999999999999,-0.100000000000001
18469,432860,14388.0939122123,13974.9603471111,13.21,-0.209999999999999,-0.419999999999998
18470,432860,14401.8391956337,13975.7850189642,13.77,0.559999999999999,0.769999999999998
