"V1","V2","V3","V4","V5","acceleration","jerk"
20773,436851,14344.4573762909,13291.1881749645,27.26,0.229999999999997,0
20774,436851,14344.5948885393,13318.997887771,27.49,0.229999999999997,0
20775,436851,14343.7381171315,13345.9936206975,27.03,-0.459999999999997,-0.689999999999994
20776,436851,14343.066855298,13373.613631993,27.64,0.609999999999999,1.07
20777,436851,14342.234439791,13400.9409568607,27.34,-0.300000000000001,-0.91
20778,436851,14338.9468682025,13442.5143265111,27.69,0.350000000000001,0.650000000000002
20779,436851,14341.1884580034,13469.9772312179,27.58,-0.110000000000003,-0.460000000000004
20780,436851,14345.2348460078,13497.0955949464,27.44,-0.139999999999997,-0.029999999999994
20781,436851,14351.9299544027,13523.818945046,27.55,0.109999999999999,0.249999999999996
20782,436851,14359.7502446027,13550.3816851379,27.69,0.140000000000001,0.0300000000000011
20783,436851,14366.7472424009,13577.1806117564,27.71,0.0199999999999996,-0.120000000000001
20784,436851,14372.7753846055,13603.8064580746,27.3,-0.41,-0.43
20785,436851,14377.8022857915,13627.2174830286,23.95,-3.35,-2.94
20786,436851,14379.9542853252,13647.1516596609,20.05,-3.9,-0.549999999999997
20787,436851,14381.7102310793,13663.4171524142,16.36,-3.69,0.209999999999997
20788,436851,14383.1688681697,13676.9286467001,13.59,-2.77,0.920000000000002
20789,436851,14384.3774225212,13688.1236007589,11.26,-2.33,0.44
20790,436851,14385.3283809186,13696.9324189615,8.86,-2.4,-0.0700000000000003
20791,436851,14386.0056436147,13703.2059678169,6.32,-2.54,-0.139999999999999
20792,436851,14381.8516360455,13707.477662772,2.88,-3.44,-0.900000000000001
20793,436851,14367.7651312824,13706.6113709528,4.24,1.36,4.8
20794,436851,14362.1165655573,13706.9709613438,5.66,1.42,0.0599999999999996
20795,436851,14348.5811528036,13707.8895770486,7.29,1.63,0.21
20796,436851,14333.1600001068,13708.7396132597,9.04,1.75,0.119999999999999
20797,436851,14322.4400017429,13708.7336906087,10.72,1.68,-0.0699999999999976
20798,436851,14310.0702327164,13708.1427039452,12.4,1.68,-1.77635683940025e-15
20799,436851,14296.3531123084,13706.7268269333,13.79,1.39,-0.290000000000001
20800,436851,14270.3696832054,13704.5671689148,13.76,-0.0299999999999994,-1.42
20801,436851,14257.2926344743,13703.3891636151,13.13,-0.629999999999999,-0.6
20802,436851,14243.9367149402,13702.1860371056,13.41,0.279999999999999,0.909999999999998
20803,436851,14230.1624892014,13700.9452287816,13.83,0.42,0.140000000000001
20804,436851,14216.6472149227,13699.7277472951,13.57,-0.26,-0.68
20805,436851,14203.052045954,13698.7613392283,13.63,0.0600000000000005,0.32
20806,436851,14189.3427605007,13697.8431386179,13.74,0.109999999999999,0.0499999999999989
20807,436851,14176.2820220303,13696.9683754455,13.09,-0.65,-0.76
20808,436851,14162.6373195291,13696.5310193655,13.67,0.58,1.23
20809,436851,14151.2887084896,13697.0395736647,11.36,-2.31,-2.89
20810,436851,14142.8971299041,13697.4156173366,8.4,-2.96,-0.649999999999999
20811,436851,14137.4026439255,13697.6618364075,5.5,-2.9,0.0599999999999987
20812,436851,14135.6144384888,13697.7419695234,1.79,-3.71,-0.81
20813,436851,14134.6953608342,13697.7831552589,0.92,-0.87,2.84
20814,436851,14134.2158420579,13697.8046434687,0.48,-0.44,0.43
20815,436851,14133.9760826698,13697.8153875736,0.24,-0.24,0.2
20816,436851,14133.9061528482,13697.8185212709,0.07,-0.17,0.07
20817,436851,14133.8861728992,13697.8194166129,0.02,-0.05,0.12
20818,436851,14123.9046910407,13702.4262181082,1.9,1.88,1.93
20819,436851,14121.049875682,13700.8940205793,3.24,1.34,-0.54
20820,436851,14116.3447170351,13698.3687320595,5.33,2.09,0.75
20821,436851,14109.9377133545,13695.5323461494,7.01,1.68,-0.41
20822,436851,14093.6346520876,13691.3070945363,8.88,1.87,0.190000000000001
20823,436851,14082.8432760554,13689.6433666836,10.92,2.04,0.169999999999998
20824,436851,14070.3596886607,13687.7928408774,12.62,1.7,-0.34
20825,436851,14056.4022070332,13685.7238298531,14.11,1.49,-0.209999999999999
20826,436851,14040.8026687437,13683.4114057671,15.77,1.66,0.17
20827,436851,14024.0916621798,13680.8454367219,16.91,1.14,-0.52
20828,436851,14006.0614487527,13679.7450773143,17.96,1.05,-0.0899999999999999
20829,436851,13988.2587896806,13672.2367235112,19.37,1.41,0.359999999999999
20830,436851,13970.1135492273,13661.6624019547,21.02,1.65,0.239999999999998
20831,436851,13951.8352895855,13649.5088952811,21.96,0.940000000000001,-0.709999999999997
20832,436851,13936.7962159215,13639.64796801,17.99,-3.97,-4.91
20833,436851,13923.8192802782,13632.9577407112,14.6,-3.39,0.580000000000004
20834,436851,13913.8664586929,13627.6977229966,11.26,-3.34,0.0499999999999989
20835,436851,13907.9514850822,13624.2034437885,6.87,-4.39,-1.05
20836,436851,13904.1300592707,13622.3815072752,4.24,-2.63,1.76
20837,436851,13876.6269256499,13611.6492825948,5.55,1.31,3.94
20838,436851,13869.1373148527,13609.1677850416,7.89,2.34,1.03
20839,436851,13859.6531038176,13605.8464016068,10.05,2.16,-0.179999999999999
20840,436851,13848.3293135463,13601.7264169112,12.05,2,-0.160000000000001
20841,436851,13836.157628233,13595.3441835354,13.76,1.71,-0.290000000000001
20842,436851,13816.4715338021,13586.3179663888,15.68,1.92,0.210000000000001
20843,436851,13802.7688768134,13575.280833814,17.61,1.93,0.00999999999999979
20844,436851,13788.2304817346,13562.9243995172,19.07,1.46,-0.469999999999999
20845,436851,13773.9103709608,13550.836430787,18.74,-0.330000000000002,-1.79
20846,436851,13762.7296482002,13541.4475310352,14.6,-4.14,-3.81
20847,436851,13754.2215776611,13534.3029641693,11.11,-3.49,0.649999999999999
20848,436851,13747.9573097034,13529.042608007,8.18,-2.93,0.56
20849,436851,13744.8075384336,13525.2744784044,4.95,-3.23,-0.3
20850,436851,13743.5181783908,13523.4183666944,2.26,-2.69,0.539999999999999
20851,436851,13743.0617677561,13522.7613360006,0.8,-1.46,1.23
20852,436851,13742.8734983694,13522.4903108394,0.33,-0.47,0.99
20853,436851,13742.81644704,13522.4081820027,0.09,-0.24,0.23
20854,436851,13742.7936265083,13522.375330468,0.04,-0.05,0.19
20855,436851,13742.7936265083,13522.375330468,0,-0.04,0.01
20856,436851,13742.7936265083,13522.375330468,0,0,0.04
20857,436851,13742.7936265083,13522.375330468,0,0,0
20858,436851,13742.7936265083,13522.375330468,0,0,0
20859,436851,13742.7936265083,13522.375330468,0,0,0
20860,436851,13742.7936265083,13522.375330468,0,0,0
20861,436851,13742.7936265083,13522.375330468,0,0,0
20862,436851,13742.7936265083,13522.375330468,0,0,0
20863,436851,13742.7936265083,13522.375330468,0,0,0
20864,436851,13742.7936265083,13522.375330468,0,0,0
20865,436851,13742.7936265083,13522.375330468,0,0,0
20866,436851,13742.7936265083,13522.375330468,0,0,0
20867,436851,13742.7936265083,13522.375330468,0,0,0
20868,436851,13742.7936265083,13522.375330468,0,0,0
20869,436851,13742.7936265083,13522.375330468,0,0,0
20870,436851,13742.7936265083,13522.375330468,0,0,0
20871,436851,13742.7936265083,13522.375330468,0,0,0
20872,436851,13742.7936265083,13522.375330468,0,0,0
20873,436851,13742.7936265083,13522.375330468,0,0,0
20874,436851,13742.7936265083,13522.375330468,0,0,0
20875,436851,13742.7936265083,13522.375330468,0,0,0
20876,436851,13742.7936265083,13522.375330468,0,0,0
20877,436851,13742.7936265083,13522.375330468,0,0,0
20878,436851,13742.7936265083,13522.375330468,0,0,0
20879,436851,13742.7936265083,13522.375330468,0,0,0
20880,436851,13742.7936265083,13522.375330468,0,0,0
20881,436851,13742.7936265083,13522.375330468,0,0,0
20882,436851,13742.7936265083,13522.375330468,0,0,0
20883,436851,13742.7936265083,13522.375330468,0,0,0
20884,436851,13742.7936265083,13522.375330468,0,0,0
20885,436851,13742.7936265083,13522.375330468,0,0,0
20886,436851,13742.7936265083,13522.375330468,0,0,0
20887,436851,13742.7936265083,13522.375330468,0,0,0
20888,436851,13742.7936265083,13522.375330468,0,0,0
20889,436851,13742.7936265083,13522.375330468,0,0,0
20890,436851,13742.7936265083,13522.375330468,0,0,0
20891,436851,13742.7936265083,13522.375330468,0,0,0
20892,436851,13742.7936265083,13522.375330468,0,0,0
20893,436851,13742.7936265083,13522.375330468,0,0,0
20894,436851,13742.7936265083,13522.375330468,0,0,0
20895,436851,13742.7936265083,13522.375330468,0,0,0
20896,436851,13742.7936265083,13522.375330468,0,0,0
20897,436851,13742.7936265083,13522.375330468,0,0,0
20898,436851,13742.7936265083,13522.375330468,0,0,0
20899,436851,13742.7936265083,13522.375330468,0,0,0
20900,436851,13713.6621545792,13495.7715025822,2.56,2.56,2.56
20901,436851,13709.7795432535,13493.3224273087,4.62,2.06,-0.5
20902,436851,13704.6682308736,13489.1627896135,6.59,1.97,-0.0900000000000003
20903,436851,13695.4910115529,13495.5417877301,8.46,1.87,-0.0999999999999988
20904,436851,13690.9098175212,13504.4408278002,10.01,1.55,-0.320000000000002
20905,436851,13685.4345908983,13515.3543970343,12.21,2.2,0.650000000000002
20906,436851,13679.4436795402,13527.2958618147,13.35,1.14,-1.06
20907,436851,13673.2823680088,13539.5769790363,13.75,0.4,-0.739999999999998
20908,436851,13667.3587198771,13551.3843704846,13.21,-0.539999999999999,-0.94
20909,436851,13661.2601873569,13563.5403525963,13.6,0.389999999999999,0.929999999999998
20910,436851,13655.1482021914,13575.7231493744,13.64,0.0400000000000009,-0.349999999999998
20911,436851,13649.0437738292,13594.3833389385,13.14,-0.5,-0.540000000000001
20912,436851,13645.6409539889,13607.7984951856,13.84,0.699999999999999,1.2
20913,436851,13642.2307580941,13621.2427305286,13.87,0.0299999999999994,-0.67
20914,436851,13638.8205621992,13634.6869658717,13.87,0,-0.0299999999999994
20915,436851,13635.4964202744,13647.7919450957,13.52,-0.35,-0.35
20916,436851,13632.2952125923,13660.4122727213,13.02,-0.5,-0.15
