"V1","V2","V3","V4","V5","acceleration","jerk"
37156,441892,13407.4521930435,13751.5917420932,13.25,0.619999999999999,0
37157,441892,13421.1212422185,13753.9441864925,13.87,0.619999999999999,0
37158,441892,13443.8659446011,13756.4691220296,13.24,-0.629999999999999,-1.25
37159,441892,13457.4916904931,13756.8096347105,13.63,0.390000000000001,1.02
37160,441892,13471.2573879249,13757.153835427,13.77,0.139999999999999,-0.250000000000002
37161,441892,13484.7031745513,13757.4904687539,13.45,-0.32,-0.459999999999999
37162,441892,13498.1789517799,13757.8278529359,13.48,0.0300000000000011,0.350000000000001
37163,441892,13512.0246131015,13758.1744976629,13.85,0.369999999999999,0.339999999999998
37164,441892,13525.0605281653,13758.5008693047,13.04,-0.81,-1.18
37165,441892,13538.669542093,13759.0337867546,13.62,0.58,1.39
37166,441892,13551.8281246015,13758.5981178118,13.17,-0.449999999999999,-1.03
37167,441892,13565.2987335778,13758.1021850399,13.48,0.31,0.76
37168,441892,13578.7010931053,13757.649976708,13.41,-0.0700000000000003,-0.380000000000001
37169,441892,13589.5846429699,13757.2752203282,10.88,-2.53,-2.46
37170,441892,13598.079608429,13756.9827107571,8.5,-2.38,0.149999999999999
37171,441892,13603.1765877044,13756.8072050145,5.1,-3.4,-1.02
37172,441892,13604.9155571043,13756.7473265846,1.74,-3.36,0.0400000000000009
37173,441892,13605.9649351904,13756.7111930494,1.05,-0.69,2.67
37174,441892,13606.2447693467,13756.70155744,0.28,-0.77,-0.0800000000000001
37175,441892,13606.2747515778,13756.7005250533,0.03,-0.25,0.52
37176,441892,13606.2847456548,13756.7001809244,0.01,-0.02,0.23
37177,441892,13606.2847456548,13756.7001809244,0,-0.01,0.01
37178,441892,13612.8489987961,13765.2699726183,2.22,2.22,2.23
37179,441892,13612.8269963882,13769.6899178548,4.42,2.2,-0.0200000000000005
37180,441892,13612.7984231256,13775.4298467367,5.75,1.33,-0.87
37181,441892,13612.76253232,13782.6397574053,7.2,1.45,0.12
37182,441892,13612.7153416353,13792.1196399489,9.48,2.28,0.83
37183,441892,13612.6617792126,13802.8795066333,10.76,1.28,-1
37184,441892,13612.5720684517,13815.5679529682,12.69,1.93,0.65
37185,441892,13611.053191268,13829.1673385868,13.69,1,-0.93
37186,441892,13608.4373497598,13842.6865942322,13.77,0.0800000000000001,-0.92
37187,441892,13603.9307152246,13855.6430193498,13.74,-0.0299999999999994,-0.109999999999999
37188,441892,13601.1560308718,13867.7071096746,12.42,-1.32,-1.29
37189,441892,13599.7876433677,13877.4212027185,9.81,-2.61,-1.29
37190,441892,13598.9702175074,13883.2340088363,5.88,-3.93,-1.32
37191,441892,13598.6213880603,13886.3733527291,3.15,-2.73,1.2
37192,441892,13598.4975504355,13887.8882996729,1.52,-1.63,1.1
37193,441892,13598.4559996534,13888.3966042396,0.51,-1.01,0.62
37194,441892,13604.3575499049,13891.5214354899,2.95,2.44,3.45
37195,441892,13608.8239793421,13894.6356172136,4.33,1.38,-1.06
37196,441892,13614.4492715222,13894.4054262293,5.63,1.3,-0.0800000000000001
37197,441892,13621.373476639,13894.1220827974,6.93,1.3,0
37198,441892,13629.9897558761,13892.9719743444,8.72,1.79,0.490000000000001
37199,441892,13638.0069286096,13891.3041473296,8.19,-0.530000000000001,-2.32
37200,441892,13646.2946084909,13888.9703816633,8.6,0.41,0.940000000000001
37201,441892,13656.6547564985,13889.9688110005,5.52,-3.08,-3.49
37202,441892,13659.7288190041,13890.1599646335,3.08,-2.44,0.640000000000001
37203,441892,13677.7680949482,13900.3049255132,4.46,1.38,3.82
37204,441892,13679.8239456552,13906.3657404642,6.39,1.93,0.55
37205,441892,13688.2232577031,13918.6025133598,7.99,1.6,-0.329999999999999
37206,441892,13696.7629841146,13923.3897017641,9.8,1.81,0.21
37207,441892,13706.8553880554,13929.04728806,11.56,1.76,-0.0500000000000007
37208,441892,13719.0068166754,13935.0880091871,13.59,2.03,0.27
37209,441892,13730.1431248843,13941.6038924922,13,-0.59,-2.62
37210,441892,13740.5047360456,13950.1320352094,13.44,0.44,1.03
37211,441892,13749.8767230377,13959.0689451798,12.95,-0.49,-0.93
37212,441892,13758.9270881179,13968.7865494771,13.28,0.33,0.82
37213,441892,13770.537834741,13974.236276274,12.99,-0.289999999999999,-0.619999999999999
37214,441892,13781.1283279423,13976.2197877468,10.78,-2.21,-1.92
37215,441892,13788.092222776,13976.6723704867,7.03,-3.75,-1.54
37216,441892,13791.5340813526,13976.4354959653,3.45,-3.58,0.169999999999999
37217,441892,13802.3647260869,13983.7113054544,4.75,1.3,4.88
37218,441892,13802.9772601529,13989.8508251439,6.17,1.42,0.12
37219,441892,13803.77742621,13997.871008077,8.06,1.89,0.470000000000001
37220,441892,13804.8039419706,14008.1599276216,10.33,2.27,0.379999999999999
37221,441892,13805.9456181066,14019.6031166701,11.51,1.18,-1.09
37222,441892,13807.2322374738,14032.4990931978,12.95,1.44,0.26
37223,441892,13808.5367265544,14045.5741805107,13.14,0.190000000000001,-1.25
37224,441892,13809.1745183662,14058.4765506911,12.93,-0.210000000000001,-0.400000000000002
37225,441892,13809.8017263671,14072.0100946166,13.54,0.609999999999999,0.82
37226,441892,13811.7925566766,14085.0995634629,13.25,-0.289999999999999,-0.899999999999999
37227,441892,13811.7613101979,14109.4704762319,13.77,0.52,0.809999999999999
37228,441892,13812.1589318784,14122.8515289652,13.4,-0.369999999999999,-0.889999999999999
37229,441892,13812.9150765213,14135.7193316245,12.89,-0.51,-0.140000000000001
37230,441892,13814.3953240321,14149.3733052873,13.75,0.859999999999999,1.37
37231,441892,13816.6145664104,14162.2698305476,13.09,-0.66,-1.52
37232,441892,13819.5041073419,14175.8252779103,13.85,0.76,1.42
37233,441892,13821.5323021115,14186.4729717357,10.85,-3,-3.76
37234,441892,13822.3164449093,14194.5051016242,8.09,-2.76,0.24
37235,441892,13822.5236603187,14199.801049299,5.29,-2.8,-0.04
37236,441892,13813.3345419414,14207.5860606845,6.81,1.52,4.32
37237,441892,13804.7345052647,14209.9157536171,8.92,2.11,0.590000000000001
37238,441892,13793.9434379196,14212.838982235,11.18,2.26,0.149999999999999
37239,441892,13781.9870472687,14216.7118395939,12.57,1.39,-0.869999999999999
37240,441892,13769.4848920531,14220.8524935236,13.17,0.6,-0.790000000000001
37241,441892,13756.7833858432,14225.0591715478,13.38,0.210000000000001,-0.389999999999999
37242,441892,13738.2240200632,14231.0864887441,13.16,-0.220000000000001,-0.430000000000001
37243,441892,13722.486870158,14240.949413955,11.81,-1.35,-1.13
37244,441892,13715.9058683042,14246.1049948728,8.36,-3.45,-2.1
37245,441892,13711.6785979746,14249.4166539074,5.37,-2.99,0.460000000000002
37246,441892,13709.7263390515,14250.9460606868,2.48,-2.89,0.0999999999999992
37247,441892,13705.8084616239,14258.5959404473,3.94,1.46,4.35
37248,441892,13707.2520883514,14264.2134080148,5.8,1.86,0.4
37249,441892,13709.1213360624,14271.4870599858,7.52,1.72,-0.14
