"V1","V2","V3","V4","V5","acceleration","jerk"
74990,44729,14348.6573467373,14274.9829810388,19.03,-0.290000000000003,0
74991,44729,14349.9785601036,14256.2996383175,18.74,-0.290000000000003,0
74992,44729,14351.3145868606,14237.4068187158,18.93,0.190000000000001,0.480000000000004
74993,44729,14353.0342950706,14218.297249619,19.19,0.260000000000002,0.0700000000000003
74994,44729,14355.0704547064,14199.3764950374,19.03,-0.16,-0.420000000000002
74995,44729,14357.0948446333,14180.5651089794,18.92,-0.109999999999999,0.0500000000000007
74996,44729,14359.1523113822,14161.3751145097,19.31,0.389999999999997,0.499999999999996
74997,44729,14361.0887694341,14142.152405798,19.31,0,-0.389999999999997
74998,44729,14363.006183644,14123.118740288,19.13,-0.18,-0.18
74999,44729,14364.9195886238,14104.1248733467,19.09,-0.0399999999999991,0.140000000000001
75000,44729,14366.8119451467,14085.3399488914,18.89,-0.199999999999999,-0.16
75001,44729,14368.6842555199,14066.75401728,18.67,-0.219999999999999,-0.0199999999999996
75002,44729,14370.1630112229,14048.02603774,18.8,0.129999999999999,0.349999999999998
75003,44729,14371.2993704466,14029.2403759813,18.81,0.00999999999999801,-0.120000000000001
75004,44729,14372.4641084608,14009.9855717663,19.29,0.48,0.470000000000002
75005,44729,14372.4462211342,13987.5839717636,19.16,-0.129999999999999,-0.609999999999999
75006,44729,14371.9753734671,13967.2094115849,20.38,1.22,1.35
75007,44729,14371.4673292965,13945.2252811468,21.99,1.61,0.390000000000001
75008,44729,14370.9606713309,13923.3011346934,21.93,-0.0599999999999987,-1.67
75009,44729,14370.531409817,13904.7260940595,18.58,-3.35,-3.29
75010,44729,14370.2010309338,13890.4299110097,14.3,-4.28,-0.929999999999996
75011,44729,14365.96767107,13867.9169443576,13.19,-1.11,3.17
75012,44729,14359.4293432306,13857.902441113,12.99,-0.199999999999999,0.910000000000002
75013,44729,14348.648879748,13850.4636783382,13.36,0.369999999999999,0.569999999999999
75014,44729,14339.0473232919,13849.3944836948,9.73,-3.63,-4
75015,44729,14334.041138655,13849.4705373923,6.93,-2.8,0.829999999999998
75016,44729,14330.5622393548,13849.5580568716,3.49,-3.44,-0.639999999999999
75017,44729,14307.3289944399,13847.1580148088,5.24,1.75,5.19
75018,44729,14300.7213499672,13848.0325570525,6.78,1.54,-0.21
75019,44729,14292.2916727416,13847.9587879994,8.43,1.65,0.109999999999999
75020,44729,14281.8220736252,13847.8671673604,10.47,2.04,0.390000000000001
75021,44729,14270.1725196895,13847.7652208042,11.65,1.18,-0.860000000000001
75022,44729,14256.6130388855,13847.6465602632,13.57,1.92,0.74
75023,44729,14243.4035446803,13847.5309624942,13.21,-0.359999999999999,-2.28
75024,44729,14230.4592679397,13848.0831678922,12.97,-0.24,0.119999999999999
75025,44729,14219.1191289721,13851.7116155356,11.98,-0.99,-0.75
75026,44729,14212.5502519965,13855.9360627131,7.81,-4.17,-3.18
75027,44729,14208.7226609222,13858.3961534773,4.55,-3.26,0.910000000000001
75028,44729,14204.0188254245,13876.9340913201,6.86,2.31,5.57
75029,44729,14206.6394258683,13885.3293501599,8.8,1.94,-0.37
75030,44729,14210.4731832375,13895.2332233636,10.62,1.82,-0.120000000000002
75031,44729,14228.7500114224,13919.9920967259,12.75,2.13,0.310000000000002
75032,44729,14239.8669214034,13927.1647679489,13.23,0.48,-1.65
75033,44729,14250.8596442124,13935.0173089566,13.52,0.289999999999999,-0.190000000000001
75034,44729,14262.1989022121,13942.7585311078,13.72,0.200000000000001,-0.0899999999999981
75035,44729,14273.958232395,13949.9743084073,13.8,0.0800000000000001,-0.120000000000001
75036,44729,14285.8834514396,13956.3149485913,13.52,-0.280000000000001,-0.360000000000001
75037,44729,14297.8565471431,13961.6347610807,13.12,-0.4,-0.119999999999999
75038,44729,14312.5948508582,13963.1622221916,13.64,0.520000000000001,0.920000000000002
75039,44729,14325.9091931377,13966.8610409335,13.84,0.199999999999999,-0.320000000000002
75040,44729,14338.9018511917,13969.703722184,13.29,-0.550000000000001,-0.75
75041,44729,14351.736040884,13971.8686406665,13.02,-0.27,0.280000000000001
75042,44729,14365.304891115,13973.5930807053,13.69,0.67,0.94
75043,44729,14378.1717540998,13974.3650502178,12.89,-0.799999999999999,-1.47
75044,44729,14391.9569657229,13975.1921176319,13.8,0.91,1.71
