"V1","V2","V3","V4","V5","acceleration","jerk"
32615,454940,13603.11,13403.13,0,2.59,0
32616,454940,13605.5262603975,13404.0626230169,2.59,2.59,0
32617,454940,13609.8456757026,13405.7298216919,4.64,2.05,-0.54
32618,454940,13616.217512967,13408.189209802,6.83,2.19,0.140000000000001
32619,454940,13623.3515814978,13412.2610956343,8.22,1.39,-0.8
32620,454940,13631.6364747672,13417.0910690829,9.59,1.37,-0.0200000000000014
32621,454940,13641.3813752968,13422.7722057357,11.28,1.69,0.32
32622,454940,13652.318471104,13429.1483750641,12.66,1.38,-0.309999999999999
32623,454940,13664.6119050168,13436.3152699728,14.23,1.57,0.19
32624,454940,13678.2184815541,13444.2477081183,15.75,1.52,-0.0500000000000007
32625,454940,13691.3465585389,13451.995288376,15.25,-0.5,-2.02
32626,454940,13700.0910237806,13459.1681837214,11.31,-3.94,-3.44
32627,454940,13706.5391970888,13464.4574805544,8.34,-2.97,0.969999999999999
32628,454940,13709.8174051016,13467.1465235486,4.25,-4.09,-1.12
32629,454940,13711.6807261655,13468.6749654391,2.41,-1.84,2.25
32630,454940,13712.7554217169,13469.5565149113,1.39,-1.02,0.82
32631,454940,13713.0414917557,13469.791171965,0.37,-1.02,2.22044604925031e-16
32632,454940,13713.1651977185,13469.8926452856,0.16,-0.21,0.81
32633,454940,13713.2270506999,13469.9433819459,0.08,-0.08,0.13
32634,454940,13713.2270506999,13469.9433819459,0,-0.08,0
32635,454940,13713.2270506999,13469.9433819459,0,0,0.08
32636,454940,13713.2270506999,13469.9433819459,0,0,0
32637,454940,13713.2270506999,13469.9433819459,0,0,0
32638,454940,13713.2270506999,13469.9433819459,0,0,0
32639,454940,13713.2270506999,13469.9433819459,0,0,0
32640,454940,13713.2270506999,13469.9433819459,0,0,0
32641,454940,13713.2270506999,13469.9433819459,0,0,0
32642,454940,13713.2270506999,13469.9433819459,0,0,0
32643,454940,13713.2270506999,13469.9433819459,0,0,0
32644,454940,13713.2270506999,13469.9433819459,0,0,0
32645,454940,13713.2270506999,13469.9433819459,0,0,0
32646,454940,13713.2270506999,13469.9433819459,0,0,0
32647,454940,13713.2270506999,13469.9433819459,0,0,0
32648,454940,13713.2270506999,13469.9433819459,0,0,0
32649,454940,13713.2270506999,13469.9433819459,0,0,0
32650,454940,13713.2270506999,13469.9433819459,0,0,0
32651,454940,13713.2270506999,13469.9433819459,0,0,0
32652,454940,13713.2270506999,13469.9433819459,0,0,0
32653,454940,13713.2270506999,13469.9433819459,0,0,0
32654,454940,13713.2270506999,13469.9433819459,0,0,0
32655,454940,13713.2270506999,13469.9433819459,0,0,0
32656,454940,13713.2270506999,13469.9433819459,0,0,0
32657,454940,13713.2270506999,13469.9433819459,0,0,0
32658,454940,13713.2270506999,13469.9433819459,0,0,0
32659,454940,13713.2270506999,13469.9433819459,0,0,0
32660,454940,13713.2270506999,13469.9433819459,0,0,0
32661,454940,13713.2270506999,13469.9433819459,0,0,0
32662,454940,13713.2270506999,13469.9433819459,0,0,0
32663,454940,13713.2270506999,13469.9433819459,0,0,0
32664,454940,13713.2270506999,13469.9433819459,0,0,0
32665,454940,13713.2270506999,13469.9433819459,0,0,0
32666,454940,13713.2270506999,13469.9433819459,0,0,0
32667,454940,13713.2270506999,13469.9433819459,0,0,0
32668,454940,13713.2270506999,13469.9433819459,0,0,0
32669,454940,13713.2270506999,13469.9433819459,0,0,0
32670,454940,13713.2270506999,13469.9433819459,0,0,0
32671,454940,13713.2270506999,13469.9433819459,0,0,0
32672,454940,13713.7759959096,13470.3936698057,0.71,0.71,0.71
32673,454940,13714.6574008941,13471.1166672146,1.15,0.44,-0.27
32674,454940,13722.9080439934,13476.1315050593,3.05,1.9,1.46
32675,454940,13724.9263816469,13480.0525270073,4.41,1.36,-0.54
32676,454940,13737.7159061415,13482.8233494022,6.57,2.16,0.8
32677,454940,13740.7352205096,13475.350241565,8.06,1.49,-0.67
32678,454940,13744.5973955885,13465.7909683886,10.31,2.25,0.76
32679,454940,13748.8649870168,13454.3299571212,12.24,1.93,-0.32
32680,454940,13753.4780908305,13441.8876031154,13.27,1.03,-0.9
32681,454940,13758.27891703,13428.9389287507,13.81,0.540000000000001,-0.489999999999998
32682,454940,13762.8781154817,13416.5340799568,13.22,-0.59,-1.13
32683,454940,13767.456769917,13404.3030751111,13.06,-0.16,0.43
32684,454940,13772.1810749541,13391.827637567,13.34,0.279999999999999,0.44
32685,454940,13776.8487166625,13379.5018304583,13.19,-0.15,-0.43
32686,454940,13781.5411485773,13367.1105600341,13.24,0.0500000000000007,0.200000000000001
32687,454940,13786.4177363105,13354.2329906951,13.77,0.529999999999999,0.479999999999999
32688,454940,13793.1965893606,13336.1785905964,13.11,-0.66,-1.19
32689,454940,13796.8429369524,13325.0480992557,11.73,-1.38,-0.719999999999999
32690,454940,13798.9345398623,13317.8977358196,7.44,-4.29,-2.91
32691,454940,13800.3495302872,13313.0604429716,5.05,-2.39,1.9
32692,454940,13800.8885742586,13311.2176647438,1.91,-3.14,-0.749999999999999
32693,454940,13801.3826978991,13309.5284513683,1.76,-0.15,2.99
32694,454940,13801.47,13309.23,0.38,-1.38,-1.23
32695,454940,13804.4442866094,13298.8033358475,2.44,2.06,3.44
32696,454940,13805.587937709,13294.5960015177,4.36,1.92,-0.14
32697,454940,13807.2430841398,13288.5069465588,6.31,1.95,0.0299999999999989
32698,454940,13809.5018957487,13280.7840928937,8.05,1.74,-0.209999999999998
32757,454940,14218.8473395585,13277.1339324632,13.87,0.0986440677966101,-0.0278195920712439
32758,454940,14233.6162492977,13279.6174667858,13.76,-0.109999999999999,-0.20864406779661
32759,454940,14246.4230804775,13281.5377727854,12.95,-0.81,-0.700000000000001
32760,454940,14259.1705749877,13283.4491816143,12.89,-0.0599999999999987,0.750000000000002
32761,454940,14272.5707728631,13285.4584593204,13.55,0.66,0.719999999999999
32762,454940,14285.4072723777,13287.3832139053,12.98,-0.57,-1.23
32763,454940,14298.955811927,13289.4147345381,13.69,0.709999999999999,1.28
32764,454940,14311.9802108952,13291.3676634967,13.17,-0.52,-1.23
32765,454940,14325.2272152855,13293.690507217,13.45,0.279999999999999,0.799999999999999
32766,454940,14338.0295909974,13296.0055182609,13.01,-0.44,-0.719999999999999
32767,454940,14350.9402112386,13298.3401028033,13.12,0.109999999999999,0.549999999999999
32768,454940,14363.9295547741,13300.6889226174,13.2,0.0800000000000001,-0.0299999999999994
32769,454940,14377.4109188979,13303.1267128789,13.7,0.5,0.42
32770,454940,14391.0792508454,13305.5983119104,13.89,0.190000000000001,-0.309999999999999
32771,454940,14403.8717861455,13307.9115435454,13,-0.890000000000001,-1.08
