"V1","V2","V3","V4","V5","acceleration","jerk"
76800,460530,13446.5633570831,13282.110735577,12.96,0.68,0
76801,460530,13447.2612556454,13295.7228565578,13.64,0.68,0
76802,460530,13447.9356007712,13308.8755809391,13.17,-0.470000000000001,-1.15
76803,460530,13448.6160902718,13322.1481479116,13.29,0.119999999999999,0.59
76804,460530,13449.293507585,13335.3607935885,13.23,-0.0599999999999987,-0.179999999999998
76805,460530,13449.8732817826,13347.7857457193,12.44,-0.790000000000001,-0.730000000000002
76806,460530,13449.8142620876,13356.4455446012,8.66,-3.78,-2.99
76807,460530,13449.7778688808,13361.7854205862,5.34,-3.32,0.459999999999999
76808,460530,13449.7953831275,13364.2751525091,2.49,-2.85,0.470000000000001
76809,460530,13449.8151514185,13365.3149646146,1.04,-1.45,1.4
76810,460530,13449.8195232521,13365.544923061,0.23,-0.81,0.64
76811,460530,13449.8199034116,13365.5649194476,0.02,-0.21,0.6
76812,460530,13449.8199034116,13365.5649194476,0,-0.02,0.19
76813,460530,13449.8199034116,13365.5649194476,0,0,0.02
76814,460530,13454.3177307073,13370.6006352581,1.71,1.71,1.71
76815,460530,13458.4090389232,13371.4069212385,4.17,2.46,0.75
76816,460530,13463.9818520327,13372.5051716865,5.68,1.51,-0.95
76817,460530,13471.5954136048,13374.0055983549,7.77,2.09,0.58
76818,460530,13481.298780093,13375.9178689414,9.89,2.12,0.0300000000000011
76819,460530,13492.5719530909,13378.1395058512,11.49,1.6,-0.520000000000001
76820,460530,13505.8466293887,13380.7555848234,13.54,2.05,0.449999999999999
76821,460530,13520.6518670335,13383.6732959609,15.08,1.54,-0.509999999999998
76822,460530,13533.5733368666,13386.2197675103,13.17,-1.91,-3.45
76823,460530,13543.2452292328,13391.4907714589,10.51,-2.66,-0.75
76824,460530,13555.3425805924,13393.8746737394,12.33,1.82,4.48
76825,460530,13571.9091060038,13397.1938253772,14.02,1.69,-0.130000000000001
76826,460530,13583.8726948063,13400.3724778554,12.4,-1.62,-3.31
76827,460530,13604.5874866744,13407.2315594224,13.94,1.54,3.16
76828,460530,13618.9006387049,13413.4420579166,15.63,1.69,0.150000000000002
76829,460530,13629.4894232962,13419.6214786725,12.27,-3.36,-5.05
76830,460530,13641.1578147994,13426.4309382492,13.51,1.24,4.6
76831,460530,13655.4285457411,13430.9615037831,15.12,1.61,0.369999999999999
76832,460530,13669.6830544945,13439.2716770784,16.5,1.38,-0.229999999999999
76833,460530,13684.4127135397,13447.8588561503,17.06,0.559999999999999,-0.820000000000002
76834,460530,13695.3670023282,13455.2931712934,13.28,-3.78,-4.34
76835,460530,13703.8176659084,13462.2250675026,10.93,-2.35,1.43
76836,460530,13709.8251367243,13467.1528656311,7.77,-3.16,-0.81
76837,460530,13713.4744626254,13470.1463285869,4.73,-3.04,0.120000000000001
76838,460530,13722.4046037624,13475.1534723739,3.47,-1.26,1.78
76839,460530,13723.4114842245,13477.1095377447,2.2,-1.27,-0.00999999999999979
76840,460530,13723.7821993037,13477.8297254495,0.82,-1.38,-0.11
76841,460530,13724.0705332542,13478.389871442,0.62,-0.2,1.18
76842,460530,13724.093416901,13478.4343274732,0.05,-0.57,-0.37
76843,460530,13724.0979936304,13478.4432186794,0.01,-0.04,0.53
76844,460530,13724.0979936304,13478.4432186794,0,-0.01,0.03
76845,460530,13724.0979936304,13478.4432186794,0,0,0.01
76846,460530,13724.0979936304,13478.4432186794,0,0,0
76847,460530,13724.0979936304,13478.4432186794,0,0,0
76848,460530,13724.0979936304,13478.4432186794,0,0,0
76849,460530,13724.0979936304,13478.4432186794,0,0,0
76850,460530,13724.0979936304,13478.4432186794,0,0,0
76851,460530,13724.0979936304,13478.4432186794,0,0,0
76852,460530,13724.0979936304,13478.4432186794,0,0,0
76853,460530,13724.0979936304,13478.4432186794,0,0,0
76854,460530,13724.0979936304,13478.4432186794,0,0,0
76855,460530,13724.0979936304,13478.4432186794,0,0,0
76856,460530,13724.0979936304,13478.4432186794,0,0,0
76857,460530,13724.0979936304,13478.4432186794,0,0,0
76858,460530,13724.0979936304,13478.4432186794,0,0,0
76859,460530,13724.0979936304,13478.4432186794,0,0,0
76860,460530,13724.0979936304,13478.4432186794,0,0,0
76861,460530,13724.0979936304,13478.4432186794,0,0,0
76862,460530,13724.0979936304,13478.4432186794,0,0,0
76863,460530,13724.0979936304,13478.4432186794,0,0,0
76864,460530,13724.0979936304,13478.4432186794,0,0,0
76865,460530,13724.0979936304,13478.4432186794,0,0,0
76866,460530,13724.0979936304,13478.4432186794,0,0,0
76867,460530,13724.0979936304,13478.4432186794,0,0,0
76868,460530,13724.0979936304,13478.4432186794,0,0,0
76869,460530,13724.0979936304,13478.4432186794,0,0,0
76870,460530,13724.0979936304,13478.4432186794,0,0,0
76871,460530,13724.0979936304,13478.4432186794,0,0,0
76872,460530,13724.0979936304,13478.4432186794,0,0,0
76873,460530,13724.0979936304,13478.4432186794,0,0,0
76874,460530,13724.0979936304,13478.4432186794,0,0,0
76875,460530,13724.0979936304,13478.4432186794,0,0,0
76876,460530,13724.0979936304,13478.4432186794,0,0,0
76877,460530,13724.0979936304,13478.4432186794,0,0,0
76878,460530,13724.0979936304,13478.4432186794,0,0,0
76879,460530,13724.0979936304,13478.4432186794,0,0,0
76880,460530,13724.0979936304,13478.4432186794,0,0,0
76881,460530,13724.0979936304,13478.4432186794,0,0,0
76882,460530,13724.0979936304,13478.4432186794,0,0,0
76883,460530,13724.0979936304,13478.4432186794,0,0,0
76884,460530,13724.0979936304,13478.4432186794,0,0,0
76885,460530,13724.0979936304,13478.4432186794,0,0,0
76886,460530,13724.0979936304,13478.4432186794,0,0,0
76887,460530,13724.0979936304,13478.4432186794,0,0,0
76888,460530,13724.0979936304,13478.4432186794,0,0,0
76889,460530,13724.0979936304,13478.4432186794,0,0,0
76890,460530,13724.0979936304,13478.4432186794,0,0,0
76891,460530,13724.7982332245,13479.8035732328,1.53,1.53,1.53
76892,460530,13726.1300614721,13482.3909142461,2.91,1.38,-0.15
76893,460530,13753.3876530201,13513.1742212632,4.79,1.88,0.5
76894,460530,13758.8122856365,13516.7370096342,6.49,1.7,-0.18
76895,460530,13767.3458279195,13522.8032143467,8.23,1.74,0.04
76896,460530,13774.6335022113,13529.6069415176,9.97,1.74,0
76897,460530,13782.7910192722,13537.2227484611,11.16,1.19,-0.550000000000001
76898,460530,13792.3534501728,13545.9612919326,12.96,1.8,0.610000000000001
76899,460530,13805.8286313719,13552.1012059005,14.11,1.15,-0.650000000000002
76900,460530,13818.3417689481,13561.6329574708,15.73,1.62,0.470000000000002
76901,460530,13832.3186174678,13572.2796755312,17.57,1.84,0.219999999999999
76902,460530,13847.7981436287,13583.2722980947,18.99,1.42,-0.420000000000002
76903,460530,13866.0092297152,13592.770069896,20.63,1.64,0.220000000000002
76904,460530,13909.9364283679,13617.7399481661,22.21,1.58,-0.0599999999999987
76905,460530,13930.2766409698,13628.8782713254,23.21,1,-0.580000000000002
76906,460530,13951.1437517271,13641.1222480946,24.23,1.02,0.0199999999999996
76907,460530,13972.6360708519,13655.4314276182,25.81,1.58,0.559999999999999
76908,460530,13996.231860337,13669.0153964319,27.26,1.45,-0.129999999999995
76909,460530,14021.9504036281,13676.9790329901,27.01,-0.25,-1.7
76910,460530,14048.6915185202,13681.2500201695,27.09,0.0799999999999983,0.329999999999998
76911,460530,14075.8547619577,13685.2761604996,27.46,0.370000000000001,0.290000000000003
76912,460530,14111.7109395948,13692.7092964853,27.77,0.309999999999999,-0.0600000000000023
76913,460530,14132.7262111834,13715.8938318296,27.32,-0.449999999999999,-0.759999999999998
76914,460530,14140.0604469873,13742.0505841402,27.2,-0.120000000000001,0.329999999999998
76915,460530,14148.8601241428,13776.9489819855,27.29,0.0899999999999999,0.210000000000001
76916,460530,14155.6566080766,13801.5784421123,25.55,-1.74,-1.83
76917,460530,14179.1557407645,13826.1719778344,22.16,-3.39,-1.65
76918,460530,14190.6075185015,13848.4463996593,18.48,-3.68,-0.289999999999999
76919,460530,14208.3471326573,13879.9683347386,16.97,-1.51,2.17
76920,460530,14213.1330435992,13892.9884508349,13.87,-3.1,-1.59
76921,460530,14229.5224898696,13916.557304561,12.95,-0.92,2.18
76922,460530,14240.7788770889,13923.8273627979,13.4,0.450000000000001,1.37
76923,460530,14251.9193574307,13931.7119915747,13.66,0.26,-0.190000000000001
76924,460530,14263.1329994601,13939.4062213229,13.6,-0.0600000000000005,-0.32
76925,460530,14274.2255113408,13946.2912972895,13.05,-0.549999999999999,-0.489999999999998
76926,460530,14285.7412947618,13952.5913930127,13.14,0.0899999999999999,0.639999999999999
76927,460530,14297.5169200177,13958.0531712457,12.99,-0.15,-0.24
76928,460530,14310.2365563989,13962.3631306806,13.44,0.449999999999999,0.6
76929,460530,14322.5682239238,13966.1300657548,12.9,-0.539999999999999,-0.989999999999998
76930,460530,14335.4729617353,13968.9535108164,13.21,0.31,0.85
76931,460530,14348.7413452938,13971.4074483828,13.5,0.289999999999999,-0.0200000000000014
76932,460530,14362.1705272847,13973.4050291717,13.58,0.0800000000000001,-0.209999999999999
76933,460530,14375.7161696978,13974.2177232201,13.57,-0.00999999999999979,-0.0899999999999999
76934,460530,14389.2717941613,13975.0310161588,13.58,0.00999999999999979,0.0199999999999996
76935,460530,14402.9372211794,13975.85089689,13.68,0.0999999999999996,0.0899999999999999
