"V1","V2","V3","V4","V5","acceleration","jerk"
64698,468523,13434.57,13755.85,0,2.24,0
64699,468523,13436.8030061299,13756.0268717727,2.24,2.24,0
64700,468523,13440.5788483567,13756.3538408545,3.79,1.55,-0.69
64701,468523,13446.0452641935,13756.5235840725,5.47,1.68,0.13
64702,468523,13453.3129951279,13756.7052074907,7.27,1.8,0.12
64703,468523,13462.4001580155,13756.9322992199,9.09,1.82,0.0200000000000005
64704,468523,13473.6766298309,13757.2144043973,11.28,2.19,0.369999999999999
64705,468523,13487.0324446509,13757.5487851592,13.35,2.07,-0.119999999999999
64706,468523,13500.6681717575,13757.8901739012,13.65,0.300000000000001,-1.77
64707,468523,13513.6141150149,13758.2142929781,12.95,-0.700000000000001,-1
64708,468523,13526.9899235697,13758.54917431,13.37,0.42,1.12
64709,468523,13540.5177694757,13759.0653082733,13.54,0.17,-0.25
64710,468523,13553.4567358078,13758.5308456871,12.95,-0.59,-0.76
64711,468523,13567.0578603781,13758.0470047598,13.62,0.67,1.26
64712,468523,13580.4400625052,13757.5900982782,13.39,-0.229999999999999,-0.899999999999999
64713,468523,13590.8339025963,13757.2322042148,10.4,-2.99,-2.76
64714,468523,13598.2694958922,13756.9761723079,7.44,-2.96,0.0300000000000002
64715,468523,13602.2671266965,13756.838520745,4,-3.44,-0.48
64716,468523,13610.8159673206,13751.5725200866,6.39,2.39,5.83
64717,468523,13612.4656684685,13742.9998083731,8.74,2.35,-0.0399999999999991
64718,468523,13614.5405503245,13732.2176348778,10.98,2.24,-0.11
64719,468523,13616.9272313666,13719.8151894091,12.62,1.64,-0.600000000000001
64720,468523,13619.3384784052,13707.2850861486,12.76,0.140000000000001,-1.5
64721,468523,13621.1336858398,13697.9562475142,9.51,-3.25,-3.39
64722,468523,13622.3619856635,13691.5733579223,6.5,-3.01,0.24
64723,468523,13622.9232241984,13688.6568683702,2.97,-3.53,-0.52
64724,468523,13623.2595893809,13686.9089386051,1.78,-1.19,2.34
64725,468523,13623.3257286021,13686.5652445501,0.35,-1.43,-0.24
64726,468523,13623.3313976783,13686.5357850597,0.03,-0.32,1.11
64727,468523,13623.3332873703,13686.5259652295,0.01,-0.02,0.3
64728,468523,13623.3351770623,13686.5161453994,0.01,0,0.02
64729,468523,13623.3351770623,13686.5161453994,0,-0.01,-0.01
64730,468523,13623.3351770623,13686.5161453994,0,0,0.01
64731,468523,13623.3351770623,13686.5161453994,0,0,0
64732,468523,13623.3351770623,13686.5161453994,0,0,0
64733,468523,13623.3351770623,13686.5161453994,0,0,0
64734,468523,13623.3351770623,13686.5161453994,0,0,0
64735,468523,13623.3351770623,13686.5161453994,0,0,0
64736,468523,13623.3351770623,13686.5161453994,0,0,0
64737,468523,13623.3351770623,13686.5161453994,0,0,0
64738,468523,13623.3351770623,13686.5161453994,0,0,0
64739,468523,13623.3351770623,13686.5161453994,0,0,0
64740,468523,13623.3351770623,13686.5161453994,0,0,0
64741,468523,13623.3351770623,13686.5161453994,0,0,0
64742,468523,13623.3351770623,13686.5161453994,0,0,0
64743,468523,13623.3351770623,13686.5161453994,0,0,0
64744,468523,13623.3540739827,13686.417947098,0.1,0.1,0.1
64745,468523,13623.4372204323,13685.9858745718,0.45,0.35,0.25
64746,468523,13623.5203668819,13685.5538020455,0.44,-0.01,-0.36
64747,468523,13623.733902082,13684.4441612396,1.13,0.69,0.7
64748,468523,13623.990900199,13683.1086643403,1.36,0.23,-0.46
64749,468523,13624.2025457071,13682.0088433645,1.12,-0.24,-0.47
64750,468523,13624.6333954914,13679.7699220922,2.28,1.16,1.4
64751,468523,13625.1549504935,13677.0596489732,2.76,0.48,-0.68
64752,468523,13625.6540807452,13674.4978236518,2.61,-0.15,-0.63
64753,468523,13625.7695721801,13673.9090437876,0.59,-2.02,-1.87
64754,468523,13625.8253930403,13673.6244668532,0.3,-0.29,1.73
64755,468523,13625.8388670411,13673.5557758691,0.07,-0.23,0.06
64756,468523,13625.8388670411,13673.5557758691,0,-0.07,0.16
64757,468523,13625.8388670411,13673.5557758691,0,0,0.07
64758,468523,13625.8388670411,13673.5557758691,0,0,0
64759,468523,13625.8388670411,13673.5557758691,0,0,0
64760,468523,13625.8388670411,13673.5557758691,0,0,0
64761,468523,13625.8388670411,13673.5557758691,0,0,0
64762,468523,13625.8388670411,13673.5557758691,0,0,0
64763,468523,13625.8388670411,13673.5557758691,0,0,0
64764,468523,13625.8388670411,13673.5557758691,0,0,0
64765,468523,13625.8388670411,13673.5557758691,0,0,0
64766,468523,13625.8388670411,13673.5557758691,0,0,0
64767,468523,13625.8388670411,13673.5557758691,0,0,0
64768,468523,13625.8388670411,13673.5557758691,0,0,0
64769,468523,13625.8388670411,13673.5557758691,0,0,0
64770,468523,13625.8388670411,13673.5557758691,0,0,0
64771,468523,13625.8388670411,13673.5557758691,0,0,0
64772,468523,13635.8515813375,13668.9266131484,2.37,2.37,2.37
64773,468523,13640.6318838385,13669.9079938083,4.88,2.51,0.14
64774,468523,13644.5795516825,13670.7184372631,4.04,-0.84,-3.35
64775,468523,13647.5966278511,13671.3378332534,3.08,-0.96,-0.12
64776,468523,13650.5549298086,13671.9451630881,3.03,-0.0500000000000003,0.91
64777,468523,13652.6120271963,13672.367478536,2.09,-0.94,-0.89
64778,468523,13655.2176838874,13672.9024114367,2.66,0.57,1.51
64779,468523,13656.1286841591,13673.0894368493,0.93,-1.73,-2.3
64780,468523,13656.7947918846,13673.2261866134,0.68,-0.25,1.48
64781,468523,13657.2453941695,13673.3186938068,0.46,-0.22,0.03
64782,468523,13657.3531468898,13673.3408150921,0.11,-0.35,-0.13
64783,468523,13657.3629425917,13673.3428261181,0.01,-0.1,0.25
64784,468523,13657.3629425917,13673.3428261181,0,-0.01,0.09
64785,468523,13657.3629425917,13673.3428261181,0,0,0.01
64786,468523,13657.3629425917,13673.3428261181,0,0,0
64787,468523,13657.3629425917,13673.3428261181,0,0,0
64788,468523,13657.3629425917,13673.3428261181,0,0,0
64789,468523,13657.3629425917,13673.3428261181,0,0,0
64790,468523,13657.3629425917,13673.3428261181,0,0,0
64791,468523,13657.3629425917,13673.3428261181,0,0,0
64792,468523,13657.3629425917,13673.3428261181,0,0,0
64793,468523,13657.3629425917,13673.3428261181,0,0,0
64794,468523,13657.3629425917,13673.3428261181,0,0,0
64795,468523,13657.3629425917,13673.3428261181,0,0,0
64796,468523,13657.3629425917,13673.3428261181,0,0,0
64797,468523,13657.3629425917,13673.3428261181,0,0,0
64798,468523,13657.3629425917,13673.3428261181,0,0,0
64799,468523,13657.3629425917,13673.3428261181,0,0,0
64800,468523,13657.3629425917,13673.3428261181,0,0,0
64801,468523,13657.3629425917,13673.3428261181,0,0,0
64802,468523,13657.3629425917,13673.3428261181,0,0,0
64803,468523,13657.3629425917,13673.3428261181,0,0,0
64804,468523,13657.3629425917,13673.3428261181,0,0,0
64805,468523,13657.3629425917,13673.3428261181,0,0,0
64806,468523,13657.3629425917,13673.3428261181,0,0,0
64807,468523,13657.3629425917,13673.3428261181,0,0,0
64808,468523,13657.3629425917,13673.3428261181,0,0,0
64809,468523,13657.3629425917,13673.3428261181,0,0,0
64810,468523,13657.3629425917,13673.3428261181,0,0,0
64811,468523,13657.3629425917,13673.3428261181,0,0,0
64812,468523,13657.3629425917,13673.3428261181,0,0,0
64813,468523,13657.3629425917,13673.3428261181,0,0,0
64814,468523,13657.3629425917,13673.3428261181,0,0,0
64815,468523,13657.3629425917,13673.3428261181,0,0,0
64816,468523,13657.3629425917,13673.3428261181,0,0,0
64817,468523,13657.3629425917,13673.3428261181,0,0,0
64818,468523,13657.3629425917,13673.3428261181,0,0,0
64819,468523,13657.3629425917,13673.3428261181,0,0,0
64820,468523,13657.3629425917,13673.3428261181,0,0,0
64821,468523,13657.3629425917,13673.3428261181,0,0,0
64822,468523,13657.3629425917,13673.3428261181,0,0,0
64823,468523,13657.3629425917,13673.3428261181,0,0,0
64824,468523,13657.3629425917,13673.3428261181,0,0,0
64825,468523,13657.3629425917,13673.3428261181,0,0,0
64826,468523,13657.3629425917,13673.3428261181,0,0,0
64827,468523,13657.3629425917,13673.3428261181,0,0,0
64828,468523,13657.3629425917,13673.3428261181,0,0,0
64829,468523,13657.3629425917,13673.3428261181,0,0,0
64830,468523,13657.3629425917,13673.3428261181,0,0,0
64831,468523,13657.3629425917,13673.3428261181,0,0,0
64832,468523,13657.3629425917,13673.3428261181,0,0,0
64833,468523,13657.3629425917,13673.3428261181,0,0,0
64834,468523,13657.3629425917,13673.3428261181,0,0,0
64835,468523,13657.3629425917,13673.3428261181,0,0,0
64836,468523,13657.3629425917,13673.3428261181,0,0,0
64837,468523,13657.3629425917,13673.3428261181,0,0,0
64838,468523,13657.3629425917,13673.3428261181,0,0,0
64839,468523,13657.3629425917,13673.3428261181,0,0,0
64840,468523,13657.3629425917,13673.3428261181,0,0,0
64841,468523,13657.3629425917,13673.3428261181,0,0,0
64842,468523,13657.3629425917,13673.3428261181,0,0,0
64843,468523,13657.3629425917,13673.3428261181,0,0,0
64844,468523,13657.3629425917,13673.3428261181,0,0,0
64845,468523,13657.3629425917,13673.3428261181,0,0,0
64846,468523,13657.3629425917,13673.3428261181,0,0,0
64847,468523,13657.3629425917,13673.3428261181,0,0,0
64848,468523,13657.3629425917,13673.3428261181,0,0,0
64849,468523,13657.6959964544,13673.4112010001,0.34,0.34,0.34
64850,468523,13658.8812763778,13673.6545351392,1.21,0.87,0.53
64851,468523,13660.8306210452,13674.0547293017,1.99,0.78,-0.0899999999999999
64852,468523,13662.8975141348,13674.4790557756,2.12,0.13,-0.65
64853,468523,13666.9431389972,13675.3096094898,4.13,2.01,1.88
64854,468523,13671.1846778966,13676.1803837229,4.33,0.2,-1.81
64855,468523,13675.298872672,13677.0250146188,4.2,-0.13,-0.33
64856,468523,13678.4334972627,13677.6685429204,3.19,-1.01,-0.88
64857,468523,13683.762359067,13678.7625410331,5.44,2.25,3.26
64858,468523,13689.066353435,13659.5277818869,7.55,2.11,-0.140000000000001
64859,468523,13688.7124654282,13653.5382273727,5.99,-1.56,-3.67
64860,468523,13688.4370225963,13648.8763574425,4.67,-1.32,0.239999999999999
64861,468523,13688.2429740059,13645.5920850505,3.29,-1.38,-0.0599999999999996
64862,468523,13688.2687711676,13642.7557797733,2.85,-0.44,0.94
64863,468523,13688.6637412724,13640.1252667784,2.66,-0.19,0.25
64864,468523,13688.9874385763,13637.9694328202,2.18,-0.48,-0.29
64865,468523,13689.2487721795,13636.2289430191,1.76,-0.42,0.0599999999999998
64866,468523,13689.5308936829,13634.3500051656,1.9,0.14,0.56
64867,468523,13689.8427121867,13632.2732843801,2.1,0.2,0.0600000000000003
64868,468523,13690.1322579402,13630.3449007936,1.95,-0.15,-0.35
64869,468523,13690.3787430431,13628.7033024585,1.66,-0.29,-0.14
64870,468523,13690.6727433467,13626.7452514322,1.98,0.32,0.61
64871,468523,13690.9192284497,13625.103653097,1.66,-0.32,-0.64
64872,468523,13691.1805620528,13623.3631632959,1.76,0.1,0.42
64873,468523,13691.4715926564,13621.4248905628,1.96,0.2,0.0999999999999999
64874,468523,13691.8041990604,13619.209721725,2.24,0.28,0.0800000000000003
64875,468523,13692.1457145645,13616.9352180076,2.29,0.0499999999999998,-0.23
64876,468523,13692.6565029707,13613.5333515781,3.45,1.16,1.11
64877,468523,13693.4479280302,13608.2624364417,5.33,1.88,0.72
64878,468523,13694.2438076399,13602.9618538655,5.36,0.0300000000000002,-1.85
64879,468523,13695.2098641922,13597.3761473,5.67,0.31,0.279999999999999
64880,468523,13696.0441323718,13593.106897178,4.35,-1.32,-1.63
64881,468523,13697.0452541873,13587.9837970315,5.21,0.86,2.18
64882,468523,13698.3398082591,13581.3590985663,6.76,1.55,0.69
64883,468523,13699.9153314094,13575.2444772178,6.32,-0.44,-1.99
64884,468523,13704.783295877,13570.2691347659,5.01,-1.31,-0.870000000000001
64885,468523,13706.5315174477,13564.2477876292,6.27,1.26,2.57
64886,468523,13707.7722807634,13559.9742637444,4.45,-1.82,-3.08
64887,468523,13708.7425855586,13556.6322720322,3.48,-0.97,0.849999999999999
64888,468523,13709.7881726224,13553.0309878596,3.74,0.26,1.23
64889,468523,13710.6134893447,13550.1883742193,2.96,-0.78,-1.04
64890,468523,13711.4165002097,13547.4225879747,2.88,-0.0800000000000001,0.7
64891,468523,13711.7706056953,13546.2029530683,1.27,-1.61,-1.53
64892,468523,13712.0633700732,13545.1945934999,1.05,-0.22,1.39
64893,468523,13712.158169967,13544.8680770683,0.34,-0.71,-0.49
64894,468523,13712.1888405208,13544.7624393992,0.11,-0.23,0.48
64895,468523,13712.1999934495,13544.7240257014,0.04,-0.07,0.16
64896,468523,13712.1999934495,13544.7240257014,0,-0.04,0.03
64897,468523,13712.1999934495,13544.7240257014,0,0,0.04
64898,468523,13712.1999934495,13544.7240257014,0,0,0
64899,468523,13712.1999934495,13544.7240257014,0,0,0
64900,468523,13712.1999934495,13544.7240257014,0,0,0
64901,468523,13712.1999934495,13544.7240257014,0,0,0
64902,468523,13712.1999934495,13544.7240257014,0,0,0
64903,468523,13712.1999934495,13544.7240257014,0,0,0
64904,468523,13712.1999934495,13544.7240257014,0,0,0
64905,468523,13712.1999934495,13544.7240257014,0,0,0
64906,468523,13712.1999934495,13544.7240257014,0,0,0
64907,468523,13712.1999934495,13544.7240257014,0,0,0
64908,468523,13712.1999934495,13544.7240257014,0,0,0
64909,468523,13712.1999934495,13544.7240257014,0,0,0
64910,468523,13712.1999934495,13544.7240257014,0,0,0
64911,468523,13712.1999934495,13544.7240257014,0,0,0
64912,468523,13712.1999934495,13544.7240257014,0,0,0
64913,468523,13712.1999934495,13544.7240257014,0,0,0
64914,468523,13712.1999934495,13544.7240257014,0,0,0
64915,468523,13712.1999934495,13544.7240257014,0,0,0
64916,468523,13712.1999934495,13544.7240257014,0,0,0
64917,468523,13712.1999934495,13544.7240257014,0,0,0
64918,468523,13712.1999934495,13544.7240257014,0,0,0
64919,468523,13712.1999934495,13544.7240257014,0,0,0
64920,468523,13712.1999934495,13544.7240257014,0,0,0
64921,468523,13712.1999934495,13544.7240257014,0,0,0
64922,468523,13712.1999934495,13544.7240257014,0,0,0
64923,468523,13712.1999934495,13544.7240257014,0,0,0
64924,468523,13712.1999934495,13544.7240257014,0,0,0
64925,468523,13712.1999934495,13544.7240257014,0,0,0
64926,468523,13712.1999934495,13544.7240257014,0,0,0
64927,468523,13712.1999934495,13544.7240257014,0,0,0
64928,468523,13712.1999934495,13544.7240257014,0,0,0
64929,468523,13712.1999934495,13544.7240257014,0,0,0
64930,468523,13712.1999934495,13544.7240257014,0,0,0
64931,468523,13712.1999934495,13544.7240257014,0,0,0
64932,468523,13712.1999934495,13544.7240257014,0,0,0
64933,468523,13712.1999934495,13544.7240257014,0,0,0
64934,468523,13712.1999934495,13544.7240257014,0,0,0
64935,468523,13712.1999934495,13544.7240257014,0,0,0
64936,468523,13712.1999934495,13544.7240257014,0,0,0
64937,468523,13712.1999934495,13544.7240257014,0,0,0
64938,468523,13712.1999934495,13544.7240257014,0,0,0
64939,468523,13712.1999934495,13544.7240257014,0,0,0
64940,468523,13712.1999934495,13544.7240257014,0,0,0
64941,468523,13712.1999934495,13544.7240257014,0,0,0
64942,468523,13712.1999934495,13544.7240257014,0,0,0
64943,468523,13712.1999934495,13544.7240257014,0,0,0
64944,468523,13712.1999934495,13544.7240257014,0,0,0
64945,468523,13712.1999934495,13544.7240257014,0,0,0
64946,468523,13712.1999934495,13544.7240257014,0,0,0
64947,468523,13712.1999934495,13544.7240257014,0,0,0
64948,468523,13712.1999934495,13544.7240257014,0,0,0
64949,468523,13712.1999934495,13544.7240257014,0,0,0
64950,468523,13712.1999934495,13544.7240257014,0,0,0
64951,468523,13712.1999934495,13544.7240257014,0,0,0
64952,468523,13712.1999934495,13544.7240257014,0,0,0
64953,468523,13712.1999934495,13544.7240257014,0,0,0
64954,468523,13712.1999934495,13544.7240257014,0,0,0
64955,468523,13712.1999934495,13544.7240257014,0,0,0
64956,468523,13712.1999934495,13544.7240257014,0,0,0
64957,468523,13712.1999934495,13544.7240257014,0,0,0
64958,468523,13712.1999934495,13544.7240257014,0,0,0
64959,468523,13712.1999934495,13544.7240257014,0,0,0
64960,468523,13712.2418169321,13544.5799743345,0.15,0.15,0.15
64961,468523,13712.3923814693,13544.0613894136,0.54,0.39,0.24
64962,468523,13712.9583925998,13542.1118942481,2.02,1.48,1.09
64963,468523,13713.4853684799,13540.2968470251,1.89,-0.13,-1.61
64964,468523,13714.5002849899,13536.8012005216,3.64,1.75,1.88
64965,468523,13717.1192681592,13531.679230233,5.78,2.14,0.39
64966,468523,13720.6552558249,13525.2699251826,7.31,1.53,-0.610000000000001
64967,468523,13724.8288806106,13517.7048438118,8.64,1.33,-0.199999999999998
64968,468523,13738.39019471,13481.1544171309,10.23,1.59,0.259999999999999
64969,468523,13742.8142769294,13470.2043670617,11.81,1.58,-0.00999999999999979
64970,468523,13747.3249681853,13458.483659325,12.57,0.76,-0.82
64971,468523,13751.4583370131,13447.3352351255,11.89,-0.68,-1.44
64972,468523,13755.8315733338,13435.5398460228,12.58,0.69,1.37
64973,468523,13760.4794405522,13423.0037289876,13.37,0.789999999999999,0.0999999999999996
64974,468523,13765.1203550897,13410.4863645583,13.35,-0.0199999999999996,-0.809999999999999
64975,468523,13769.6630982814,13398.4768400361,12.84,-0.51,-0.49
64976,468523,13774.4228178991,13385.90788347,13.44,0.6,1.11
64977,468523,13778.9204696211,13374.0309676672,12.7,-0.74,-1.34
64978,468523,13783.7616427739,13361.2469173503,13.67,0.970000000000001,1.71
64979,468523,13790.6569769572,13343.0012564126,13.34,-0.33,-1.3
64980,468523,13794.1105707476,13333.723180646,9.89,-3.45,-3.12
64981,468523,13796.2393200053,13327.1116269587,6.95,-2.94,0.509999999999999
64982,468523,13797.6262352234,13322.3703121434,4.94,-2.01,0.930000000000001
64983,468523,13799.2377520962,13316.8611730665,5.75,0.81,2.82
64984,468523,13800.4702536766,13312.647737431,4.39,-1.36,-2.17
64985,468523,13804.4128099736,13298.9191340401,5.95,1.56,2.92
64986,468523,13806.4902679343,13291.276453331,7.92,1.97,0.409999999999999
64987,468523,13809.2742924414,13281.4460571938,10.21,2.29,0.320000000000001
65089,468523,14206.5473485104,13275.1435002954,13.03,0.0276470588235294,-0.0221799307958478
65090,468523,14219.9332135676,13277.3096527991,13.56,0.530000000000001,0.502352941176472
65091,468523,14234.2887315527,13279.7183013866,13.34,-0.220000000000001,-0.750000000000002
65092,468523,14247.164788847,13281.6489874186,13.02,-0.32,-0.0999999999999996
65093,468523,14260.2386350398,13283.6093306861,13.22,0.200000000000001,0.520000000000001
65094,468523,14273.4311545717,13285.5874682949,13.34,0.119999999999999,-0.0800000000000018
65095,468523,14286.307211866,13287.5181543269,13.02,-0.32,-0.44
65096,468523,14299.8755303051,13289.5526406832,13.72,0.700000000000001,1.02
65097,468523,14313.5526326385,13291.6034385191,13.83,0.109999999999999,-0.590000000000002
65098,468523,14326.2210968742,13293.8702275209,12.87,-0.960000000000001,-1.07
65099,468523,14339.7811842923,13296.322253054,13.78,0.91,1.87
65100,468523,14353.1641442985,13298.742249226,13.6,-0.18,-1.09
65101,468523,14366.4880618341,13301.1515689444,13.55,-0.0499999999999989,0.130000000000001
65102,468523,14380.0186280168,13303.5982562506,13.74,0.19,0.239999999999998
65103,468523,14393.1850989641,13305.9791054257,13.39,-0.35,-0.539999999999999
