"V1","V2","V3","V4","V5","acceleration","jerk"
31377,485013,13491.7381986241,13282.4579953322,13.14,0.389999999999999,0
31378,485013,13501.0255882454,13292.2969634703,13.53,0.389999999999999,0
31379,485013,13510.3747565116,13302.20137929,13.62,0.0899999999999999,-0.299999999999999
31380,485013,13519.4424887287,13311.8076445601,13.21,-0.409999999999998,-0.499999999999998
31381,485013,13528.7985212888,13321.7193323445,13.63,0.42,0.829999999999998
31382,485013,13538.030996559,13331.5001247656,13.44,-0.190000000000001,-0.610000000000001
31383,485013,13547.2840647109,13341.3027330805,13.48,0.0400000000000009,0.230000000000002
31384,485013,13554.3474231146,13348.78558468,10.29,-3.19,-3.23
31385,485013,13559.5574221705,13354.3050058307,7.59,-2.7,0.490000000000002
31386,485013,13561.410776731,13357.5267185219,3.78,-3.81,-1.11
31387,485013,13569.2274629938,13361.0679668882,6.03,2.25,6.06
31388,485013,13575.3184134264,13356.7262249765,7.48,1.45,-0.8
31389,485013,13582.8506716486,13351.3570922649,9.25,1.77,0.319999999999999
31390,485013,13591.5229473314,13345.1753340618,10.65,1.4,-0.369999999999999
31391,485013,13601.3026685473,13338.2041682384,12.01,1.36,-0.0400000000000009
31392,485013,13612.1328344235,13330.4842260692,13.3,1.29,-0.0699999999999985
31393,485013,13623.2154327374,13322.5843453984,13.61,0.309999999999999,-0.980000000000002
31394,485013,13633.7687372302,13315.0617551343,12.97,-0.639999999999999,-0.949999999999998
31395,485013,13644.9804428823,13307.1369580773,13.72,0.75,1.39
31396,485013,13656.2777831367,13299.3342019504,13.74,0.0199999999999996,-0.73
31397,485013,13667.0238329344,13291.9122066832,13.06,-0.68,-0.699999999999999
31398,485013,13677.7616545163,13284.495894414,13.05,-0.00999999999999979,0.67
31399,485013,13688.7710072187,13276.8920432138,13.37,0.319999999999999,0.329999999999998
31441,485013,14216.912509506,13276.8208307739,13.23,-0.0033333333333333,-0.00769841269841266
31442,485013,14231.4900186385,13279.298651504,13.57,0.34,0.343333333333333
31443,485013,14244.6627592806,13281.2738233893,13.32,-0.25,-0.59
31444,485013,14257.5981532444,13283.213406592,13.07,-0.25,0
31445,485013,14271.0873561241,13285.2360300541,13.64,0.57,0.82
31446,485013,14284.7249006778,13287.2808964428,13.79,0.149999999999999,-0.420000000000002
31447,485013,14298.3129980068,13289.3183485227,13.74,-0.0499999999999989,-0.199999999999998
31448,485013,14311.7131958822,13291.3276262288,13.55,-0.19,-0.140000000000001
31449,485013,14324.8532796383,13293.6228896769,13.34,-0.210000000000001,-0.0200000000000014
31450,485013,14338.3740054093,13296.0677975742,13.74,0.4,0.610000000000001
31451,485013,14351.3731893565,13298.4183967971,13.21,-0.529999999999999,-0.93
31452,485013,14364.9726384216,13300.8775399661,13.83,0.619999999999999,1.15
31453,485013,14378.345758016,13303.2957567291,13.58,-0.25,-0.869999999999999
31454,485013,14391.6007926692,13305.6926205848,13.48,-0.0999999999999996,0.15
31455,485013,14404.4326896163,13308.0129698556,13.04,-0.440000000000001,-0.340000000000002
