"V1","V2","V3","V4","V5","acceleration","jerk"
65542,4992,13804.8083075966,14041.4098218917,0,1.93,0
65543,4992,13804.6167052353,14039.4893561838,1.93,1.93,0
65544,4992,13804.1947829371,14035.2603513866,4.25,2.32,0.39
65545,4992,13803.5772872442,14029.0710784835,6.22,1.97,-0.350000000000001
65546,4992,13802.7940009071,14021.2200554601,7.88,1.66,-0.31
65547,4992,13801.8618008177,14011.8764425083,9.39,1.51,-0.149999999999999
65548,4992,13800.7856507677,14001.0899926257,10.84,1.45,-0.0600000000000014
65549,4992,13799.5367607651,13988.5721384261,12.58,1.74,0.290000000000001
65550,4992,13795.0673996608,13965.4475319138,13.79,1.21,-0.530000000000001
65551,4992,13791.6588113772,13953.0474865141,12.86,-0.93,-2.14
65552,4992,13786.8101609556,13940.4324848148,13.58,0.720000000000001,1.65
65553,4992,13780.8034778809,13928.442995316,13.41,-0.17,-0.890000000000001
65554,4992,13774.9401310169,13916.7396084749,13.09,-0.32,-0.15
65555,4992,13768.7435754028,13905.4224079511,12.91,-0.18,0.140000000000001
65556,4992,13763.1541097957,13895.9367359018,11.01,-1.9,-1.72
65557,4992,13759.5090268657,13889.7508026308,7.18,-3.83,-1.93
65558,4992,13757.4478796936,13886.2529072157,4.06,-3.12,0.71
65559,4992,13756.6559118147,13884.9088882877,1.56,-2.5,0.620000000000001
65560,4992,13748.6958685298,13879.3192606929,4.03,2.47,4.97
65561,4992,13741.9433913315,13877.4845469236,6.17,2.14,-0.330000000000001
65562,4992,13733.8155276365,13875.9703919722,7.59,1.42,-0.72
65563,4992,13724.2610562697,13878.2223149322,9.82,2.23,0.81
65564,4992,13713.03604186,13882.604272429,12.05,2.23,0
65565,4992,13700.95435409,13889.085630596,9.81,-2.24,-4.47
65566,4992,13695.2515794527,13888.7984696036,5.71,-4.1,-1.86
65567,4992,13691.2166916182,13888.5952944006,4.04,-1.67,2.43
65568,4992,13666.2938269165,13879.1167577611,6.32,2.28,3.95
65569,4992,13664.0691016731,13871.2259926635,8.37,2.05,-0.230000000000001
65570,4992,13665.0259822231,13858.5758859209,10.12,1.75,-0.299999999999999
65571,4992,13665.9419018305,13846.8114866046,11.79,1.67,-0.0800000000000001
65572,4992,13666.9455323835,13833.9204965064,12.93,1.14,-0.529999999999999
65573,4992,13668.0842222684,13819.2947560005,14.67,1.74,0.6
65574,4992,13669.1608159087,13805.4666018889,13.87,-0.800000000000001,-2.54
65575,4992,13669.2240925498,13789.0354376658,13.55,-0.319999999999999,0.480000000000002
65576,4992,13665.8843579803,13776.6521994557,12.88,-0.67,-0.350000000000001
65577,4992,13660.9858494309,13764.3301779498,13.27,0.389999999999999,1.06
65578,4992,13645.1042592654,13756.027619224,12.86,-0.41,-0.799999999999999
65579,4992,13633.251275222,13756.4355031125,11.86,-1,-0.59
65580,4992,13624.7874246594,13757.0959701837,8.49,-3.37,-2.37
65581,4992,13619.7735711292,13757.498676997,5.03,-3.46,-0.0900000000000007
65582,4992,13602.3524030111,13760.1396663001,7.33,2.3,5.76
65583,4992,13593.557611508,13760.4423912855,8.8,1.47,-0.829999999999999
65584,4992,13582.5541280478,13760.8211415229,11.01,2.21,0.739999999999998
65585,4992,13569.7516026959,13761.2586802001,12.81,1.8,-0.409999999999998
65586,4992,13556.5892868444,13761.703034218,13.17,0.359999999999999,-1.44
65587,4992,13543.2003234975,13762.2467809377,13.4,0.23,-0.129999999999999
65588,4992,13529.8725541263,13761.9423617042,13.35,-0.0500000000000007,-0.280000000000001
65589,4992,13516.4873709206,13761.5890322438,13.39,0.0400000000000009,0.0900000000000016
65590,4992,13502.8516493381,13761.2474229267,13.64,0.25,0.209999999999999
65591,4992,13489.7557583755,13760.919337732,13.1,-0.540000000000001,-0.790000000000001
65592,4992,13476.1900148363,13760.5794815419,13.57,0.470000000000001,1.01
65593,4992,13462.3143952344,13760.2308004923,13.88,0.31,-0.16
65594,4992,13451.3279046416,13759.9530875934,10.99,-2.89,-3.2
65595,4992,13442.9005965708,13759.7400648693,8.43,-2.56,0.33
65596,4992,13438.0319172002,13759.4413039811,4.88,-3.55,-0.989999999999999
65597,4992,13428.5072773138,13748.7822408778,6.81,1.93,5.48
65598,4992,13428.8350425752,13740.2085036569,8.58,1.77,-0.159999999999999
65599,4992,13429.2090311428,13730.4256496484,9.79,1.21,-0.560000000000001
65600,4992,13429.6368832323,13719.2338248379,11.2,1.41,0.200000000000001
65601,4992,13430.1224189517,13706.5331022181,12.7,1.5,0.0899999999999999
65602,4992,13430.6430996642,13692.9130511317,13.63,0.930000000000001,-0.569999999999999
65603,4992,13431.1626343443,13679.3229781475,13.6,-0.0300000000000011,-0.960000000000003
65604,4992,13431.6814050028,13665.7528905647,13.58,-0.0199999999999996,0.0100000000000016
65605,4992,13432.1944454994,13652.3326934928,13.43,-0.15,-0.130000000000001
65606,4992,13432.7825815425,13627.5014702147,13.15,-0.279999999999999,-0.129999999999999
65607,4992,13433.0020139481,13614.6233395499,12.88,-0.27,0.00999999999999979
65608,4992,13433.2291128584,13601.2952741958,13.33,0.449999999999999,0.719999999999999
65609,4992,13433.4649004743,13587.4572828603,13.84,0.51,0.0600000000000005
65610,4992,13433.6923401183,13574.1092204088,13.35,-0.49,-1
65611,4992,13433.9190982951,13560.801152152,13.31,-0.0399999999999991,0.450000000000001
65612,4992,13434.1530118764,13547.0731448517,13.73,0.42,0.459999999999999
65613,4992,13434.3813033542,13533.675089657,13.39,-0.34,-0.76
65614,4992,13434.6014172269,13520.7569647976,12.92,-0.470000000000001,-0.130000000000001
65615,4992,13435.4040616637,13500.1015166083,13.07,0.15,0.620000000000001
65616,4992,13436.4762918258,13486.4335093476,13.71,0.640000000000001,0.49
65617,4992,13437.5532144612,13472.7056858625,13.77,0.0599999999999987,-0.580000000000002
65618,4992,13438.5753915741,13459.675718328,13.07,-0.699999999999999,-0.759999999999998
65619,4992,13439.5850554247,13446.8052607251,12.91,-0.16,0.539999999999999
65620,4992,13440.6690167701,13432.9877129035,13.86,0.949999999999999,1.11
65621,4992,13442.7989306394,13411.0736955552,12.19,-1.67,-2.62
65622,4992,13444.0450075281,13402.5240234921,8.64,-3.55,-1.88
65623,4992,13444.8623148115,13396.086204566,6.49,-2.15,1.4
65624,4992,13445.2336682679,13392.9481005827,3.16,-3.33,-1.18
65625,4992,13445.404067797,13391.5081478055,1.45,-1.71,1.62
65626,4992,13445.4428483795,13391.1804344148,0.34,-1.11,0.6
65627,4992,13445.4487242253,13391.1307808708,0.04,-0.3,0.81
65628,4992,13445.4498993945,13391.120850162,0.01,-0.03,0.27
65629,4992,13445.4498993945,13391.120850162,0,-0.01,0.02
65630,4992,13441.2687266044,13386.6949399591,1.74,1.74,1.75
65631,4992,13437.8661798132,13385.9648198774,3.48,1.74,0
65632,4992,13432.2832653943,13384.7668354904,5.71,2.23,0.49
65633,4992,13425.2044036793,13383.247850033,7.23,1.52,-0.71
65634,4992,13416.6202746094,13381.6789774423,8.74,1.51,-0.0100000000000007
65635,4992,13406.6978794531,13380.1467651978,10.04,1.3,-0.210000000000001
