"V1","V2","V3","V4","V5","acceleration","jerk"
29452,55134,13407.9423361735,13501.5779615495,9.52,-3.02,0
29453,55134,13414.3071363223,13502.8967940127,6.5,-3.02,0
29454,55134,13418.2924804154,13503.722586032,4.07,-2.43,0.59
29455,55134,13423.0709765271,13504.712724866,4.87,0.8,3.23
29456,55134,13427.5459206317,13505.6399655363,4.57,-0.3,-1.1
29457,55134,13429.484736677,13506.0417021943,1.98,-2.59,-2.29
29458,55134,13443.2465383974,13509.3583561318,3.92,1.94,4.53
29459,55134,13448.7988458797,13510.8911580177,5.76,1.84,-0.1
29460,55134,13456.0476917595,13512.8923160353,7.52,1.76,-0.0800000000000001
29461,55134,13463.0941097623,13514.8375906509,7.31,-0.21,-1.97
29462,55134,13470.2754796831,13516.8201208678,7.45,0.140000000000001,0.350000000000001
29463,55134,13478.2954793798,13519.0341680363,8.32,0.87,0.73
29464,55134,13485.2840608463,13520.9634759655,7.25,-1.07,-1.94
29465,55134,13492.5232673034,13522.9619728688,7.51,0.26,1.33
29466,55134,13500.0420170191,13525.0376420892,7.8,0.29,0.0300000000000002
29467,55134,13507.1366321354,13526.9962222767,7.36,-0.44,-0.73
29468,55134,13513.855309766,13528.8510190032,6.98,-0.38,0.0599999999999996
29469,55134,13517.1519923336,13529.7611201229,3.42,-3.56,-3.18
29470,55134,13531.5114064439,13533.9859077083,5.38,1.96,5.52
29471,55134,13537.8763176588,13535.9801005843,6.67,1.29,-0.67
29472,55134,13545.7775867532,13538.4556503614,8.28,1.61,0.319999999999999
29473,55134,13555.3010970867,13541.4394651894,9.98,1.7,0.0900000000000016
29474,55134,13566.3418801086,13544.8986573296,11.57,1.59,-0.110000000000001
29475,55134,13577.9655925213,13550.445296167,12.88,1.31,-0.279999999999999
29476,55134,13590.6736599497,13555.7214473247,13.76,0.879999999999999,-0.430000000000001
29477,55134,13603.2274260554,13560.9263542944,13.6,-0.16,-1.04
29478,55134,13615.7719546585,13566.1274313105,13.57,-0.0299999999999994,0.130000000000001
29479,55134,13625.1387823488,13570.0110042814,10.14,-3.43,-3.4
29480,55134,13633.3878722181,13573.4311528641,8.93,-1.21,2.22
29481,55134,13640.1312491549,13576.2270190068,7.3,-1.63,-0.419999999999999
29482,55134,13643.4937001207,13577.6211221245,3.63,-3.67,-2.04
29483,55134,13650.8386137738,13587.3074256001,5.99,2.36,6.03
29484,55134,13649.0511498837,13594.3542598426,7.27,1.28,-1.08
29485,55134,13646.9096353744,13602.7968906889,8.71,1.44,0.160000000000002
29486,55134,13644.293594688,13613.1102767054,10.64,1.93,0.489999999999998
29487,55134,13641.3480902309,13624.722529006,11.98,1.34,-0.59
29488,55134,13637.937894336,13638.1667643491,13.87,1.89,0.549999999999999
29489,55134,13634.5375331806,13651.5722275642,13.83,-0.0399999999999991,-1.93
29490,55134,13633.6965269314,13668.484187441,13.75,-0.0800000000000001,-0.0400000000000009
29491,55134,13643.3746803554,13670.4710810722,9.87,-3.88,-3.8
29492,55134,13649.7712736609,13671.7842810127,6.53,-3.34,0.540000000000002
29493,55134,13654.1401566843,13672.681198583,4.47,-2.06,1.28
29494,55134,13656.579286444,13673.1819440427,2.48,-1.99,0.0700000000000007
29495,55134,13657.0690715363,13673.2824953398,0.5,-1.98,0.00999999999999979
29496,55134,13657.2258027658,13673.3146717549,0.16,-0.34,1.64
29497,55134,13657.3237597843,13673.3347820143,0.1,-0.06,0.28
29498,55134,13657.3531468898,13673.3408150921,0.03,-0.07,-0.01
29499,55134,13657.3629425917,13673.3428261181,0.01,-0.02,0.05
29500,55134,13657.3727382935,13673.344837144,0.01,0,0.02
29501,55134,13657.3727382935,13673.344837144,0,-0.01,-0.01
29502,55134,13657.3727382935,13673.344837144,0,0,0.01
29503,55134,13657.3727382935,13673.344837144,0,0,0
29504,55134,13657.3727382935,13673.344837144,0,0,0
29505,55134,13657.3727382935,13673.344837144,0,0,0
29506,55134,13657.3727382935,13673.344837144,0,0,0
29507,55134,13657.3727382935,13673.344837144,0,0,0
29508,55134,13657.3727382935,13673.344837144,0,0,0
29509,55134,13657.3727382935,13673.344837144,0,0,0
29510,55134,13657.3727382935,13673.344837144,0,0,0
29511,55134,13657.3727382935,13673.344837144,0,0,0
29512,55134,13657.3727382935,13673.344837144,0,0,0
29513,55134,13657.3727382935,13673.344837144,0,0,0
29514,55134,13657.3727382935,13673.344837144,0,0,0
29515,55134,13657.3727382935,13673.344837144,0,0,0
29516,55134,13657.3727382935,13673.344837144,0,0,0
29517,55134,13657.3727382935,13673.344837144,0,0,0
29518,55134,13657.3727382935,13673.344837144,0,0,0
29519,55134,13657.3727382935,13673.344837144,0,0,0
29520,55134,13657.3727382935,13673.344837144,0,0,0
29521,55134,13657.3727382935,13673.344837144,0,0,0
29522,55134,13657.3727382935,13673.344837144,0,0,0
29523,55134,13657.3727382935,13673.344837144,0,0,0
29524,55134,13657.3727382935,13673.344837144,0,0,0
29525,55134,13657.3727382935,13673.344837144,0,0,0
29526,55134,13657.3727382935,13673.344837144,0,0,0
29527,55134,13657.3727382935,13673.344837144,0,0,0
29528,55134,13657.3727382935,13673.344837144,0,0,0
29529,55134,13657.3727382935,13673.344837144,0,0,0
29530,55134,13657.3727382935,13673.344837144,0,0,0
29531,55134,13657.3727382935,13673.344837144,0,0,0
29532,55134,13657.3727382935,13673.344837144,0,0,0
29533,55134,13657.3727382935,13673.344837144,0,0,0
29534,55134,13657.3727382935,13673.344837144,0,0,0
29535,55134,13657.3727382935,13673.344837144,0,0,0
29536,55134,13657.3727382935,13673.344837144,0,0,0
29537,55134,13657.3727382935,13673.344837144,0,0,0
29538,55134,13657.3727382935,13673.344837144,0,0,0
29539,55134,13657.8723190877,13673.4473994671,0.52,0.52,0.52
29540,55134,13658.36210418,13673.5479507642,0.5,-0.02,-0.54
29541,55134,13659.4494270849,13673.7711746438,1.1,0.6,0.62
29542,55134,13662.2607935148,13674.3483390893,2.88,1.78,1.18
29543,55134,13666.5023324141,13675.2191133224,4.33,1.45,-0.33
29544,55134,13672.1544523794,13676.3794752913,5.77,1.44,-0.0100000000000007
29545,55134,13679.6481642917,13677.9179101373,7.65,1.88,0.440000000000001
29546,55134,13683.4097138006,13678.6901440992,3.84,-3.81,-5.69
29547,55134,13694.8024934885,13699.9948968933,6.29,2.45,6.26
29548,55134,13696.6354220575,13707.3396414675,7.58,1.29,-1.16
29549,55134,13698.1414097989,13716.2931832115,9.17,1.59,0.3
29550,55134,13697.210352557,13726.9726744172,10.72,1.55,-0.0399999999999991
29551,55134,13696.1177499355,13739.5051370448,12.58,1.86,0.309999999999999
29552,55134,13694.8887891172,13753.6016669478,14.15,1.57,-0.289999999999999
29553,55134,13694.135606904,13776.3597272281,15.53,1.38,-0.190000000000001
29554,55134,13694.2795429633,13793.6691287894,17.31,1.78,0.4
29555,55134,13697.7338730189,13812.1984871359,18.56,1.25,-0.529999999999999
29556,55134,13697.8688286655,13828.4279260348,16.23,-2.33,-3.58
29557,55134,13697.985158271,13842.4174423747,13.98,-2.25,0.0799999999999983
29558,55134,13692.3268595685,13864.9345830977,10.97,-3.01,-0.76
29559,55134,13688.3834408188,13870.2765638466,6.64,-4.33,-1.32
29560,55134,13686.0891427505,13873.4179052493,3.9,-2.74,1.59
29561,55134,13657.9591646004,13902.0155335345,6.01,2.11,4.85
29562,55134,13655.3135061541,13903.9879663941,3.3,-2.71,-4.82
29563,55134,13642.6939805294,13909.6887531759,5.12,1.82,4.53
29564,55134,13635.3983299058,13910.9855114334,7.41,2.29,0.47
29565,55134,13625.9957032586,13912.6567720756,9.55,2.14,-0.149999999999999
29566,55134,13609.2547121743,13914.7204258672,10.85,1.3,-0.840000000000002
29567,55134,13597.0155043146,13914.8596773178,12.24,1.39,0.0900000000000016
29568,55134,13584.1612357061,13915.131746477,12.86,0.619999999999999,-0.770000000000001
29569,55134,13570.4915109418,13916.0420348202,13.71,0.850000000000001,0.230000000000002
29570,55134,13557.4404160573,13916.9111276327,13.08,-0.630000000000001,-1.48
29571,55134,13543.7607133917,13917.82208042,13.71,0.630000000000001,1.26
29572,55134,13529.9014085029,13918.7449932002,13.89,0.18,-0.450000000000001
29573,55134,13516.3314627515,13919.648637103,13.6,-0.290000000000001,-0.470000000000001
29574,55134,13503.3867955517,13920.8274238479,13.01,-0.59,-0.299999999999999
29575,55134,13490.3665447081,13922.998383997,13.2,0.19,0.779999999999999
29576,55134,13477.2839284388,13925.0315352565,13.37,0.17,-0.0199999999999996
29577,55134,13457.0586551707,13927.8076407866,13.64,0.270000000000001,0.100000000000001
29578,55134,13444.1684521005,13929.5691074505,13.02,-0.620000000000001,-0.890000000000002
29579,55134,13430.8879774572,13931.9779042273,13.52,0.5,1.12
29580,55134,13417.9471006989,13935.3776260876,13.37,-0.15,-0.65
29581,55134,13405.3157217405,13938.6960392038,13.06,-0.309999999999999,-0.159999999999998
