"V1","V2","V3","V4","V5","acceleration","jerk"
43347,578373,14353.1351114785,14258.4147509241,19.34,-0.300000000000001,0
43348,578373,14354.4787282645,14239.4222183407,19.04,-0.300000000000001,0
43349,578373,14356.0677270411,14220.9233504863,18.57,-0.469999999999999,-0.169999999999998
43350,578373,14358.051967821,14202.4898378387,18.54,-0.0300000000000011,0.439999999999998
43351,578373,14360.1261094775,14183.2211498609,19.38,0.84,0.870000000000001
43352,578373,14362.1724246722,14164.2109685329,19.11,-0.27,-1.11
43353,578373,14364.1199140756,14144.9693022088,19.34,0.23,0.5
43354,578373,14366.0469856526,14125.8361034398,19.23,-0.109999999999999,-0.34
43355,578373,14367.9940995757,14106.5039114437,19.43,0.199999999999999,0.309999999999999
43356,578373,14369.9071415105,14087.5100079335,19.1,-0.329999999999998,-0.529999999999998
43357,578373,14371.7861114569,14068.8543929091,18.74,-0.360000000000003,-0.0300000000000047
43358,578373,14373.3338565098,14050.1921131047,18.73,-0.00999999999999801,0.350000000000005
43359,578373,14374.4684650487,14031.5065287289,18.72,-0.0100000000000016,-3.5527136788005e-15
43360,578373,14375.5994370218,14012.8808340467,18.65,-0.0700000000000003,-0.0599999999999987
43361,578373,14375.8097326606,13990.2532382633,19.38,0.73,0.800000000000001
43362,578373,14375.3309907584,13969.5387697403,20.72,1.34,0.609999999999999
43363,578373,14374.8296056582,13947.8445628412,21.69,0.970000000000002,-0.369999999999997
43364,578373,14374.2887104878,13924.4408124491,23.41,1.72,0.749999999999996
43365,578373,14373.7166231568,13899.6874224573,24.76,1.35,-0.369999999999997
43366,578373,14376.9965421953,13862.1804555922,26.21,1.45,0.0999999999999979
43367,578373,14376.0767905531,13818.1664653332,27.26,1.05,-0.399999999999999
43368,578373,14374.9382888385,13777.8456909767,27.61,0.349999999999998,-0.700000000000003
43369,578373,14375.2652731689,13750.5434800533,27.31,-0.300000000000001,-0.649999999999999
43370,578373,14376.4872376813,13723.1206920343,27.45,0.140000000000001,0.440000000000001
43371,578373,14374.3546009854,13685.8087211684,27.25,-0.199999999999999,-0.34
43372,578373,14370.8264169691,13658.384745936,27.65,0.399999999999999,0.599999999999998
43373,578373,14367.6236170123,13633.4899257431,25.1,-2.55,-2.95
43374,578373,14364.6109434274,13610.0729255537,23.61,-1.49,1.06
43375,578373,14360.2232843934,13585.6464304637,24.84,1.23,2.72
43376,578373,14353.863374072,13558.5711871747,20.97,-3.87,-5.1
43377,578373,14347.8807618262,13537.4213603348,21.99,1.02,4.89
43378,578373,14340.0960158554,13508.8268242378,19.55,-2.44,-3.46
43379,578373,14336.8802076201,13492.7629484865,16.41,-3.14,-0.700000000000003
43380,578373,14335.0076200369,13479.2621960726,13.64,-2.77,0.370000000000001
43381,578373,14332.5821037681,13459.3920158885,10.79,-2.85,-0.0800000000000018
43382,578373,14331.7561038386,13449.5967811227,9.83,-0.959999999999999,1.89
43383,578373,14330.9326247634,13439.8314402575,9.8,-0.0299999999999994,0.93
43384,578373,14331.0379031914,13412.8079106879,10.15,0.35,0.379999999999999
43385,578373,14331.4,13401.41,11.77,1.62,1.27
43386,578373,14332.5348251467,13380.8191091234,12.83,1.06,-0.559999999999999
43387,578373,14329.7777694336,13366.5495295142,14.15,1.32,0.26
43388,578373,14330.3735462638,13351.0309616045,15.53,1.38,0.0599999999999987
43389,578373,14331.4034786389,13334.0426275542,17.02,1.49,0.110000000000001
43390,578373,14332.1262950119,13315.1598317537,18.9,1.88,0.389999999999999
43391,578373,14331.0110896091,13294.3391712866,20.76,1.86,-0.019999999999996
