"V1","V2","V3","V4","V5","acceleration","jerk"
67693,584582,13474.47,14120.73,0,1.49,0
67694,584582,13474.7439057735,14122.1946076701,1.49,1.49,0
67695,584582,13475.278849264,14125.0550159385,2.92,1.43,-0.0600000000000001
67696,584582,13476.1502005165,14129.714237654,4.74,1.82,0.39
67697,584582,13477.3616361187,14136.1919319801,6.59,1.85,0.0299999999999994
67698,584582,13478.9444070648,14144.6552018052,8.61,2.02,0.17
67699,584582,13482.8475857026,14164.3297595076,10.63,2.02,1.77635683940025e-15
67700,584582,13485.3649485052,14176.3489643282,12.28,1.65,-0.370000000000003
67701,584582,13488.1057580061,14189.4350203911,13.37,1.09,-0.559999999999999
67702,584582,13490.8078539855,14202.396349452,13.24,-0.129999999999999,-1.22
67703,584582,13493.5690084197,14215.7335315454,13.62,0.379999999999999,0.509999999999998
67704,584582,13496.3300364213,14228.8561059193,13.41,-0.209999999999999,-0.589999999999998
67705,584582,13499.126203452,14241.8281662775,13.27,-0.140000000000001,0.0699999999999985
67706,584582,13510.0857180253,14252.040184315,13.3,0.0300000000000011,0.170000000000002
67707,584582,13523.7977717769,14250.1626375342,13.84,0.539999999999999,0.509999999999998
67708,584582,13536.8559270114,14248.3746269438,13.18,-0.66,-1.2
67709,584582,13549.9041746926,14246.5879729623,13.17,-0.00999999999999979,0.65
67710,584582,13563.5468755711,14244.7199224442,13.77,0.6,0.609999999999999
67711,584582,13576.37715708,14242.9631138595,12.94,-0.83,-1.43
67712,584582,13589.6334633803,14241.1479710902,13.38,0.440000000000001,1.27
67713,584582,13602.5231902089,14239.3830228519,13.01,-0.370000000000001,-0.810000000000002
67714,584582,13615.7101436362,14237.5773763452,13.31,0.300000000000001,0.670000000000002
67715,584582,13629.4725407333,14236.0224030043,13.87,0.559999999999999,0.259999999999998
67716,584582,13651.9912868488,14235.1525949124,13.58,-0.289999999999999,-0.849999999999998
67717,584582,13670.1494843693,14235.624940937,10.17,-3.41,-3.12
67718,584582,13676.6549922879,14235.1904680128,6.52,-3.65,-0.24
67719,584582,13680.3268127082,14234.9452440311,3.68,-2.84,0.810000000000001
67720,584582,13694.7482458143,14242.9524068805,5.92,2.24,5.08
67721,584582,13699.1749669308,14248.7175771974,7.36,1.44,-0.799999999999999
67722,584582,13703.4807292943,14262.8055052408,9.42,2.06,0.619999999999999
67723,584582,13706.1289644775,14273.1003462019,10.63,1.21,-0.849999999999999
