"V1","V2","V3","V4","V5","acceleration","jerk"
16958,786089,14343.9543539834,13275.3183650242,17.77,-4.14,0
16959,786089,14344.4591421556,13288.9481756605,13.63,-4.14,0
16960,786089,14344.4468757029,13304.5081708255,15.56,1.93,6.07
16961,786089,14344.6736962645,13321.886813063,17.07,1.51,-0.42
16962,786089,14344.0492875257,13340.6025936167,18.74,1.67,0.159999999999998
16963,786089,14343.4157728489,13360.5685502315,19.99,1.25,-0.419999999999998
16964,786089,14342.8040994156,13382.2396310277,21.68,1.69,0.440000000000001
16965,786089,14342.0965157878,13405.4688567016,23.24,1.56,-0.130000000000003
16966,786089,14342.3048013484,13442.692427339,24.91,1.67,0.110000000000003
16967,786089,14344.3814823971,13468.9762700167,26.39,1.48,-0.190000000000001
16968,786089,14348.3618664657,13495.821717231,27.15,0.759999999999998,-0.720000000000002
16969,786089,14354.963704672,13522.433219785,27.43,0.280000000000001,-0.479999999999997
16970,786089,14362.6747262339,13548.6424270693,27.32,-0.109999999999999,-0.390000000000001
16971,786089,14369.6014586735,13574.8917477768,27.16,-0.16,-0.0500000000000007
16972,786089,14375.6168415367,13601.346171283,27.12,-0.0399999999999991,0.120000000000001
16973,786089,14381.1634111791,13627.8091077863,27.06,-0.0600000000000023,-0.0200000000000031
16974,786089,14384.1212627037,13655.1395160225,27.49,0.43,0.490000000000002
16975,786089,14387.0532908611,13682.2313175663,27.25,-0.239999999999998,-0.669999999999998
16976,786089,14389.8795631809,13716.9693922778,27.61,0.359999999999999,0.599999999999998
16977,786089,14390.2547786282,13744.6168462902,27.65,0.0399999999999991,-0.32
16978,786089,14390.623887495,13771.8143417382,27.21,-0.439999999999998,-0.479999999999997
16979,786089,14390.9950318887,13799.1618233744,27.35,0.140000000000001,0.579999999999998
16980,786089,14391.2127939651,13826.6989087524,27.48,0.129999999999999,-0.0100000000000016
16981,786089,14390.6268291541,13859.4690418831,27.15,-0.330000000000002,-0.460000000000001
16982,786089,14390.326850775,13886.5773821674,27.1,-0.0499999999999972,0.280000000000005
16983,786089,14390.0248806546,13913.8657114319,27.29,0.189999999999998,0.239999999999995
16984,786089,14389.7704910222,13936.8543039489,22.99,-4.3,-4.49
16985,786089,14389.5587025244,13955.9931321689,19.14,-3.85,0.450000000000003
16986,786089,14389.3484108234,13974.7694789535,18.78,-0.359999999999999,3.49
16987,786089,14389.1321238362,13993.778248507,19.02,0.239999999999998,0.599999999999998
16988,786089,14388.9200465379,14012.4170420093,18.64,-0.379999999999999,-0.619999999999997
16989,786089,14388.7063763843,14031.1958264498,18.78,0.140000000000001,0.52
16990,786089,14388.4945266367,14049.8146212466,18.62,-0.16,-0.300000000000001
16991,786089,14387.5869212003,14068.9995497405,19.21,0.59,0.75
16992,786089,14385.9667963774,14087.6292356089,18.7,-0.510000000000002,-1.1
16993,786089,14384.341473293,14106.3186958706,18.76,0.0600000000000023,0.570000000000004
16994,786089,14382.7152838317,14125.0181185311,18.77,0.00999999999999801,-0.0500000000000043
16995,786089,14381.0674349477,14143.9666011631,19.02,0.25,0.240000000000002
16996,786089,14379.4152541791,14162.9648957894,19.07,0.0500000000000007,-0.199999999999999
16997,786089,14377.6715234342,14182.2160587475,19.33,0.259999999999998,0.209999999999997
16998,786089,14375.9066508483,14201.5356142484,19.4,0.0700000000000003,-0.189999999999998
16999,786089,14374.219105154,14220.0086943795,18.55,-0.849999999999998,-0.919999999999998
17000,786089,14372.5590993401,14238.7352126626,18.8,0.25,1.1
17001,786089,14370.910565037,14257.7639365991,19.1,0.300000000000001,0.0500000000000007
