"V1","V2","V3","V4","V5","acceleration","jerk"
83024,936749,14403.5490299501,13324.1387601216,12.98,0.529999999999999,0
83025,936749,14390.2236349732,13321.913013346,13.51,0.529999999999999,0
83026,936749,14376.7996064287,13319.6707917608,13.61,0.0999999999999996,-0.43
83027,936749,14363.3163977437,13317.4186852899,13.67,0.0600000000000005,-0.0399999999999991
83028,936749,14350.1685431884,13315.2225931716,13.32,-0.35,-0.41
83029,936749,14337.4546763303,13313.0989902154,12.9,-0.42,-0.0700000000000003
83030,936749,14324.1391447101,13310.8748909208,13.49,0.59,1.01
83031,936749,14311.1786939332,13308.7101009407,13.14,-0.35,-0.94
83032,936749,14297.6856218914,13306.4563469888,13.68,0.539999999999999,0.889999999999999
83033,936749,14284.8533947523,13304.3129742612,13.01,-0.67,-1.21
83034,936749,14271.6660867699,13302.110292219,13.37,0.359999999999999,1.03
83035,936749,14258.6267291389,13299.9323223913,13.21,-0.159999999999998,-0.519999999999998
83036,936749,14245.4591478701,13297.732935311,13.36,0.149999999999999,0.309999999999997
83037,936749,14229.4957202903,13295.3203570341,13.47,0.110000000000001,-0.0399999999999974
83038,936749,14214.0774512797,13293.3790737689,15.54,2.07,1.96
83039,936749,14197.1610106985,13291.249158732,17.05,1.51,-0.559999999999997
83040,936749,14178.6571035526,13288.9193689703,18.65,1.6,0.0899999999999963
83041,936749,14158.4863565136,13286.3797107475,20.33,1.68,0.0800000000000018
83042,936749,14136.5909786104,13284.4161406499,21.99,1.66,-0.0199999999999996
83043,936749,14116.4002952389,13291.3106049907,21.45,-0.539999999999999,-2.2
83044,936749,14100.2062175807,13306.0375192518,22.17,0.720000000000002,1.26
83045,936749,14093.5810213233,13326.1950622118,21.67,-0.5,-1.22
83046,936749,14096.6785714631,13346.8510351593,21.28,-0.390000000000001,0.109999999999999
83047,936749,14107.5069890266,13360.5269273775,17.65,-3.63,-3.24
83048,936749,14114.65,13365.22,12.96,-4.69,-1.06
83049,936749,14145.1025511548,13377.5278927517,13.43,0.469999999999999,5.16
83050,936749,14157.8894602396,13381.5011855998,13.38,-0.0499999999999989,-0.519999999999998
83051,936749,14170.9724068013,13385.5664665572,13.7,0.319999999999999,0.369999999999997
83052,936749,14184.2847984234,13389.1062129021,13.78,0.0800000000000001,-0.239999999999998
83053,936749,14197.7693290437,13392.4378092086,13.88,0.100000000000001,0.0200000000000014
83054,936749,14210.5451694298,13395.5943108208,13.16,-0.720000000000001,-0.820000000000002
83055,936749,14219.3292907803,13383.8216508595,13.23,0.0700000000000003,0.790000000000001
83056,936749,14222.3815754767,13370.4659944499,13.7,0.469999999999999,0.399999999999999
83057,936749,14225.3090952513,13357.6562626819,13.14,-0.559999999999999,-1.03
83058,936749,14228.2009679053,13345.0025093828,12.98,-0.16,0.399999999999999
83059,936749,14232.321632215,13322.9889762811,13.2,0.219999999999999,0.379999999999999
83060,936749,14234.4589868144,13310.0543786718,13.11,-0.0899999999999999,-0.309999999999999
83061,936749,14236.7013016134,13296.4681753459,13.77,0.66,0.75
83062,936749,14238.8039809049,13283.7204249641,12.92,-0.85,-1.51
