"V1","V2","V3","V4","V5","acceleration","jerk"
59427,1002342,6242.13103834587,13496.2941910718,21.79,-0.419999999999998,0
59428,1002342,6231.94290319382,13477.529448514,21.37,-0.419999999999998,0
59429,1002342,6222.76893398332,13458.1955847273,21.39,0.0199999999999996,0.439999999999998
59430,1002342,6213.41491490981,13438.4822712774,21.83,0.439999999999998,0.419999999999998
59431,1002342,6204.0909041468,13418.8321994381,21.75,-0.0799999999999983,-0.519999999999996
59432,1002342,6194.8097623988,13399.2724727566,21.65,-0.100000000000001,-0.0200000000000031
59433,1002342,6185.40858740879,13379.4597796331,21.93,0.280000000000001,0.380000000000003
59434,1002342,6175.94739579777,13359.5206032885,22.07,0.140000000000001,-0.140000000000001
59435,1002342,6163.4917670614,13328.6967264377,21.44,-0.629999999999999,-0.77
59436,1002342,6156.03057560352,13308.309114463,21.71,0.27,0.899999999999999
59437,1002342,6148.63811921204,13288.1093201943,21.52,-0.190000000000001,-0.460000000000001
59438,1002342,6141.0119635948,13267.2709457255,22.18,0.66,0.850000000000001
59439,1002342,6133.67793200976,13247.2307965067,21.34,-0.84,-1.5
59440,1002342,6125.30987500028,13226.7203272056,22.18,0.84,1.68
59441,1002342,6116.65142021036,13207.9512020089,20.67,-1.51,-2.35
59442,1002342,6109.41300227277,13192.2603223089,17.28,-3.39,-1.88
59443,1002342,6103.39355402259,13179.2118303361,14.37,-2.91,0.479999999999999
59444,1002342,6098.4590306832,13168.5151542443,11.78,-2.59,0.320000000000002
59445,1002342,6095.27546723842,13161.6140728947,7.6,-4.18,-1.59
59446,1002342,6093.0176505322,13156.7197533587,5.39,-2.21,1.97
59447,1002342,6090.96090099091,13152.2612915921,4.91,-0.48,1.73
59448,1002342,6088.77848447153,13147.5304187195,5.2,0.29,0.77
59449,1002342,6087.57208148193,13144.9152721029,2.89,-2.31,-2.6
59450,1002342,6083.93604887442,13137.6287887227,4.71,1.82,4.13
59451,1002342,6081.12814662326,13132.326366168,6,1.29,-0.53
59452,1002342,6077.69782603977,13125.8485732805,7.33,1.33,0.04
59453,1002342,6073.42513478093,13117.7800536265,9.13,1.8,0.470000000000001
59454,1002342,6068.45514779638,13108.3947657048,10.62,1.49,-0.310000000000002
59455,1002342,6063.1233365447,13097.3679821935,12.24,1.62,0.130000000000003
59456,1002342,6057.11369898347,13084.6791738813,14.04,1.8,0.179999999999998
59457,1002342,6050.5090901822,13070.7341373958,15.43,1.39,-0.409999999999998
59458,1002342,6043.06124876016,13055.008691197,17.4,1.97,0.579999999999998
59459,1002342,6035.05695941578,13038.1083553397,18.69,1.29,-0.679999999999996
59460,1002342,6026.3078859292,13019.6354748624,20.44,1.75,0.459999999999997
59461,1002342,6017.10081299885,13000.1955698201,21.51,1.07,-0.68
59462,1002342,5993.82010840514,12980.2861881046,22,0.489999999999998,-0.580000000000002
59463,1002342,5973.72761603599,12972.2663923102,21.83,-0.170000000000002,-0.66
59464,1002342,5952.61621577903,12975.0710200622,21.58,-0.25,-0.0799999999999983
59465,1002342,5933.54450708117,12985.2752754169,21.63,0.0500000000000007,0.300000000000001
59466,1002342,5920.41204097977,13002.6611726221,21.94,0.310000000000002,0.260000000000002
59467,1002342,5909.57360180187,13021.5217701476,21.83,-0.110000000000003,-0.420000000000005
59468,1002342,5903.99,13042.0846145411,21.83,0,0.110000000000003
59469,1002342,5908.62454098791,13062.5151312614,21.57,-0.259999999999998,-0.259999999999998
59470,1002342,5922.00388236566,13077.8419300538,21.36,-0.210000000000001,0.0499999999999972
59471,1002342,5942.34145447796,13083.4726803537,21.5,0.140000000000001,0.350000000000001
59472,1002342,5960.52350727402,13082.9423887586,18.31,-3.19,-3.33
59473,1002342,5975.3140836794,13080.3852517665,15.01,-3.3,-0.109999999999998
59474,1002342,5988.14294029053,13077.3529447732,13.19,-1.82,1.48
59475,1002342,5997.74205991135,13074.8902221934,9.9,-3.29,-1.47
59476,1002342,6004.8518013863,13073.066167326,7.34,-2.56,0.729999999999999
59477,1002342,6008.30012286462,13072.1814758644,3.57,-3.77,-1.21
59478,1002342,6016.57380379925,13069.395503026,5.47,1.9,5.67
59479,1002342,6023.08985006811,13066.4520966623,7.16,1.69,-0.21
59480,1002342,6031.46502002767,13062.6688932382,9.18,2.02,0.329999999999999
59481,1002342,6040.95201886108,13058.3834582387,10.42,1.24,-0.779999999999999
59482,1002342,6051.67843348828,13053.5381585322,11.77,1.35,0.109999999999999
59483,1002342,6064.09993148053,13047.927161506,13.63,1.86,0.510000000000002
59484,1002342,6077.57857823809,13041.8386328179,14.79,1.16,-0.700000000000003
59485,1002342,6092.46979446651,13035.1120230301,16.34,1.55,0.390000000000002
59486,1002342,6108.39081940595,13027.9202315371,17.47,1.13,-0.420000000000002
59487,1002342,6126.061607819,13019.9380428109,19.39,1.92,0.790000000000003
59488,1002342,6144.67107142881,13011.5318389022,20.42,1.03,-0.890000000000001
59489,1002342,6164.4014772639,13002.6192867659,21.65,1.23,0.199999999999996
59490,1002342,6185.18903186429,12993.2292029677,22.81,1.16,-0.0699999999999967
59491,1002342,6207.32536247557,12983.2298546356,24.29,1.48,0.32
59492,1002342,6230.89248926058,12972.5841918991,25.85,1.56,0.0800000000000018
59493,1002342,6255.25247761956,12961.5803804162,26.73,0.879999999999999,-0.680000000000003
59494,1002342,6280.85917150595,12949.5597682482,28.3,1.57,0.690000000000001
59495,1002342,6307.08313449236,12935.3005163292,29.85,1.55,-0.0199999999999996
59496,1002342,6334.47553536058,12920.4059275576,31.18,1.33,-0.220000000000002
59497,1002342,6362.81674292981,12904.9954261538,32.25,1.07,-0.259999999999998
59498,1002342,6391.92226700819,12889.1693284629,33.14,0.890000000000001,-0.18
59499,1002342,6421.92209064655,12872.7888955302,33.33,0.189999999999998,-0.700000000000003
59500,1002342,6450.86778928882,12856.8789165827,33.03,-0.299999999999997,-0.489999999999995
59501,1002342,6480.03257435738,12840.848516965,33.28,0.25,0.549999999999997
59502,1002342,6509.10096139837,12824.8711024421,33.17,-0.109999999999999,-0.359999999999999
59503,1002342,6537.70542243261,12809.1297163832,32.65,-0.520000000000003,-0.410000000000004
59504,1002342,6565.9003600199,12792.5074904658,32.72,0.0700000000000003,0.590000000000003
59505,1002342,6594.59493292037,12775.5907063134,33.31,0.590000000000003,0.520000000000003
59506,1002342,6622.85017132132,12758.9329302642,32.8,-0.510000000000005,-1.10000000000001
59507,1002342,6651.07956651642,12742.2903899858,32.77,-0.029999999999994,0.480000000000011
