"V1","V2","V3","V4","V5","acceleration","jerk"
62076,1010849,6242.14570858882,13496.3203594491,21.74,-0.369999999999997,0
62077,1010849,6231.95147699682,13477.5475175456,21.37,-0.369999999999997,0
62078,1010849,6222.50314609031,13457.6354447484,22.04,0.669999999999998,1.04
62079,1010849,6213.35061138731,13438.3467535406,21.35,-0.689999999999998,-1.36
62080,1010849,6203.85941146579,13418.3443355855,22.14,0.789999999999999,1.48
62081,1010849,6194.44108886978,13398.4955043988,21.97,-0.170000000000002,-0.960000000000001
62082,1010849,6185.26283275778,13379.1526060963,21.41,-0.559999999999999,-0.389999999999997
62083,1010849,6175.78878044226,13359.1863262043,22.1,0.690000000000001,1.25
62084,1010849,6163.27525160223,13328.1051006641,21.7,-0.400000000000002,-1.09
62085,1010849,6155.906852484,13307.9710425924,21.45,-0.25,0.150000000000002
62086,1010849,6148.390672973,13287.433176453,21.87,0.420000000000002,0.670000000000002
62087,1010849,6141.05664138796,13267.3930272343,21.34,-0.530000000000001,-0.950000000000003
62088,1010849,6133.62638070996,13247.0899332273,21.62,0.280000000000001,0.810000000000002
62089,1010849,6125.31825279882,13226.738487946,22,0.379999999999999,0.0999999999999979
62090,1010849,6116.32049716807,13207.2338527633,21.48,-0.52,-0.899999999999999
62091,1010849,6107.70812027011,13188.5646116388,20.57,-0.91,-0.390000000000001
62092,1010849,6100.84670326677,13173.6909652565,16.38,-4.19,-3.28
62093,1010849,6095.50585669824,13162.1134932556,12.75,-3.63,0.560000000000002
62094,1010849,6091.73165845648,13153.9320797083,9,-3.75,-0.120000000000001
62095,1010849,6089.1387298087,13148.3113305565,6.19,-2.81,0.94
62096,1010849,6087.84854883371,13145.5145765359,3.08,-3.11,-0.300000000000001
62097,1010849,6084.2917164929,13138.3004289129,4.62,1.54,4.65
62098,1010849,6081.31066026959,13132.6710236341,6.36,1.74,0.2
62099,1010849,6077.75398408479,13125.9546217315,7.61,1.25,-0.49
62100,1010849,6073.26134048294,13117.4707456441,9.6,1.99,0.739999999999999
62101,1010849,6067.80465044153,13107.1663711463,11.65,2.05,0.0600000000000014
62102,1010849,6062.27154318666,13095.5694972547,12.86,1.21,-0.840000000000002
62103,1010849,6056.03504608786,13082.4016954663,14.57,1.71,0.500000000000002
62104,1010849,6048.95531636829,13067.4534839647,16.55,1.98,0.27
62105,1010849,6041.31485835775,13051.3213451918,17.84,1.29,-0.690000000000001
62106,1010849,6033.186438323,13034.1589185644,18.99,1.15,-0.140000000000001
62107,1010849,6024.36887893829,13015.5414362831,20.6,1.61,0.460000000000004
62108,1010849,6007.72518980786,12990.0139633479,22.03,1.43,-0.180000000000003
62109,1010849,5990.19839598321,12977.7524953188,21.39,-0.640000000000001,-2.07
62110,1010849,5969.30799908912,12971.9869984846,21.96,0.57,1.21
62111,1010849,5948.7366263999,12977.1467816692,21.44,-0.52,-1.09
62112,1010849,5930.62925004551,12988.2078463991,21.47,0.0299999999999976,0.549999999999997
62113,1010849,5918.17233639361,13005.8294723817,21.58,0.109999999999999,0.0800000000000018
62114,1010849,5908.0325995259,13024.7420514995,21.52,-0.0599999999999987,-0.169999999999998
62115,1010849,5903.99,13045.4846145411,21.66,0.140000000000001,0.199999999999999
62116,1010849,5910.43762294201,13065.9793532271,22.08,0.419999999999998,0.279999999999998
62117,1010849,5925.72756511724,13079.6282913738,21.58,-0.5,-0.919999999999998
62118,1010849,5946.99422549631,13083.7321449001,22.04,0.460000000000001,0.960000000000001
62119,1010849,5966.45550394027,13081.9168081662,19.66,-2.38,-2.84
62120,1010849,5981.91465177773,13078.9508565985,15.75,-3.91,-1.53
62121,1010849,5993.7028743595,13075.9265040458,12.17,-3.58,0.33
62122,1010849,6001.86842212978,13073.8315745455,8.43,-3.74,-0.16
62123,1010849,6006.78906064378,13072.5691496509,5.08,-3.35,0.390000000000001
62124,1010849,6009.14283064162,13071.9652731758,2.43,-2.65,0.7
62125,1010849,6015.81739563097,13069.7371851634,3.78,1.35,4
62126,1010849,6021.35831329736,13067.2342605911,6.09,2.31,0.96
62127,1010849,6028.93150833152,13063.8133225656,8.3,2.21,-0.0999999999999992
62128,1010849,6038.32737365068,13059.5690540887,10.32,2.02,-0.190000000000001
62129,1010849,6049.64615612051,13054.4561719855,12.41,2.09,0.0700000000000003
62130,1010849,6062.76938217249,13048.5281927355,14.4,1.99,-0.0999999999999996
62131,1010849,6076.90419023264,13042.1432650849,15.51,1.11,-0.880000000000001
62132,1010849,6092.37866095226,13035.1531895526,16.98,1.47,0.360000000000001
62133,1010849,6109.27481449418,13027.5209162682,18.54,1.56,0.0899999999999981
62134,1010849,6127.21900344997,13019.4152279743,19.7,1.16,-0.399999999999999
62135,1010849,6146.65778203946,13010.6344087102,21.32,1.62,0.460000000000001
62136,1010849,6166.94410231147,13001.4707407862,22.26,0.940000000000001,-0.68
62137,1010849,6188.54274518868,12991.7142749372,23.7,1.44,0.499999999999996
62138,1010849,6211.09828996552,12981.5255606012,24.75,1.05,-0.389999999999997
62139,1010849,6234.84768377902,12970.7975648195,26.05,1.3,0.25
62140,1010849,6259.78181327778,12959.5344042445,27.36,1.31,0.00999999999999801
62141,1010849,6285.63834599996,12946.9610972117,28.77,1.41,0.100000000000001
62142,1010849,6311.97651720038,12932.6397446981,29.98,1.21,-0.199999999999999
62143,1010849,6339.07021966272,12917.9075728663,30.84,0.859999999999999,-0.350000000000001
62144,1010849,6367.01609110653,12902.7120350593,31.8,0.960000000000001,0.100000000000001
62145,1010849,6396.94623804877,12886.5168519336,33.18,1.38,0.419999999999998
62146,1010849,6425.97957126156,12870.558704718,33.13,-0.0499999999999972,-1.43
62147,1010849,6454.60978544996,12854.8221315356,32.66,-0.470000000000006,-0.420000000000009
62148,1010849,6483.56424754928,12838.9073357612,33.04,0.380000000000003,0.850000000000009
62149,1010849,6512.755322989,12822.8624856631,33.31,0.270000000000003,-0.109999999999999
62150,1010849,6541.71111934007,12806.7681719129,33.14,-0.170000000000002,-0.440000000000005
62151,1010849,6570.00942975077,12790.0850029124,32.85,-0.289999999999999,-0.119999999999997
62152,1010849,6598.64370183758,12773.2037688917,33.24,0.390000000000001,0.68
62153,1010849,6626.96785545414,12756.5053641205,32.88,-0.359999999999999,-0.75
62154,1010849,6655.12833543362,12739.9034525641,32.69,-0.190000000000005,0.169999999999995
