"V1","V2","V3","V4","V5","acceleration","jerk"
28544,1017649,6647.13747606833,13292.3133600499,13.11,0.770000000000001,0
28545,1017649,6633.36939110026,13290.6359582922,13.88,0.770000000000001,0
28546,1017649,6620.19729911037,13289.2012135031,13.25,-0.630000000000001,-1.4
28547,1017649,6613.61439829357,13303.4664313476,13.66,0.41,1.04
28548,1017649,6612.12598449858,13316.7331990163,13.35,-0.31,-0.720000000000001
28549,1017649,6610.68551212171,13329.5726475765,12.92,-0.43,-0.119999999999999
28550,1017649,6609.22943091103,13342.5512232884,13.06,0.140000000000001,0.57
28551,1017649,6607.75774086655,13355.6689261518,13.2,0.139999999999999,-1.77635683940025e-15
28552,1017649,6606.29719998907,13368.6872524784,13.09,-0.109999999999999,-0.249999999999998
28553,1017649,6604.8600723623,13381.4968880776,12.9,-0.19,-0.0800000000000001
28554,1017649,6603.3515900667,13394.9425335126,13.53,0.629999999999999,0.819999999999999
28555,1017649,6601.8263840206,13408.5372437529,13.67,0.140000000000001,-0.489999999999998
28556,1017649,6600.3045227246,13422.1021410321,13.65,-0.0199999999999996,-0.16
28557,1017649,6598.79381059561,13435.5676617745,13.55,-0.0999999999999996,-0.0800000000000001
28558,1017649,6597.28644321672,13449.0033695558,13.52,-0.0300000000000011,0.0699999999999985
28559,1017649,6595.79245483823,13462.3198254929,13.41,-0.109999999999999,-0.0799999999999983
28560,1017649,6594.30961562674,13475.5369048931,13.29,-0.120000000000001,-0.0100000000000016
28561,1017649,6592.82677641525,13488.7539842934,13.31,0.0200000000000014,0.140000000000002
