"V1","V2","V3","V4","V5","acceleration","jerk"
27615,1025594,6235.12355230084,13483.7944295009,22,-0.449999999999999,0
27616,1025594,6225.71832221548,13464.4113315895,21.55,-0.449999999999999,0
27617,1025594,6216.27427821047,13444.5082933081,22.02,0.469999999999999,0.919999999999998
27618,1025594,6206.92025913696,13424.7949798583,21.82,-0.199999999999999,-0.669999999999998
27619,1025594,6197.72914232046,13405.4249780084,21.44,-0.379999999999999,-0.18
27620,1025594,6188.50373029195,13385.9827000322,21.52,0.0799999999999983,0.459999999999997
27621,1025594,6179.30832657395,13366.6036636665,21.46,-0.0599999999999987,-0.139999999999997
27622,1025594,6166.06589529813,13335.7304995233,21.79,0.329999999999998,0.389999999999997
27623,1025594,6158.54284228049,13315.1738516134,21.89,0.100000000000001,-0.229999999999997
27624,1025594,6151.14351238237,13294.955275574,21.53,-0.359999999999999,-0.460000000000001
27625,1025594,6143.75449274422,13274.7648721906,21.49,-0.0400000000000027,0.319999999999997
27626,1025594,6136.20738245334,13254.1424880836,21.96,0.470000000000002,0.510000000000005
27627,1025594,6129.58819555887,13236.0556430061,19.26,-2.7,-3.17
27628,1025594,6122.15982274967,13219.8918888177,17.79,-1.47,1.23
27629,1025594,6115.92255173748,13206.3712175947,14.9,-2.89,-1.42
27630,1025594,6110.35131570913,13194.2943252329,13.3,-1.6,1.29
27631,1025594,6105.88176018864,13184.605570233,10.67,-2.63,-1.03
27632,1025594,6101.9400059761,13176.0609418778,9.41,-1.26,1.37
27633,1025594,6098.94075409918,13169.5593968169,7.16,-2.25,-0.99
27634,1025594,6096.17608058135,13163.566352487,6.59,-0.57,1.68
27635,1025594,6093.75489680362,13158.3178985133,5.78,-0.81,-0.239999999999999
27636,1025594,6090.86036740844,13152.0433627073,6.91,1.13,1.94
27637,1025594,6088.4391836307,13146.7949087336,5.78,-1.13,-2.26
27638,1025594,6083.80033359895,13137.3725049659,7.08,1.3,2.43
27639,1025594,6079.65399794141,13129.5425943269,8.86,1.78,0.48
27640,1025594,6074.66061177143,13120.1131195505,10.67,1.81,0.0300000000000011
27641,1025594,6069.12436449957,13109.658509747,11.83,1.16,-0.65
27642,1025594,6063.38443903134,13097.9192765717,13.07,1.24,0.0800000000000001
27643,1025594,6057.0666149285,13084.579760141,14.76,1.69,0.449999999999999
27644,1025594,6050.01256742073,13069.6857743159,16.48,1.72,0.0300000000000011
27645,1025594,6042.25653945709,13053.3096199985,18.13,1.65,-0.0700000000000021
27646,1025594,6033.90982062204,13035.6862751205,19.49,1.36,-0.289999999999999
27647,1025594,6024.95956980969,13016.7886268437,20.91,1.42,0.0600000000000023
27648,1025594,6015.71825393027,12997.2764208993,21.58,0.669999999999998,-0.750000000000004
27649,1025594,5991.69788325292,12978.8015129202,21.37,-0.209999999999997,-0.879999999999995
27650,1025594,5971.28192876783,12971.6651264239,21.79,0.419999999999998,0.629999999999995
27651,1025594,5950.31491389732,12976.3023241063,21.65,-0.140000000000001,-0.559999999999999
27652,1025594,5931.58170173808,12986.8605024292,21.6,-0.0499999999999972,0.0900000000000034
27653,1025594,5918.91120800967,13004.7842600898,21.96,0.359999999999999,0.409999999999997
27654,1025594,5908.28727497207,13024.2098481389,22.2,0.239999999999998,-0.120000000000001
27655,1025594,5903.99,13044.9346145411,21.7,-0.5,-0.739999999999998
27656,1025594,5909.98783023217,13065.1199426628,21.66,-0.0399999999999991,0.460000000000001
27657,1025594,5925.19561043844,13079.3730968995,21.97,0.309999999999999,0.349999999999998
27658,1025594,5944.40824332087,13083.5879360642,20.04,-1.93,-2.24
27659,1025594,5961.39064299932,13082.7924700009,17.11,-2.93,-1
27660,1025594,5975.2155455288,13080.4022879889,14.03,-3.08,-0.15
27661,1025594,5985.68262103353,13077.9841572205,10.75,-3.28,-0.199999999999999
27662,1025594,5995.36891732093,13075.4990688453,10,-0.75,2.53
27663,1025594,6002.81767916595,13073.5880358848,7.69,-2.31,-1.56
27664,1025594,6007.73831767995,13072.3256109902,5.08,-2.61,-0.300000000000001
27665,1025594,6017.65829261882,13068.9056214075,7.25,2.17,4.78
27666,1025594,6025.84208219845,13065.2088676807,8.98,1.73,-0.44
27667,1025594,6035.15592735479,13061.0016490741,10.22,1.24,-0.49
27668,1025594,6045.84588857629,13056.1728159767,11.74,1.52,0.279999999999999
27669,1025594,6058.48610700275,13050.4630192963,13.87,2.13,0.609999999999999
27670,1025594,6072.78495538854,13044.0039919051,15.69,1.82,-0.309999999999999
27671,1025594,6088.81534054509,13036.7628005851,17.59,1.9,0.0800000000000001
27672,1025594,6106.13982160398,13028.9370446446,19.01,1.42,-0.479999999999999
27673,1025594,6124.5670181853,13020.613173781,20.23,1.22,-0.200000000000003
27674,1025594,6144.45235099461,13011.6306385563,21.82,1.59,0.370000000000001
27675,1025594,6165.32192575783,13002.2035048879,22.89,1.07,-0.52
27676,1025594,6187.54938988336,12992.1629900332,24.39,1.5,0.43
27677,1025594,6210.64262239427,12981.731393214,25.34,0.949999999999999,-0.550000000000001
27678,1025594,6235.19399113317,12970.6411320338,26.94,1.6,0.650000000000002
27679,1025594,6260.7387151774,12959.1021557575,28.03,1.09,-0.510000000000002
27680,1025594,6286.89463635408,12946.2779906708,29.15,1.12,0.0299999999999976
27681,1025594,6313.50515021868,12931.808552124,30.29,1.14,0.0200000000000031
27682,1025594,6341.11718226769,12916.7945391319,31.43,1.14,0
27683,1025594,6369.95914892912,12901.1117505055,32.83,1.4,0.259999999999998
27684,1025594,6399.66290973485,12885.0236356231,32.93,0.100000000000001,-1.3
27685,1025594,6428.34570466556,12869.2581614798,32.73,-0.200000000000003,-0.300000000000004
27686,1025594,6457.39656479245,12853.2903806106,33.15,0.420000000000002,0.620000000000005
27687,1025594,6486.0180155238,12837.5586242549,32.66,-0.490000000000002,-0.910000000000004
27688,1025594,6515.05134873658,12821.6004770393,33.13,0.470000000000006,0.960000000000008
27689,1025594,6543.87333422989,12805.4934457579,33.02,-0.109999999999999,-0.580000000000005
27690,1025594,6572.46453430695,12788.6376046886,33.19,0.169999999999995,0.279999999999994
27691,1025594,6600.66808629619,12772.0103001809,32.74,-0.449999999999996,-0.61999999999999
27692,1025594,6629.05254072641,12755.2763452778,32.95,0.210000000000001,0.659999999999997
27693,1025594,6657.65235520542,12738.4154256182,33.2,0.25,0.0399999999999991
