"V1","V2","V3","V4","V5","acceleration","jerk"
57013,"1033425#1",6240.08698449603,13492.6480638306,21.49,0.530000000000001,0
57014,"1033425#1",6229.86804286771,13473.1567428725,22.02,0.530000000000001,0
57015,"1033425#1",6220.6040487257,13453.6331542542,21.61,-0.41,-0.940000000000001
57016,"1033425#1",6211.24574275069,13433.9108062886,21.83,0.219999999999999,0.629999999999999
57017,"1033425#1",6202.0932080477,13414.6221150808,21.35,-0.479999999999997,-0.699999999999996
57018,"1033425#1",6192.91495193569,13395.2792167782,21.41,0.0599999999999987,0.539999999999996
57019,"1033425#1",6183.42375201418,13375.2767988231,22.15,0.739999999999998,0.68
57020,"1033425#1",6174.26693040968,13355.9790730995,21.36,-0.789999999999999,-1.53
57021,"1033425#1",6161.95210157401,13324.4896098257,22,0.640000000000001,1.43
57022,"1033425#1",6154.35687673664,13303.7357533245,22.1,0.100000000000001,-0.539999999999999
57023,"1033425#1",6146.89568527876,13283.3481413499,21.71,-0.390000000000001,-0.490000000000002
57024,"1033425#1",6139.35544849452,13262.7445390135,21.94,0.23,0.620000000000001
57025,"1033425#1",6131.75678690384,13241.981291627,22.11,0.169999999999998,-0.0600000000000023
57026,"1033425#1",6123.15259187652,13222.0439365543,21.74,-0.370000000000001,-0.539999999999999
57027,"1033425#1",6114.19672523847,13202.6301050736,21.37,-0.369999999999997,3.5527136788005e-15
57028,"1033425#1",6106.11214964846,13185.1049905938,19.3,-2.07,-1.7
57029,"1033425#1",6099.35964402613,13170.4674338366,16.12,-3.18,-1.11
57030,"1033425#1",6094.16959783129,13159.2168551628,12.39,-3.73,-0.550000000000001
57031,"1033425#1",6090.61741125081,13151.5167012359,8.49,-3.9,-0.17
57032,"1033425#1",6088.32608335043,13146.5497387383,5.47,-3.02,0.88
57033,"1033425#1",6083.528903048,13136.8599374523,7.38,1.91,4.93
57034,"1033425#1",6079.50424315468,13129.2597984573,8.61,1.23,-0.680000000000001
57035,"1033425#1",6074.72144965354,13120.2280053725,10.22,1.61,0.380000000000002
57036,"1033425#1",6069.00736857244,13109.4375754738,12.21,1.99,0.379999999999999
57037,"1033425#1",6062.97780401117,13097.0607033597,13.77,1.56,-0.430000000000001
57038,"1033425#1",6056.33039152356,13083.0252907466,15.53,1.76,0.200000000000001
57039,"1033425#1",6048.84402678382,13067.218506033,17.49,1.96,0.199999999999999
57040,"1033425#1",6040.74984969814,13050.1283803077,18.91,1.42,-0.539999999999997
57041,"1033425#1",6032.21907501186,13032.1164180811,19.93,1.02,-0.400000000000002
57042,"1033425#1",6022.97775913245,13012.6042121367,21.58,1.65,0.629999999999999
57043,"1033425#1",6005.01300245117,12988.1165599269,22.09,0.510000000000002,-1.14
57044,"1033425#1",5986.53105663901,12976.2538738117,22.07,-0.0199999999999996,-0.530000000000001
57045,"1033425#1",5965.25157359936,12972.6484455695,22.07,0,0.0199999999999996
57046,"1033425#1",5944.5131643258,12979.4065312369,22.11,0.0399999999999991,0.0399999999999991
57047,"1033425#1",5927.7718949678,12992.2498783089,21.64,-0.469999999999999,-0.509999999999998
57048,"1033425#1",5915.38425052991,13009.7735156391,21.45,-0.190000000000001,0.279999999999998
57049,"1033425#1",5905.83116770308,13029.3424534308,21.79,0.34,0.530000000000001
57050,"1033425#1",5903.99,13050.9546145411,22.03,0.240000000000002,-0.0999999999999979
57051,"1033425#1",5912.89061617403,13070.666241769,21.89,-0.140000000000001,-0.380000000000003
57052,"1033425#1",5930.74056175132,13082.0331748942,21.86,-0.0300000000000011,0.109999999999999
57053,"1033425#1",5952.72532112835,13084.0517428607,22.21,0.350000000000001,0.380000000000003
57054,"1033425#1",5971.32328858002,13081.0752187763,18.86,-3.35,-3.7
57055,"1033425#1",5985.97320992215,13077.9096045693,15,-3.86,-0.509999999999998
57056,"1033425#1",5996.22131139423,13075.2803810683,10.58,-4.42,-0.56
57057,"1033425#1",6004.12532916475,13073.2525489541,8.16,-2.42,2
57058,"1033425#1",6008.2420050869,13072.1963863946,4.25,-3.91,-1.49
57059,"1033425#1",6016.76518417917,13069.3090533286,5.74,1.49,5.4
57060,"1033425#1",6023.85537158781,13066.1062978727,7.78,2.04,0.55
57061,"1033425#1",6032.55862219867,13062.1748949673,9.55,1.77,-0.27
57062,"1033425#1",6043.20301666305,13057.3666451312,11.68,2.13,0.359999999999999
57063,"1033425#1",6054.92278659558,13052.0726303287,12.85,1.17,-0.959999999999999
57064,"1033425#1",6067.72704534768,13046.2887339077,14.05,1.2,0.0300000000000011
57065,"1033425#1",6082.38131443905,13039.6691570785,16.08,2.03,0.829999999999997
57066,"1033425#1",6098.75800694975,13032.2715329728,17.97,1.89,-0.139999999999997
57067,"1033425#1",6116.08248800864,13024.4457770323,19.01,1.04,-0.849999999999998
57068,"1033425#1",6135.11116578401,13015.8502071197,20.88,1.87,0.829999999999995
57069,"1033425#1",6155.61620649022,13006.5877395416,22.5,1.62,-0.249999999999996
57070,"1033425#1",6177.37888969308,12996.7571739519,23.88,1.38,-0.240000000000002
57071,"1033425#1",6200.11670149841,12986.4861265708,24.95,1.07,-0.309999999999999
57072,"1033425#1",6223.69294163484,12975.8363471821,25.87,0.920000000000002,-0.149999999999999
57073,"1033425#1",6248.07115669667,12964.8243023947,26.75,0.879999999999999,-0.0400000000000027
57074,"1033425#1",6273.48829382095,12953.34295925,27.88,1.13,0.25
57075,"1033425#1",6299.3169759396,12939.5233567635,29.3,1.42,0.290000000000003
57076,"1033425#1",6326.22618821008,12924.8915012769,30.64,1.34,-0.0800000000000018
57077,"1033425#1",6354.13691866496,12909.7150713451,31.77,1.13,-0.210000000000001
57078,"1033425#1",6383.18094601272,12893.9224124359,33.06,1.29,0.160000000000004
57079,"1033425#1",6412.61529925748,12877.9043656006,32.66,-0.400000000000006,-1.69000000000001
57080,"1033425#1",6441.68368629848,12861.9269510777,33.17,0.510000000000005,0.910000000000011
57081,"1033425#1",6470.62938494074,12846.0169721302,33.03,-0.140000000000001,-0.650000000000006
57082,"1033425#1",6499.64519123943,12830.0684585682,33.11,0.0799999999999983,0.219999999999999
57083,"1033425#1",6528.73986865157,12814.0765935649,33.19,0.0799999999999983,0
57084,"1033425#1",6557.23427165668,12797.6165522663,32.92,-0.269999999999996,-0.349999999999994
57085,"1033425#1",6585.8857725474,12780.7251610652,33.25,0.329999999999998,0.599999999999994
57086,"1033425#1",6614.33914219323,12763.95057744,33.04,-0.210000000000001,-0.539999999999999
57087,"1033425#1",6643.0164862898,12747.0439504681,33.29,0.25,0.460000000000001
