"V1","V2","V3","V4","V5","acceleration","jerk"
45846,1048039,6633.99476715576,12785.3829915598,33.19,-0.159999999999997,0
45847,1048039,6605.65925389545,12802.3364303931,33.03,-0.159999999999997,0
45848,1048039,6577.61550545975,12819.1153032299,32.68,-0.350000000000001,-0.190000000000005
45849,1048039,6544.9460485243,12834.951495091,32.7,0.0200000000000031,0.370000000000005
45850,1048039,6516.96900621953,12851.9379015349,32.73,0.029999999999994,0.00999999999999091
45851,1048039,6488.65005077936,12869.1319023136,33.13,0.400000000000006,0.370000000000012
45852,1048039,6463.0920439076,12884.6495788389,29.9,-3.23,-3.63000000000001
45853,1048039,6440.89333359123,12898.1276410249,25.97,-3.93,-0.699999999999996
45854,1048039,6421.9086067477,12909.6543164639,22.21,-3.76,0.170000000000002
45855,1048039,6401.2008896769,12923.225346543,21.62,-0.59,3.17
45856,1048039,6383.19532283136,12935.7618198338,21.93,0.309999999999999,0.899999999999999
45857,1048039,6365.32927040531,12948.2011554555,21.77,-0.16,-0.469999999999999
45858,1048039,6347.57811220708,12960.5604953498,21.63,-0.140000000000001,0.0199999999999996
45859,1048039,6331.86876026143,12976.1482094049,22.2,0.57,0.710000000000001
45860,1048039,6317.27176245749,12991.8790471166,21.46,-0.739999999999998,-1.31
45861,1048039,6302.6339529169,13007.6538666672,21.52,0.0599999999999987,0.799999999999997
45862,1048039,6290.08434388744,13025.2593013007,21.69,0.170000000000002,0.110000000000003
45863,1048039,6278.61081570854,13043.4655790952,21.52,-0.170000000000002,-0.340000000000003
45864,1048039,6266.9400196195,13061.9848830413,21.89,0.370000000000001,0.540000000000003
45865,1048039,6256.13478679442,13080.6773364348,21.67,-0.219999999999999,-0.59
45866,1048039,6248.91529253014,13101.5542855071,22.08,0.409999999999997,0.629999999999995
45867,1048039,6241.87881849167,13121.9019864363,21.53,-0.549999999999997,-0.959999999999994
45868,1048039,6234.75737077692,13142.4954097177,21.8,0.27,0.819999999999997
45869,1048039,6227.71109208349,13162.8714632261,21.56,-0.240000000000002,-0.510000000000002
45870,1048039,6221.40143100698,13183.2021753348,21.33,-0.23,0.0100000000000016
45871,1048039,6218.16280179789,13205.1040218516,22.14,0.810000000000002,1.04
45872,1048039,6214.98414720378,13226.6002786181,21.74,-0.400000000000002,-1.21
45873,1048039,6214.46337128331,13248.0669758611,21.54,-0.199999999999999,0.200000000000003
45874,1048039,6215.04766698167,13270.1092329719,22.05,0.510000000000002,0.710000000000001
45875,1048039,6215.61394358367,13291.4717288656,21.37,-0.68,-1.19
45876,1048039,6217.8487159338,13312.7312776222,21.53,0.16,0.84
45877,1048039,6224.28239980062,13333.6335409422,21.88,0.349999999999998,0.189999999999998
45878,1048039,6230.62194654639,13354.229964104,21.55,-0.329999999999998,-0.679999999999996
45879,1048039,6237.05268862817,13375.1226699191,21.86,0.309999999999999,0.639999999999997
45880,1048039,6243.11864936588,13394.8302451208,20.63,-1.23,-1.54
45881,1048039,6248.24618067812,13411.4889762442,17.43,-3.2,-1.97
45882,1048039,6252.19405619219,13424.3151478837,13.42,-4.01,-0.81
45883,1048039,6255.00051911352,13433.4330076035,9.54,-3.88,0.129999999999999
45884,1048039,6256.72146335773,13439.0241479978,5.85,-3.69,0.190000000000001
45885,1048039,6257.63930028797,13442.0060895414,3.12,-2.73,0.96
45886,1048039,6260.35821568135,13449.5949083236,4.92,1.8,4.53
45887,1048039,6262.96601770459,13455.8749854415,6.8,1.88,0.0800000000000001
45888,1048039,6266.22577023363,13463.725081839,8.5,1.7,-0.18
45889,1048039,6270.14130827146,13473.1544329235,10.21,1.71,0.0100000000000007
45890,1048039,6274.69729180617,13484.1260970648,11.88,1.67,-0.0400000000000009
45891,1048039,6279.88605083182,13496.6216034481,13.53,1.65,-0.0200000000000014
