"V1","V2","V3","V4","V5","acceleration","jerk"
63544,1051812,6650.1362270112,12775.72538452,31.95,0.529999999999998,0
63545,1051812,6622.26410494291,12792.4015714765,32.48,0.529999999999998,0
63546,1051812,6594.6923290176,12808.8980581426,32.13,-0.349999999999994,-0.879999999999992
63547,1051812,6566.77730035745,12825.5999165693,32.53,0.399999999999999,0.749999999999993
63548,1051812,6534.26981087118,12841.4336281947,32.55,0.019999999999996,-0.380000000000003
63549,1051812,6506.36969902188,12858.3733259133,32.63,0.0800000000000054,0.0600000000000094
63550,1051812,6481.36730099517,12873.5536616446,29.25,-3.38,-3.46000000000001
63551,1051812,6459.37373856004,12886.9071672297,25.74,-3.51,-0.129999999999999
63552,1051812,6441.09848147248,12898.003084424,21.38,-4.36,-0.849999999999998
63553,1051812,6422.1393981141,12909.5141902879,22.18,0.800000000000001,5.16
63554,1051812,6400.99572141294,12923.3681960564,22.14,-0.0399999999999991,-0.84
63555,1051812,6383.43331801756,12935.5961143983,21.4,-0.740000000000002,-0.700000000000003
63556,1051812,6365.90374154441,12947.8011768182,21.36,-0.0399999999999991,0.700000000000003
63557,1051812,6348.1689968073,12960.1490887514,21.61,0.25,0.289999999999999
63558,1051812,6332.929865414,12975.0046815937,21.37,-0.239999999999998,-0.489999999999998
63559,1051812,6318.04718545359,12991.0433921776,21.88,0.509999999999998,0.749999999999996
63560,1051812,6303.51140525461,13006.708257131,21.36,-0.52,-1.03
63561,1051812,6290.70280544356,13024.2779220144,21.83,0.469999999999999,0.989999999999998
63562,1051812,6279.29858761146,13042.3742176474,21.39,-0.439999999999998,-0.909999999999997
63563,1051812,6267.49983395908,13061.0965655838,22.14,0.75,1.19
63564,1051812,6256.31780702023,13080.1480882917,22.16,0.0199999999999996,-0.73
63565,1051812,6249.31728338325,13100.3918297643,21.42,-0.739999999999998,-0.759999999999998
63566,1051812,6242.13700773878,13121.1553685202,21.97,0.549999999999997,1.29
63567,1051812,6234.99595071413,13141.8054969598,21.85,-0.119999999999997,-0.669999999999995
63568,1051812,6227.87777121771,13162.3894693815,21.78,-0.0700000000000003,0.0499999999999972
63569,1051812,6221.45994282648,13182.8064780174,21.45,-0.330000000000002,-0.260000000000002
63570,1051812,6218.21546243544,13204.7478942659,22.18,0.73,1.06
63571,1051812,6215.0280310684,13226.30350563,21.79,-0.390000000000001,-1.12
63572,1051812,6214.46125138962,13247.9870039532,21.76,-0.0299999999999976,0.360000000000003
63573,1051812,6215.04263223416,13269.9192996906,21.95,0.189999999999998,0.219999999999995
63574,1051812,6215.62957779964,13292.0615216863,22.15,0.199999999999999,0.0100000000000016
63575,1051812,6218.13112729695,13313.6487980971,21.91,-0.239999999999998,-0.439999999999998
63576,1051812,6224.43831440736,13334.1400887044,21.43,-0.48,-0.240000000000002
63577,1051812,6230.73373437763,13354.593149292,21.4,-0.0300000000000011,0.449999999999999
63578,1051812,6236.13190991289,13372.1311708706,18.35,-3.05,-3.02
63579,1051812,6240.37690571528,13385.9226505097,14.43,-3.92,-0.870000000000005
63580,1051812,6244.14239055731,13398.1562568425,12.8,-1.63,2.29
63581,1051812,6246.94296990857,13407.2550015525,9.51,-3.29,-1.66
63582,1051812,6248.90808231051,13413.6394148574,6.68,-2.83,0.460000000000001
63583,1051812,6250.61431762955,13419.1827677269,5.81,-0.87,1.96
63584,1051812,6252.37056329416,13424.8885981805,5.97,0.16,1.03
63585,1051812,6253.84733938064,13429.6864656641,5.02,-0.95,-1.11
63586,1051812,6255.90953068866,13436.3862766323,7.01,1.99,2.94
63587,1051812,6257.41572462548,13441.2797191654,5.12,-1.89,-3.88
63588,1051812,6261.02934120204,13451.2111046407,7.43,2.31,4.2
63589,1051812,6264.44632885307,13459.4398527467,8.91,1.48,-0.829999999999999
63590,1051812,6268.33502187007,13468.8045559785,10.13,1.22,-0.26
63591,1051812,6272.72610027685,13479.3790975963,11.45,1.32,0.0999999999999979
63592,1051812,6277.64640909422,13491.2281254527,12.83,1.38,0.0600000000000023
