"V1","V2","V3","V4","V5","acceleration","jerk"
36475,1053389,6651.82674673024,12774.7139285993,32.95,0.259999999999998,0
36476,1053389,6623.32818842088,12791.7649190188,33.21,0.259999999999998,0
36477,1053389,6594.76097956456,12808.8569837905,33.28,0.0700000000000003,-0.189999999999998
36478,1053389,6566.63999926352,12825.6820652735,32.78,-0.5,-0.57
36479,1053389,6533.71420202614,12841.7709689888,33.04,0.259999999999998,0.759999999999998
36480,1053389,6505.29267264535,12859.0272480679,33.24,0.200000000000003,-0.0599999999999952
36481,1053389,6477.42675210959,12875.946186353,32.61,-0.630000000000003,-0.830000000000005
36482,1053389,6453.69798051227,12890.3532331871,27.76,-4.85,-4.22
36483,1053389,6432.87547056591,12902.9957281756,24.36,-3.4,1.45
36484,1053389,6414.54037867966,12914.1279743786,21.46,-2.9,0.500000000000004
36485,1053389,6394.28261581601,12928.0422321329,21.43,-0.0300000000000011,2.87
36486,1053389,6376.56428454002,12940.378716105,21.59,0.16,0.190000000000001
36487,1053389,6358.37816962218,12953.0408969675,22.16,0.57,0.41
36488,1053389,6341.07860882925,12966.2229744275,21.82,-0.34,-0.91
36489,1053389,6326.33196799097,12982.1150788818,21.68,-0.140000000000001,0.199999999999999
36490,1053389,6311.53771345994,12998.0584954815,21.75,0.0700000000000003,0.210000000000001
36491,1053389,6297.13267300106,13014.0749615032,21.57,-0.18,-0.25
36492,1053389,6285.7337867341,13032.16279697,21.38,-0.190000000000001,-0.0100000000000016
36493,1053389,6274.10031160104,13050.6228797523,21.82,0.440000000000001,0.630000000000003
36494,1053389,6262.60545716158,13068.8629982117,21.56,-0.260000000000002,-0.700000000000003
36495,1053389,6253.53655323168,13088.1907698945,21.49,-0.0700000000000003,0.190000000000001
36496,1053389,6246.38895977039,13108.8598000535,21.87,0.380000000000003,0.450000000000003
36497,1053389,6239.3688268235,13129.1602466842,21.48,-0.390000000000001,-0.770000000000003
36498,1053389,6232.17874652409,13149.9521380192,22,0.52,0.91
36499,1053389,6224.9396429499,13170.8857922497,22.15,0.149999999999999,-0.370000000000001
36500,1053389,6220.15366645623,13191.6404206278,21.39,-0.759999999999998,-0.909999999999997
36501,1053389,6216.95745831628,13213.2553865895,21.85,0.460000000000001,1.22
36502,1053389,6214.10245938255,13234.4517585437,21.4,-0.450000000000003,-0.910000000000004
36503,1053389,6214.68860998789,13256.5639910739,22.13,0.73,1.18
36504,1053389,6215.27131576599,13278.5462692537,21.99,-0.140000000000001,-0.870000000000001
36505,1053389,6215.85216663711,13300.4585720142,21.92,-0.0699999999999967,0.0700000000000038
36506,1053389,6220.46102104296,13321.2183420155,21.43,-0.490000000000002,-0.420000000000005
36507,1053389,6226.7534992282,13341.6618450981,21.39,-0.0399999999999991,0.450000000000003
36508,1053389,6233.1224638243,13362.3538433093,21.65,0.259999999999998,0.299999999999997
36509,1053389,6239.51790448569,13383.1318590651,21.74,0.0899999999999999,-0.169999999999998
36510,1053389,6245.33087171058,13402.0174888413,19.77,-1.97,-2.06
36511,1053389,6249.76414175506,13416.4206487971,15.06,-4.71,-2.74
36512,1053389,6253.10600955237,13427.2779744174,11.36,-3.7,1.01
36513,1053389,6255.63888646564,13435.5069861771,8.61,-2.75,0.950000000000001
36514,1053389,6257.30393679423,13440.9165339774,5.66,-2.95,-0.199999999999999
36515,1053389,6257.87170130557,13442.7611324322,1.93,-3.73,-0.780000000000001
36516,1053389,6258.21883193944,13443.888918016,1.18,-0.75,2.98
36517,1053389,6258.36886297612,13444.3763507684,0.52,-0.66,0.0900000000000001
36518,1053389,6258.41,13444.51,0.13,-0.39,0.27
36519,1053389,6258.41,13444.51,0.01,-0.12,0.27
36520,1053389,6258.41,13444.51,0,-0.01,0.11
36521,1053389,6258.41,13444.51,0,0,0.01
36522,1053389,6258.41,13444.51,0,0,0
36523,1053389,6258.41,13444.51,0,0,0
36524,1053389,6258.41,13444.51,0,0,0
36525,1053389,6260.19714555639,13449.2070212074,1.88,1.88,1.88
36526,1053389,6261.7349817495,13452.9104196255,4.01,2.13,0.25
36527,1053389,6263.9286034514,13458.1930727306,5.71,1.7,-0.43
36528,1053389,6267.00427583763,13465.5998695668,8.02,2.31,0.609999999999999
36529,1053389,6270.61301363743,13474.2903880492,9.41,1.39,-0.919999999999999
36530,1053389,6274.86986694007,13484.5416904035,11.1,1.69,0.299999999999999
36531,1053389,6279.60609561462,13495.9474186987,12.35,1.25,-0.44
