"V1","V2","V3","V4","V5","acceleration","jerk"
66466,1060862,6242.54669522922,13497.0356284294,21.89,-0.5,0
66467,1060862,6232.29871601834,13478.2793133244,21.39,-0.5,0
66468,1060862,6222.83323750583,13458.3311024641,22.08,0.689999999999998,1.19
66469,1060862,6213.63354688632,13438.9430315826,21.45,-0.629999999999999,-1.32
66470,1060862,6204.40384795632,13419.4917190906,21.53,0.0800000000000018,0.710000000000001
66471,1060862,6195.12270620832,13399.9319924091,21.65,0.119999999999997,0.0399999999999956
66472,1060862,6185.6743753018,13380.0199196119,22.04,0.390000000000001,0.270000000000003
66473,1060862,6176.21747059228,13360.0897777832,22.06,0.0199999999999996,-0.370000000000001
66474,1060862,6163.60174316764,13328.9972347671,21.74,-0.32,-0.34
66475,1060862,6156.1989765162,13308.7692678424,21.54,-0.199999999999999,0.120000000000001
66476,1060862,6148.7171645384,13288.325310556,21.77,0.23,0.43
66477,1060862,6141.38313295337,13268.2851613373,21.34,-0.43,-0.66
66478,1060862,6133.98036630193,13248.0571944126,21.54,0.199999999999999,0.629999999999999
66479,1060862,6126.00523227901,13228.2276686583,21.39,-0.149999999999999,-0.349999999999998
66480,1060862,6116.90275416652,13208.4960242207,21.73,0.34,0.489999999999998
66481,1060862,6108.04742111094,13189.3001216247,21.14,-0.59,-0.93
66482,1060862,6100.84251436751,13173.6818848863,17.21,-3.93,-3.34
66483,1060862,6095.3885675187,13161.8592428901,13.02,-4.19,-0.260000000000002
66484,1060862,6091.73584735575,13153.9411600785,8.72,-4.3,-0.109999999999998
66485,1060862,6089.21831889482,13148.4838575902,6,-2.72,1.58
66486,1060862,6087.68099286294,13145.151361728,3.68,-2.32,0.400000000000001
66487,1060862,6083.48210467715,13136.771563743,5.94,2.26,4.58
66488,1060862,6079.71015598643,13129.6486427779,8.06,2.12,-0.14
66489,1060862,6075.36726717131,13121.4475625601,9.28,1.22,-0.900000000000001
66490,1060862,6070.36452132716,13112.0004130419,10.68,1.4,0.180000000000001
66491,1060862,6064.61718519774,13100.522109046,12.84,2.16,0.76
66492,1060862,6058.26511814584,13087.1102917132,14.84,2,-0.16
66493,1060862,6051.32664059117,13072.4603214326,16.22,1.38,-0.620000000000001
66494,1060862,6043.74610774149,13056.4547092383,17.7,1.48,0.100000000000001
66495,1060862,6035.66477176172,13039.3916963513,18.88,1.18,-0.300000000000001
66496,1060862,6026.79156758477,13020.6567251041,20.73,1.85,0.670000000000002
66497,1060862,6017.37903696001,13000.7830146493,21.99,1.26,-0.590000000000003
66498,1060862,6004.58192774978,12972.8463824392,21.46,-0.529999999999998,-1.79
66499,1060862,5995.56859705819,12952.9859703124,21.81,0.349999999999998,0.879999999999995
66500,1060862,5986.41475593858,12932.8159506606,22.15,0.34,-0.00999999999999801
66501,1060862,5977.50887439783,12913.1922972295,21.55,-0.599999999999998,-0.939999999999998
66502,1060862,5968.56166626061,12893.4775827616,21.64,0.0899999999999999,0.689999999999998
66503,1060862,5959.54833556902,12873.6171706349,21.82,0.18,0.0899999999999999
66504,1060862,5952.08475224531,12857.1715473883,18.06,-3.76,-3.94
66505,1060862,5946.42300852799,12844.6961853463,13.7,-4.36,-0.599999999999998
66506,1060862,5942.01346068391,12834.9799727194,10.68,-3.02,1.34
66507,1060862,5939.40988510588,12829.2431274008,6.29,-4.39,-1.37
66508,1060862,5937.91799497306,12825.9558239722,3.61,-2.68,1.71
66509,1060862,5935.04362891124,12818.6207382699,4.91,1.3,3.98
66510,1060862,5932.92181187872,12811.9290798447,7.02,2.11,0.809999999999999
66511,1060862,5930.27105185377,12803.5692729516,8.77,1.75,-0.359999999999999
66512,1060862,5927.16993465239,12793.7891567915,10.27,1.5,-0.25
66513,1060862,5923.42804079732,12781.9881979162,12.38,2.11,0.610000000000001
66514,1060862,5919.16324901259,12768.5381551269,14.11,1.73,-0.380000000000003
66515,1060862,5914.34835651572,12753.3532379311,15.94,1.83,0.100000000000001
66516,1060862,5908.93198027316,12736.2713976205,17.91,1.97,0.140000000000001
66517,1060862,5902.94132306739,12717.3784246876,19.82,1.91,-0.0600000000000005
66518,1060862,5896.61214234645,12697.4178367353,20.94,1.12,-0.789999999999999
66519,1060862,5889.89910013958,12676.2466496092,22.21,1.27,0.149999999999999
66520,1060862,5884.03832578404,12654.9098205523,22.17,-0.0399999999999991,-1.31
66521,1060862,5880.35361392439,12633.2915921671,21.93,-0.240000000000002,-0.200000000000003
66522,1060862,5876.74451174722,12612.1169662797,21.48,-0.449999999999999,-0.209999999999997
66523,1060862,5873.04635816623,12590.4198752283,22.01,0.530000000000001,0.98
66524,1060862,5869.38684953407,12568.9495143424,21.77,-0.240000000000002,-0.770000000000003
66525,1060862,5865.79790993889,12547.8931824543,21.36,-0.41,-0.169999999999998
66526,1060862,5862.50743594502,12523.3529843059,21.53,0.170000000000002,0.580000000000002
66527,1060862,5860.81705713593,12501.2274624028,22.19,0.66,0.489999999999998
