"V1","V2","V3","V4","V5","acceleration","jerk"
28360,1075015,6635.22189568278,12784.6487875158,32.23,-0.329999999999998,0
28361,1075015,6607.84749008,12801.0271854196,31.9,-0.329999999999998,0
28362,1075015,6580.46450315884,12817.4107176174,31.91,0.0100000000000016,0.34
28363,1075015,6547.98052760105,12833.1090953698,32.46,0.550000000000001,0.539999999999999
28364,1075015,6520.92665076188,12849.5349971098,31.64,-0.82,-1.37
28365,1075015,6494.26597402844,12865.7221653647,31.19,-0.449999999999999,0.370000000000001
28366,1075015,6470.35769803503,12880.2381992247,27.97,-3.22,-2.77
28367,1075015,6450.21901435949,12892.4655055436,23.56,-4.41,-1.19
28368,1075015,6430.99494832117,12904.137497017,22.49,-1.07,3.34
28369,1075015,6407.50774119568,12917.8960961305,24.1,1.61,2.68
28370,1075015,6384.88198783631,12929.3062181685,25.34,1.24,-0.370000000000005
28371,1075015,6361.06869493599,12941.3152140151,26.68,1.34,0.100000000000001
28372,1075015,6335.81785417028,12954.0491623668,28.27,1.59,0.25
28373,1075015,6309.79913069389,12967.1703524294,29.14,0.870000000000001,-0.719999999999999
28374,1075015,6282.98216298709,12980.5721381562,29.98,0.84,-0.0300000000000011
28375,1075015,6255.18997155846,12994.0090647242,30.87,0.890000000000001,0.0500000000000007
28376,1075015,6226.29041390187,13007.9813790369,32.1,1.23,0.34
28377,1075015,6196.67061804822,13022.301913021,32.91,0.809999999999995,-0.420000000000005
28378,1075015,6167.00580730726,13036.6442107345,32.95,0.0400000000000063,-0.769999999999989
28379,1075015,6136.99888342271,13051.1519127919,33.32,0.369999999999997,0.329999999999991
28380,1075015,6104.75885062085,13065.3190039561,31.88,-1.44,-1.81
28381,1075015,6078.72001113027,13076.5053544773,28.34,-3.54,-2.1
28382,1075015,6056.99035149892,13085.8404705615,23.65,-4.69,-1.15
28383,1075015,6036.81346669958,13094.5085106972,21.96,-1.69,3
28384,1075015,6016.04026422104,13107.7819315128,21.68,-0.280000000000001,1.41
28385,1075015,5997.80568603747,13119.9096978828,21.93,0.25,0.530000000000001
28386,1075015,5984.72548447274,13137.6734792096,22.06,0.129999999999999,-0.120000000000001
28387,1075015,5979.36874641545,13158.0123514945,21.83,-0.23,-0.359999999999999
28388,1075015,5981.78230051747,13179.7542441899,22.16,0.330000000000002,0.560000000000002
28389,1075015,5991.93917059206,13198.127320243,21.77,-0.390000000000001,-0.720000000000002
28390,1075015,6008.89484660861,13211.402505094,21.88,0.109999999999999,0.5
28391,1075015,6029.15742578335,13219.5787135789,21.86,-0.0199999999999996,-0.129999999999999
28392,1075015,6049.62928277823,13226.6285764013,21.93,0.0700000000000003,0.0899999999999999
28393,1075015,6070.85522810247,13223.400551449,21.46,-0.469999999999999,-0.539999999999999
28394,1075015,6088.73303205745,13211.9087268728,21.44,-0.0199999999999996,0.449999999999999
28395,1075015,6098.37016679678,13192.2081594899,22.19,0.75,0.77
28396,1075015,6093.41435921887,13171.1854403491,21.67,-0.52,-1.27
28397,1075015,6088.24550137413,13150.3160151394,21.5,-0.170000000000002,0.349999999999998
28398,1075015,6078.57295557471,13127.5011616433,21.58,0.0799999999999983,0.25
28399,1075015,6068.51598567849,13108.5096515268,21.49,-0.0899999999999999,-0.169999999999998
28400,1075015,6059.07838818618,13088.8274381372,21.82,0.330000000000002,0.420000000000002
28401,1075015,6049.78570788316,13069.2067808397,21.72,-0.100000000000001,-0.430000000000003
28402,1075015,6040.33037357208,13049.2426942574,22.08,0.359999999999999,0.460000000000001
28403,1075015,6030.94352515912,13029.4232094793,21.93,-0.149999999999999,-0.509999999999998
28404,1075015,6021.78781665237,13010.09175579,21.39,-0.539999999999999,-0.390000000000001
28405,1075015,6008.66912814134,12981.852318979,21.86,0.469999999999999,1.01
28406,1075015,5999.63100149186,12961.9372702302,21.87,0.0100000000000016,-0.459999999999997
28407,1075015,5990.6548647371,12942.1588130365,21.72,-0.150000000000002,-0.160000000000004
28408,1075015,5981.67872798234,12922.3803558429,21.71,-0.00999999999999801,0.140000000000004
28409,1075015,5972.61580537498,12902.410670472,21.94,0.23,0.239999999999998
28410,1075015,5963.71818915353,12882.8052292483,21.52,-0.420000000000002,-0.650000000000002
28411,1075015,5955.6636355002,12865.0574331754,19.49,-2.03,-1.61
28412,1075015,5949.23321708841,12850.8883358489,15.56,-3.93,-1.9
28413,1075015,5944.03019859198,12839.4237513154,12.59,-2.97,0.959999999999997
28414,1075015,5940.60422374406,12831.8747913644,8.28,-4.31,-1.34
28415,1075015,5938.56682253775,12827.38548225,4.94,-3.34,0.970000000000002
28416,1075015,5937.3146266645,12824.6263328349,3.03,-1.91,1.43
28417,1075015,5934.6386097056,12817.3434131574,4.79,1.76,3.67
28418,1075015,5932.54097292417,12810.7280129478,6.94,2.15,0.39
28419,1075015,5929.88416783644,12802.3491415008,8.79,1.85,-0.300000000000002
28420,1075015,5926.84652379416,12792.7692031569,10.05,1.26,-0.589999999999997
28421,1075015,5923.38572535793,12781.8547460388,11.45,1.4,0.139999999999997
28422,1075015,5919.34762342709,12769.1196240215,13.37,1.92,0.520000000000001
28423,1075015,5914.72617293888,12754.544772551,15.29,1.92,0
28424,1075015,5909.65738780564,12738.5591440907,16.76,1.47,-0.449999999999998
28425,1075015,5904.21985384339,12721.4105778413,17.99,1.23,-0.240000000000006
28426,1075015,5898.45588649152,12703.2325256803,19.07,1.08,-0.149999999999995
28427,1075015,5892.18413386691,12683.4530509902,20.75,1.68,0.599999999999998
28428,1075015,5885.71591670225,12663.0539782978,21.4,0.649999999999999,-1.03
28429,1075015,5881.83892413138,12642.0059167875,21.42,0.0200000000000031,-0.629999999999995
28430,1075015,5878.22814173904,12620.8214330667,21.49,0.0699999999999967,0.0499999999999936
28431,1075015,5874.55855181589,12599.2919251811,21.84,0.350000000000001,0.280000000000005
28432,1075015,5870.87720038656,12577.6934124626,21.91,0.0700000000000003,-0.280000000000001
28433,1075015,5867.21601153924,12556.2131937434,21.79,-0.120000000000001,-0.190000000000001
28434,1075015,5863.10009692451,12531.1103777446,22.18,0.390000000000001,0.510000000000002
28435,1075015,5861.45085396746,12509.5232867486,21.65,-0.530000000000001,-0.920000000000002
28549,1075015,6533.83558475178,12501.1292144623,5.23,-0.144035087719298,0.00338565712526932
28550,1075015,6540.27920275745,12502.9649124215,6.71,1.48,1.6240350877193
28551,1075015,6548.39623797652,12505.2773438804,8.44,1.73,0.25
28552,1075015,6557.76352743551,12507.9459555403,9.74,1.3,-0.429999999999999
28553,1075015,6568.65035666299,12511.0474631369,11.32,1.58,0.279999999999999
28554,1075015,6581.40139721031,12514.6859369127,13.27,1.95,0.369999999999999
28555,1075015,6594.29306671517,12518.3782204036,13.41,0.140000000000001,-1.81
28556,1075015,6607.00208020169,12522.0181896617,13.22,-0.19,-0.33
28557,1075015,6619.63418589102,12525.6361318743,13.14,-0.0800000000000001,0.109999999999999
28558,1075015,6632.09324903666,12529.2045132346,12.95,-0.190000000000001,-0.110000000000001
28559,1075015,6645.04259938942,12532.9133170096,13.48,0.530000000000001,0.720000000000002
28560,1075015,6658.21034305387,12536.694920332,13.7,0.219999999999999,-0.310000000000002
