"V1","V2","V3","V4","V5","acceleration","jerk"
62003,1078981,6635.43642864205,12784.5204301655,33.04,-0.339999999999996,0
62004,1078981,6607.38409888798,12801.3044372963,32.7,-0.339999999999996,0
62005,1078981,6579.01426035418,12818.2784133057,33.06,0.359999999999999,0.699999999999996
62006,1078981,6545.97178793052,12834.3287120867,33.12,0.0599999999999952,-0.300000000000004
62007,1078981,6517.74685860259,12851.4656244233,33.03,-0.0899999999999963,-0.149999999999991
62008,1078981,6490.72717307696,12867.8707667298,31.61,-1.42,-1.33000000000001
62009,1078981,6467.11807107703,12882.2051555468,27.63,-3.98,-2.56
62010,1078981,6446.84262214734,12894.5154995996,23.71,-3.92,0.0600000000000023
62011,1078981,6427.55017348193,12906.2290099399,22.57,-1.14,2.78
62012,1078981,6406.66657222892,12919.4198355076,21.56,-1.01,0.129999999999999
62013,1078981,6388.71845249729,12931.9163109347,21.87,0.310000000000002,1.32
62014,1078981,6371.10680871855,12944.1785131599,21.46,-0.41,-0.720000000000002
62015,1078981,6353.56081878429,12956.3950035408,21.38,-0.0800000000000018,0.329999999999998
62016,1078981,6337.24230558534,12970.3572672837,21.6,0.220000000000002,0.300000000000004
62017,1078981,6322.38003149326,12986.3739869482,21.85,0.25,0.0299999999999976
62018,1078981,6307.79663760152,13002.0901640469,21.45,-0.400000000000002,-0.650000000000002
62019,1078981,6293.90174452689,13019.2018222576,22.12,0.670000000000002,1.07
62020,1078981,6282.18829591674,13037.7888075338,21.98,-0.140000000000001,-0.810000000000002
62021,1078981,6270.71476773784,13055.9950853282,21.52,-0.460000000000001,-0.32
62022,1078981,6259.10795043046,13074.4128672792,21.76,0.240000000000002,0.700000000000003
62023,1078981,6251.42855241662,13094.2865743995,21.39,-0.370000000000001,-0.610000000000003
62024,1078981,6244.1829124058,13115.2391303494,22.17,0.780000000000001,1.15
62025,1078981,6236.93727239497,13136.1916862993,22.17,0,-0.780000000000001
62026,1078981,6229.73085100397,13157.0308319329,22.05,-0.120000000000001,-0.120000000000001
62027,1078981,6222.55384357782,13177.7849198291,21.96,-0.0899999999999999,0.0300000000000011
62028,1078981,6219.34620334719,13197.1010436076,19.61,-2.35,-2.26
62029,1078981,6216.91942563361,13213.5125898458,16.59,-3.02,-0.669999999999998
62030,1078981,6214.85980958735,13227.4411354175,14.07,-2.52,0.5
62031,1078981,6214.24449225979,13239.809876372,12.43,-1.64,0.879999999999999
62032,1078981,6214.51742857241,13250.1062595122,10.3,-2.13,-0.489999999999998
62033,1078981,6214.74319725042,13258.6232677019,8.52,-1.78,0.349999999999998
62034,1078981,6214.92259325395,13265.3908904067,6.77,-1.75,0.0300000000000011
62035,1078981,6215.08847493521,13271.6486921987,6.26,-0.51,1.24
62036,1078981,6215.20029932737,13275.8672103396,4.22,-2.04,-1.53
62037,1078981,6215.32643300194,13280.6255388587,4.76,0.54,2.58
62038,1078981,6215.42633299209,13284.3942150178,3.77,-0.99,-1.53
62039,1078981,6215.48913484266,13286.7633827889,2.38,-1.39,-0.4
62040,1078981,6215.52782290251,13288.2228701078,1.46,-0.92,0.47
62041,1078981,6215.58320512516,13290.3121362013,2.09,0.63,1.55
62042,1078981,6215.61844835776,13291.6416691699,1.32,-0.77,-1.4
62043,1078981,6215.63752740097,13292.3614163408,0.72,-0.6,0.17
62044,1078981,6215.65952129801,13293.1911248851,0.83,0.11,0.71
62045,1078981,6215.68125020833,13294.010836941,0.82,-0.01,-0.12
62046,1078981,6215.70589397248,13294.9405103701,0.93,0.11,0.12
62047,1078981,6215.72550298912,13295.680250518,0.75,-0.18,-0.29
62048,1078981,6215.74643693931,13296.4699731084,0.79,0.04,0.22
62049,1078981,6215.77134569017,13297.4096430261,0.94,0.15,0.11
62050,1078981,6215.79121969351,13298.1593796625,0.75,-0.19,-0.34
62051,1078981,6215.80234913539,13298.5792321789,0.42,-0.33,-0.14
62052,1078981,6215.82328308558,13299.3689547692,0.79,0.37,0.7
62053,1078981,6215.83414754074,13299.7788107971,0.41,-0.38,-0.75
62054,1078981,6215.8542865308,13300.5385439221,0.76,0.35,0.73
62055,1078981,6215.86647591952,13300.9983823924,0.46,-0.3,-0.65
62056,1078981,6215.88740986971,13301.7881049828,0.79,0.33,0.63
62057,1078981,6215.91443851426,13302.8077468083,1.02,0.23,-0.1
62058,1078981,6215.94438201263,13303.9373500072,1.13,0.11,-0.12
62059,1078981,6215.96372604256,13304.6670936666,0.73,-0.4,-0.51
62060,1078981,6215.98810481999,13305.5867706073,0.92,0.19,0.59
62061,1078981,6216.02775099848,13306.8151820597,1.23,0.31,0.12
62062,1078981,6216.56315587445,13308.5546479601,1.82,0.59,0.28
62063,1078981,6217.21034858168,13310.6572990486,2.2,0.38,-0.21
62064,1078981,6217.56924635568,13311.8233146521,1.22,-0.98,-1.36
62065,1078981,6218.37529545468,13314.4420710078,2.74,1.52,2.5
62066,1078981,6219.08132386256,13316.7358721951,2.4,-0.34,-1.86
62067,1078981,6219.837362616,13319.1921509666,2.57,0.17,0.51
62068,1078981,6220.77579204148,13322.2409950449,3.18,0.61,0.44
62069,1078981,6221.52888900988,13324.6877163114,2.56,-0.62,-1.23
62070,1078981,6221.90837927912,13325.9206344496,1.29,-1.27,-0.65
62071,1078981,6222.43201701496,13327.6218703303,1.78,0.49,1.76
62072,1078981,6222.66735981759,13328.3864707261,0.8,-0.98,-1.47
62073,1078981,6222.91446976035,13329.1893011417,0.84,0.0399999999999999,1.02
62074,1078981,6223.0174322365,13329.5238138148,0.35,-0.49,-0.53
62075,1078981,6223.07038436709,13329.6958489039,0.18,-0.17,0.32
62076,1078981,6223.07920972219,13329.7245214187,0.03,-0.15,0.02
62077,1078981,6223.08803507729,13329.7531939336,0.03,0,0.15
62078,1078981,6223.09097686232,13329.7627514385,0.01,-0.02,-0.02
62079,1078981,6223.09391864735,13329.7723089435,0.01,0,0.02
62080,1078981,6223.10568578748,13329.8105389633,0.03,0.02,0.02
62081,1078981,6223.14687077794,13329.9443440325,0.14,0.11,0.09
62082,1078981,6223.1968811235,13330.1068216166,0.18,0.04,-0.07
62083,1078981,6223.3763300105,13330.6898294184,0.6,0.42,0.38
62084,1078981,6223.50871033698,13331.1199171411,0.46,-0.14,-0.56
62085,1078981,6223.68227565392,13331.683809933,0.58,0.12,0.26
62086,1078981,6223.86466632596,13332.2763752397,0.63,0.05,-0.0699999999999999
62087,1078981,6224.2000298197,13333.3659308037,1.14,0.51,0.46
62088,1078981,6224.86193145209,13335.5163694169,2.25,1.11,0.6
62089,1078981,6225.55619271984,13337.7719405845,2.36,0.11,-1
62090,1078981,6226.06217974549,13339.4158314354,1.72,-0.64,-0.75
62091,1078981,6226.9417734703,13342.2735254147,2.99,1.27,1.91
62092,1078981,6227.68898686865,13344.7011316714,2.54,-0.45,-1.72
62093,1078981,6228.51857024791,13347.3963480666,2.82,0.28,0.73
62094,1078981,6229.51289358901,13350.6267847388,3.38,0.56,0.28
62095,1078981,6230.5513437056,13354.0005839853,3.53,0.15,-0.41
62096,1078981,6231.48094777597,13357.0207555486,3.16,-0.37,-0.52
62097,1078981,6232.09578084784,13359.0182740827,2.09,-1.07,-0.700000000000001
62098,1078981,6232.97831635769,13361.8855255669,3,0.91,1.98
62099,1078981,6233.69317012067,13364.2079992691,2.43,-0.57,-1.48
62100,1078981,6234.25210927691,13366.0239252091,1.9,-0.53,0.0399999999999996
62101,1078981,6234.86400056374,13368.0118862382,2.07,0.17,0.7
62102,1078981,6235.66416609267,13370.6115275839,2.72,0.65,0.48
62103,1078981,6236.4643316216,13373.2111689296,2.72,0,-0.65
62104,1078981,6237.08799004856,13375.2373599785,2.13,-0.59,-0.59
62105,1078981,6237.68811419526,13377.1870909878,2.03,-0.1,0.49
62106,1078981,6237.99994340874,13378.2001865122,1.06,-0.97,-0.87
62107,1078981,6238.4794543691,13379.7580598186,1.63,0.57,1.54
62108,1078981,6239.02956817024,13381.5453132438,1.87,0.24,-0.33
62109,1078981,6239.62380874687,13383.4759292432,2.03,0.16,-0.0800000000000005
62110,1078981,6240.39749821051,13385.9895530444,2.63,0.6,0.44
62111,1078981,6240.82111525524,13387.3658337568,1.44,-1.19,-1.79
62112,1078981,6241.427122972,13389.334679776,2.06,0.62,1.81
62113,1078981,6242.0184217636,13391.2557382704,2.01,-0.0500000000000003,-0.67
62114,1078981,6242.40967917297,13392.5268864284,1.33,-0.68,-0.629999999999999
62115,1078981,6243.11864936588,13394.8302451208,2.41,1.08,1.76
62116,1078981,6244.11003092195,13398.0511242881,3.37,0.96,-0.12
62117,1078981,6245.28968672012,13401.883683772,4.02,0.649999999999999,-0.31
62118,1078981,6246.43109931286,13405.5919956916,3.87,-0.149999999999999,-0.799999999999999
62119,1078981,6247.72842651234,13409.8068553734,4.41,0.54,0.69
62120,1078981,6249.71413140951,13416.258171213,6.75,2.34,1.8
62121,1078981,6251.22620891639,13421.1707287559,5.13,-1.62,-3.96
62122,1078981,6252.46764220024,13425.2039958438,4.22,-0.91,0.71
62123,1078981,6253.30899271963,13427.9374422587,2.87,-1.35,-0.44
62124,1078981,6253.67377406371,13429.1225728722,1.24,-1.63,-0.28
62125,1078981,6253.95030185679,13430.0209783373,0.93,-0.31,1.32
62126,1078981,6254.62397062931,13432.2096469703,2.29,1.36,1.67
62127,1078981,6255.87128748324,13436.262029068,4.25,1.96,0.6
62128,1078981,6257.41572462548,13441.2797191654,5.25,1,-0.96
62129,1078981,6261.01400119014,13451.1741630106,7.39,2.14,1.14
62130,1078981,6264.55754393936,13459.707679565,9.24,1.85,-0.289999999999999
62131,1078981,6268.76837720629,13469.848157029,10.98,1.74,-0.11
62132,1078981,6273.46242084811,13481.1522958413,12.24,1.26,-0.48
62133,1078981,6278.92346508501,13494.303516159,14.24,2,0.74
