"V1","V2","V3","V4","V5","acceleration","jerk"
52635,1078953,6640.31919879503,12781.5990168717,32.97,-0.310000000000002,0
52636,1078953,6612.28403167769,12798.3727554145,32.66,-0.310000000000002,0
52637,1078953,6584.1201447848,12815.2235083675,32.82,0.160000000000004,0.470000000000006
52638,1078953,6551.15177193196,12831.1836579146,33.01,0.189999999999998,0.029999999999994
52639,1078953,6522.8242686634,12848.3828485517,33.14,0.130000000000003,-0.0599999999999952
52640,1078953,6494.39419145421,12865.6443174892,33.26,0.119999999999997,-0.0100000000000051
52641,1078953,6467.86173214655,12881.7536378686,31.03,-2.23,-2.34999999999999
52642,1078953,6445.20998692576,12895.5067625482,26.5,-4.53,-2.3
52643,1078953,6426.02866002937,12907.1528047297,22.43,-4.07,0.460000000000001
52644,1078953,6405.13191361446,12920.4883498674,21.66,-0.77,3.3
52645,1078953,6386.99503907998,12933.1162468467,22.1,0.440000000000001,1.21
52646,1078953,6369.03050588723,12945.6241502349,21.88,-0.220000000000002,-0.660000000000004
52647,1078953,6351.10700634727,12958.1034837203,21.84,-0.0399999999999991,0.180000000000003
52648,1078953,6334.94324442144,12972.8349108748,21.99,0.149999999999999,0.189999999999998
52649,1078953,6320.27822705643,12988.6390516513,21.56,-0.43,-0.579999999999998
52650,1078953,6305.18468645673,13004.9050017362,22.19,0.630000000000003,1.06
52651,1078953,6292.21163837786,13021.8836949624,21.45,-0.740000000000002,-1.37
52652,1078953,6280.77543115493,13040.030751593,21.46,0.0100000000000016,0.750000000000004
52653,1078953,6269.3658817577,13058.1355073923,21.4,-0.0600000000000023,-0.0700000000000038
52654,1078953,6257.7430697549,13076.5786698421,21.79,0.390000000000001,0.450000000000003
52655,1078953,6250.5134512876,13096.9328151149,21.62,-0.169999999999998,-0.559999999999999
52656,1078953,6243.27761593173,13117.8570184857,22.14,0.52,0.689999999999998
52657,1078953,6236.1398271254,13138.4976960656,21.84,-0.300000000000001,-0.82
52658,1078953,6229.02164762898,13159.0816684873,21.79,-0.0500000000000007,0.25
52659,1078953,6221.92657458696,13179.6507919113,21.76,-0.0299999999999976,0.0200000000000031
52660,1078953,6218.79619224393,13200.820598391,21.4,-0.360000000000003,-0.330000000000005
52661,1078953,6215.57072819423,13222.6334130114,22.05,0.650000000000002,1.01000000000001
52662,1078953,6214.36506121342,13244.3582786329,21.84,-0.210000000000001,-0.860000000000003
52663,1078953,6214.9496218985,13266.4105322322,22.06,0.219999999999999,0.43
52664,1078953,6215.52252316828,13288.0229403381,21.62,-0.439999999999998,-0.659999999999997
52665,1078953,6216.77496439682,13309.2427883163,21.34,-0.280000000000001,0.159999999999997
52666,1078953,6223.17040505821,13330.0208040721,21.74,0.399999999999999,0.68
52667,1078953,6229.65115748555,13351.0759874713,22.03,0.290000000000003,-0.109999999999996
52668,1078953,6236.17015311832,13372.2554184349,22.15,0.119999999999997,-0.170000000000005
52669,1078953,6241.99782926837,13391.1888357358,19.82,-2.33,-2.45
52670,1078953,6246.97532954393,13407.3601341069,16.92,-2.9,-0.57
52671,1078953,6251.00557503892,13420.4539158849,13.69,-3.23,-0.330000000000004
52672,1078953,6254.28860713557,13431.1200914062,11.17,-2.52,0.710000000000003
52673,1078953,6256.23312704228,13437.4376021765,6.61,-4.56,-2.04
52674,1078953,6257.31570393436,13440.9547639972,3.68,-2.93,1.63
52675,1078953,6260.01690041655,13448.7729570537,5.13,1.45,4.38
52676,1078953,6262.80111257665,13455.4778629179,7.27,2.14,0.69
52677,1078953,6266.05703010272,13463.3187239078,8.49,1.22,-0.919999999999999
52678,1078953,6269.79232300071,13472.3140108385,9.74,1.25,0.0299999999999994
52679,1078953,6274.06451631524,13482.602254823,11.15,1.41,0.16
52680,1078953,6279.07686520402,13494.67293246,13.07,1.92,0.51
