"V1","V2","V3","V4","V5","acceleration","jerk"
61407,1080635,6237.94512902658,13488.8274807405,22.21,-0.470000000000002,0
61408,1080635,6228.11041325261,13469.4525913994,21.74,-0.470000000000002,0
61409,1080635,6218.59349192209,13449.3959663495,22.2,0.460000000000001,0.930000000000003
61410,1080635,6209.38522749959,13429.9898264365,21.48,-0.719999999999999,-1.18
61411,1080635,6199.89402757808,13409.9874084814,22.15,0.669999999999998,1.39
61412,1080635,6190.52714780006,13390.2469914842,21.84,-0.309999999999999,-0.979999999999997
61413,1080635,6181.21599774156,13370.6240231922,21.72,-0.120000000000001,0.189999999999998
61414,1080635,6171.92628219055,13351.0462274792,21.68,-0.0399999999999991,0.0800000000000018
61415,1080635,6160.27152920049,13319.8974669166,21.43,-0.25,-0.210000000000001
61416,1080635,6152.84126852249,13299.5943729096,21.62,0.190000000000001,0.440000000000001
61417,1080635,6145.48661641753,13279.4978783791,21.4,-0.220000000000002,-0.410000000000004
61418,1080635,6138.07697625946,13259.2511296838,21.56,0.16,0.380000000000003
61419,1080635,6130.72919766114,13239.1734169239,21.38,-0.18,-0.34
61420,1080635,6122.05510026793,13219.6648795627,21.36,-0.0199999999999996,0.16
61421,1080635,6112.87303306933,13199.7607080914,21.91,0.550000000000001,0.57
61422,1080635,6104.88899106178,13182.4535224963,19.06,-2.85,-3.4
61423,1080635,6098.32917480584,13168.2336627682,15.67,-3.39,-0.539999999999997
61424,1080635,6093.39465146645,13157.5369866764,11.77,-3.9,-0.510000000000002
61425,1080635,6090.27392151072,13150.7721108798,7.46,-4.31,-0.409999999999999
61426,1080635,6088.21717196943,13146.3136491132,4.91,-2.55,1.76
61427,1080635,6083.47742484007,13136.7627263721,7.24,2.33,4.88
61428,1080635,6079.1485755362,13128.588158267,9.25,2.01,-0.32
61429,1080635,6074.03351360201,13118.9289118467,10.93,1.68,-0.33
61430,1080635,6068.00120359911,13107.5375407251,12.88,1.95,0.270000000000001
61431,1080635,6061.54388051899,13094.0331030858,14.97,2.09,0.139999999999999
61432,1080635,6054.56259927799,13079.2927566776,16.32,1.35,-0.74
61433,1080635,6047.08051490688,13063.4950095767,17.48,1.16,-0.19
61434,1080635,6039.140431092,13046.7302379107,18.55,1.07,-0.0899999999999999
61435,1080635,6030.52404903305,13028.537523429,20.12,1.57,0.5
61436,1080635,6021.23564909867,13008.9259037443,21.71,1.59,0.0199999999999996
61437,1080635,6002.18610022139,12986.1389037931,21.45,-0.260000000000002,-1.85
61438,1080635,5983.380321815,12975.2726143818,21.94,0.490000000000002,0.750000000000004
61439,1080635,5962.60650782989,12973.0797541309,21.45,-0.490000000000002,-0.980000000000004
61440,1080635,5942.08842096384,12980.7038822413,22.18,0.73,1.22
61441,1080635,5926.2652895632,12994.3811314977,21.49,-0.690000000000001,-1.42
61442,1080635,5914.07574570617,13012.1134971783,21.54,0.0500000000000007,0.740000000000002
61443,1080635,5904.86426431424,13031.3630221222,21.34,-0.199999999999999,-0.25
61444,1080635,5903.99,13052.7946145411,21.62,0.280000000000001,0.48
61445,1080635,5913.6371793316,13072.0926861078,21.67,0.0500000000000007,-0.23
61446,1080635,5932.12905362478,13082.6992757254,21.78,0.109999999999999,0.0599999999999987
61447,1080635,5954.05940459453,13084.0599649524,22.02,0.239999999999998,0.129999999999999
61448,1080635,5971.95393274387,13080.9661869526,18.15,-3.87,-4.11
61449,1080635,5986.06038658874,13077.8872387739,14.45,-3.7,0.170000000000002
61450,1080635,5997.18025472668,13075.0343573191,11.48,-2.97,0.73
61451,1080635,6004.46434953481,13073.165570861,7.52,-3.96,-0.990000000000002
61452,1080635,6009.01690878989,13071.9975793246,4.7,-2.82,1.14
61453,1080635,6018.72455473554,13068.4239730934,7.1,2.4,5.22
61454,1080635,6026.65317047528,13064.8424856298,8.7,1.6,-0.8
61455,1080635,6035.97612898304,13060.631150371,10.22,1.52,-0.0799999999999983
61456,1080635,6046.99417085584,13055.6541177923,12.09,1.87,0.349999999999998
61457,1080635,6059.16960835962,13050.154270377,13.37,1.28,-0.59
61458,1080635,6072.40219462869,13044.1768912999,14.51,1.14,-0.139999999999999
61459,1080635,6086.96533020582,13037.5984809933,15.98,1.47,0.33
61460,1080635,6102.89546849669,13030.4025728481,17.48,1.5,0.0299999999999994
61461,1080635,6120.02856917566,13022.663266605,18.8,1.32,-0.18
61462,1080635,6138.88409327395,13014.1459130853,20.69,1.89,0.57
61463,1080635,6159.02459992316,13005.0481115975,22.1,1.41,-0.48
61464,1080635,6180.7417163689,12995.2381292691,23.83,1.73,0.319999999999997
61465,1080635,6203.32460120001,12985.0370649764,24.78,0.950000000000003,-0.779999999999994
61466,1080635,6226.70946095651,12974.473735285,25.67,0.890000000000001,-0.0600000000000023
61467,1080635,6251.21526293829,12963.404057366,26.89,1.22,0.329999999999998
61468,1080635,6276.70374956539,12951.8192744986,28,1.11,-0.109999999999999
61469,1080635,6302.2336780205,12937.9374031163,29.06,1.06,-0.0500000000000007
61470,1080635,6328.54549347923,12923.6303815092,29.95,0.890000000000001,-0.169999999999998
61471,1080635,6355.73583366112,12908.8456630204,30.95,1,0.109999999999999
61472,1080635,6384.01554449973,12893.4686003982,32.19,1.24,0.239999999999998
61473,1080635,6413.78083904538,12877.2637276351,33.04,0.850000000000001,-0.389999999999997
61474,1080635,6442.5162147184,12861.4693525309,32.79,-0.25,-1.1
61475,1080635,6471.18148273501,12845.7135120412,32.72,-0.0700000000000003,0.18
61476,1080635,6500.22357940485,12829.7505479988,33.14,0.420000000000002,0.490000000000002
61477,1080635,6528.91513779261,12813.9802570287,32.74,-0.399999999999999,-0.82
61478,1080635,6557.38933089181,12797.5251376416,32.89,0.149999999999999,0.549999999999997
61479,1080635,6585.70487010642,12780.8318114606,32.87,-0.0200000000000031,-0.170000000000002
61480,1080635,6614.00318051712,12764.1486424601,32.85,-0.019999999999996,7.105427357601e-15
61481,1080635,6642.18088930051,12747.5365737232,32.72,-0.130000000000003,-0.110000000000007
