"V1","V2","V3","V4","V5","acceleration","jerk"
47459,1081849,6643.48570527384,12779.7044623806,33.17,-0.480000000000004,0
47460,1081849,6615.43337551977,12796.4884695115,32.69,-0.480000000000004,0
47461,1081849,6587.4067897208,12813.2570737603,32.66,-0.0300000000000011,0.450000000000003
47462,1081849,6554.57945111442,12829.1025247084,32.83,0.170000000000002,0.200000000000003
47463,1081849,6526.1750173904,12846.3484240708,33.23,0.399999999999999,0.229999999999997
47464,1081849,6498.00992286116,12863.4490073988,32.95,-0.279999999999994,-0.679999999999993
47465,1081849,6471.40053309802,12879.6050365036,31.13,-1.82,-1.54000000000001
47466,1081849,6448.57783130953,12893.4619583506,26.7,-4.43,-2.61
47467,1081849,6428.66139117201,12905.5543283519,23.3,-3.4,1.03
47468,1081849,6407.67600008763,12918.717015902,21.63,-1.67,1.73
47469,1081849,6389.71146689488,12931.2249192901,21.89,0.260000000000002,1.93
47470,1081849,6371.7715538938,12943.7156807366,21.86,-0.0300000000000011,-0.290000000000003
47471,1081849,6354.12708319284,12956.0007388839,21.49,-0.370000000000001,-0.34
47472,1081849,6337.86128359101,12969.6902093938,21.39,-0.0999999999999979,0.270000000000003
47473,1081849,6322.91738602565,12985.7948927361,21.97,0.579999999999998,0.679999999999996
47474,1081849,6308.19115105568,13001.6650062709,21.64,-0.329999999999998,-0.909999999999997
47475,1081849,6294.49887982245,13018.2542836363,21.59,-0.0500000000000007,0.279999999999998
47476,1081849,6282.67879990952,13037.0104722377,22.17,0.580000000000002,0.630000000000003
47477,1081849,6270.97601442964,13055.5805371814,21.96,-0.210000000000001,-0.790000000000003
47478,1081849,6259.32121303602,13074.0744606287,21.86,-0.100000000000001,0.109999999999999
47479,1081849,6251.2978236839,13094.6646087874,22.18,0.32,0.420000000000002
47480,1081849,6244.07179298299,13115.5604595792,22.11,-0.0700000000000003,-0.390000000000001
47481,1081849,6236.8326894088,13136.4941138097,22.15,0.0399999999999991,0.109999999999999
47482,1081849,6229.80275180696,13156.8229130195,21.51,-0.639999999999997,-0.679999999999996
47483,1081849,6222.72705914867,13177.2840242651,21.65,0.139999999999997,0.779999999999994
47484,1081849,6219.16042832029,13198.3573825903,21.42,-0.229999999999997,-0.369999999999994
47485,1081849,6215.94227824803,13220.120735046,22,0.579999999999998,0.809999999999995
47486,1081849,6214.29669464192,13241.7791846037,21.8,-0.199999999999999,-0.779999999999998
47487,1081849,6214.88046036686,13263.8014487375,22.04,0.239999999999998,0.439999999999998
47488,1081849,6215.44965182268,13285.2739060045,21.48,-0.559999999999999,-0.799999999999997
47489,1081849,6216.07187777397,13306.9585446339,21.7,0.219999999999999,0.779999999999998
47490,1081849,6222.48202736052,13327.7843479144,21.79,0.0899999999999999,-0.129999999999999
47491,1081849,6228.7774473308,13348.2374085019,21.4,-0.390000000000001,-0.48
47492,1081849,6235.06404194597,13368.6617965746,21.37,-0.0299999999999976,0.360000000000003
47493,1081849,6241.55361972841,13389.7456524887,22.06,0.689999999999998,0.719999999999995
47494,1081849,6247.0076891793,13407.4652666613,18.55,-3.51,-4.2
47495,1081849,6251.11736287017,13420.8171010729,13.97,-4.58,-1.07
47496,1081849,6254.27095642537,13431.0627463766,10.72,-3.25,1.33
47497,1081849,6256.2625448926,13437.533177226,6.77,-3.95,-0.700000000000001
47498,1081849,6257.61870779274,13441.9391870068,4.61,-2.16,1.79
47499,1081849,6261.12521627642,13451.4419898288,6.99,2.38,4.54
47500,1081849,6264.47700887688,13459.5137360069,8.74,1.75,-0.63
47501,1081849,6268.69551214976,13469.672684286,11.01,2.27,0.52
47502,1081849,6273.40106080051,13481.0045293209,12.26,1.25,-1.02
47503,1081849,6278.60515983805,13493.5369773343,13.57,1.31,0.0600000000000005
