"V1","V2","V3","V4","V5","acceleration","jerk"
38377,1082277,6651.44058740356,12774.9449718299,32.9,0.329999999999998,0
38378,1082277,6622.92486645746,12792.0062308375,33.23,0.329999999999998,0
38379,1082277,6594.90686197687,12808.7697007923,32.66,-0.57,-0.899999999999999
38380,1082277,6566.69148717374,12825.6512595094,32.88,0.220000000000006,0.790000000000006
38381,1082277,6533.910802079,12841.6516022463,32.86,-0.0200000000000031,-0.240000000000009
38382,1082277,6505.70296840784,12858.7781348661,33.01,0.149999999999999,0.170000000000002
38383,1082277,6477.34982165412,12875.9928950783,33.17,0.160000000000004,0.0100000000000051
38384,1082277,6449.41551849128,12892.9533522303,32.68,-0.490000000000002,-0.650000000000006
38385,1082277,6420.95124996856,12910.2355806013,33.3,0.619999999999997,1.11
38386,1082277,6388.87319215819,12927.2934618343,33.21,-0.0899999999999963,-0.709999999999994
38387,1082277,6359.7204357579,12941.9951384144,32.65,-0.560000000000002,-0.470000000000006
38388,1082277,6330.06766270879,12956.9489723875,33.21,0.560000000000002,1.12
38389,1082277,6300.74525780265,12971.7362023689,32.84,-0.369999999999997,-0.93
38390,1082277,6271.35031610475,12986.1958858484,32.76,-0.0800000000000054,0.289999999999992
38391,1082277,6241.55946367931,13000.5991220044,33.09,0.330000000000005,0.410000000000011
38392,1082277,6211.80462316372,13014.9849471769,33.05,-0.0400000000000063,-0.370000000000012
38393,1082277,6181.98676180589,13029.4012415705,33.11,0.0600000000000023,0.100000000000009
38394,1082277,6152.08787365089,13043.8567106772,33.21,0.100000000000001,0.0399999999999991
38395,1082277,6119.11053279597,13059.153485426,33.02,-0.189999999999998,-0.289999999999999
38396,1082277,6091.18814987011,13071.1490109144,30.4,-2.62,-2.43000000000001
38397,1082277,6067.43712655213,13081.3525098901,25.85,-4.55,-1.92999999999999
38398,1082277,6047.26942976955,13090.0166028309,21.95,-3.9,0.649999999999995
38399,1082277,6025.58223042049,13101.5440728219,21.65,-0.300000000000001,3.6
38400,1082277,6007.54456624521,13113.3358144701,21.55,-0.0999999999999979,0.200000000000003
38401,1082277,5991.95339277166,13127.8575003169,21.65,0.0999999999999979,0.199999999999996
38402,1082277,5980.17161323805,13145.7786682853,21.74,0.0899999999999999,-0.00999999999999801
38403,1082277,5978.73549012063,13167.6615942869,21.94,0.200000000000003,0.110000000000003
38404,1082277,5984.04702797491,13188.3819559111,21.4,-0.540000000000003,-0.740000000000006
38405,1082277,5998.4000774931,13204.4787202475,21.92,0.520000000000003,1.06000000000001
38406,1082277,6017.04624573658,13214.6916983472,21.61,-0.310000000000002,-0.830000000000005
38407,1082277,6036.85442382227,13222.6845502116,21.35,-0.259999999999998,0.0500000000000043
38408,1082277,6057.54823117353,13225.4242690017,21.64,0.289999999999999,0.549999999999997
38409,1082277,6077.75151280635,13219.5876743878,21.49,-0.150000000000002,-0.440000000000001
38410,1082277,6092.89846958899,13204.8116562137,21.85,0.360000000000003,0.510000000000005
38411,1082277,6096.72723647936,13184.5612859021,21.64,-0.210000000000001,-0.570000000000004
38412,1082277,6091.46221383751,13163.3035923164,21.9,0.259999999999998,0.469999999999999
38413,1082277,6084.85329694313,13139.3609134239,21.53,-0.369999999999997,-0.629999999999995
38414,1082277,6074.79164720982,13120.3605659364,21.5,-0.0300000000000011,0.339999999999996
38415,1082277,6064.70279257041,13100.7028613012,22.09,0.59,0.620000000000001
38416,1082277,6055.48715890279,13081.2448810333,21.53,-0.559999999999999,-1.15
38417,1082277,6046.01470311717,13061.244644,22.13,0.599999999999998,1.16
38418,1082277,6036.66637802192,13041.5064977366,21.85,-0.279999999999998,-0.879999999999995
38419,1082277,6027.24956702854,13021.6237496692,21.99,0.139999999999997,0.419999999999995
38420,1082277,6017.79423271745,13001.6596630869,22.09,0.100000000000001,-0.0399999999999956
38421,1082277,6004.71417285851,12973.1377777569,22.12,0.0300000000000011,-0.0700000000000003
38422,1082277,5995.57272971784,12952.9950764161,22.12,0,-0.0300000000000011
38423,1082277,5986.42302125788,12932.8341628679,22.13,0.00999999999999801,0.00999999999999801
38424,1082277,5977.47168046101,12913.1103422964,21.66,-0.469999999999999,-0.479999999999997
38425,1082277,5968.29717604316,12892.8947921261,22.21,0.550000000000001,1.02
38426,1082277,5959.27558003227,12873.016167792,21.83,-0.380000000000003,-0.930000000000003
38427,1082277,5951.92357851905,12856.8164093447,17.8,-4.03,-3.65
38428,1082277,5946.28663075961,12844.3956839248,13.64,-4.16,-0.130000000000003
38429,1082277,5941.99693004532,12834.9435483047,10.38,-3.26,0.9
38430,1082277,5939.23218074103,12828.8515649425,6.69,-3.69,-0.430000000000001
38431,1082277,5937.95518890989,12826.0377789053,3.1,-3.59,0.1
38432,1082277,5934.91063753029,12818.2013180837,5.44,2.34,5.93
38433,1082277,5932.73139240144,12811.3285463962,7.21,1.77,-0.570000000000001
38434,1082277,5929.95973112107,12802.5874484248,9.17,1.96,0.19
38435,1082277,5926.74980278983,12792.4641702942,10.63,1.46,-0.499999999999999
38436,1082277,5923.17112562957,12781.1779543747,11.84,1.21,-0.250000000000002
38437,1082277,5919.12697863596,12768.4237678034,13.38,1.54,0.330000000000002
38438,1082277,5914.52970839884,12753.9251745487,15.21,1.83,0.289999999999999
38439,1082277,5909.40651770066,12737.7679651031,16.94,1.73,-0.0999999999999996
38440,1082277,5903.80878957498,12720.1141881748,18.52,1.58,-0.150000000000002
38441,1082277,5897.73047895903,12700.9447792101,20.11,1.59,0.0100000000000016
38442,1082277,5891.09300003679,12680.011899008,21.96,1.85,0.260000000000002
38443,1082277,5884.75745787521,12659.1289731965,21.84,-0.120000000000001,-1.97
38444,1082277,5881.04754278806,12637.3628773122,22.08,0.239999999999998,0.359999999999999
38445,1082277,5877.3880341559,12615.8925164263,21.78,-0.299999999999997,-0.539999999999996
38446,1082277,5873.67139820809,12594.0869892088,22.12,0.34,0.639999999999997
38447,1082277,5869.97996548777,12572.4293294906,21.98,-0.140000000000001,-0.48
38448,1082277,5866.32717771627,12550.9983999378,21.74,-0.240000000000002,-0.100000000000001
38449,1082277,5862.72149473067,12526.1548192111,21.86,0.120000000000001,0.360000000000003
38450,1082277,5861.09205792461,12504.8269727259,21.39,-0.469999999999999,-0.59
