"V1","V2","V3","V4","V5","acceleration","jerk"
36530,1085626,6651.43200608519,12774.9501061239,33.31,-0.170000000000002,0
36531,1085626,6622.98493568605,12791.9702907794,33.14,-0.170000000000002,0
36532,1085626,6594.96693120546,12808.7337607342,32.65,-0.490000000000002,-0.32
36533,1085626,6566.51986080633,12825.7539453897,33.16,0.509999999999998,1
36534,1085626,6533.64581939906,12841.8124878557,32.98,-0.18,-0.689999999999998
36535,1085626,6505.60039446721,12858.8404131666,32.81,-0.169999999999995,0.0100000000000051
36536,1085626,6477.76011741661,12875.7437818766,32.57,-0.240000000000002,-0.0700000000000074
36537,1085626,6453.50992828779,12890.4674100713,28.37,-4.2,-3.96
36538,1085626,6433.31140981356,12902.7310453988,23.62,-4.75,-0.550000000000001
36539,1085626,6414.84810050152,12913.9411394773,21.6,-2.02,2.73
36540,1085626,6394.47137061886,12927.9108105806,21.56,-0.0400000000000027,1.98
36541,1085626,6376.66276530672,12940.3101483386,21.7,0.140000000000001,0.180000000000003
36542,1085626,6359.14139556413,12952.5094967779,21.34,-0.359999999999999,-0.5
36543,1085626,6341.94925921085,12965.2846951977,21.49,0.149999999999999,0.509999999999998
36544,1085626,6327.41347901186,12980.9495601511,21.37,-0.119999999999997,-0.269999999999996
36545,1085626,6312.66683817358,12996.8416646054,21.68,0.309999999999999,0.429999999999996
36546,1085626,6298.0283759444,13012.6536535713,21.55,-0.129999999999999,-0.439999999999998
36547,1085626,6286.42155863702,13031.0714355223,21.77,0.219999999999999,0.349999999999998
36548,1085626,6274.66545750576,13049.7261021286,22.05,0.280000000000001,0.0600000000000023
36549,1085626,6263.28256593422,13067.7885570965,21.35,-0.699999999999999,-0.98
36550,1085626,6253.87644793674,13087.2078804859,21.72,0.369999999999997,1.07
36551,1085626,6246.78768240518,13107.7067951703,21.69,-0.0299999999999976,-0.399999999999995
36552,1085626,6239.53550595772,13128.6782528396,22.2,0.509999999999998,0.539999999999996
36553,1085626,6232.4369357712,13149.2055201031,21.72,-0.48,-0.989999999999998
36554,1085626,6225.30241518319,13169.8367468233,21.83,0.109999999999999,0.59
36555,1085626,6220.23558300353,13191.0864443835,21.95,0.120000000000001,0.0100000000000016
36556,1085626,6217.02620970419,13212.7904422416,21.94,-0.00999999999999801,-0.129999999999999
36557,1085626,6214.09079996725,13234.0119130503,21.45,-0.490000000000002,-0.480000000000004
36558,1085626,6214.6676760377,13255.7742684835,21.77,0.32,0.810000000000002
36559,1085626,6215.23898738721,13277.3266976585,21.55,-0.219999999999999,-0.539999999999999
36560,1085626,6215.80870881646,13298.8191479025,21.5,-0.0500000000000007,0.169999999999998
36561,1085626,6219.98445186764,13319.670026214,21.46,-0.0399999999999991,0.0100000000000016
36562,1085626,6226.42696108956,13340.6009620489,21.9,0.439999999999998,0.479999999999997
36563,1085626,6232.79592568565,13361.2929602602,21.64,-0.259999999999998,-0.699999999999996
36564,1085626,6239.2413766926,13382.2334536,21.91,0.27,0.529999999999998
36565,1085626,6245.07199462769,13401.1764284059,19.82,-2.09,-2.36
36566,1085626,6249.58763465309,13415.8471985002,15.35,-4.47,-2.38
36567,1085626,6253.20014667342,13427.5838145757,12.28,-3.07,1.4
36568,1085626,6255.64771182074,13435.535658692,8.32,-3.96,-0.889999999999999
36569,1085626,6257.07153577663,13440.1614910865,4.85,-3.47,0.489999999999998
36570,1085626,6257.70990312876,13442.2354696601,2.17,-2.68,0.790000000000001
36571,1085626,6260.3198656516,13449.5025542483,4.58,2.41,5.09
36572,1085626,6262.91999766889,13455.7641605512,6.78,2.2,-0.21
36573,1085626,6266.16441018603,13463.5773153186,8.46,1.68,-0.52
36574,1085626,6269.90737308997,13472.5910730643,9.76,1.3,-0.380000000000002
36575,1085626,6274.19107141343,13482.9070232714,11.17,1.41,0.110000000000001
36576,1085626,6279.05002018319,13494.6082846073,12.67,1.5,0.0899999999999999
