"V1","V2","V3","V4","V5","acceleration","jerk"
43888,1101296,6233.86680148886,13481.552671843,21.95,-0.239999999999998,0
43889,1101296,6224.54371120442,13461.9358742636,21.71,-0.239999999999998,0
43890,1101296,6215.36545509242,13442.592975961,21.42,-0.289999999999999,-0.0500000000000007
43891,1101296,6206.02000982191,13422.8977315427,21.79,0.369999999999997,0.659999999999997
43892,1101296,6196.84175370991,13403.5548332402,21.41,-0.379999999999999,-0.749999999999996
43893,1101296,6187.36770139439,13383.5885533483,22.1,0.690000000000001,1.07
43894,1101296,6178.18515838089,13364.2366205299,21.43,-0.670000000000002,-1.36
43895,1101296,6165.22389073472,13333.4297326262,21.62,0.190000000000001,0.860000000000003
43896,1101296,6157.71802148368,13312.9200391427,21.84,0.219999999999999,0.0299999999999976
43897,1101296,6150.10561287971,13292.1192282151,22.14,0.300000000000001,0.0800000000000018
43898,1101296,6142.57224960211,13271.5344076492,21.92,-0.219999999999999,-0.52
43899,1101296,6135.23134451043,13251.4754766599,21.36,-0.560000000000002,-0.340000000000003
43900,1101296,6127.35405784377,13231.1515478617,21.81,0.449999999999999,1.01
43901,1101296,6118.30603542179,13211.5379482366,21.6,-0.209999999999997,-0.659999999999997
43902,1101296,6110.24659322739,13194.067315978,19.23,-2.37,-2.16
43903,1101296,6103.07100877885,13178.5126418309,17.13,-2.1,0.27
43904,1101296,6096.93846024839,13165.2189798629,14.64,-2.49,-0.389999999999997
43905,1101296,6092.53173821694,13155.6664304159,10.53,-4.11,-1.62
43906,1101296,6089.70842010934,13149.5462609032,6.74,-3.79,0.320000000000002
43907,1101296,6088.29676105554,13146.4861761469,3.37,-3.37,0.419999999999999
43908,1101296,6084.53974785842,13138.7688095719,5.16,1.79,5.16
43909,1101296,6081.47913440466,13132.9891689874,6.54,1.38,-0.41
43910,1101296,6077.74462441062,13125.9369469897,7.98,1.44,0.0600000000000005
43911,1101296,6073.0507478141,13117.0730639525,10.03,2.05,0.609999999999999
43912,1101296,6067.46770217139,13106.5300804397,11.93,1.9,-0.149999999999999
43913,1101296,6061.79214189973,13094.5572846258,13.25,1.32,-0.58
43914,1101296,6055.58560738136,13081.4527461268,14.5,1.25,-0.0700000000000003
43915,1101296,6048.72845683072,13066.9744904885,16.02,1.52,0.27
43916,1101296,6041.10940066335,13050.8875397794,17.8,1.78,0.260000000000002
43917,1101296,6033.0451861581,13033.8606773434,18.84,1.04,-0.740000000000002
43918,1101296,6024.40312188735,13015.6137371851,20.2,1.36,0.32
43919,1101296,6008.46264256345,12990.5298736437,21.19,0.990000000000002,-0.369999999999997
43920,1101296,5990.3049169368,12977.8270156949,22.16,0.969999999999999,-0.0200000000000031
43921,1101296,5969.65343678289,12971.930670874,21.75,-0.41,-1.38
43922,1101296,5948.8953368745,12977.0618641489,21.6,-0.149999999999999,0.260000000000002
43923,1101296,5930.72160899752,12988.0771948626,21.49,-0.110000000000003,0.0399999999999956
43924,1101296,5918.31087482162,13005.6334950769,21.5,0.0100000000000016,0.120000000000005
43925,1101296,5908.15777898249,13024.4804600172,21.47,-0.0300000000000011,-0.0400000000000027
43926,1101296,5903.99,13045.0946145411,21.56,0.0899999999999999,0.120000000000001
43927,1101296,5910.27532660341,13065.6692566317,22.12,0.560000000000002,0.470000000000002
43928,1101296,5925.83575928919,13079.6801953347,22.05,-0.0700000000000003,-0.630000000000003
43929,1101296,5947.01419447063,13083.7332584818,21.94,-0.109999999999999,-0.0399999999999991
43930,1101296,5966.65258024148,13081.8827357212,19.84,-2.1,-1.99
43931,1101296,5982.06963251833,13078.9110951845,15.71,-4.13,-2.03
43932,1101296,5993.73193324836,13075.9190487807,12.03,-3.68,0.449999999999998
43933,1101296,6002.49803138846,13073.6700438012,9.05,-2.98,0.700000000000003
43934,1101296,6007.24431656929,13072.4523504973,4.9,-4.15,-1.17
43935,1101296,6016.20015639082,13069.5642857686,6.16,1.26,5.41
43936,1101296,6023.68221791073,13066.1845142656,8.21,2.05,0.790000000000001
43937,1101296,6032.27610830449,13062.3025111873,9.43,1.22,-0.830000000000002
43938,1101296,6041.96360086925,13057.9265098381,10.63,1.2,-0.0199999999999978
43939,1101296,6053.24592993338,13052.830094344,12.38,1.75,0.549999999999999
43940,1101296,6065.95905517123,13047.0873644456,13.95,1.57,-0.180000000000001
43941,1101296,6080.01184306856,13040.7394866653,15.42,1.47,-0.0999999999999979
43942,1101296,6095.10355302833,13033.9223105278,16.55,1.13,-0.34
43943,1101296,6111.69896597322,13026.4258867679,18.22,1.67,0.539999999999997
43944,1101296,6129.27862087202,13018.4848645642,19.28,1.06,-0.609999999999996
43945,1101296,6148.01567140178,13010.0210275239,20.56,1.28,0.219999999999995
43946,1101296,6167.73696388545,13001.1125920398,21.64,1.08,-0.199999999999996
43947,1101296,6189.05309286848,12991.4837424108,23.4,1.76,0.679999999999996
43948,1101296,6211.26233029117,12981.4514608606,24.37,0.970000000000002,-0.789999999999996
43949,1101296,6234.60162329055,12970.9087144305,25.61,1.24,0.269999999999996
43950,1101296,6259.1347653266,12959.8266865547,26.92,1.31,0.0700000000000038
43951,1101296,6284.76860652403,12947.4340171246,28.49,1.57,0.259999999999994
43952,1101296,6310.87836129643,12933.2368658003,29.72,1.23,-0.339999999999996
43953,1101296,6338.10384246724,12918.4330394362,30.99,1.27,0.0399999999999991
43954,1101296,6366.17270737229,12903.1706240657,31.95,0.960000000000001,-0.309999999999999
43955,1101296,6393.19,12888.48,32.89,0.940000000000001,-0.0199999999999996
43956,1101296,6424.94548332944,12871.1270902814,33.21,0.32,-0.620000000000001
43957,1101296,6454.03139728454,12855.1400421049,33.19,-0.0200000000000031,-0.340000000000003
43958,1101296,6482.9595690127,12839.239696811,33,-0.189999999999998,-0.169999999999995
43959,1101296,6511.91403111202,12823.3249010367,33.04,0.0399999999999991,0.229999999999997
43960,1101296,6540.66016230198,12807.3877599244,32.86,-0.18,-0.219999999999999
43961,1101296,6569.0101591244,12790.6741193824,32.91,0.0499999999999972,0.229999999999997
43962,1101296,6597.23955431949,12774.031579104,32.77,-0.139999999999993,-0.189999999999991
43963,1101296,6625.42587750482,12757.4144317768,32.71,-0.0600000000000023,0.0799999999999912
43964,1101296,6653.92231916041,12740.6144552004,33.09,0.380000000000003,0.440000000000005
