"V1","V2","V3","V4","V5","acceleration","jerk"
45373,1102835,6236.5367857042,13486.3153165169,21.91,0.0199999999999996,0
45374,1102835,6226.79004759054,13466.6699605366,21.93,0.0199999999999996,0
45375,1102835,6217.47889753203,13447.0469922446,21.72,-0.210000000000001,-0.23
45376,1102835,6208.32636282904,13427.7583010368,21.35,-0.369999999999997,-0.159999999999997
45377,1102835,6199.10952460353,13408.3340920922,21.5,0.149999999999999,0.519999999999996
45378,1102835,6189.80266144653,13388.720158316,21.71,0.210000000000001,0.0600000000000023
45379,1102835,6180.41434716101,13368.9345687398,21.91,0.199999999999999,-0.0100000000000016
45380,1102835,6166.92508362815,13338.078220847,21.86,-0.0500000000000007,-0.25
45381,1102835,6159.35047931071,13317.3807096576,22.04,0.18,0.23
45382,1102835,6151.77243823995,13296.673807583,22.05,0.0100000000000016,-0.169999999999998
45383,1102835,6144.31812028871,13276.3049773789,21.69,-0.359999999999999,-0.370000000000001
45384,1102835,6136.73320571131,13255.5792935336,22.07,0.379999999999999,0.739999999999998
45385,1102835,6129.30608490332,13235.3830003734,21.52,-0.550000000000001,-0.93
45386,1102835,6120.18266229449,13215.6059540848,21.78,0.260000000000002,0.810000000000002
45387,1102835,6111.13463987251,13195.9923544597,21.6,-0.18,-0.440000000000001
45388,1102835,6103.59462118753,13179.6476881055,18,-3.6,-3.42
45389,1102835,6097.39923916803,13166.2178205845,14.79,-3.21,0.390000000000001
45390,1102835,6092.91292805046,13156.4927441038,10.71,-4.08,-0.869999999999997
45391,1102835,6089.67909781446,13149.4826983118,7.72,-2.99,1.09
45392,1102835,6087.97002691253,13145.7779072716,4.08,-3.64,-0.649999999999999
45393,1102835,6083.99688675653,13137.7436745447,5.54,1.46,5.1
45394,1102835,6080.7677991677,13131.6458886069,6.89,1.35,-0.11
45395,1102835,6076.56062562805,13123.7010921458,9,2.11,0.760000000000001
45396,1102835,6071.56255962099,13114.2627799986,10.68,1.68,-0.430000000000001
45397,1102835,6065.80712767782,13103.0345653927,12.61,1.93,0.25
45398,1102835,6059.65195758305,13090.0384782468,14.38,1.77,-0.159999999999998
45399,1102835,6052.75628371471,13075.4788840938,16.11,1.73,-0.0400000000000027
45400,1102835,6045.2741993436,13059.6811369929,17.47,1.36,-0.369999999999999
45401,1102835,6037.34695663463,13042.9434781652,18.52,1.05,-0.309999999999999
45402,1102835,6028.76053715611,13024.8140269727,20.07,1.55,0.5
45403,1102835,6019.74180044563,13005.7717768917,21.07,1,-0.550000000000001
45404,1102835,5999.05602296986,12983.9491512045,21.79,0.719999999999999,-0.280000000000001
45405,1102835,5980.095919453,12974.249725764,21.55,-0.239999999999998,-0.959999999999997
45406,1102835,5958.65864847246,12973.7234982524,22.01,0.460000000000001,0.699999999999999
45407,1102835,5939.30217040974,12982.1946564864,21.34,-0.670000000000002,-1.13
45408,1102835,5924.38347591606,12997.0431565535,21.59,0.25,0.920000000000002
45409,1102835,5912.60812449096,13015.1804317992,21.67,0.0800000000000018,-0.169999999999998
45410,1102835,5903.99,13035.1046145411,21.88,0.209999999999997,0.129999999999995
45411,1102835,5905.61046612815,13056.7561944898,22.05,0.170000000000002,-0.0399999999999956
45412,1102835,5916.84662683564,13075.3678412522,22.14,0.0899999999999999,-0.0800000000000018
45413,1102835,5936.76012615338,13083.1614342562,21.64,-0.5,-0.59
45414,1102835,5958.71040530295,13083.255855252,22.06,0.419999999999998,0.919999999999998
45415,1102835,5975.60969813121,13080.3341430991,17.15,-4.91,-5.33
45416,1102835,5989.19874658586,13077.0820701403,13.98,-3.17,1.74
45417,1102835,5999.28218102105,13074.4950931417,10.41,-3.57,-0.400000000000002
45418,1102835,6006.13039249624,13072.7381356604,7.07,-3.34,0.23
45419,1102835,6009.26875249336,13071.9329670269,3.24,-3.83,-0.49
45420,1102835,6017.29375856182,13069.0702874977,5.27,2.03,5.86
45421,1102835,6023.78246477641,13066.1392310908,7.12,1.85,-0.179999999999999
45422,1102835,6031.53792683907,13062.6359600201,8.51,1.39,-0.460000000000001
45423,1102835,6040.97024556393,13058.3752249342,10.35,1.84,0.45
45424,1102835,6051.65109343401,13053.550508489,11.72,1.37,-0.469999999999999
45425,1102835,6064.20929169763,13047.8777616789,13.78,2.06,0.689999999999998
45426,1102835,6078.14360602643,13041.583400378,15.29,1.51,-0.549999999999999
45427,1102835,6093.04393560628,13034.8526739379,16.35,1.06,-0.449999999999998
45428,1102835,6108.92850714003,13027.677349054,17.43,1.08,0.019999999999996
45429,1102835,6126.33500836175,13019.8145432432,19.1,1.67,0.590000000000003
45430,1102835,6145.46393300279,13011.1736901558,20.98,1.88,0.209999999999997
45431,1102835,6165.92340695187,13001.9318058389,22.45,1.47,-0.41
45432,1102835,6187.86835718323,12992.0189072042,24.09,1.64,0.170000000000002
45433,1102835,6210.99804309984,12981.570843776,25.38,1.29,-0.350000000000001
45434,1102835,6235.17576443032,12970.6493653383,26.54,1.16,-0.129999999999999
45435,1102835,6260.49265468893,12959.2133053684,27.78,1.24,0.0800000000000018
45436,1102835,6286.22695756448,12946.6410403009,28.65,0.869999999999997,-0.370000000000005
45437,1102835,6312.22250412286,12932.5059895713,29.59,0.940000000000001,0.0700000000000038
45438,1102835,6339.31620658521,12917.7738177394,30.84,1.25,0.309999999999999
45439,1102835,6367.3147895124,12902.5496181195,31.87,1.03,-0.219999999999999
45440,1102835,6397.27048595969,12886.3386293417,33.21,1.34,0.309999999999999
45441,1102835,6426.19865768785,12870.4382840478,33.01,-0.200000000000003,-1.54
45442,1102835,6454.91650644677,12854.6535425973,32.77,-0.239999999999995,-0.039999999999992
45443,1102835,6483.62559174864,12838.8736179736,32.76,-0.0100000000000051,0.22999999999999
45444,1102835,6512.32591359346,12823.0985101767,32.75,-0.00999999999999801,7.105427357601e-15
45445,1102835,6541.09088239956,12807.1338304115,32.9,0.149999999999999,0.159999999999997
45446,1102835,6569.47533682978,12790.3998755084,32.95,0.0500000000000043,-0.0999999999999943
45447,1102835,6598.1440665244,12773.4983271268,33.27,0.32,0.269999999999996
45448,1102835,6626.27008889607,12756.9167299314,32.65,-0.620000000000005,-0.940000000000005
45449,1102835,6654.73207294385,12740.137067716,33.04,0.390000000000001,1.01000000000001
