"V1","V2","V3","V4","V5","acceleration","jerk"
81568,1121475,6632.10687711419,12786.5125362428,33.31,-0.530000000000001,0
81569,1121475,6603.97731549478,12803.3427520198,32.78,-0.530000000000001,0
81570,1121475,6575.54740773239,12820.3526680872,33.13,0.350000000000001,0.880000000000003
81571,1121475,6542.71506531576,12836.3060481255,32.89,-0.240000000000002,-0.590000000000003
81572,1121475,6514.76366649615,12853.2768849943,32.7,-0.189999999999998,0.0500000000000043
81573,1121475,6486.61566762368,12870.3670886056,32.93,0.229999999999997,0.419999999999995
81574,1121475,6461.44231302926,12885.6512215042,29.44,-3.49,-3.72
81575,1121475,6439.91033332694,12898.7244747374,25.19,-4.25,-0.760000000000002
81576,1121475,6421.12220653626,12910.1317834339,21.98,-3.21,1.04
81577,1121475,6400.19146181819,12923.9281661487,21.93,-0.0500000000000007,3.16
81578,1121475,6382.12844785874,12936.5046373032,22.01,0.0800000000000018,0.130000000000003
81579,1121475,6363.99978005482,12949.126820302,22.09,0.0799999999999983,-3.5527136788005e-15
81580,1121475,6346.05986705374,12961.6175817485,21.86,-0.23,-0.309999999999999
81581,1121475,6331.10694117753,12976.969203731,21.48,-0.379999999999999,-0.149999999999999
81582,1121475,6316.26507295376,12992.9639324761,21.82,0.34,0.719999999999999
81583,1121475,6301.60685754486,13008.7607429461,21.56,-0.260000000000002,-0.600000000000001
81584,1121475,6289.04468868536,13026.9090337217,22.14,0.580000000000002,0.840000000000003
81585,1121475,6277.65113398354,13044.9884090222,21.37,-0.77,-1.35
81586,1121475,6266.09763232755,13063.3215893105,21.67,0.300000000000001,1.07
81587,1121475,6255.59879899028,13082.2272774252,21.73,0.0599999999999987,-0.240000000000002
81588,1121475,6248.62115288153,13102.4048628799,21.35,-0.379999999999999,-0.439999999999998
81589,1121475,6241.62062924455,13122.6486043525,21.42,0.0700000000000003,0.449999999999999
81590,1121475,6234.63644669916,13142.8450915265,21.37,-0.0500000000000007,-0.120000000000001
81591,1121475,6227.64245949882,13163.0699312797,21.4,0.0299999999999976,0.0799999999999983
81592,1121475,6221.26685382214,13184.1122791647,22.05,0.650000000000002,0.620000000000005
81593,1121475,6218.02822461305,13206.0141256815,22.14,0.0899999999999999,-0.560000000000002
81594,1121475,6214.80714894981,13227.7972630031,22.03,-0.109999999999999,-0.199999999999999
81595,1121475,6214.49940947604,13249.4264982951,21.68,-0.350000000000001,-0.240000000000002
81596,1121475,6215.06727599831,13270.8489731198,21.43,-0.25,0.100000000000001
81597,1121475,6215.65210167009,13292.9112232075,22.07,0.640000000000001,0.890000000000001
81598,1121475,6218.36647009958,13314.4133984929,21.85,-0.219999999999999,-0.859999999999999
81599,1121475,6224.65600649979,13334.8473440706,21.39,-0.460000000000001,-0.240000000000002
81600,1121475,6231.02497109588,13355.5393422818,21.65,0.259999999999998,0.719999999999999
81601,1121475,6237.53808315859,13376.6996582355,22.14,0.490000000000002,0.230000000000004
81602,1121475,6243.75701671801,13396.9042236944,21.14,-1,-1.49
81603,1121475,6248.63743808749,13412.7601244022,16.58,-4.56,-3.56
81604,1121475,6252.5088271907,13425.337800913,13.16,-3.42,1.14
81605,1121475,6255.04170410398,13433.5668126728,8.62,-4.54,-1.12
81606,1121475,6256.70381264753,13438.9668029681,5.64,-2.98,1.56
81607,1121475,6257.68931063353,13442.1685671255,3.36,-2.28,0.7
81608,1121475,6260.6305008926,13450.2506222579,5.45,2.09,4.37
81609,1121475,6263.52976314197,13457.2325903479,7.56,2.11,0.0199999999999991
81610,1121475,6267.13466593879,13465.9138734227,9.4,1.84,-0.269999999999999
81611,1121475,6271.51040433366,13476.4514734104,11.41,2.01,0.169999999999999
81612,1121475,6276.47289818376,13488.4020907496,12.94,1.53,-0.48
