"V1","V2","V3","V4","V5","acceleration","jerk"
66922,1130187,6633.01649686149,12785.9683010773,33.04,-0.289999999999999,0
66923,1130187,6604.91267919719,12802.7831139723,32.75,-0.289999999999999,0
66924,1130187,6576.4827714348,12819.7930300397,33.13,0.380000000000003,0.670000000000002
66925,1130187,6543.69806558006,12835.709214413,32.83,-0.300000000000004,-0.680000000000007
66926,1130187,6515.24234488572,12852.9862529256,33.29,0.460000000000001,0.760000000000005
66927,1130187,6488.83810300383,12869.0177254295,30.89,-2.4,-2.86
66928,1130187,6465.94701858826,12882.9161661434,26.78,-4.11,-1.71
66929,1130187,6444.00474312345,12896.2385325783,25.67,-1.11,3
66930,1130187,6425.38757290048,12907.5420441075,21.77,-3.9,-2.79
66931,1130187,6404.30303382805,12921.0654619013,21.91,0.140000000000001,4.04
66932,1130187,6386.28105352139,12933.6133631532,21.97,0.0599999999999987,-0.0800000000000018
66933,1130187,6368.15238571746,12946.235546152,22.09,0.120000000000001,0.0600000000000023
66934,1130187,6350.23709290806,12958.7091656569,21.83,-0.260000000000002,-0.380000000000003
66935,1130187,6334.57593879171,12973.2307474249,21.47,-0.359999999999999,-0.0999999999999979
66936,1130187,6319.8088920851,12989.1448427986,21.71,0.240000000000002,0.600000000000001
66937,1130187,6304.85139060753,13005.2641867539,21.98,0.27,0.0299999999999976
66938,1130187,6291.61450308231,13022.8312335837,22.1,0.120000000000001,-0.149999999999999
66939,1130187,6280.18362742452,13040.9698300481,21.44,-0.66,-0.780000000000001
66940,1130187,6268.58214168228,13059.3791518328,21.75,0.309999999999999,0.969999999999999
66941,1130187,6256.97145068381,13078.2579163522,22.2,0.449999999999999,0.140000000000001
66942,1130187,6249.82058900421,13098.9363973708,21.88,-0.32,-0.77
66943,1130187,6242.56187612011,13119.9267567595,22.2,0.32,0.640000000000001
66944,1130187,6235.43389196873,13140.5390817603,21.81,-0.390000000000001,-0.710000000000001
66945,1130187,6228.45624585998,13160.716667215,21.35,-0.459999999999997,-0.0699999999999967
66946,1130187,6221.69984128641,13181.1841190161,21.58,0.229999999999997,0.689999999999994
66947,1130187,6218.53581464718,13202.5814514533,21.63,0.0500000000000007,-0.179999999999996
66948,1130187,6215.37178800794,13223.9787838905,21.64,0.0100000000000016,-0.0399999999999991
66949,1130187,6214.39924449918,13245.6478256476,21.77,0.129999999999999,0.119999999999997
66950,1130187,6214.96764099487,13267.0902934492,21.45,-0.32,-0.449999999999999
66951,1130187,6215.54345711847,13288.8126629284,21.73,0.280000000000001,0.600000000000001
66952,1130187,6217.05737575997,13310.1603087913,21.52,-0.210000000000001,-0.490000000000002
66953,1130187,6223.56754603764,13331.31106724,22.12,0.600000000000001,0.810000000000002
66954,1130187,6230.08359988538,13352.4809406986,22.15,0.0299999999999976,-0.570000000000004
66955,1130187,6236.35842736042,13372.8670987515,21.32,-0.829999999999998,-0.859999999999996
66956,1130187,6241.84485644666,13390.6918454785,18.66,-2.66,-1.83
66957,1130187,6246.45757537815,13405.6780132361,15.67,-2.99,-0.33
66958,1130187,6249.79944317546,13416.5353388564,11.37,-4.3,-1.31
66959,1130187,6252.39703935945,13424.974615725,8.82,-2.55,1.75
66960,1130187,6254.94168341286,13433.2418575046,8.65,-0.17,2.38
66961,1130187,6256.76853191825,13439.1770680769,6.22,-2.43,-2.26
66962,1130187,6257.84522524027,13442.6751148877,3.66,-2.56,-0.129999999999999
66963,1130187,6258.20706479931,13443.8506879962,1.23,-2.43,0.129999999999999
66964,1130187,6258.30708549043,13444.1756431645,0.34,-0.89,1.54
66965,1130187,6258.38357190128,13444.4241382931,0.26,-0.08,0.81
66966,1130187,6258.39828082644,13444.4719258178,0.05,-0.21,-0.13
66967,1130187,6258.41,13444.51,0.04,-0.01,0.2
66968,1130187,6258.41,13444.51,0,-0.04,-0.03
66969,1130187,6258.41,13444.51,0,0,0.04
66970,1130187,6258.41,13444.51,0,0,0
66971,1130187,6258.41,13444.51,0,0,0
66972,1130187,6258.41,13444.51,0,0,0
66973,1130187,6258.41,13444.51,0,0,0
66974,1130187,6258.41,13444.51,0,0,0
66975,1130187,6258.41,13444.51,0,0,0
66976,1130187,6260.10894048796,13448.9946068343,1.65,1.65,1.65
66977,1130187,6261.35915145792,13452.0053496879,3.25,1.6,-0.0499999999999998
66978,1130187,6263.3993730408,13456.918586492,5.32,2.07,0.47
66979,1130187,6266.08771012652,13463.392607168,7.01,1.69,-0.380000000000001
66980,1130187,6269.63125287574,13471.9261237224,9.24,2.23,0.540000000000001
66981,1130187,6273.93029121111,13482.2790155596,11.21,1.97,-0.26
66982,1130187,6278.80841499575,13494.0264539332,12.72,1.51,-0.460000000000001
