"V1","V2","V3","V4","V5","acceleration","jerk"
42391,1157360,6644.36099974766,12779.1807643912,32.95,0.0899999999999963,0
42392,1157360,6615.99974253224,12796.1496061066,33.04,0.0899999999999963,0
42393,1157360,6587.98173805165,12812.9130760614,32.66,-0.380000000000003,-0.469999999999999
42394,1157360,6555.17779910139,12828.7392346225,32.8,0.140000000000001,0.520000000000003
42395,1157360,6527.20075679662,12845.7256410664,32.72,-0.0799999999999983,-0.219999999999999
42396,1157360,6501.46324552878,12861.3523046175,30.12,-2.6,-2.52
42397,1157360,6478.88843076346,12875.0587205718,26.4,-3.72,-1.12
42398,1157360,6457.21968580697,12888.2150115388,25.35,-1.05,2.67000000000001
42399,1157360,6436.58522808509,12900.7433296432,24.14,-1.21,-0.160000000000004
42400,1157360,6418.01079700405,12912.0208918805,21.73,-2.41,-1.2
42401,1157360,6397.58992823112,12925.7394979778,21.45,-0.280000000000001,2.13
42402,1157360,6379.97007772183,12938.0074141835,21.47,0.0199999999999996,0.300000000000001
42403,1157360,6362.40767432645,12950.2353325255,21.4,-0.0700000000000003,-0.0899999999999999
42404,1157360,6344.86989112275,12962.4461089259,21.37,-0.0299999999999976,0.0400000000000027
42405,1157360,6330.06624189328,12978.0907406228,21.56,0.189999999999998,0.219999999999995
42406,1157360,6314.96589933748,12994.3640210142,22.2,0.640000000000001,0.450000000000003
42407,1157360,6300.19205067477,13010.2854466945,21.72,-0.48,-1.12
42408,1157360,6288.23962234939,13028.1865188272,21.57,-0.149999999999999,0.330000000000002
42409,1157360,6276.60614721632,13046.6466016094,21.82,0.25,0.399999999999999
42410,1157360,6264.8980301713,13065.2251267193,21.96,0.140000000000001,-0.109999999999999
42411,1157360,6254.88632739698,13084.2875648393,21.66,-0.300000000000001,-0.440000000000001
42412,1157360,6247.81063473869,13104.7486760849,21.64,-0.0199999999999996,0.280000000000001
42413,1157360,6240.58460403777,13125.6445268766,22.12,0.48,0.5
42414,1157360,6233.53832534434,13146.020580385,21.55,-0.57,-1.05
42415,1157360,6226.49204665091,13166.3966338933,21.56,0.00999999999999801,0.579999999999998
42416,1157360,6220.83532915336,13187.0305468804,21.49,-0.0700000000000003,-0.0799999999999983
42417,1157360,6217.6976328329,13208.2498155247,21.44,-0.0499999999999972,0.0200000000000031
42418,1157360,6214.49264792002,13229.924136084,21.91,0.469999999999999,0.519999999999996
42419,1157360,6214.56698108742,13251.975602859,22.09,0.18,-0.289999999999999
42420,1157360,6215.14253222431,13273.6879758497,21.72,-0.370000000000001,-0.550000000000001
42421,1157360,6215.70880882631,13295.0504717435,21.37,-0.349999999999998,0.0200000000000031
42422,1157360,6218.99895388164,13316.4682620566,21.87,0.5,0.849999999999998
42423,1157360,6225.07373997445,13336.2045097731,20.65,-1.22,-1.72
42424,1157360,6230.97496075033,13355.3768646977,20.06,-0.59,0.630000000000003
42425,1157360,6235.87597461503,13371.2996679401,16.65,-3.41,-2.82
42426,1157360,6240.01506615624,13384.7470774012,14.08,-2.57,0.840000000000002
42427,1157360,6243.66876316702,13396.6174985459,12.42,-1.66,0.909999999999998
42428,1157360,6246.27224292109,13405.0758904244,8.84,-3.58,-1.92
42429,1157360,6248.46093098552,13412.1866741053,7.45,-1.39,2.19
42430,1157360,6249.81709388566,13416.5926838861,4.6,-2.85,-1.46
42431,1157360,6250.76434866623,13419.6702004792,3.22,-1.38,1.47
42432,1157360,6251.30269532724,13421.4192238846,1.83,-1.39,-0.0100000000000007
42433,1157360,6252.13816227656,13424.1335552897,2.84,1.01,2.4
42434,1157360,6253.04423206668,13427.0772668135,3.08,0.24,-0.77
42435,1157360,6254.34155926616,13431.2921264953,4.41,1.33,1.09
42436,1157360,6256.15664063142,13437.1891070479,6.16,1.75,0.42
42437,1157360,6257.39513213025,13441.2128166308,4.21,-1.95,-3.7
42438,1157360,6260.54996583012,13450.0566786999,6.25,2.04,3.99
42439,1157360,6263.57578317767,13457.3434152382,7.89,1.64,-0.4
42440,1157360,6267.44146617682,13466.6527060248,10.08,2.19,0.550000000000001
42441,1157360,6271.76351453003,13477.0610103071,11.27,1.19,-1
42442,1157360,6276.76052340691,13489.0947463141,13.03,1.76,0.57
