"V1","V2","V3","V4","V5","acceleration","jerk"
41348,1157807,6639.51255486817,12782.081640509,33.09,-0.350000000000001,0
41349,1157807,6611.41731852224,12798.8913191099,32.74,-0.350000000000001,0
41350,1157807,6583.04747998845,12815.8652951192,33.07,0.329999999999998,0.68
41351,1157807,6550.16022383927,12831.7856814855,32.92,-0.149999999999999,-0.479999999999997
41352,1157807,6522.19172936289,12848.7668980711,32.72,-0.200000000000003,-0.0500000000000043
41353,1157807,6494.14630443104,12865.7948233819,32.81,0.0900000000000034,0.290000000000006
41354,1157807,6468.0070452291,12881.6654102763,30.57,-2.24,-2.33000000000001
41355,1157807,6445.62028268825,12895.2576493465,26.19,-4.38,-2.14
41356,1157807,6426.31073836608,12906.9815394035,22.59,-3.6,0.779999999999998
41357,1157807,6405.07446650055,12920.5283477312,22.05,-0.539999999999999,3.06
41358,1157807,6386.92938523551,12933.161958691,22.11,0.0599999999999987,0.599999999999998
41359,1157807,6368.73506358712,12945.8298535341,22.17,0.0600000000000023,3.5527136788005e-15
41360,1157807,6351.19728038342,12958.0406299344,21.37,-0.800000000000001,-0.860000000000003
41361,1157807,6335.23572853401,12972.5197076961,21.68,0.309999999999999,1.11
41362,1157807,6320.37345444192,12988.5364273606,21.85,0.170000000000002,-0.139999999999997
41363,1157807,6305.45676470098,13004.6117894769,21.93,0.0799999999999983,-0.0900000000000034
41364,1157807,6292.42490098342,13021.545288312,21.46,-0.469999999999999,-0.549999999999997
41365,1157807,6280.88206245771,13039.8615482678,21.65,0.189999999999998,0.659999999999997
41366,1157807,6269.3658817577,13058.1355073923,21.6,-0.0499999999999972,-0.239999999999995
41367,1157807,6257.77505914574,13076.5279088445,21.74,0.139999999999997,0.189999999999994
41368,1157807,6250.36311324498,13097.367554661,22.14,0.400000000000002,0.260000000000005
41369,1157807,6243.12074145247,13118.3106597512,22.16,0.0199999999999996,-0.380000000000003
41370,1157807,6235.96334333623,13139.0080424893,21.89,-0.27,-0.289999999999999
41371,1157807,6228.81248165663,13159.6865235079,21.88,-0.0100000000000016,0.259999999999998
41372,1157807,6221.84904642612,13180.1750908568,21.65,-0.23,-0.219999999999999
41373,1157807,6218.61773119447,13202.027475209,22.09,0.440000000000001,0.670000000000002
41374,1157807,6215.49173723791,13223.1676043898,21.37,-0.719999999999999,-1.16
41375,1157807,6214.37963548254,13244.9080854997,21.85,0.48,1.2
41376,1157807,6214.96154630051,13266.860374214,21.96,0.109999999999999,-0.370000000000001
41377,1157807,6215.53789239753,13288.6027366702,21.75,-0.210000000000001,-0.32
41378,1157807,6217.11915324566,13310.3610163952,21.93,0.18,0.390000000000001
41379,1157807,6223.50576855195,13331.1103596361,21.71,-0.219999999999999,-0.399999999999999
41380,1157807,6229.79236316713,13351.5347477088,21.37,-0.34,-0.120000000000001
41381,1157807,6236.10249206256,13372.0355958211,21.45,0.0799999999999983,0.419999999999998
41382,1157807,6242.46851487363,13392.7180365274,21.64,0.190000000000001,0.110000000000003
41383,1157807,6247.64017296136,13409.520130225,17.59,-4.05,-4.24
41384,1157807,6251.7469048672,13422.8624071316,13.95,-3.64,0.41
41385,1157807,6254.79459416122,13432.7639822572,10.36,-3.59,0.0500000000000007
41386,1157807,6256.54201447072,13438.441140196,5.95,-4.41,-0.819999999999999
41387,1157807,6257.6951942036,13442.1876821354,3.92,-2.03,2.38
41388,1157807,6260.81074603244,13450.6846864117,5.9,1.98,4.01
41389,1157807,6263.60646320147,13457.4172984984,7.29,1.39,-0.590000000000001
41390,1157807,6267.20369599235,13466.0801107582,9.38,2.09,0.700000000000001
41391,1157807,6271.6446294378,13476.7747126738,11.58,2.2,0.109999999999999
41392,1157807,6276.58411327005,13488.6699175678,12.88,1.3,-0.899999999999999
