"V1","V2","V3","V4","V5","acceleration","jerk"
48572,1174802,6646.61788647918,12777.8304450656,33.12,0.0600000000000023,0
48573,1174802,6618.14507212493,12794.8660326031,33.18,0.0600000000000023,0
48574,1174802,6590.10132368923,12811.64490544,32.68,-0.5,-0.560000000000002
48575,1174802,6557.18653877191,12827.5196179057,32.93,0.25,0.75
48576,1174802,6529.15820949683,12844.5371634998,32.78,-0.149999999999999,-0.399999999999999
48577,1174802,6501.13842805014,12861.5495192355,32.79,0.00999999999999801,0.159999999999997
48578,1174802,6473.81102070265,12878.1414964433,31.97,-0.82,-0.829999999999998
48579,1174802,6450.33868395688,12892.3928475264,27.46,-4.51,-3.69
48580,1174802,6430.43079164775,12904.4800276694,23.29,-4.17,0.339999999999996
48581,1174802,6409.07935101315,12917.7399252307,21.99,-1.3,2.87
48582,1174802,6391.35281300659,12930.0821231834,21.6,-0.389999999999997,0.910000000000004
48583,1174802,6373.38827981384,12942.5900265715,21.89,0.289999999999999,0.679999999999996
48584,1174802,6355.25961200992,12955.2122095703,22.1,0.210000000000001,-0.0799999999999983
48585,1174802,6338.35782638676,12969.1550970205,22.03,-0.0700000000000003,-0.280000000000001
48586,1174802,6323.65199728512,12985.0032196359,21.61,-0.420000000000002,-0.350000000000001
48587,1174802,6308.62647624648,13001.195866656,22.09,0.48,0.900000000000002
48588,1174802,6294.58418486467,13018.1189209761,22.07,-0.0199999999999996,-0.5
48589,1174802,6283.15330920688,13036.2575174405,21.44,-0.629999999999999,-0.609999999999999
48590,1174802,6271.55715502978,13054.6583790589,21.74,0.299999999999997,0.929999999999996
48591,1174802,6259.72641198657,13073.4314879929,22.2,0.460000000000001,0.160000000000004
48592,1174802,6251.79459286823,13093.2280781134,21.42,-0.779999999999998,-1.24
48593,1174802,6244.57836682227,13114.095576326,22.08,0.659999999999997,1.43999999999999
48594,1174802,6237.49613772734,13134.575589291,21.67,-0.409999999999997,-1.06999999999999
48595,1174802,6230.43678616064,13154.9894462381,21.59,-0.0800000000000018,0.329999999999995
48596,1174802,6223.39377568552,13175.3560488868,21.56,-0.0300000000000011,0.0500000000000007
48597,1174802,6219.3564429156,13197.0317965771,22.11,0.550000000000001,0.580000000000002
48598,1174802,6216.16316036662,13218.6269776729,21.83,-0.280000000000001,-0.830000000000002
48599,1174802,6214.25350180798,13240.1497569805,21.68,-0.149999999999999,0.130000000000003
48600,1174802,6214.82401819736,13261.67219669,21.53,-0.149999999999999,0
48601,1174802,6215.40672397545,13283.6544748699,21.99,0.459999999999997,0.609999999999996
48602,1174802,6215.99340455422,13305.786700377,22.14,0.150000000000002,-0.309999999999995
48603,1174802,6222.07017745592,13326.4462972217,21.57,-0.57,-0.720000000000002
48604,1174802,6228.42737491189,13347.1000654132,21.61,0.0399999999999991,0.609999999999999
48605,1174802,6234.93460340453,13368.241266357,22.12,0.510000000000002,0.470000000000002
48606,1174802,6240.98879700211,13387.9106115388,20.58,-1.54,-2.05
48607,1174802,6246.06337618375,13404.3973075732,17.25,-3.33,-1.79
48608,1174802,6249.85533709108,13416.7169314504,12.89,-4.36,-1.03
48609,1174802,6252.714752143,13426.0068262594,9.72,-3.17,1.19
48610,1174802,6254.58572742389,13432.0853994059,6.36,-3.36,-0.19
48611,1174802,6255.57710897995,13435.3062785732,3.37,-2.99,0.37
48612,1174802,6256.07132886547,13436.9119394044,1.68,-1.69,1.3
48613,1174802,6256.18017491168,13437.2655670875,0.37,-1.31,0.38
48614,1174802,6256.19488383685,13437.3133546122,0.05,-0.32,0.99
48615,1174802,6256.20076740691,13437.3324696221,0.02,-0.03,0.29
48616,1174802,6256.20370919195,13437.342027127,0.01,-0.01,0.02
48617,1174802,6256.54789804079,13438.4602552059,1.17,1.16,1.17
48618,1174802,6257.54810495195,13441.709806888,3.41,2.24,1.08
48619,1174802,6259.90568533026,13448.5051302354,4.05,0.64,-1.6
48620,1174802,6262.10314203514,13453.7970187481,5.73,1.68,1.04
48621,1174802,6264.81832414168,13460.3356872768,7.08,1.35,-0.330000000000001
48622,1174802,6268.01288162015,13468.0287817463,8.33,1.25,-0.0999999999999996
48623,1174802,6272.07031476806,13477.7998429092,10.58,2.25,1
48624,1174802,6276.74134839203,13489.0485692764,12.18,1.6,-0.65
