"V1","V2","V3","V4","V5","acceleration","jerk"
23652,1180893,6236.87420129186,13486.9171891955,21.53,0.669999999999998,0
23653,1180893,6226.97438435505,13467.0584447155,22.2,0.669999999999998,0
23654,1180893,6217.51319274404,13447.1192683709,22.07,-0.129999999999999,-0.799999999999997
23655,1180893,6208.35208423804,13427.8125081315,21.37,-0.699999999999999,-0.57
23656,1180893,6198.99377826303,13408.0901601659,21.83,0.459999999999997,1.16
23657,1180893,6189.83266975703,13388.7833999265,21.37,-0.459999999999997,-0.919999999999995
23658,1180893,6180.42292096401,13368.9526377714,21.95,0.579999999999998,1.04
23659,1180893,6166.92164687483,13338.0688299617,21.9,-0.0500000000000007,-0.629999999999999
23660,1180893,6159.49482295015,13317.77512684,21.61,-0.289999999999999,-0.239999999999998
23661,1180893,6151.98551694579,13297.2560424712,21.85,0.240000000000002,0.530000000000001
23662,1180893,6144.38341860179,13276.4834041995,22.12,0.27,0.0299999999999976
23663,1180893,6136.88785961071,13256.0018833719,21.81,-0.310000000000002,-0.580000000000002
23664,1180893,6130.47831466877,13238.4878822974,18.65,-3.16,-2.85
23665,1180893,6123.65944868812,13223.1426613481,16.81,-1.84,1.32
23666,1180893,6117.66932273283,13210.1577319667,14.3,-2.51,-0.669999999999998
23667,1180893,6112.38712075407,13198.7073851486,12.6,-1.7,0.809999999999997
23668,1180893,6107.85473174454,13188.8824245957,10.83,-1.77,-0.0699999999999985
23669,1180893,6103.54854329556,13179.5478040334,10.28,-0.550000000000001,1.22
23670,1180893,6100.08851249901,13172.0474182508,8.26,-2.02,-1.47
23671,1180893,6097.62962862785,13166.7172409453,5.87,-2.39,-0.37
23672,1180893,6095.42626761212,13161.9409662218,5.26,-0.61,1.78
23673,1180893,6093.48261835111,13157.7276744505,4.64,-0.62,-0.00999999999999979
23674,1180893,6090.65930024351,13151.6075049379,6.74,2.1,2.72
23675,1180893,6088.69470648614,13147.3488113156,4.69,-2.05,-4.15
23676,1180893,6087.63491497097,13145.0514776558,2.53,-2.16,-0.110000000000001
23677,1180893,6087.24534733892,13144.2070032275,0.93,-1.6,0.560000000000001
23678,1180893,6086.91442429663,13143.489653982,0.79,-0.14,1.46
23679,1180893,6084.3244753525,13138.3622905094,2.33,1.54,1.68
23680,1180893,6082.47593970382,13134.8715289943,3.94,1.61,0.0699999999999998
23681,1180893,6079.5604011997,13129.3658469084,6.23,2.29,0.680000000000001
23682,1180893,6075.86332990235,13122.3843238781,7.9,1.67,-0.620000000000001
23683,1180893,6071.08989607538,13113.3702055352,10.2,2.3,0.629999999999999
23684,1180893,6065.90557615638,13103.2424304862,11.38,1.18,-1.12
23685,1180893,6060.38390061935,13091.5839100284,12.9,1.52,0.339999999999998
23686,1180893,6054.04467467335,13078.1992055339,14.81,1.91,0.390000000000001
23687,1180893,6047.00346827148,13063.3323325471,16.45,1.64,-0.270000000000001
23688,1180893,6039.35444952367,13047.1821185486,17.87,1.42,-0.219999999999997
23689,1180893,6031.15754359079,13029.8750901172,19.15,1.28,-0.140000000000004
23690,1180893,6022.36566641788,13011.3118335123,20.54,1.39,0.110000000000003
23691,1180893,6004.08708954692,12987.4688058889,21.78,1.24,-0.149999999999999
23692,1180893,5985.59538387309,12975.9624694961,21.93,0.149999999999999,-1.09
23693,1180893,5964.2744784084,12972.8077722396,22.07,0.140000000000001,-0.00999999999999801
23694,1180893,5943.99294665905,12979.6848719978,21.71,-0.359999999999999,-0.5
23695,1180893,5927.21196882126,12993.0419532488,22.01,0.300000000000001,0.66
23696,1180893,5914.89936603188,13010.4594362056,21.34,-0.670000000000002,-0.970000000000002
23697,1180893,5905.49447813018,13030.0460443144,21.72,0.379999999999999,1.05
23698,1180893,5903.99,13051.3346145411,21.63,-0.0899999999999999,-0.469999999999999
23699,1180893,5912.80714948561,13070.5067635199,21.34,-0.289999999999999,-0.199999999999999
23700,1180893,5930.84875592327,13082.0850788551,22.15,0.809999999999999,1.1
23701,1180893,5951.53716715585,13083.9854847469,20.91,-1.24,-2.05
23702,1180893,5968.07152961015,13081.6374141177,16.75,-4.16,-2.92
23703,1180893,5982.38928029581,13078.8290872681,14.6,-2.15,2.01
23704,1180893,5993.64475658178,13075.9414145761,11.62,-2.98,-0.83
23705,1180893,6001.97497138895,13073.8042385734,8.59,-3.03,-0.0499999999999989
23706,1180893,6006.64376619947,13072.6064259766,4.82,-3.77,-0.74
23707,1180893,6009.01690878989,13071.9975793246,2.45,-2.37,1.4
23708,1180893,6015.84473568525,13069.7248352066,3.94,1.49,3.86
23709,1180893,6020.90264572611,13067.440093204,5.55,1.61,0.12
23710,1180893,6027.84701951195,13064.3032041842,7.62,2.07,0.46
23711,1180893,6036.79633061128,13060.2606516678,9.82,2.2,0.13
23712,1180893,6047.69589891556,13055.3371355685,11.96,2.14,-0.0599999999999996
23713,1180893,6060.17207701637,13049.7014386287,13.69,1.73,-0.410000000000002
23714,1180893,6073.94235101952,13043.4811770685,15.11,1.42,-0.309999999999999
23715,1180893,6089.01583427644,13036.6722342354,16.53,1.42,1.77635683940025e-15
23716,1180893,6105.58390716706,13029.1881604323,18.19,1.66,0.239999999999998
23717,1180893,6123.90174353128,13020.9136893958,20.1,1.91,0.25
23718,1180893,6143.81441639486,13011.9188042143,21.84,1.74,-0.170000000000002
23719,1180893,6164.82980478088,13002.4258041098,23.06,1.22,-0.52
23720,1180893,6187.09372231211,12992.368822646,24.42,1.36,0.140000000000004
23721,1180893,6210.42390196007,12981.8301928682,25.6,1.18,-0.180000000000003
23722,1180893,6235.1666510789,12970.6534819905,27.15,1.55,0.369999999999997
23723,1180893,6261.29462961433,12958.8510399698,28.67,1.52,-0.029999999999994
23724,1180893,6288.29149066391,12945.5184526289,30.13,1.46,-0.0600000000000058
23725,1180893,6315.89473746569,12930.5092166057,31.42,1.29,-0.169999999999995
23726,1180893,6344.35015324893,12915.0366146073,32.39,0.969999999999999,-0.320000000000004
23727,1180893,6373.15697892144,12899.3729338561,32.79,0.399999999999999,-0.57
23728,1180893,6403.16829255559,12883.0969048998,33.28,0.490000000000002,0.0900000000000034
23729,1180893,6432.07017391259,12867.2110100863,32.98,-0.300000000000004,-0.790000000000006
23730,1180893,6461.22619552411,12851.1854272954,33.27,0.290000000000006,0.590000000000011
23731,1180893,6490.0579692247,12835.3380670964,32.9,-0.370000000000005,-0.660000000000011
23732,1180893,6519.05624860928,12819.399187188,33.09,0.190000000000005,0.560000000000009
23733,1180893,6548.02547597052,12803.0455652531,33.27,0.18,-0.0100000000000051
23734,1180893,6576.62529044953,12786.1846455935,33.2,-0.0700000000000003,-0.25
23735,1180893,6605.27679134025,12769.2932543924,33.26,0.0599999999999952,0.129999999999995
23736,1180893,6633.84214821145,12752.4526490939,33.16,-0.100000000000001,-0.159999999999997
