"V1","V2","V3","V4","V5","acceleration","jerk"
60812,1197306,6236.72749886244,13486.6555054222,21.67,-0.0300000000000011,0
60813,1197306,6227.09013069556,13467.3023766418,21.64,-0.0300000000000011,0
60814,1197306,6217.68895570555,13447.4896835182,21.93,0.289999999999999,0.32
60815,1197306,6208.27063310953,13427.6408523316,21.96,0.0300000000000011,-0.259999999999998
60816,1197306,6198.83516290752,13407.7558830817,22.01,0.0500000000000007,0.0199999999999996
60817,1197306,6189.43827481901,13387.952224474,21.92,-0.0899999999999999,-0.140000000000001
60818,1197306,6180.03281292749,13368.1304968347,21.94,0.0199999999999996,0.109999999999999
60819,1197306,6166.51267322974,13336.9513146116,22.17,0.23,0.210000000000001
60820,1197306,6159.05148177186,13316.563702637,21.72,-0.450000000000003,-0.680000000000003
60821,1197306,6151.51468174094,13295.9694911859,21.92,0.200000000000003,0.650000000000006
60822,1197306,6143.98475521666,13275.3940615053,21.91,-0.0100000000000016,-0.210000000000004
60823,1197306,6136.4926329789,13254.921931563,21.8,-0.109999999999999,-0.0999999999999979
60824,1197306,6128.78247249464,13234.2479540988,22.07,0.27,0.379999999999999
60825,1197306,6119.8391725544,13214.8613637286,21.35,-0.719999999999999,-0.989999999999998
60826,1197306,6112.00593092055,13197.8810714607,18.7,-2.65,-1.93
60827,1197306,6105.56340384416,13183.915462098,15.37,-3.33,-0.679999999999998
60828,1197306,6100.33146865663,13172.5740797223,12.49,-2.88,0.450000000000001
60829,1197306,6096.30174755944,13163.838763593,9.62,-2.87,0.00999999999999801
60830,1197306,6093.82191919193,13158.4631844365,5.92,-3.7,-0.829999999999998
60831,1197306,6090.71794483328,13151.7346301206,7.4,1.48,5.18
60832,1197306,6088.82456236349,13147.6303027917,4.52,-2.88,-4.36
60833,1197306,6087.70612625855,13145.2058439492,2.67,-1.85,1.03
60834,1197306,6084.35255437501,13138.415314735,4.15,1.48,3.33
60835,1197306,6081.35277880336,13132.7505599724,6.41,2.26,0.779999999999999
60836,1197306,6077.42171565174,13125.3271683959,8.4,1.99,-0.27
60837,1197306,6072.59212377975,13116.2070016019,10.32,1.92,-0.0700000000000003
60838,1197306,6067.23677080136,13106.0531280539,11.48,1.16,-0.76
60839,1197306,6061.54388051899,13094.0331030858,13.3,1.82,0.66
60840,1197306,6055.31166378883,13080.8743389103,14.56,1.26,-0.56
60841,1197306,6048.57436355992,13066.6491364292,15.74,1.18,-0.0800000000000001
60842,1197306,6041.31913872638,13051.3303828045,16.95,1.21,0.0299999999999994
60843,1197306,6033.3918960174,13034.5927239768,18.52,1.57,0.360000000000001
60844,1197306,6024.86112133112,13016.5807617502,19.92,1.4,-0.169999999999998
60845,1197306,6015.6069643458,12997.0414429676,21.62,1.7,0.299999999999997
60846,1197306,5990.88668522177,12978.2340115949,22.1,0.48,-1.22
60847,1197306,5970.35418181884,12971.8164062924,21.75,-0.350000000000001,-0.830000000000002
60848,1197306,5949.53899602149,12976.7174764278,21.58,-0.170000000000002,0.18
60849,1197306,5930.81974038402,12987.9383776051,22.05,0.470000000000002,0.640000000000004
60850,1197306,5918.44941324963,13005.4375177722,21.43,-0.620000000000001,-1.09
60851,1197306,5908.19231124638,13024.4082968496,21.63,0.199999999999999,0.82
60852,1197306,5903.99,13045.0446145411,21.58,-0.0500000000000007,-0.25
60853,1197306,5910.0620228441,13065.2617011064,21.72,0.140000000000001,0.190000000000001
60854,1197306,5925.44806350634,13079.4942061416,22.08,0.359999999999999,0.219999999999999
60855,1197306,5946.21543549753,13083.6887152121,21.57,-0.509999999999998,-0.869999999999997
60856,1197306,5963.8738043945,13082.3631571948,17.83,-3.74,-3.23
60857,1197306,5979.44464622444,13079.5845541342,15.82,-2.01,1.73
60858,1197306,5992.04651769436,13076.351454158,13.01,-2.81,-0.800000000000002
60859,1197306,6001.13226361194,13074.0204412621,9.38,-3.63,-0.819999999999999
60860,1197306,6006.45004027373,13072.6561277441,5.5,-3.88,-0.250000000000002
60861,1197306,6009.80149878917,13071.7962871662,3.46,-2.04,1.84
60862,1197306,6017.4304588332,13069.0085377139,4.87,1.41,3.45
60863,1197306,6023.44527077368,13066.2915472243,6.6,1.73,0.319999999999999
60864,1197306,6031.35565981057,13062.7182930652,8.69,2.09,0.36
60865,1197306,6040.4507845327,13058.6098741128,9.98,1.29,-0.799999999999999
60866,1197306,6050.70330488581,13053.9786403237,11.24,1.26,-0.0300000000000011
60867,1197306,6062.72381541536,13048.5487759968,13.19,1.95,0.69
60868,1197306,6076.62167633846,13042.2708813049,15.25,2.06,0.110000000000001
60869,1197306,6091.96856013813,13035.3384389042,16.84,1.59,-0.470000000000001
60870,1197306,6108.89205373433,13027.693815663,18.56,1.72,0.129999999999999
60871,1197306,6127.06407647575,13019.4852110626,19.94,1.38,-0.339999999999996
60872,1197306,6146.58487522806,13010.6673419282,21.42,1.48,0.0999999999999979
60873,1197306,6167.14459604282,13001.3801744365,22.57,1.15,-0.330000000000002
60874,1197306,6189.08954627418,12991.4672758017,24.08,1.51,0.359999999999999
60875,1197306,6211.94583164804,12981.1427119413,25.08,1,-0.509999999999998
60876,1197306,6236.09621292425,12970.2335834603,26.5,1.42,0.420000000000002
60877,1197306,6261.65916367132,12958.6863738796,28.05,1.55,0.129999999999999
60878,1197306,6287.58867088538,12945.9006101343,28.93,0.879999999999999,-0.670000000000002
60879,1197306,6314.15525851382,12931.4550564315,30.24,1.31,0.43
60880,1197306,6341.7321495739,12916.4601513148,31.39,1.15,-0.159999999999997
60881,1197306,6370.36327030178,12900.8920099399,32.59,1.2,0.0500000000000007
60882,1197306,6399.88199616114,12884.9032149529,32.72,0.129999999999995,-1.07000000000001
60883,1197306,6428.74006023289,12869.0414042734,32.93,0.210000000000001,0.0800000000000054
60884,1197306,6457.76462998862,12853.0880738846,33.12,0.189999999999998,-0.0200000000000031
60885,1197306,6486.5262960328,12837.2792483001,32.83,-0.289999999999999,-0.479999999999997
60886,1197306,6515.69108110137,12821.2488486823,33.28,0.450000000000003,0.740000000000002
60887,1197306,6544.24375351381,12805.2750663767,32.73,-0.550000000000004,-1.00000000000001
60888,1197306,6572.53344952256,12788.5969759665,32.84,0.110000000000007,0.660000000000011
60889,1197306,6601.21079361913,12771.6903489946,33.28,0.439999999999998,0.329999999999991
60890,1197306,6629.82783690204,12754.8192721545,33.23,-0.0500000000000043,-0.490000000000002
60891,1197306,6658.10030410689,12738.1513389248,32.82,-0.409999999999997,-0.359999999999992
