"V1","V2","V3","V4","V5","acceleration","jerk"
48925,1203185,6641.76086028132,12780.7364554774,33.27,-0.300000000000004,0
48926,1203185,6613.46825361286,12797.6642228406,32.97,-0.300000000000004,0
48927,1203185,6585.30436671996,12814.5149757936,32.82,-0.149999999999999,0.150000000000006
48928,1203185,6552.45104184651,12830.3947994425,32.88,0.0600000000000023,0.210000000000001
48929,1203185,6524.05515595087,12847.6355089465,33.22,0.339999999999996,0.279999999999994
48930,1203185,6496.00973101902,12864.6634342573,32.81,-0.409999999999997,-0.749999999999993
48931,1203185,6469.69951524937,12880.6378183191,30.78,-2.03,-1.62
48932,1203185,6446.79133517702,12894.5466387498,26.8,-3.98,-1.95
48933,1203185,6427.35357342907,12906.3483766824,22.74,-4.06,-0.0800000000000018
48934,1203185,6406.05927416759,12919.8426700671,22.07,-0.669999999999998,3.39
48935,1203185,6387.97984674701,12932.4305691827,22.03,-0.0399999999999991,0.629999999999999
48936,1203185,6370.15482797376,12944.8413349018,21.71,-0.32,-0.280000000000001
48937,1203185,6351.93588613369,12957.5263716864,22.21,0.5,0.82
48938,1203185,6335.83430067136,12971.8746407256,21.69,-0.52,-1.02
48939,1203185,6321.10806570139,12987.7447542604,21.65,-0.0400000000000027,0.479999999999997
48940,1203185,6306.37502877532,13003.6221981018,21.66,0.0100000000000016,0.0500000000000043
48941,1203185,6293.09134662578,13020.4877675293,21.56,-0.100000000000001,-0.110000000000003
48942,1203185,6281.54317653493,13038.8124876514,21.66,0.100000000000001,0.200000000000003
48943,1203185,6269.98967487895,13057.1456679398,21.67,0.0100000000000016,-0.0899999999999999
48944,1203185,6258.48415730921,13075.4027067318,21.57,-0.100000000000001,-0.110000000000003
48945,1203185,6250.91544214071,13095.7703593721,21.79,0.219999999999999,0.32
48946,1203185,6243.8920409755,13116.0802568625,21.49,-0.300000000000001,-0.52
48947,1203185,6236.83922584544,13136.4752120903,21.58,0.0899999999999999,0.390000000000001
48948,1203185,6229.65895020097,13157.2387508462,21.97,0.390000000000001,0.300000000000001
48949,1203185,6222.48847921146,13177.973937023,21.93,-0.0399999999999991,-0.43
48950,1203185,6218.96587652047,13199.6730761706,22.01,0.0800000000000018,0.120000000000001
48951,1203185,6215.7477264482,13221.4364286263,22,-0.0100000000000016,-0.0900000000000034
48952,1203185,6214.33644264861,13243.2786578765,21.97,-0.0300000000000011,-0.0199999999999996
48953,1203185,6214.92206328053,13265.3708974297,22.1,0.130000000000003,0.160000000000004
48954,1203185,6215.49257966991,13286.8933371392,21.52,-0.580000000000002,-0.710000000000004
48955,1203185,6216.44254268811,13308.1627902573,21.35,-0.169999999999998,0.410000000000004
48956,1203185,6222.77620586381,13328.7400984091,21.53,0.18,0.349999999999998
48957,1203185,6229.05691690892,13349.1453714719,21.35,-0.18,-0.359999999999999
48958,1203185,6235.57591254169,13370.3248024355,22.16,0.809999999999999,0.989999999999998
48959,1203185,6241.86544894189,13390.7587480132,21.38,-0.780000000000001,-1.59
48960,1203185,6247.01651453439,13407.4939391761,17.51,-3.87,-3.09
48961,1203185,6251.27033569188,13421.3140913302,14.46,-3.05,0.819999999999997
48962,1203185,6254.3180249859,13431.2156664557,10.35,-4.11,-1.06
48963,1203185,6256.4861205551,13438.259547602,7.37,-2.98,1.13
48964,1203185,6257.70990312876,13442.2354696601,4.17,-3.2,-0.220000000000001
48965,1203185,6258.03644126741,13443.2963527093,1.11,-3.06,0.140000000000001
48966,1203185,6258.35121226592,13444.3190057387,1.07,-0.04,3.02
48967,1203185,6258.39828082644,13444.4719258178,0.16,-0.91,-0.87
48968,1203185,6258.41,13444.51,0.05,-0.11,0.8
48969,1203185,6258.41,13444.51,0,-0.05,0.06
48970,1203185,6258.41,13444.51,0,0,0.05
48971,1203185,6258.41,13444.51,0,0,0
48972,1203185,6258.41,13444.51,0,0,0
48973,1203185,6258.41,13444.51,0,0,0
48974,1203185,6258.41,13444.51,0,0,0
48975,1203185,6258.41,13444.51,0,0,0
48976,1203185,6258.41,13444.51,0,0,0
48977,1203185,6258.41,13444.51,0,0,0
48978,1203185,6258.41,13444.51,0,0,0
48979,1203185,6258.41,13444.51,0,0,0
48980,1203185,6258.41,13444.51,0,0,0
48981,1203185,6260.24316559209,13449.3178460978,1.99,1.99,1.99
48982,1203185,6261.6889617138,13452.7995947352,3.77,1.78,-0.21
48983,1203185,6263.93243845438,13458.2023081382,5.86,2.09,0.31
48984,1203185,6266.67446558175,13464.8056245196,7.15,1.29,-0.8
48985,1203185,6270.17582329824,13473.2375515912,9.13,1.98,0.69
48986,1203185,6274.24859645806,13483.0455543842,10.62,1.49,-0.490000000000002
48987,1203185,6278.80457999277,13494.0172185256,11.88,1.26,-0.229999999999997
