"V1","V2","V3","V4","V5","acceleration","jerk"
78025,1203044,6242.08213753607,13496.2069631473,21.66,0.0599999999999987,0
78026,1203044,6231.74141882331,13477.104826272,21.72,0.0599999999999987,0
78027,1203044,6222.47313777981,13457.5722031379,21.63,-0.0899999999999999,-0.149999999999999
78028,1203044,6213.1705615243,13437.9673038775,21.7,0.0700000000000003,0.16
78029,1203044,6203.9580102003,13418.5521294486,21.48,-0.219999999999999,-0.289999999999999
78030,1203044,6194.47538408178,13398.5677805251,22.12,0.640000000000001,0.859999999999999
78031,1203044,6185.13851261427,13378.8906051384,21.78,-0.34,-0.98
78032,1203044,6175.64731269275,13358.8881871833,22.14,0.359999999999999,0.699999999999999
78033,1203044,6163.04498912979,13327.4759113494,22.04,-0.100000000000001,-0.460000000000001
78034,1203044,6155.63534897171,13307.2291626541,21.55,-0.489999999999998,-0.389999999999997
78035,1203044,6148.07792842087,13286.5786058912,21.99,0.439999999999998,0.929999999999996
78036,1203044,6140.73358657587,13266.5102840166,21.37,-0.619999999999997,-1.06
78037,1203044,6133.13836173851,13245.7564275155,22.11,0.739999999999998,1.36
78038,1203044,6124.7862625916,13225.585280931,21.85,-0.259999999999998,-0.999999999999996
78039,1203044,6115.82620705428,13206.1623690801,21.39,-0.460000000000001,-0.200000000000003
78040,1203044,6107.49867530664,13188.1105931289,19.88,-1.51,-1.05
78041,1203044,6100.40686884348,13172.7375263858,16.92,-2.96,-1.45
78042,1203044,6095.1414224618,13161.3235010484,12.58,-4.34,-1.38
78043,1203044,6091.3588464215,13153.1239267608,9.03,-3.55,0.790000000000001
78044,1203044,6088.71565098249,13147.3942131666,6.31,-2.72,0.830000000000001
78045,1203044,6083.40722728379,13136.6301658082,8.58,2.27,4.99
78046,1203044,6078.46999915884,13127.306739483,10.55,1.97,-0.3
78047,1203044,6072.86823416778,13116.7284064865,11.97,1.42,-0.550000000000001
78048,1203044,6066.73596767126,13104.9957273612,13.24,1.27,-0.15
78049,1203044,6060.41386319979,13091.6471733177,14.77,1.53,0.26
78050,1203044,6053.22712426438,13076.4730214971,16.79,2.02,0.49
78051,1203044,6045.2998815554,13059.7353626694,18.52,1.73,-0.289999999999999
78052,1203044,6036.91035903402,13042.0216416638,19.6,1.08,-0.649999999999999
78053,1203044,6027.96010822167,13023.123993387,20.91,1.31,0.229999999999997
78054,1203044,6018.73163344816,13003.6389002809,21.56,0.649999999999999,-0.66
78055,1203044,5997.47459650509,12982.8428102369,21.36,-0.199999999999999,-0.849999999999998
78056,1203044,5977.83311898848,12973.5450030825,21.99,0.629999999999999,0.829999999999998
78057,1203044,5956.32941145158,12974.1033072841,22,0.0100000000000016,-0.619999999999997
78058,1203044,5936.49828535846,12983.6948660115,22.16,0.16,0.149999999999999
78059,1203044,5922.29385462691,12999.9991475663,22.04,-0.120000000000001,-0.280000000000001
78060,1203044,5910.87719476361,13018.7976105726,22.07,0.0300000000000011,0.150000000000002
78061,1203044,5903.99,13039.0246145411,21.79,-0.280000000000001,-0.310000000000002
78062,1203044,5907.21488136119,13059.8217208328,21.59,-0.199999999999999,0.0800000000000018
78063,1203044,5919.48836786763,13076.6351629635,21.61,0.0199999999999996,0.219999999999999
78064,1203044,5939.87528614849,13083.3351530083,21.83,0.219999999999999,0.199999999999999
78065,1203044,5959.32134183668,13083.1502306727,19.55,-2.28,-2.5
78066,1203044,5976.2797575553,13080.2182967863,17.21,-2.34,-0.0600000000000023
78067,1203044,5989.06313843783,13077.1168613776,13.16,-4.05,-1.71
78068,1203044,5998.84629768811,13074.6069221186,10.09,-3.07,0.98
78069,1203044,6004.83242879373,13073.0711375027,6.18,-3.91,-0.84
78070,1203044,6008.87161434558,13072.0348556503,4.17,-2.01,1.9
78071,1203044,6017.43957218462,13069.0044210616,5.84,1.67,3.68
78072,1203044,6024.32015251048,13065.8963486076,7.55,1.71,0.04
78073,1203044,6032.32167506162,13062.281927926,8.78,1.23,-0.48
78074,1203044,6042.3099082234,13057.7700770524,10.96,2.18,0.950000000000002
78075,1203044,6053.79273101888,13052.5830952086,12.6,1.64,-0.540000000000003
78076,1203044,6066.76103009663,13046.7250990469,14.23,1.63,-0.00999999999999801
78077,1203044,6080.81381799395,13040.3772212667,15.42,1.19,-0.440000000000001
78078,1203044,6095.84173449375,13033.588861695,16.49,1.07,-0.120000000000001
78079,1203044,6112.06350003022,13026.2612206776,17.8,1.31,0.240000000000004
78080,1203044,6129.78896855181,13018.2543320378,19.45,1.65,0.339999999999996
78081,1203044,6148.74473951578,13009.6916953433,20.8,1.35,-0.299999999999997
78082,1203044,6168.63918567652,13000.7050434664,21.83,1.03,-0.320000000000004
78083,1203044,6189.70014081966,12991.1914601005,23.11,1.28,0.250000000000004
78084,1203044,6211.63597769959,12981.282678118,24.07,0.960000000000001,-0.32
78085,1203044,6234.49226307345,12970.9581142576,25.08,1.01,0.0499999999999972
78086,1203044,6258.33279040121,12960.1889519533,26.16,1.08,0.0700000000000038
78087,1203044,6282.85342262753,12948.4753963267,27.18,1.02,-0.0600000000000023
78088,1203044,6307.46968537055,12935.0903297013,28.02,0.84,-0.18
78089,1203044,6333.26317124261,12921.0651492544,29.36,1.34,0.5
78090,1203044,6360.30416222156,12906.3616392355,30.78,1.42,0.0800000000000018
78091,1203044,6388.62779929633,12890.9606917693,32.24,1.46,0.0399999999999991
78092,1203044,6418.19762139951,12874.8360469237,32.83,0.589999999999996,-0.870000000000005
78093,1203044,6447.00310472895,12859.0031372051,32.87,0.0399999999999991,-0.549999999999997
78094,1203044,6476.12407251225,12842.9968217214,33.23,0.359999999999999,0.32
78095,1203044,6505.07853461157,12827.0820259471,33.04,-0.189999999999998,-0.549999999999997
78096,1203044,6534.23455622309,12811.0564431561,33.28,0.240000000000002,0.43
78097,1203044,6562.44598483735,12794.5440051597,32.69,-0.590000000000003,-0.830000000000005
78098,1203044,6590.68399443439,12777.896386291,32.78,0.0900000000000034,0.680000000000007
78099,1203044,6618.87893202168,12761.2741603736,32.73,-0.0500000000000043,-0.140000000000008
78100,1203044,6647.5476617163,12744.3726119919,33.28,0.550000000000004,0.600000000000009
