"V1","V2","V3","V4","V5","acceleration","jerk"
44423,1206118,6239.7691292323,13492.0810823218,22.2,-0.379999999999999,0
44424,1206118,6229.6751323002,13472.7501896621,21.82,-0.379999999999999,0
44425,1206118,6220.37684294619,13453.1543249174,21.69,-0.129999999999999,0.25
44426,1206118,6211.13857021319,13433.6849433939,21.55,-0.140000000000001,-0.0100000000000016
44427,1206118,6201.86600226818,13414.143285744,21.63,0.0799999999999983,0.219999999999999
44428,1206118,6192.48626178567,13394.3757651994,21.88,0.25,0.170000000000002
44429,1206118,6183.13652961366,13374.6714862653,21.82,-0.0599999999999987,-0.309999999999999
44430,1206118,6173.93255209266,13355.274380868,21.47,-0.350000000000001,-0.290000000000003
44431,1206118,6161.76995364804,13323.991892905,21.74,0.27,0.620000000000001
44432,1206118,6154.23659037044,13303.4070723392,21.92,0.180000000000003,-0.0899999999999963
44433,1206118,6146.82351345904,13283.1509327587,21.57,-0.350000000000001,-0.530000000000005
44434,1206118,6139.46886135408,13263.0544382282,21.4,-0.170000000000002,0.18
44435,1206118,6132.13482976905,13243.0142890094,21.35,-0.0499999999999972,0.120000000000005
44436,1206118,6123.69295988228,13223.2153043097,21.54,0.189999999999998,0.239999999999995
44437,1206118,6114.58629287053,13203.4745795019,21.73,0.190000000000001,3.5527136788005e-15
44438,1206118,6106.10377184992,13185.0868298534,20.25,-1.48,-1.67
44439,1206118,6099.49368880275,13170.7580056829,15.77,-4.48,-3
44440,1206118,6094.46700967942,13159.8615614468,12.01,-3.76,0.720000000000001
44441,1206118,6090.90225640113,13152.1341664093,8.51,-3.5,0.26
44442,1206118,6088.76591777372,13147.503177609,5.1,-3.41,0.0899999999999999
44443,1206118,6087.8778711286,13145.5781391272,2.12,-2.98,0.430000000000001
44444,1206118,6084.60526557761,13138.8925327649,4.01,1.89,4.87
44445,1206118,6081.67568756224,13133.3603385662,6.26,2.25,0.36
44446,1206118,6077.71186555102,13125.8750853932,8.47,2.21,-0.0399999999999991
44447,1206118,6073.11158569621,13117.1879497745,9.82,1.35,-0.860000000000001
44448,1206118,6067.72977304816,13107.0249732115,11.5,1.68,0.33
44449,1206118,6062.1987769199,13095.4158578378,12.87,1.37,-0.31
44450,1206118,6056.06072829966,13082.4559211429,14.34,1.47,0.100000000000001
44451,1206118,6049.11369000772,13067.7878756367,16.23,1.89,0.42
44452,1206118,6041.56311973848,13051.8455267317,17.64,1.41,-0.48
44453,1206118,6033.4817837587,13034.7825138447,18.87,1.23,-0.18
44454,1206118,6024.94244833516,13016.7524763926,19.95,1.08,-0.150000000000002
44455,1206118,6015.85522572654,12997.5656245075,21.23,1.28,0.200000000000003
44456,1206118,6002.94126186966,12969.2312592781,21.88,0.649999999999999,-0.630000000000003
44457,1206118,5994.09323756397,12949.7350912986,21.41,-0.469999999999999,-1.12
44458,1206118,5985.07990687238,12929.8746791718,21.81,0.399999999999999,0.869999999999997
44459,1206118,5976.12030075621,12910.1326463929,21.68,-0.129999999999999,-0.529999999999998
44460,1206118,5967.01605155238,12890.0718999852,22.03,0.350000000000001,0.48
44461,1206118,5958.28374171683,12870.8307029087,21.13,-0.900000000000002,-1.25
44462,1206118,5951.04745467374,12854.8859153645,17.52,-3.61,-2.71
44463,1206118,5945.56754798092,12842.8112218844,13.25,-4.27,-0.66
44464,1206118,5941.74897046646,12834.3971820838,9.24,-4.01,0.26
44465,1206118,5939.15366020772,12828.6785489726,6.28,-2.96,1.05
44466,1206118,5937.57498422231,12825.2000173667,3.82,-2.46,0.5
44467,1206118,5934.40285225755,12816.5998955546,6.2,2.38,4.84
44468,1206118,5931.89717373909,12808.6976379555,8.29,2.09,-0.290000000000001
44469,1206118,5928.7990790691,12798.9270540725,10.25,1.96,-0.129999999999998
44470,1206118,5925.11763584174,12787.3167407363,12.18,1.93,-0.0300000000000011
44471,1206118,5920.82261874315,12773.7713751775,14.21,2.03,0.100000000000001
44472,1206118,5916.05306421706,12758.7294421361,15.78,1.57,-0.460000000000003
44473,1206118,5910.93591858165,12742.5912972443,16.93,1.15,-0.419999999999998
44474,1206118,5905.32912286182,12724.9089234853,18.55,1.62,0.470000000000001
44475,1206118,5899.22663199478,12705.6632563049,20.19,1.64,0.0199999999999996
44476,1206118,5892.64960370025,12684.9210216419,21.76,1.57,-0.0700000000000003
44477,1206118,5886.05141768602,12664.1120610403,21.83,0.0699999999999967,-1.5
44478,1206118,5881.90445252287,12642.3903722855,22.14,0.310000000000002,0.240000000000006
44479,1206118,5878.29871077603,12621.2354620645,21.46,-0.68,-0.990000000000002
44480,1206118,5874.65096365003,12599.8341060116,21.71,0.25,0.93
44481,1206118,5870.92592662638,12577.9792896277,22.18,0.469999999999999,0.219999999999999
44482,1206118,5867.31514423405,12556.794805907,21.49,-0.690000000000001,-1.16
44483,1206118,5863.65563560188,12535.3244450211,21.78,0.290000000000003,0.980000000000004
44484,1206118,5861.54074342193,12510.69985799,21.46,-0.32,-0.610000000000003
