"V1","V2","V3","V4","V5","acceleration","jerk"
23907,1207525,6239.79846971818,13492.1334190764,21.78,0.23,0
23908,1207525,6229.6151156792,13472.623706441,22.01,0.23,0
23909,1207525,6220.27824421169,13452.9465310543,21.79,-0.220000000000002,-0.450000000000003
23910,1207525,6210.88564302467,13433.1519069624,21.91,0.120000000000001,0.340000000000003
23911,1207525,6201.70310001117,13413.799974144,21.43,-0.48,-0.600000000000001
23912,1207525,6192.27191671066,13393.92403941,22,0.57,1.05
23913,1207525,6182.85359411465,13374.0752082233,21.97,-0.0300000000000011,-0.600000000000001
23914,1207525,6173.58102616964,13354.5335505734,21.63,-0.34,-0.309999999999999
23915,1207525,6161.52938091564,13323.3345309344,21.63,0,0.34
23916,1207525,6154.00289114468,13302.7684921392,21.9,0.27,0.27
23917,1207525,6146.42828682723,13282.0709809498,22.04,0.140000000000001,-0.129999999999999
23918,1207525,6139.01520991583,13261.8148413693,21.57,-0.469999999999999,-0.609999999999999
23919,1207525,6131.51277741811,13241.3145387711,21.83,0.259999999999998,0.729999999999997
23920,1207525,6124.3212947727,13224.5773598392,18.23,-3.6,-3.86
23921,1207525,6117.55622245256,13209.9125619714,16.15,-2.08,1.52
23922,1207525,6112.3284761643,13198.5802599658,12.48,-3.67,-1.59
23923,1207525,6107.89243183797,13188.9641479274,10.59,-1.89,1.78
23924,1207525,6104.21038938013,13180.9825025245,8.79,-1.8,0.0899999999999999
23925,1207525,6101.50017155281,13175.1075030072,6.47,-2.32,-0.519999999999999
23926,1207525,6098.84022051671,13169.3414679322,6.35,-0.12,2.2
23927,1207525,6096.46511463094,13164.1928980306,5.67,-0.68,-0.56
23928,1207525,6095.10791126765,13161.2508580869,3.23,-2.44,-1.76
23929,1207525,6094.15284223422,13159.180533682,2.28,-0.95,1.49
23930,1207525,6093.77584129997,13158.3633003643,0.91,-1.37,-0.419999999999999
23931,1207525,6093.38627366791,13157.518825936,0.92,0.01,1.38
23932,1207525,6092.69510528845,13156.0205648535,1.65,0.73,0.72
23933,1207525,6092.12960388708,13154.794714877,1.35,-0.3,-1.03
23934,1207525,6090.86455630771,13152.0524430775,3.02,1.67,1.97
23935,1207525,6089.03400732696,13148.0843213015,4.37,1.35,-0.32
23936,1207525,6087.84854883371,13145.5145765359,2.83,-1.54,-2.89
23937,1207525,6087.21602504403,13144.1434406361,1.51,-1.32,0.22
23938,1207525,6086.98563558421,13143.6440202753,0.55,-0.96,0.36
23939,1207525,6086.86834640467,13143.3897699098,0.28,-0.27,0.69
23940,1207525,6084.51166883591,13138.7157853464,1.81,1.53,1.8
23941,1207525,6082.7380105806,13135.366421766,3.8,1.99,0.46
23942,1207525,6080.28577594792,13130.7356394016,5.24,1.44,-0.549999999999999
23943,1207525,6076.74313927438,13124.0457496119,7.57,2.33,0.89
23944,1207525,6072.19901746459,13115.4646624443,9.71,2.14,-0.19
23945,1207525,6066.98850942062,13105.5289465139,11.23,1.52,-0.620000000000001
23946,1207525,6061.44543204043,13093.8252379924,12.95,1.72,0.199999999999999
23947,1207525,6055.10620609443,13080.4405334979,14.81,1.86,0.140000000000002
23948,1207525,6048.11208374752,13065.6730742514,16.34,1.53,-0.330000000000002
23949,1207525,6040.31753246618,13049.2155814192,18.21,1.87,0.340000000000002
23950,1207525,6031.91088847026,13031.4657099626,19.63,1.42,-0.450000000000003
23951,1207525,6022.84934807345,13012.333083754,21.17,1.54,0.120000000000005
23952,1207525,6005.34895315094,12988.3515857283,21.37,0.199999999999999,-1.34
23953,1207525,5986.94160693426,12976.3817348889,22.06,0.689999999999998,0.489999999999998
23954,1207525,5966.17932054836,12972.4971657009,21.56,-0.5,-1.19
23955,1207525,5945.31553394739,12978.9772259954,22.14,0.580000000000002,1.08
23956,1207525,5928.30295894184,12991.4986319742,21.62,-0.52,-1.1
23957,1207525,5915.62092034443,13009.4387210769,21.96,0.34,0.859999999999999
23958,1207525,5906.20670607286,13028.5576789837,21.34,-0.620000000000001,-0.960000000000001
23959,1207525,5903.99,13049.6646145411,21.6,0.260000000000002,0.880000000000003
23960,1207525,5912.13014190172,13069.213217722,21.55,-0.0500000000000007,-0.310000000000002
23961,1207525,5928.81109901805,13081.1075542587,21.36,-0.190000000000001,-0.140000000000001
23962,1207525,5949.45040933861,13083.8691154546,21.08,-0.280000000000001,-0.0899999999999999
23963,1207525,5968.46568221256,13081.5692692279,19.24,-1.84,-1.56
23964,1207525,5984.03595066467,13078.4066222443,15.9,-3.34,-1.5
23965,1207525,5995.44640769123,13075.4791881383,11.77,-4.13,-0.790000000000003
23966,1207525,6002.78862027709,13073.5954911499,7.58,-4.19,-0.0599999999999987
23967,1207525,6007.48647397648,13072.3902232879,4.85,-2.73,1.46
23968,1207525,6017.31198526467,13069.0620541932,7.13,2.28,5.01
23969,1207525,6025.00365386736,13065.5875996883,8.44,1.31,-0.970000000000001
23970,1207525,6033.85271810101,13061.5903303468,9.72,1.28,-0.0299999999999985
23971,1207525,6043.88651801992,13057.0578962119,11.01,1.29,0.00999999999999801
23972,1207525,6055.50604108678,13051.8091645843,12.75,1.74,0.450000000000001
23973,1207525,6068.1371461618,13046.1034845561,13.86,1.11,-0.630000000000001
23974,1207525,6082.49978800758,13039.6156405992,15.76,1.9,0.790000000000001
23975,1207525,6098.24765926995,13032.5020654991,17.28,1.52,-0.379999999999999
23976,1207525,6114.96154578337,13024.9521252599,18.34,1.06,-0.460000000000003
23977,1207525,6132.64144754784,13016.9658198814,19.39,1.05,-0.00999999999999801
23978,1207525,6151.7430321346,13008.3373167508,20.97,1.58,0.529999999999998
23979,1207525,6172.12959927229,12999.1283656519,22.37,1.4,-0.179999999999996
23980,1207525,6193.41838820105,12989.5118659797,23.35,0.98,-0.420000000000002
23981,1207525,6216.02861308643,12979.2984517302,24.81,1.46,0.479999999999997
23982,1207525,6240.10608755124,12968.4222564673,26.42,1.61,0.150000000000006
23983,1207525,6265.49588462124,12956.9532632794,27.86,1.44,-0.170000000000005
23984,1207525,6291.38389768944,12943.8369596053,29.04,1.18,-0.259999999999998
23985,1207525,6317.7044983954,12929.5251610294,29.96,0.920000000000002,-0.259999999999998
23986,1207525,6344.77184511605,12914.807320104,30.81,0.849999999999998,-0.0700000000000038
23987,1207525,6372.65621982923,12899.6452210787,31.73,0.920000000000002,0.0700000000000038
23988,1207525,6402.2744199363,12883.5882212342,32.85,1.12,0.199999999999999
23989,1207525,6431.18506475036,12867.6975095939,32.98,0.129999999999995,-0.990000000000006
23990,1207525,6460.36737673302,12851.6574763226,33.3,0.32,0.190000000000005
23991,1207525,6489.00635437848,12835.9160863133,32.68,-0.619999999999997,-0.939999999999998
23992,1207525,6517.94328956369,12820.0109241926,33.02,0.340000000000003,0.960000000000001
23993,1207525,6546.93144692268,12803.690546216,33.27,0.25,-0.0900000000000034
23994,1207525,6575.27282934314,12786.9819842642,32.9,-0.370000000000005,-0.620000000000005
23995,1207525,6603.78649980263,12770.1718505072,33.1,0.200000000000003,0.570000000000007
23996,1207525,6632.09342461529,12753.4836029164,32.85,-0.25,-0.450000000000003
