"V1","V2","V3","V4","V5","acceleration","jerk"
75146,1225817,6240.62000332291,13493.5988482069,22.1,-0.150000000000002,0
75147,1225817,6230.36532344174,13474.204746704,21.95,-0.150000000000002,0
75148,1225817,6220.98986986072,13454.4462606752,21.87,-0.0799999999999983,0.0700000000000038
75149,1225817,6211.71730191572,13434.9046030253,21.64,-0.23,-0.150000000000002
75150,1225817,6202.28183171371,13415.0196337754,22.01,0.370000000000001,0.600000000000001
75151,1225817,6192.82492700419,13395.0894919467,22.06,0.0499999999999972,-0.320000000000004
75152,1225817,6183.50520314268,13375.4484546231,21.74,-0.32,-0.369999999999997
75153,1225817,6173.98828181216,13355.3918295733,22.2,0.460000000000001,0.780000000000001
75154,1225817,6161.694345075,13323.7852934286,22.1,-0.0999999999999979,-0.559999999999999
75155,1225817,6154.13348777084,13303.1253457804,21.99,-0.110000000000003,-0.0100000000000051
75156,1225817,6146.77196215924,13283.0100694793,21.42,-0.569999999999997,-0.459999999999994
75157,1225817,6139.20423134844,13262.3313400605,22.02,0.599999999999998,1.16999999999999
75158,1225817,6131.5952594978,13241.5399200182,22.14,0.120000000000001,-0.479999999999997
75159,1225817,6123.06881389113,13221.8623291504,21.47,-0.670000000000002,-0.790000000000003
75160,1225817,6114.096191656,13202.4121761889,21.42,-0.0499999999999972,0.620000000000005
75161,1225817,6105.86919349083,13184.5783291224,19.63,-1.79,-1.74000000000001
75162,1225817,6099.18789915608,13170.0951386585,15.96,-3.67,-1.88
75163,1225817,6094.04811975248,13158.9535244271,12.27,-3.69,-0.0200000000000031
75164,1225817,6090.72632263182,13151.752790861,7.93,-4.34,-0.649999999999999
75165,1225817,6088.47269482486,13146.8675516952,5.37,-2.56,1.78
75166,1225817,6083.528903048,13136.8599374523,7.74,2.37,4.93
75167,1225817,6079.19069406997,13128.6676946053,9.27,1.53,-0.840000000000001
75168,1225817,6074.12711034371,13119.1056592651,10.82,1.55,0.0200000000000014
75169,1225817,6068.34283170633,13108.1826688026,12.36,1.54,-0.0100000000000016
75170,1225817,6062.27154318666,13095.5694972547,14.01,1.65,0.110000000000001
75171,1225817,6055.56848590683,13081.4165956757,15.66,1.65,0
75172,1225817,6048.31754144192,13066.1068796638,16.94,1.28,-0.369999999999999
75173,1225817,6040.46734536834,13049.5318978657,18.34,1.4,0.119999999999997
75174,1225817,6031.9793743684,13031.6103117667,19.83,1.49,0.0899999999999999
75175,1225817,6023.00344134425,13012.6584378133,20.96,1.13,-0.359999999999996
75176,1225817,6005.43089234601,12988.4089090945,21.63,0.669999999999998,-0.460000000000004
75177,1225817,5987.70542143705,12976.6196159628,21.36,-0.27,-0.939999999999998
75178,1225817,5966.51488859374,12972.4424474506,22.02,0.66,0.93
75179,1225817,5946.05618282886,12978.5809442341,21.64,-0.379999999999999,-1.04
75180,1225817,5928.60889797036,12991.0658487596,21.93,0.289999999999999,0.669999999999998
75181,1225817,5915.99035615246,13008.916114931,21.86,-0.0700000000000003,-0.359999999999999
75182,1225817,5906.4095831232,13028.1337203744,21.5,-0.359999999999999,-0.289999999999999
75183,1225817,5903.99,13049.6546145411,22.07,0.57,0.93
75184,1225817,5912.05594928979,13069.0714592784,21.4,-0.670000000000002,-1.24
75185,1225817,5929.14469771493,13081.2675914714,21.88,0.48,1.15
75186,1225817,5950.45884254216,13083.9253513327,21.72,-0.16,-0.640000000000001
75187,1225817,5969.06676493123,13081.4653482708,18.83,-2.89,-2.73
75188,1225817,5983.81316585006,13078.4637792769,15.06,-3.77,-0.879999999999997
75189,1225817,5994.7780532474,13075.6506592362,11.32,-3.74,0.0299999999999976
75190,1225817,6002.87579694367,13073.5731253545,8.36,-2.96,0.779999999999999
75191,1225817,6007.71894508738,13072.3305811669,5,-3.36,-0.399999999999999
75192,1225817,6017.56715910457,13068.94678793,7.17,2.17,5.53
75193,1225817,6026.17927620118,13065.0565515472,9.45,2.28,0.109999999999999
75194,1225817,6036.55027012281,13060.3718012788,11.38,1.93,-0.349999999999998
75195,1225817,6048.87152124939,13054.8060874274,13.52,2.14,0.209999999999997
75196,1225817,6062.50509498116,13048.6475756509,14.96,1.44,-0.699999999999998
75197,1225817,6077.50567142669,13041.871566036,16.46,1.5,0.0599999999999987
75198,1225817,6094.11931107443,13034.3669089715,18.23,1.77,0.27
75199,1225817,6112.273107113,13026.1665376757,19.92,1.69,-0.0799999999999983
75200,1225817,6131.60252548539,13017.4351182387,21.2,1.28,-0.410000000000004
75201,1225817,6152.4356468429,13008.0244511792,22.86,1.66,0.380000000000003
75202,1225817,6174.34414366856,12998.1280191535,24.04,1.18,-0.48
75203,1225817,6197.71077672222,12987.5729227667,25.65,1.61,0.43
75204,1225817,6222.0343116755,12976.5855778928,26.69,1.04,-0.569999999999997
75205,1225817,6247.36031528553,12965.1454012707,27.79,1.1,0.0599999999999952
75206,1225817,6273.66144749803,12953.2647428571,28.86,1.07,-0.0299999999999976
75207,1225817,6300.30970887678,12938.9835592872,30.24,1.38,0.309999999999999
75208,1225817,6327.83388845347,12924.0173159833,31.33,1.09,-0.289999999999999
75209,1225817,6356.60557313705,12908.3727431075,32.75,1.42,0.330000000000002
75210,1225817,6385.29819059555,12892.7711629509,32.66,-0.0900000000000034,-1.51000000000001
75211,1225817,6414.75358277813,12876.7290598593,32.7,0.0400000000000063,0.13000000000001
75212,1225817,6443.51524882231,12860.9202342748,32.82,0.119999999999997,0.0799999999999912
75213,1225817,6472.33825906585,12845.0776909026,32.88,0.0600000000000023,-0.0599999999999952
75214,1225817,6501.14374239529,12829.244781184,32.87,-0.0100000000000051,-0.0700000000000074
75215,1225817,6529.80024695485,12813.4937575211,32.7,-0.169999999999995,-0.159999999999989
75216,1225817,6558.39721592014,12796.9309425814,33.05,0.349999999999994,0.519999999999989
75217,1225817,6586.80751355621,12780.1817519075,32.98,-0.0700000000000003,-0.419999999999995
75218,1225817,6615.15751037863,12763.4681113654,32.91,-0.0700000000000003,0
75219,1225817,6643.67979524007,12746.6528990182,33.11,0.200000000000003,0.270000000000003
