"V1","V2","V3","V4","V5","acceleration","jerk"
51034,"1226327#1",6243.0259231653,13497.8904620888,22.04,-0.119999999999997,0
51035,"1226327#1",6232.48733968435,13478.6768320191,21.92,-0.119999999999997,0
51036,"1226327#1",6223.11188610334,13458.9183459903,21.87,-0.0500000000000007,0.0699999999999967
51037,"1226327#1",6213.91219548384,13439.5302751088,21.46,-0.41,-0.359999999999999
51038,"1226327#1",6204.49815978933,13419.6904784379,21.95,0.489999999999998,0.899999999999999
51039,"1226327#1",6195.29846916982,13400.3024075565,21.46,-0.489999999999998,-0.979999999999997
51040,"1226327#1",6185.88014657381,13380.4535763698,21.97,0.509999999999998,0.999999999999996
51041,"1226327#1",6176.64187384081,13360.9841948462,21.55,-0.419999999999998,-0.929999999999996
51042,"1226327#1",6164.00384330609,13330.0959683466,21.57,0.0199999999999996,0.439999999999998
51043,"1226327#1",6156.38112444217,13309.2669847631,22.18,0.609999999999999,0.59
51044,"1226327#1",6148.91649623097,13288.8699819031,21.72,-0.460000000000001,-1.07
51045,"1226327#1",6141.51716633285,13268.6514058638,21.53,-0.189999999999998,0.270000000000003
51046,"1226327#1",6134.07659539489,13248.3201392009,21.65,0.119999999999997,0.309999999999995
51047,"1226327#1",6125.90469869654,13228.0097397736,21.91,0.260000000000002,0.140000000000004
51048,"1226327#1",6116.79384278552,13208.2599345956,21.74,-0.170000000000002,-0.430000000000003
51049,"1226327#1",6108.08931010363,13189.3909253267,20.79,-0.949999999999999,-0.779999999999998
51050,"1226327#1",6101.19438190614,13174.4446359828,16.46,-4.33,-3.38
51051,"1226327#1",6095.92474662519,13163.0215302752,12.58,-3.88,0.449999999999998
51052,"1226327#1",6091.86989213237,13154.2317319248,9.68,-2.9,0.98
51053,"1226327#1",6089.0842741182,13148.1932857439,6.64,-3.04,-0.14
51054,"1226327#1",6087.60559267609,13144.9879150644,3.53,-3.11,-0.0699999999999998
51055,"1226327#1",6083.49614418841,13136.7980758558,5.74,2.21,5.32
51056,"1226327#1",6080.04242441948,13130.2760961136,7.38,1.64,-0.570000000000001
51057,"1226327#1",6075.51234212095,13121.7215210588,9.69,2.31,0.67
51058,"1226327#1",6069.97609484909,13111.2669112552,11.83,2.14,-0.169999999999999
51059,"1226327#1",6064.03505506361,13099.2929937109,13.37,1.54,-0.600000000000001
51060,"1226327#1",6057.67442727444,13085.8631011526,14.86,1.49,-0.0499999999999989
51061,"1226327#1",6050.5989779235,13070.9239272638,16.53,1.67,0.180000000000001
51062,"1226327#1",6043.00988433656,13054.9002398439,17.73,1.2,-0.470000000000002
51063,"1226327#1",6034.81297840368,13037.5932114125,19.15,1.42,0.219999999999999
51064,"1226327#1",6025.9868582817,13018.9576539056,20.62,1.47,0.0500000000000043
51065,"1226327#1",6016.79690682588,12999.5538993143,21.47,0.849999999999998,-0.620000000000005
51066,"1226327#1",6003.77605911849,12971.0706922215,22.05,0.580000000000002,-0.269999999999996
51067,"1226327#1",5994.87431023738,12951.4561448941,21.53,-0.52,-1.1
51068,"1226327#1",5985.7576630546,12931.3680801754,22.06,0.529999999999998,1.05
51069,"1226327#1",5976.61621991394,12911.2253788346,22.12,0.0600000000000023,-0.469999999999995
51070,"1226327#1",5967.63595049953,12891.4378155373,21.73,-0.390000000000001,-0.450000000000003
51071,"1226327#1",5958.85404874821,12872.0873452166,21.25,-0.48,-0.0899999999999999
51072,"1226327#1",5951.82439468751,12856.5978628564,17.01,-4.24,-3.76
51073,"1226327#1",5946.18744692807,12844.1771374365,13.64,-3.37,0.869999999999997
51074,"1226327#1",5942.11264451546,12835.1985192077,9.86,-3.78,-0.41
51075,"1226327#1",5939.36442584975,12829.1429602603,6.65,-3.21,0.570000000000002
51076,"1226327#1",5937.62044347843,12825.3001845072,4.22,-2.43,0.779999999999998
51077,"1226327#1",5934.40285225755,12816.5998955546,6.31,2.09,4.52
51078,"1226327#1",5932.02412005727,12809.0979935878,7.87,1.56,-0.529999999999999
51079,"1226327#1",5929.07412942516,12799.7944912758,9.76,1.89,0.329999999999999
51080,"1226327#1",5925.59519580062,12788.8228404959,11.51,1.75,-0.14
51081,"1226327#1",5921.62963462304,12776.3164931256,13.12,1.61,-0.140000000000001
51082,"1226327#1",5917.12606285886,12762.1134004565,14.91,1.79,0.180000000000001
51083,"1226327#1",5912.03007494315,12746.0419815035,16.86,1.95,0.159999999999998
51084,"1226327#1",5906.58045085535,12728.8552861463,18.02,1.16,-0.789999999999999
51085,"1226327#1",5900.55956833573,12709.8669904438,19.92,1.9,0.740000000000002
51086,"1226327#1",5894.23945520895,12689.9349993224,20.9,0.979999999999997,-0.920000000000005
51087,"1226327#1",5887.53850312762,12668.8019413041,22.18,1.28,0.300000000000004
51088,"1226327#1",5882.7697633335,12647.4671564251,21.91,-0.27,-1.55
51089,"1226327#1",5879.15898094116,12626.2826727044,21.48,-0.43,-0.16
51090,"1226327#1",5875.43058348718,12604.408140654,22.19,0.710000000000001,1.14
51091,"1226327#1",5871.70554646354,12582.5533242701,22.17,-0.0199999999999996,-0.73
51092,"1226327#1",5868.10148493187,12561.4082718825,21.45,-0.720000000000002,-0.700000000000003
51093,"1226327#1",5864.4621388817,12540.0562049959,21.66,0.210000000000001,0.930000000000003
51094,"1226327#1",5861.8797333138,12515.1369275018,21.81,0.149999999999999,-0.0600000000000023
