"V1","V2","V3","V4","V5","acceleration","jerk"
50949,1227957,6520.9,12500.87,0,2.11,0
50950,1227957,6518.87174344446,12500.2883855702,2.11,2.11,0
51029,1227957,5902.52568572966,12513.9178596914,21.82,0.249493670886076,-0.0235507130267585
51030,1227957,5903.95555698144,12535.9114284833,22.04,0.219999999999999,-0.0294936708860771
51031,1227957,5906.9847218588,12557.7577629685,22.09,0.0500000000000007,-0.169999999999998
51032,1227957,5910.70799326498,12579.6534554681,22.21,0.120000000000001,0.0700000000000003
51033,1227957,5914.37762005837,12601.2336764864,21.89,-0.32,-0.440000000000001
51034,1227957,5918.09753867625,12623.1096520184,22.2,0.309999999999999,0.629999999999999
51035,1227957,5921.69843330951,12644.2856752012,21.48,-0.719999999999999,-1.03
51036,1227957,5927.54689456563,12668.1763227492,21.42,-0.0599999999999987,0.66
51037,1227957,5934.58070742756,12689.0849113343,22.06,0.639999999999997,0.699999999999996
51038,1227957,5941.59220084706,12709.9271535368,21.99,-0.0700000000000003,-0.709999999999997
51039,1227957,5948.4665891201,12730.3618393889,21.55,-0.439999999999998,-0.369999999999997
51040,1227957,5956.14156605229,12750.959957763,22,0.449999999999999,0.889999999999997
51041,1227957,5964.09535879581,12770.8377162129,21.4,-0.600000000000001,-1.05
51042,1227957,5972.24604598839,12791.2075443488,21.95,0.550000000000001,1.15
51043,1227957,5980.62132592307,12811.0720959251,21.56,-0.390000000000001,-0.940000000000001
51044,1227957,5989.39231274136,12831.2916753033,22.04,0.48,0.870000000000001
51045,1227957,5998.1036059107,12851.3736441141,21.89,-0.149999999999999,-0.629999999999999
51046,1227957,6006.67561389918,12871.1345216008,21.54,-0.350000000000001,-0.200000000000003
51047,1227957,6015.4147641047,12891.2807086765,21.96,0.420000000000002,0.770000000000003
51048,1227957,6024.24146499534,12911.6287245843,22.18,0.219999999999999,-0.200000000000003
51049,1227957,6032.80949340722,12931.3804280332,21.54,-0.640000000000001,-0.859999999999999
51050,1227957,6041.42527673825,12951.2422199361,21.65,0.109999999999999,0.75
51051,1227957,6050.16044736717,12971.3792329739,21.95,0.300000000000001,0.190000000000001
51052,1227957,6060.89515803394,12990.4379169232,21.83,-0.120000000000001,-0.420000000000002
51053,1227957,6070.88423711337,13011.4105466855,23.22,1.39,1.51
51054,1227957,6081.34632467268,13033.3762841851,24.34,1.12,-0.27
51055,1227957,6092.48782441216,13056.7684855256,25.9,1.56,0.439999999999998
51056,1227957,6101.72439000089,13076.1611711603,21.48,-4.42,-5.98
51057,1227957,6110.33181450316,13098.9895954258,21.37,-0.109999999999999,4.31
51058,1227957,6121.31316888998,13123.2545256199,21.53,0.16,0.27
51059,1227957,6128.54899307013,13145.0129205155,22.93,1.4,1.24
51060,1227957,6134.86022218497,13163.9910233464,20,-2.93,-4.33
51061,1227957,6139.95338408064,13179.3063523309,16.14,-3.86,-0.93
51062,1227957,6144.04937177616,13191.6231410682,12.98,-3.16,0.699999999999999
51063,1227957,6146.85786873226,13200.0683968279,8.9,-4.08,-0.92
51064,1227957,6148.91217380914,13206.2457692994,6.51,-2.39,1.69
51065,1227957,6149.89041432194,13209.1873752382,3.1,-3.41,-1.02
51066,1227957,6152.84123292643,13216.5101913209,4.73,1.63,5.04
51067,1227957,6155.72222172558,13222.823946427,6.94,2.21,0.58
51068,1227957,6159.54555124146,13231.2028635057,9.21,2.27,0.0600000000000005
51069,1227957,6164.10365743953,13241.1920610655,10.98,1.77,-0.500000000000001
51070,1227957,6169.36748135498,13252.7278556973,12.68,1.7,-0.0700000000000003
51071,1227957,6175.50307421541,13266.1741525946,14.78,2.1,0.4
51072,1227957,6182.16587972353,13280.7758484811,16.05,1.27,-0.829999999999998
51073,1227957,6189.66309265042,13297.2061679645,18.05,2,0.729999999999999
51074,1227957,6197.6003413305,13314.6008362106,19.12,1.07,-0.93
51075,1227957,6206.07310521963,13333.1690987055,20.41,1.29,0.219999999999999
51076,1227957,6215.28894835236,13353.365836941,22.2,1.79,0.5
51077,1227957,6225.16484511485,13375.0090983204,23.79,1.59,-0.199999999999999
51078,1227957,6235.54304684089,13397.7531729099,25,1.21,-0.379999999999999
51079,1227957,6246.31146895183,13421.352424704,25.94,0.940000000000001,-0.27
51080,1227957,6257.07,13444.93,27.32,1.38,0.439999999999998
51081,1227957,6270.02242317923,13472.8681352901,28.15,0.829999999999998,-0.550000000000001
51082,1227957,6281.24364188509,13499.8909377124,29.26,1.11,0.280000000000005
