"V1","V2","V3","V4","V5","acceleration","jerk"
62031,"1229831#1",6647.40736776929,12777.3580900163,32.94,0.170000000000002,0
62032,"1229831#1",6619.00320396201,12794.3526032017,33.11,0.170000000000002,0
62033,"1229831#1",6590.74492256704,12811.2598333889,32.92,-0.189999999999998,-0.359999999999999
62034,"1229831#1",6557.90455635627,12827.0836698026,32.83,-0.0900000000000034,0.0999999999999943
62035,"1229831#1",6529.9873488502,12844.0337472379,32.67,-0.159999999999997,-0.0699999999999932
62036,"1229831#1",6501.97611523189,12861.0409131153,32.77,0.100000000000001,0.259999999999998
62037,"1229831#1",6474.79402096695,12877.5446627308,31.8,-0.970000000000002,-1.07
62038,"1229831#1",6451.49264078889,12891.6922166465,27.26,-4.54,-3.57
62039,"1229831#1",6431.09752226179,12904.0752187165,23.86,-3.4,1.14
62040,"1229831#1",6409.8015433023,12917.2370949438,21.89,-1.97,1.43
62041,"1229831#1",6392.25555336804,12929.4535853247,21.38,-0.510000000000002,1.46
62042,"1229831#1",6374.50439516981,12941.8129252189,21.64,0.260000000000002,0.770000000000003
62043,"1229831#1",6356.94199177443,12954.0408435609,21.39,-0.25,-0.510000000000002
62044,"1229831#1",6339.94948411562,12967.4398053036,21.74,0.349999999999998,0.599999999999998
62045,"1229831#1",6324.96477481362,12983.5884704848,22.04,0.300000000000001,-0.0499999999999972
62046,"1229831#1",6310.19092615091,12999.509896165,21.72,-0.32,-0.620000000000001
62047,"1229831#1",6295.81044484662,13016.173082736,22.07,0.350000000000001,0.670000000000002
62048,"1229831#1",6284.09699623646,13034.7600680122,21.97,-0.100000000000001,-0.450000000000003
62049,"1229831#1",6272.41020545201,13053.3047524571,21.91,-0.0599999999999987,0.0400000000000027
62050,"1229831#1",6260.89402475199,13071.5787115816,21.6,-0.309999999999999,-0.25
62051,"1229831#1",6252.53321020808,13091.0921838217,21.36,-0.240000000000002,0.0699999999999967
62052,"1229831#1",6245.30717950716,13111.9880346134,22.1,0.740000000000002,0.980000000000004
62053,"1229831#1",6238.33280161672,13132.1561692084,21.35,-0.75,-1.49
62054,"1229831#1",6231.25384074012,13152.6267313137,21.66,0.309999999999999,1.06
62055,"1229831#1",6224.73374519587,13171.4811964107,19.95,-1.71,-2.02
62056,"1229831#1",6220.77389174289,13187.4460290636,16.53,-3.42,-1.71
62057,"1229831#1",6218.78741547101,13200.8799529886,13.58,-2.95,0.469999999999997
62058,"1229831#1",6217.28658730094,13211.0295891793,10.26,-3.32,-0.369999999999999
62059,"1229831#1",6216.13244166139,13218.8347187646,7.89,-2.37,0.95
62060,"1229831#1",6215.35130887112,13224.1172779515,5.33,-2.56,-0.19
62061,"1229831#1",6214.9709820444,13226.6893105145,2.6,-2.73,-0.17
62062,"1229831#1",6214.71353003862,13228.4303787109,1.77,-0.83,1.9
62063,"1229831#1",6214.5760272628,13229.3602674068,0.94,-0.83,0
62064,"1229831#1",6214.44437566893,13230.2505863709,0.9,-0.0399999999999999,0.79
62065,"1229831#1",6214.34636837128,13230.9133793775,0.67,-0.23,-0.19
62066,"1229831#1",6214.21764236839,13231.7839134757,0.88,0.21,0.44
62067,"1229831#1",6214.08013959257,13232.7138021715,0.94,0.0599999999999999,-0.15
62068,"1229831#1",6214.07039599048,13233.242183437,0.52,-0.42,-0.48
62069,"1229831#1",6214.09636468819,13234.2218393085,0.98,0.46,0.88
62070,"1229831#1",6214.10802410349,13234.6616848019,0.43,-0.55,-1.01
62071,"1229831#1",6214.12763312012,13235.4014249498,0.74,0.31,0.86
62072,"1229831#1",6214.1459172032,13236.0911826554,0.69,-0.05,-0.36
62073,"1229831#1",6214.18487024976,13237.5606664627,1.47,0.78,0.83
62074,"1229831#1",6214.23707263188,13239.5299746944,1.97,0.5,-0.28
62075,"1229831#1",6214.26383628972,13240.5396200314,1.01,-0.96,-1.46
62076,"1229831#1",6214.30066944258,13241.9291319309,1.4,0.39,1.35
62077,"1229831#1",6214.34942699746,13243.7684858123,1.84,0.44,0.0500000000000003
62078,"1229831#1",6214.41567367528,13246.2676079337,2.51,0.67,0.23
62079,"1229831#1",6214.47450072518,13248.4868283775,2.22,-0.29,-0.959999999999999
62080,"1229831#1",6214.51292379832,13249.9363192079,1.45,-0.77,-0.480000000000001
62081,"1229831#1",6214.54975695118,13251.3258311074,1.4,-0.05,0.72
62082,"1229831#1",6214.5807603964,13252.4954202602,1.16,-0.24,-0.19
62083,"1229831#1",6214.64833200778,13255.0445248241,2.55,1.39,1.63
62084,"1229831#1",6214.70106436332,13257.0338260327,2,-0.55,-1.94
62085,"1229831#1",6214.74664207766,13258.7532220522,1.71,-0.29,0.26
62086,"1229831#1",6214.78665507107,13260.2626918135,1.52,-0.19,0.1
62087,"1229831#1",6214.81156382193,13261.2023617312,0.94,-0.58,-0.39
62088,"1229831#1",6214.8367375595,13262.1520281373,0.94,0,0.58
62089,"1229831#1",6214.85025188177,13262.6618490501,0.51,-0.43,-0.43
62090,"1229831#1",6214.85714153626,13262.9217577507,0.26,-0.25,0.18
62091,"1229831#1",6214.86853596485,13263.3516067556,0.43,0.17,0.42
62092,"1229831#1",6214.87118583196,13263.4515716405,0.1,-0.33,-0.5
62093,"1229831#1",6214.87622057948,13263.6415049217,0.19,0.09,0.42
62094,"1229831#1",6214.88708503464,13264.0513609496,0.41,0.22,0.13
62095,"1229831#1",6214.89715452967,13264.431227512,0.38,-0.03,-0.25
62096,"1229831#1",6214.90218927718,13264.6211607933,0.19,-0.19,-0.16
62097,"1229831#1",6214.91119882537,13264.9610414018,0.34,0.15,0.34
62098,"1229831#1",6214.9236532008,13265.4308763606,0.47,0.13,-0.0200000000000001
62099,"1229831#1",6214.94061235032,13266.0706516237,0.64,0.17,0.0400000000000001
62100,"1229831#1",6214.97532560949,13267.3801916153,1.3,0.66,0.49
62101,"1229831#1",6215.00526910787,13268.5097948142,1.14,-0.16,-0.82
62102,"1229831#1",6215.03759748664,13269.7293664094,1.22,0.0800000000000001,0.24
62103,"1229831#1",6215.06727599831,13270.8489731198,1.12,-0.0999999999999999,-0.18
62104,"1229831#1",6215.09138978903,13271.758653572,0.91,-0.21,-0.11
62105,"1229831#1",6215.15763646685,13274.2577756934,2.5,1.59,1.8
62106,"1229831#1",6215.21381364964,13276.3770312523,2.13,-0.37,-1.96
62107,"1229831#1",6215.2880099288,13279.1760480283,2.79,0.66,1.03
62108,"1229831#1",6215.37201071628,13282.3449348783,3.17,0.38,-0.28
62109,"1229831#1",6215.45680646388,13285.5438111936,3.2,0.0300000000000002,-0.35
62110,"1229831#1",6215.52252316828,13288.0229403381,2.49,-0.71,-0.74
62111,"1229831#1",6215.57446056369,13289.9822520813,1.96,-0.53,0.18
62112,"1229831#1",6215.64574198902,13292.6713074839,2.69,0.73,1.26
62113,"1229831#1",6215.70695391933,13294.9804963241,2.32,-0.37,-1.1
62114,"1229831#1",6215.77240563701,13297.44962898,2.47,0.15,0.52
62115,"1229831#1",6215.86038122516,13300.7684631572,3.32,0.85,0.699999999999999
62116,"1229831#1",6215.92583294284,13303.2375958132,2.47,-0.85,-1.7
62117,"1229831#1",6215.99605442133,13305.8866652619,2.65,0.18,1.03
62118,"1229831#1",6216.51608731393,13308.401727881,2.58,-0.0699999999999998,-0.25
62119,"1229831#1",6216.98088934911,13309.9118136627,1.59,-0.99,-0.92
62120,"1229831#1",6217.50158529993,13311.6034920384,1.77,0.18,1.17
62121,"1229831#1",6218.30175082886,13314.2031333841,2.72,0.95,0.77
62122,"1229831#1",6218.86657355516,13316.038174334,1.92,-0.8,-1.75
62123,"1229831#1",6219.33137559035,13317.5482601157,1.57,-0.35,0.45
62124,"1229831#1",6219.8108865507,13319.1061334221,1.64,0.0699999999999998,0.42
62125,"1229831#1",6220.31393179132,13320.7404667681,1.71,0.0700000000000001,2.22044604925031e-16
62126,"1229831#1",6221.04055269443,13323.1011704901,2.47,0.76,0.69
62127,"1229831#1",6221.84071822336,13325.7008118358,2.72,0.25,-0.51
62128,"1229831#1",6222.5967569768,13328.1570906073,2.56,-0.16,-0.41
62129,"1229831#1",6223.29984359965,13330.4413342898,2.4,-0.16,0
62130,"1229831#1",6223.86466632596,13332.2763752397,1.92,-0.48,-0.32
62131,"1229831#1",6224.74131826574,13335.124511714,2.98,1.06,1.54
62132,"1229831#1",6225.58561057017,13337.867515634,2.87,-0.11,-1.17
62133,"1229831#1",6226.81821849893,13341.8721102069,4.19,1.32,1.43
62134,"1229831#1",6227.88020289578,13345.322369493,3.61,-0.580000000000001,-1.9
62135,"1229831#1",6228.79215625596,13348.2851960267,3.09,-0.52,0.0600000000000005
62136,"1229831#1",6229.9335688487,13351.9935079463,3.88,0.79,1.31
62137,"1229831#1",6230.88376541431,13355.0805820443,3.23,-0.65,-1.44
62138,"1229831#1",6231.98987658666,13358.6742039046,3.76,0.53,1.18
62139,"1229831#1",6233.26661129091,13362.8221610518,4.34,0.58,0.0500000000000003
62140,"1229831#1",6234.62865776111,13367.2472858424,4.63,0.29,-0.29
62141,"1229831#1",6235.70535108313,13370.7453326532,3.66,-0.97,-1.26
62142,"1229831#1",6237.02327077784,13375.0270948696,4.49,0.83,1.8
62143,"1229831#1",6238.18233408078,13378.7927518189,3.94,-0.55,-1.38
62144,"1229831#1",6238.89718784376,13381.1152255212,2.43,-1.51,-0.96
62145,"1229831#1",6240.0386004365,13384.8235374408,3.88,1.45,2.96
62146,"1229831#1",6240.94467022662,13387.7672489646,3.08,-0.8,-2.25
62147,"1229831#1",6241.75366111065,13390.3955628251,2.75,-0.33,0.47
62148,"1229831#1",6242.04195604386,13391.33219831,0.99,-1.76,-1.43
62149,"1229831#1",6242.53617592938,13392.9378591412,1.68,0.69,2.45
62150,"1229831#1",6242.72150838645,13393.5399819529,0.63,-1.05,-1.74
62151,"1229831#1",6242.85683049796,13393.9796271804,0.47,-0.16,0.89
62152,"1229831#1",6242.89801548842,13394.1134322497,0.14,-0.33,-0.17
62153,"1229831#1",6242.93625869385,13394.237679814,0.13,-0.01,0.32
62154,"1229831#1",6242.98921082444,13394.4097149031,0.18,0.05,0.06
62155,"1229831#1",6243.11570758085,13394.8206876158,0.43,0.25,0.2
62156,"1229831#1",6243.2274954121,13395.1838728038,0.38,-0.05,-0.3
62157,"1229831#1",6243.35987573858,13395.6139605265,0.44,0.06,0.11
62158,"1229831#1",6243.68935566225,13396.6844010806,1.12,0.68,0.62
62159,"1229831#1",6244.07472950156,13397.9364342287,1.31,0.19,-0.49
62160,"1229831#1",6244.74545648904,13400.1155453567,2.28,0.97,0.78
62161,"1229831#1",6245.56915629824,13402.791646742,2.8,0.52,-0.45
62162,"1229831#1",6246.49581858358,13405.8022608004,3.15,0.35,-0.17
62163,"1229831#1",6247.41659729886,13408.793759849,3.13,-0.02,-0.37
62164,"1229831#1",6248.05202286595,13410.8581809176,2.16,-0.97,-0.95
62165,"1229831#1",6248.70804092828,13412.9895045209,2.24,0.0800000000000001,1.05
62166,"1229831#1",6249.18755188863,13414.5473778274,1.63,-0.61,-0.69
62167,"1229831#1",6249.39347684093,13415.2164031737,0.7,-0.93,-0.32
62168,"1229831#1",6249.62587785852,13415.9714460645,0.8,0.1,1.03
62169,"1229831#1",6249.96712492233,13417.0801166384,1.16,0.36,0.26
62170,"1229831#1",6250.70845475061,13419.4886078852,2.52,1.36,1
62171,"1229831#1",6251.39977423332,13421.7346215478,2.35,-0.17,-1.53
62172,"1229831#1",6252.82653997425,13426.3700114474,4.84,2.49,2.66
62173,"1229831#1",6254.00913755745,13430.2121284362,4.02,-0.82,-3.31
62174,"1229831#1",6254.91226556253,13433.1462824551,3.07,-0.95,-0.129999999999999
62175,"1229831#1",6255.43590329838,13434.8475183357,1.78,-1.29,-0.34
62176,"1229831#1",6255.88893819343,13436.3193740977,1.54,-0.24,1.05
62177,"1229831#1",6256.11839742599,13437.0648594836,0.79,-0.75,-0.51
62178,"1229831#1",6256.16252420149,13437.2082220578,0.15,-0.64,0.11
62179,"1229831#1",6256.53907268569,13438.431582691,1.28,1.13,1.77
62180,"1229831#1",6257.04211792631,13440.0659160371,1.72,0.44,-0.69
62181,"1229831#1",6258.03349948237,13443.2867952043,3.37,1.65,1.21
62182,"1229831#1",6261.06002122584,13451.2849879009,5.42,2.05,0.4
62183,"1229831#1",6263.74068830561,13457.7405377619,6.99,1.57,-0.48
62184,"1229831#1",6267.00427583763,13465.5998695668,8.5,1.51,-0.0600000000000005
62185,"1229831#1",6270.99651393497,13475.2139288018,10.41,1.91,0.4
62186,"1229831#1",6275.77492764225,13486.7212465798,12.47,2.06,0.15
62187,"1229831#1",6281.00587170062,13499.3183424458,13.64,1.17,-0.890000000000001
