"V1","V2","V3","V4","V5","acceleration","jerk"
54855,1239610,6237.95490918854,13488.8449263254,21.53,0.649999999999999,0
54856,1239610,6227.9303633896,13469.0731417363,22.18,0.649999999999999,0
54857,1239610,6218.7349596716,13449.6941053706,21.45,-0.73,-1.38
54858,1239610,6209.37236679509,13429.9627228891,21.85,0.400000000000002,1.13
54859,1239610,6199.97976560808,13410.1680987972,21.91,0.0599999999999987,-0.340000000000003
54860,1239610,6190.49285258806,13390.1747153579,22.13,0.219999999999999,0.16
54861,1239610,6181.11739900705,13370.4162293291,21.87,-0.259999999999998,-0.479999999999997
54862,1239610,6171.94342979655,13351.0823655423,21.4,-0.470000000000002,-0.210000000000004
54863,1239610,6160.20279413409,13319.7096492107,21.67,0.270000000000003,0.740000000000006
54864,1239610,6152.59382228345,13298.9182291684,22.14,0.469999999999999,0.199999999999996
54865,1239610,6144.9848504328,13278.1268091261,22.14,0,-0.469999999999999
54866,1239610,6137.63363508117,13258.0397054808,21.39,-0.75,-0.75
54867,1239610,6130.07965128364,13237.3985396032,21.97,0.579999999999998,1.33
54868,1239610,6121.24664270893,13217.9123681148,21.4,-0.57,-1.15
54869,1239610,6111.94309743151,13197.7448659077,22.21,0.810000000000002,1.38
54870,1239610,6104.20620048086,13180.9734221543,18.47,-3.74,-4.55
54871,1239610,6097.82231799424,13167.1349379744,15.24,-3.23,0.510000000000003
54872,1239610,6093.23547329421,13157.1919326089,10.94,-4.3,-1.07
54873,1239610,6089.93043177062,13150.0275205237,7.89,-3.05,1.25
54874,1239610,6088.14596068184,13146.1592828198,4.27,-3.62,-0.57
54875,1239610,6083.87521099231,13137.5139029007,6.21,1.94,5.56
54876,1239610,6080.25301708832,13130.6737778052,7.74,1.53,-0.41
54877,1239610,6076.01776452616,13122.6759571186,9.05,1.31,-0.22
54878,1239610,6071.0524573787,13113.2995065678,10.61,1.56,0.249999999999998
54879,1239610,6065.43045523808,13102.23925547,12.41,1.8,0.240000000000002
54880,1239610,6059.36945325325,13089.4419958048,14.16,1.75,-0.0500000000000007
54881,1239610,6052.51658307124,13074.9727777793,16.01,1.85,0.100000000000001
54882,1239610,6044.88468579797,13058.8587142319,17.83,1.82,-0.0300000000000047
54883,1239610,6036.79050871229,13041.7685885066,18.91,1.08,-0.739999999999995
54884,1239610,6028.15272481017,13023.5306859611,20.19,1.28,0.199999999999999
54885,1239610,6019.09546478199,13004.4070973653,21.16,0.969999999999999,-0.310000000000002
54886,1239610,5997.85151680239,12983.1064977214,21.75,0.59,-0.379999999999999
54887,1239610,5978.66376726027,12973.8036987504,21.57,-0.18,-0.77
54888,1239610,5957.63220503953,12973.890871724,21.55,-0.0199999999999996,0.16
54889,1239610,5937.98840036999,12982.8975848488,21.79,0.239999999999998,0.259999999999998
54890,1239610,5923.563790217,12998.2026889397,21.53,-0.259999999999998,-0.499999999999996
54891,1239610,5911.9520114771,13016.5515319826,21.78,0.25,0.509999999999998
54892,1239610,5903.99,13036.9446145411,22.19,0.41,0.16
54893,1239610,5906.39412559169,13058.2535180504,21.91,-0.280000000000001,-0.690000000000001
54894,1239610,5918.08184363217,13075.9604114722,21.82,-0.0899999999999999,0.190000000000001
54895,1239610,5937.9682491002,13083.2288059517,21.47,-0.350000000000001,-0.260000000000002
54896,1239610,5959.07499646017,13083.1928212289,21.21,-0.259999999999998,0.0900000000000034
54897,1239610,5976.00385073362,13080.2659982092,17.18,-4.03,-3.77
54898,1239610,5989.07282473412,13077.1143762892,13.45,-3.73,0.300000000000001
54899,1239610,5999.06908250272,13074.549765086,10.31,-3.14,0.590000000000002
54900,1239610,6005.25862583037,13072.9617936142,6.39,-3.92,-0.780000000000002
54901,1239610,6009.04596767875,13071.9901240595,3.92,-2.47,1.45
54902,1239610,6017.81321959304,13068.8356383191,6.06,2.14,4.61
54903,1239610,6024.98542716451,13065.5958329929,7.88,1.82,-0.319999999999999
54904,1239610,6034.05321183236,13061.4997639972,9.94,2.06,0.239999999999999
54905,1239610,6044.28750548262,13056.8767635126,11.23,1.29,-0.769999999999999
54906,1239610,6055.76121492668,13051.6938983211,12.6,1.37,0.0799999999999983
54907,1239610,6069.0484813043,13045.6918193305,14.57,1.97,0.600000000000001
54908,1239610,6083.5295967186,13039.1504588941,15.89,1.32,-0.65
54909,1239610,6099.22278787242,13032.0615837076,17.22,1.33,0.00999999999999801
54910,1239610,6116.36500190281,13024.3181608123,18.81,1.59,0.260000000000002
54911,1239610,6135.04737232403,13015.8790236855,20.5,1.69,0.100000000000001
54912,1239610,6155.23344573037,13006.7606389364,22.15,1.65,-0.0400000000000027
54913,1239610,6176.85942866185,12996.9918231306,23.73,1.58,-0.0699999999999967
54914,1239610,6199.34206662729,12986.8360420127,24.67,0.940000000000001,-0.640000000000001
54915,1239610,6223.08234708937,12976.1121628833,26.06,1.39,0.449999999999996
54916,1239610,6248.2260836709,12964.7543193063,27.58,1.52,0.130000000000003
54917,1239610,6274.47253577485,12952.8983608063,28.8,1.22,-0.299999999999997
54918,1239610,6300.54691055203,12938.8545811291,29.62,0.82,-0.400000000000002
54919,1239610,6327.78117697008,12924.0459777962,31,1.38,0.559999999999999
54920,1239610,6356.01696157253,12908.6928000182,32.14,1.14,-0.239999999999998
54921,1239610,6385.10491515645,12892.8762562649,33.11,0.969999999999999,-0.170000000000002
54922,1239610,6414.8149269775,12876.6953420717,32.98,-0.130000000000003,-1.1
54923,1239610,6443.70804487745,12860.814264085,32.97,-0.00999999999999801,0.120000000000005
54924,1239610,6472.50476474984,12844.9861711932,32.86,-0.109999999999999,-0.100000000000001
54925,1239610,6501.67831327546,12828.9509547487,33.29,0.43,0.539999999999999
54926,1239610,6530.30852746386,12813.2143815662,32.66,-0.630000000000003,-1.06
54927,1239610,6559.07775367431,12796.5297339509,33.26,0.600000000000001,1.23
54928,1239610,6587.47082250648,12779.7907004575,32.97,-0.289999999999999,-0.890000000000001
54929,1239610,6615.94142095621,12763.0059596519,33.05,0.0799999999999983,0.369999999999997
54930,1239610,6644.61876505278,12746.09933268,33.3,0.25,0.170000000000002
