"V1","V2","V3","V4","V5","acceleration","jerk"
76339,1239028,6240.33637862604,13493.0929262452,22.13,-0.489999999999998,0
76340,1239028,6230.24957710123,13473.9608147777,21.64,-0.489999999999998,0
76341,1239028,6221.09704239823,13454.6721235699,21.35,-0.289999999999999,0.199999999999999
76342,1239028,6211.71301501422,13434.8955685095,21.89,0.539999999999999,0.829999999999998
76343,1239028,6202.42329946321,13415.3177727964,21.67,-0.219999999999999,-0.759999999999998
76344,1239028,6193.0349851777,13395.5321832203,21.9,0.229999999999997,0.449999999999996
76345,1239028,6183.53092455168,13375.5026617178,22.17,0.270000000000003,0.0400000000000063
76346,1239028,6174.07830674367,13355.5815544048,22.05,-0.120000000000001,-0.390000000000004
76347,1239028,6161.76651689472,13323.9825020198,22.1,0.0500000000000007,0.170000000000002
76348,1239028,6154.35687673664,13303.7357533245,21.56,-0.540000000000003,-0.590000000000003
76349,1239028,6146.76165189928,13282.9818968234,22.09,0.530000000000001,1.07
76350,1239028,6139.30733394804,13262.6130666193,21.69,-0.399999999999999,-0.93
76351,1239028,6131.9389348298,13242.4790085476,21.45,-0.240000000000002,0.159999999999997
76352,1239028,6123.42487032904,13222.6341606171,21.61,0.16,0.400000000000002
76353,1239028,6114.14226954797,13202.512060261,22.17,0.560000000000002,0.400000000000002
76354,1239028,6105.79798220325,13184.423962829,19.92,-2.25,-2.81
76355,1239028,6099.10412117069,13169.9135312546,15.98,-3.94,-1.69
76356,1239028,6094.14446443568,13159.1623729416,11.84,-4.14,-0.199999999999999
76357,1239028,6090.88550080406,13152.0978449285,7.78,-4.06,0.080000000000001
76358,1239028,6088.55647281025,13147.0491590991,5.55,-2.23,1.83
76359,1239028,6084.04368512738,13137.8320482539,6.84,1.29,3.52
76360,1239028,6080.02370507114,13130.2407466299,8.6,1.76,0.47
76361,1239028,6075.03967857534,13120.8289465954,10.64,2.04,0.280000000000001
76362,1239028,6069.49875146639,13110.3654994209,11.84,1.2,-0.840000000000002
76363,1239028,6063.46148566674,13098.0819536014,13.69,1.85,0.65
76364,1239028,6056.7584283869,13083.9290520224,15.66,1.97,0.120000000000001
76365,1239028,6049.31914770213,13068.2216810491,17.39,1.73,-0.24
76366,1239028,6041.25493319688,13051.1948186132,18.84,1.45,-0.280000000000001
76367,1239028,6032.6984762988,13033.12863071,19.99,1.15,-0.300000000000001
76368,1239028,6023.36299230945,13013.417597285,21.81,1.82,0.670000000000002
76369,1239028,6005.7996187238,12988.6668642423,22.02,0.210000000000001,-1.61
76370,1239028,5987.33306186694,12976.5036489393,22.2,0.18,-0.0300000000000011
76371,1239028,5966.64319402285,12972.4215257667,21.49,-0.710000000000001,-0.890000000000001
76372,1239028,5946.27661404359,12978.4630032337,21.52,0.0300000000000011,0.740000000000002
76373,1239028,5928.62621527387,12991.0413515965,22.15,0.629999999999999,0.599999999999998
76374,1239028,5915.97303884895,13008.9406120941,21.93,-0.219999999999999,-0.849999999999998
76375,1239028,5906.37505085931,13028.2058835419,21.54,-0.390000000000001,-0.170000000000002
76376,1239028,5903.99,13049.7446145411,22.09,0.550000000000001,0.940000000000001
76377,1239028,5912.16723820769,13069.2840969438,21.55,-0.539999999999999,-1.09
76378,1239028,5928.89224464702,13081.1464822293,21.35,-0.199999999999999,0.34
76379,1239028,5950.33902869619,13083.9186698422,21.88,0.529999999999998,0.729999999999997
76380,1239028,5969.69740909508,13081.356316447,19.6,-2.28,-2.81
76381,1239028,5984.52026547904,13078.2823678255,15.15,-4.45,-2.17
76382,1239028,5996.06633065363,13075.3201424823,11.92,-3.23,1.22
76383,1239028,6003.03077768427,13073.5333639405,7.2,-4.72,-1.49
76384,1239028,6008.05796545743,13072.2436030738,5.19,-2.01,2.71
76385,1239028,6017.86789970159,13068.8109384055,7.15,1.96,3.97
76386,1239028,6025.9696691184,13065.1512345491,8.89,1.74,-0.22
76387,1239028,6035.54780146606,13060.824633027,10.51,1.62,-0.120000000000001
76388,1239028,6046.73899701594,13055.7693840555,12.28,1.77,0.15
76389,1239028,6059.76197620224,13049.8866879803,14.29,2.01,0.24
76390,1239028,6074.62585237639,13043.1724281492,16.31,2.02,0.00999999999999979
76391,1239028,6090.81116450716,13035.8612537408,17.76,1.45,-0.569999999999997
76392,1239028,6108.2267790803,13027.9943312778,19.11,1.35,-0.100000000000005
76393,1239028,6127.32836366707,13019.3658281472,20.96,1.85,0.500000000000004
76394,1239028,6147.66025069621,13010.1815769619,22.31,1.35,-0.500000000000004
76395,1239028,6169.56874752187,13000.2851449362,24.04,1.73,0.380000000000003
76396,1239028,6192.65286668135,12989.8576647693,25.32,1.28,-0.449999999999999
76397,1239028,6216.56630082051,12979.055569247,26.24,0.919999999999998,-0.360000000000003
76398,1239028,6241.81939761914,12967.648325843,27.71,1.47,0.550000000000004
76399,1239028,6268.33925026584,12955.6688677752,29.11,1.4,-0.0700000000000038
76400,1239028,6295.21426548243,12941.7542012011,30.28,1.17,-0.229999999999997
76401,1239028,6322.57152536172,12926.8787203048,31.14,0.859999999999999,-0.310000000000002
76402,1239028,6350.64917551401,12911.6115279654,31.96,0.82,-0.0399999999999991
76403,1239028,6379.66684712007,12895.8331999627,33.03,1.07,0.25
76404,1239028,6409.58314311754,12879.5709876762,33.2,0.170000000000002,-0.899999999999999
76405,1239028,6438.4937879316,12863.6802760359,32.99,-0.210000000000001,-0.380000000000003
76406,1239028,6467.16781940526,12847.9196187194,32.72,-0.270000000000003,-0.0600000000000023
76407,1239028,6495.80679705071,12832.1782287102,32.69,-0.0300000000000011,0.240000000000002
76408,1239028,6524.68238803657,12816.3067843771,32.95,0.260000000000005,0.290000000000006
76409,1239028,6553.04767230825,12800.0847471321,32.67,-0.280000000000001,-0.540000000000006
76410,1239028,6581.20815228773,12783.4828355758,32.69,0.019999999999996,0.299999999999997
76411,1239028,6609.75628035503,12766.6523874578,33.15,0.460000000000001,0.440000000000005
76412,1239028,6638.35609483404,12749.7914677982,33.2,0.0500000000000043,-0.409999999999997
