"V1","V2","V3","V4","V5","acceleration","jerk"
38142,1244094,6520.9,12500.87,0,1.86,0
38143,1244094,6519.11205820223,12500.3572972325,1.86,1.86,0
38221,1244094,5902.3096480133,12510.5948749329,22.1,0.25948717948718,-0.0205193951347797
38222,1244094,5903.69670097896,12531.9298341331,21.37,-0.73,-0.98948717948718
38223,1244094,5906.29907665163,12553.725643098,21.98,0.609999999999999,1.34
38224,1244094,5910.00558411631,12575.5227507597,22.11,0.129999999999999,-0.48
38225,1244094,5913.70706239855,12597.29028297,22.08,-0.0300000000000011,-0.16
38226,1244094,5917.35657246215,12618.7522021828,21.77,-0.309999999999999,-0.279999999999998
38227,1244094,5921.05302156193,12640.4901589417,22.05,0.280000000000001,0.59
38228,1244094,5926.43411093516,12664.868481672,21.78,-0.27,-0.550000000000001
38229,1244094,5933.46792379709,12685.7770702572,22.06,0.279999999999998,0.549999999999997
38230,1244094,5940.45390928237,12706.5434880224,21.91,-0.149999999999999,-0.429999999999996
38231,1244094,5947.46540270186,12727.3857302249,21.98,0.0700000000000003,0.219999999999999
38232,1244094,5954.89332954513,12747.84042164,21.78,-0.199999999999999,-0.27
38233,1244094,5962.86941222628,12767.7738860921,21.46,-0.32,-0.120000000000001
38234,1244094,5970.8937897723,12787.8280468823,21.6,0.140000000000001,0.460000000000001
38235,1244094,5979.29612691649,12808.0171413275,21.87,0.27,0.129999999999999
38236,1244094,5987.89599194114,12827.8422370791,21.61,-0.260000000000002,-0.530000000000001
38237,1244094,5996.63514214666,12847.9884241547,21.97,0.359999999999999,0.620000000000001
38238,1244094,6005.37429235218,12868.1346112303,21.96,-0.00999999999999801,-0.369999999999997
38239,1244094,6014.15323832366,12888.3725386842,22.06,0.0999999999999979,0.109999999999996
38240,1244094,6022.75310334831,12908.1976344358,21.62,-0.439999999999998,-0.539999999999996
38241,1244094,6031.5320493198,12928.4355618897,22.06,0.439999999999998,0.879999999999995
38242,1244094,6040.28313825511,12948.6092710788,21.99,-0.0700000000000003,-0.509999999999998
38243,1244094,6048.88698285635,12968.4435408681,21.62,-0.369999999999997,-0.299999999999997
38244,1244094,6059.47183251724,12987.449565459,21.73,0.109999999999999,0.479999999999997
38245,1244094,6069.38351020906,13008.2596866825,23.05,1.32,1.21
38246,1244094,6079.97460008105,13030.4962717468,24.63,1.58,0.259999999999998
38247,1244094,6091.05589874128,13053.7620775571,25.77,1.14,-0.439999999999998
38248,1244094,6100.5031681074,13073.5971475475,21.97,-3.8,-4.94
38249,1244094,6109.35506031099,13096.7645445842,21.77,-0.199999999999999,3.6
38250,1244094,6117.93683068251,13116.3138595924,21.35,-0.419999999999998,-0.219999999999999
38251,1244094,6127.37510445477,13141.482993389,21.82,0.469999999999999,0.889999999999997
38252,1244094,6134.1312752222,13161.7990524694,21.42,-0.399999999999999,-0.869999999999997
38253,1244094,6139.53684295906,13178.0537975441,17.13,-4.29,-3.89
38254,1244094,6143.71803224763,13190.6267906696,13.25,-3.88,0.410000000000004
38255,1244094,6146.56755219298,13199.1954040977,9.03,-4.22,-0.340000000000002
38256,1244094,6148.50194391668,13205.0121926154,6.13,-2.9,1.32
38257,1244094,6149.65058761558,13208.4662073306,3.64,-2.49,0.41
38258,1244094,6153.07785592579,13217.0287562215,6.07,2.43,4.92
38259,1244094,6156.11659339117,13223.6882212614,7.32,1.25,-1.18
38260,1244094,6159.67008966217,13231.4757924008,8.56,1.24,-0.00999999999999979
38261,1244094,6164.03723694849,13241.0464989881,10.52,1.96,0.719999999999999
38262,1244094,6169.03122761906,13251.9909476806,12.03,1.51,-0.449999999999999
38263,1244094,6174.50261556902,13263.9816238042,13.18,1.15,-0.359999999999999
38264,1244094,6180.67141867498,13277.5007017402,14.86,1.68,0.529999999999999
38265,1244094,6187.34252674448,13292.1205928863,16.07,1.21,-0.469999999999999
38266,1244094,6194.45782184785,13307.7139304249,17.14,1.07,-0.140000000000001
38267,1244094,6202.16259880926,13324.5991314001,18.56,1.42,0.349999999999998
38268,1244094,6210.47346275147,13342.8125863314,20.02,1.46,0.0400000000000027
38269,1244094,6219.24511885032,13362.0358781745,21.13,1.11,-0.350000000000001
38270,1244094,6228.45681070235,13382.2235187801,22.19,1.06,-0.0499999999999972
38271,1244094,6236.53935420659,13399.9366040705,19.46,-2.73,-3.79
38272,1244094,6243.45953911752,13415.1023530068,16.68,-2.78,-0.0500000000000007
38273,1244094,6246.92168957896,13430.6444273365,15.58,-1.1,1.68
38274,1244094,6253.99579238409,13446.1466423235,17.04,1.46,2.56
38275,1244094,6262.86212558427,13464.2274355678,19.01,1.97,0.510000000000003
38276,1244094,6270.80160081351,13483.3443059468,20.7,1.69,-0.280000000000005
