"V1","V2","V3","V4","V5","acceleration","jerk"
43624,1253505,6243.93547822767,13499.5129014833,21.74,-0.359999999999999,0
43625,1253505,6233.51619604441,13480.8451158083,21.38,-0.359999999999999,0
43626,1253505,6224.2007590844,13461.2131130005,21.73,0.350000000000001,0.710000000000001
43627,1253505,6214.71384606438,13441.2197295612,22.13,0.399999999999999,0.0499999999999972
43628,1253505,6205.53987685388,13421.8858657745,21.4,-0.73,-1.13
43629,1253505,6196.16871017437,13402.1364142615,21.86,0.460000000000001,1.19
43630,1253505,6186.93043744137,13382.6670327379,21.55,-0.309999999999999,-0.77
43631,1253505,6177.64929569336,13363.1073060564,21.65,0.0999999999999979,0.409999999999997
43632,1253505,6164.85615812947,13332.4249078996,21.44,-0.209999999999997,-0.309999999999995
43633,1253505,6157.47057524463,13312.2438954015,21.49,0.0499999999999972,0.259999999999994
43634,1253505,6149.89253417387,13291.5369933268,22.05,0.560000000000002,0.510000000000005
43635,1253505,6142.36948115623,13270.9803454168,21.89,-0.16,-0.720000000000002
43636,1253505,6135.00108203799,13250.8462873451,21.45,-0.440000000000001,-0.280000000000001
43637,1253505,6126.9519235139,13230.2798323228,22.1,0.650000000000002,1.09
43638,1253505,6118.10077935758,13211.093010097,21.13,-0.970000000000002,-1.62
43639,1253505,6110.41833809744,13194.4396111561,18.34,-2.79,-1.82
43640,1253505,6104.14755589109,13180.8462969715,14.96,-3.38,-0.59
43641,1253505,6099.08736557361,13169.8772097738,12.08,-2.88,0.499999999999998
43642,1253505,6095.29641173477,13161.6594747457,9.05,-3.03,-0.149999999999999
43643,1253505,6092.14217058489,13154.8219559876,7.53,-1.52,1.51
43644,1253505,6089.41100826121,13148.9015546193,6.52,-1.01,0.51
43645,1253505,6087.86111553152,13145.5418176464,3.7,-2.82,-1.81
43646,1253505,6083.66929816056,13137.12505858,5.98,2.28,5.1
43647,1253505,6080.05646393074,13130.3026082264,7.72,1.74,-0.540000000000001
43648,1253505,6075.37194700839,13121.456399931,10.01,2.29,0.550000000000001
43649,1253505,6070.07437142788,13111.4524960446,11.32,1.31,-0.98
43650,1253505,6064.16346612261,13099.5641220937,13.28,1.96,0.649999999999999
43651,1253505,6057.93552976107,13086.4143955309,14.55,1.27,-0.689999999999998
43652,1253505,6050.9713699946,13071.7101995737,16.26,1.71,0.44
43653,1253505,6043.38227640766,13055.6865121539,17.73,1.47,-0.240000000000002
43654,1253505,6035.15112752571,13038.3071828203,19.23,1.5,0.0300000000000011
43655,1253505,6026.18803560746,13019.3824217052,20.94,1.71,0.210000000000001
43656,1253505,6016.91675714761,12999.8069524715,21.65,0.709999999999997,-1
43657,1253505,5993.98398679527,12980.400834837,21.38,-0.27,-0.979999999999997
43658,1253505,5973.57485313543,12972.2188160954,22.19,0.810000000000002,1.08
43659,1253505,5952.17535334958,12975.306902063,21.92,-0.27,-1.08
43660,1253505,5933.2006343862,12985.4592633775,21.52,-0.400000000000002,-0.130000000000003
43661,1253505,5920.28504742076,13002.8408184847,21.78,0.260000000000002,0.660000000000004
43662,1253505,5909.36209168556,13021.9637695489,22.09,0.309999999999999,0.0499999999999972
43663,1253505,5903.99,13042.2946145411,21.56,-0.530000000000001,-0.84
43664,1253505,5908.65700025563,13062.5771505805,21.43,-0.129999999999999,0.400000000000002
43665,1253505,5922.35551342453,13078.0106179266,21.68,0.25,0.379999999999999
43666,1253505,5942.65097358004,13083.4899408707,21.43,-0.25,-0.5
43667,1253505,5960.08993941138,13083.0173481375,17.56,-3.87,-3.62
43668,1253505,5974.02323390651,13080.6084262808,14.14,-3.42,0.450000000000003
43669,1253505,5985.04332547856,13078.1481730533,11.3,-2.84,0.579999999999998
43670,1253505,5995.4754665801,13075.4717328732,10.76,-0.540000000000001,2.3
43671,1253505,6002.89516953625,13073.5681551778,7.66,-3.1,-2.56
43672,1253505,6007.76737656881,13072.318155725,5.03,-2.63,0.47
43673,1253505,6017.58538580742,13068.9385546255,7.14,2.11,4.74
43674,1253505,6025.73272198136,13065.2582675078,8.94,1.8,-0.31
43675,1253505,6035.02834043484,13061.0592822057,10.2,1.26,-0.54
43676,1253505,6045.85500192772,13056.1686993244,11.87,1.67,0.41
43677,1253505,6058.50433370559,13050.4547859918,13.88,2.01,0.340000000000002
43678,1253505,6072.40219462869,13044.1768912999,15.25,1.37,-0.640000000000002
43679,1253505,6087.66705826554,13037.2814987695,16.75,1.5,0.130000000000001
43680,1253505,6104.05286412766,13029.8797580115,17.98,1.23,-0.27
43681,1253505,6121.96059967775,13021.7905363265,19.65,1.67,0.439999999999998
43682,1253505,6141.33558480727,13013.0385336282,21.26,1.61,-0.0599999999999952
43683,1253505,6161.80417210778,13003.7925326591,22.46,1.2,-0.410000000000004
43684,1253505,6183.78557574484,12993.8631674153,24.12,1.66,0.460000000000001
43685,1253505,6207.17043550135,12983.2998377239,25.66,1.54,-0.120000000000001
43686,1253505,6231.7764843488,12972.1848766301,27,1.34,-0.199999999999999
43687,1253505,6257.55815553008,12960.5388673952,28.28,1.28,-0.0599999999999987
43688,1253505,6284.07457199273,12947.8113976611,29.44,1.16,-0.120000000000001
43689,1253505,6310.8432203075,12933.2559736755,30.47,1.03,-0.130000000000003
43690,1253505,6338.4816080982,12918.2276297771,31.46,0.990000000000002,-0.0399999999999956
43691,1253505,6366.77888943127,12902.8410132173,32.21,0.75,-0.240000000000002
43692,1253505,6396.38537679745,12886.8251288494,32.81,0.600000000000001,-0.149999999999999
43693,1253505,6425.18209666984,12870.9970359576,32.87,0.0599999999999952,-0.540000000000006
43694,1253505,6454.37317210956,12854.9521858594,33.31,0.440000000000005,0.38000000000001
43695,1253505,6483.38021495119,12839.0084891242,33.1,-0.210000000000001,-0.650000000000006
43696,1253505,6512.54500001975,12822.9780895065,33.28,0.18,0.390000000000001
43697,1253505,6541.13395440931,12807.1084374602,32.7,-0.579999999999998,-0.759999999999998
43698,1253505,6569.68208247661,12790.2779893422,33.15,0.449999999999996,1.02999999999999
43699,1253505,6598.00623609317,12773.5795845709,32.87,-0.280000000000001,-0.729999999999997
43700,1253505,6626.61466497413,12756.7135863211,33.22,0.350000000000001,0.630000000000003
43701,1253505,6654.88713217898,12740.0456530914,32.82,-0.399999999999999,-0.75
