"V1","V2","V3","V4","V5","acceleration","jerk"
22478,1267185,6239.593086317,13491.7670617938,22.08,-0.149999999999999,0
22479,1267185,6229.47364792969,13472.32556742,21.93,-0.149999999999999,0
22480,1267185,6220.09819434868,13452.5670813912,21.87,-0.0599999999999987,0.0899999999999999
22481,1267185,6210.75274907817,13432.8718369729,21.81,-0.0600000000000023,-3.5527136788005e-15
22482,1267185,6201.60450127667,13413.5921802809,21.34,-0.469999999999999,-0.409999999999997
22483,1267185,6192.37908924817,13394.1499023047,21.52,0.18,0.649999999999999
22484,1267185,6183.09794750016,13374.5901756232,21.64,0.120000000000001,-0.0599999999999987
22485,1267185,6173.63246898764,13354.6419647629,22.09,0.449999999999999,0.329999999999998
22486,1267185,6161.44689883595,13323.1091496874,21.98,-0.109999999999999,-0.559999999999999
22487,1267185,6154.08537322436,13302.9938733862,21.43,-0.550000000000001,-0.440000000000001
22488,1267185,6146.54513644012,13282.3902710498,21.94,0.510000000000002,1.06
22489,1267185,6139.10112874884,13262.0496135016,21.65,-0.290000000000003,-0.800000000000004
22490,1267185,6131.56432871792,13241.4554020505,21.93,0.280000000000001,0.570000000000004
22491,1267185,6123.0730027904,13221.8714095206,21.36,-0.57,-0.850000000000001
22492,1267185,6114.65331525884,13203.619865425,20.1,-1.26,-0.689999999999998
22493,1267185,6107.62434228472,13188.3830042348,16.79,-3.31,-2.05
22494,1267185,6101.95676157318,13176.0972633586,13.53,-3.26,0.0500000000000025
22495,1267185,6097.92285157671,13167.3528668591,9.63,-3.9,-0.639999999999999
22496,1267185,6094.54659876554,13160.0340884805,8.06,-1.57,2.33
22497,1267185,6091.2499350405,13152.8878371356,7.87,-0.19,1.38
22498,1267185,6088.97955163646,13147.966276489,5.42,-2.45,-2.26
22499,1267185,6087.94489351691,13145.7234250504,2.47,-2.95,-0.5
22500,1267185,6084.26363747039,13138.2474046874,4.91,2.44,5.39
22501,1267185,6081.04858939282,13132.1761308623,6.87,1.96,-0.48
22502,1267185,6076.85545536442,13124.2578465141,8.96,2.09,0.130000000000001
22503,1267185,6071.6233975031,13114.3776658206,11.17,2.21,0.119999999999998
22504,1267185,6065.96550131725,13103.3689570648,12.39,1.22,-0.989999999999998
22505,1267185,6059.85313490882,13090.4632460464,14.27,1.88,0.659999999999998
22506,1267185,6052.94890030321,13075.8855766679,16.14,1.87,-0.00999999999999801
22507,1267185,6045.43685335167,13060.0245662777,17.54,1.4,-0.470000000000002
22508,1267185,6037.19286336383,13042.6181241059,19.26,1.72,0.320000000000004
22509,1267185,6028.31537881824,13023.8741152459,20.74,1.48,-0.240000000000006
22510,1267185,6018.89000708759,13003.9732919529,22.03,1.29,-0.189999999999994
22511,1267185,5997.67944449275,12982.9861186524,21.47,-0.560000000000002,-1.85
22512,1267185,5978.40597986558,12973.7234138879,21.64,0.170000000000002,0.730000000000004
22513,1267185,5957.28676734575,12973.9471993346,21.64,0,-0.170000000000002
22514,1267185,5937.44173095747,12983.1900785298,22.06,0.419999999999998,0.419999999999998
22515,1267185,5922.84800833895,12999.2152383474,22.14,0.0800000000000018,-0.339999999999996
22516,1267185,5911.29589846324,13017.9226321661,22.06,-0.0800000000000018,-0.160000000000004
22517,1267185,5903.99,13037.9946145411,21.73,-0.329999999999998,-0.249999999999996
22518,1267185,5906.79754791907,13059.0243295875,21.72,-0.0100000000000016,0.319999999999997
22519,1267185,5918.46953941502,13076.1464006653,21.37,-0.349999999999998,-0.339999999999996
22520,1267185,5938.44750448406,13083.2555319136,21.54,0.169999999999998,0.519999999999996
22521,1267185,5959.81403258969,13083.0650495604,21.48,-0.0599999999999987,-0.229999999999997
22522,1267185,5977.1468932806,13080.0683780286,17.59,-3.89,-3.83
22523,1267185,5990.31267065891,13076.7962849772,13.57,-4.02,-0.129999999999999
22524,1267185,5999.52433842823,13074.4329659323,9.51,-4.06,-0.0400000000000009
22525,1267185,6006.14007879253,13072.7356505721,6.82,-2.69,1.37
22526,1267185,6009.61745915971,13071.8435038454,3.59,-3.23,-0.540000000000001
22527,1267185,6017.97725991869,13068.7615385785,5.66,2.07,5.3
22528,1267185,6024.76670673031,13065.694632647,7.46,1.8,-0.27
22529,1267185,6033.55197750399,13061.7261798713,9.64,2.18,0.380000000000001
22530,1267185,6043.59489077432,13057.1896290841,11.02,1.38,-0.800000000000002
22531,1267185,6055.30554735543,13051.8997309339,12.85,1.83,0.450000000000001
22532,1267185,6068.43788675883,13045.9676350317,14.41,1.56,-0.27
22533,1267185,6083.0557024445,13039.3645248115,16.04,1.63,0.0699999999999985
22534,1267185,6099.08608760105,13032.1233334915,17.59,1.55,-0.0799999999999983
22535,1267185,6116.26475503714,13024.3634439871,18.85,1.26,-0.289999999999999
22536,1267185,6134.41855107571,13016.1630726913,19.93,1.08,-0.180000000000003
22537,1267185,6153.83910296235,13007.3904867317,21.31,1.38,0.300000000000001
22538,1267185,6174.88183140263,12997.8851366703,23.09,1.78,0.400000000000002
22539,1267185,6197.11840887959,12987.8405051634,24.4,1.31,-0.470000000000002
22540,1267185,6220.2116413905,12977.4089083442,25.34,0.940000000000001,-0.369999999999997
22541,1267185,6244.31645590958,12966.5203631245,26.45,1.11,0.169999999999998
22542,1267185,6269.82472654811,12954.9978534573,27.99,1.54,0.43
22543,1267185,6295.67109833848,12941.5057988226,29.18,1.19,-0.349999999999998
22544,1267185,6322.54516962003,12926.8930512112,30.59,1.41,0.219999999999999
22545,1267185,6350.61403452508,12911.6306358407,31.94,1.35,-0.0599999999999987
22546,1267185,6379.73712909793,12895.7949842121,33.15,1.21,-0.140000000000004
22547,1267185,6409.6094334887,12879.5565371958,33.16,0.00999999999999801,-1.2
22548,1267185,6438.55513213096,12863.6465582482,33.03,-0.129999999999995,-0.139999999999993
22549,1267185,6467.63228262901,12847.6643268986,33.17,0.140000000000001,0.269999999999996
22550,1267185,6496.74448695526,12831.6628282417,33.23,0.0599999999999952,-0.0800000000000054
22551,1267185,6525.57626065586,12815.8154680427,32.9,-0.329999999999998,-0.389999999999993
22552,1267185,6554.27091738536,12799.3635873154,33.08,0.18,0.509999999999998
22553,1267185,6582.94826148194,12782.4569603435,33.29,0.210000000000001,0.0300000000000011
22554,1267185,6611.10874146142,12765.8550487871,32.68,-0.609999999999999,-0.82
22555,1267185,6639.42428067602,12749.1617226061,32.88,0.200000000000003,0.810000000000002
