"V1","V2","V3","V4","V5","acceleration","jerk"
74777,1273492,6642.96224485323,12780.0176543154,32.75,0.0300000000000011,0
74778,1273492,6614.83268323381,12796.8478700924,32.78,0.0300000000000011,0
74779,1273492,6586.31696228772,12813.9091291,33.23,0.449999999999996,0.419999999999995
74780,1273492,6553.62209433528,12829.6837888458,32.68,-0.549999999999997,-0.999999999999993
74781,1273492,6525.31168672349,12846.8725997661,33.12,0.439999999999998,0.989999999999995
74782,1273492,6497.48850532966,12863.7655887594,32.55,-0.57,-1.01
74783,1273492,6473.46055973885,12878.3542806365,28.11,-4.44,-3.87
74784,1273492,6453.09108469692,12890.7217131314,23.83,-4.28,0.159999999999997
74785,1273492,6432.57629657243,12903.1773732186,24.01,0.180000000000003,4.46
74786,1273492,6413.81381326691,12914.56911234,21.94,-2.07,-2.25
74787,1273492,6393.05981296278,12928.8936152324,22.07,0.129999999999999,2.2
74788,1273492,6375.19376053673,12941.3329508541,21.77,-0.300000000000001,-0.43
74789,1273492,6357.40977541627,12953.7151466705,21.67,-0.0999999999999979,0.200000000000003
74790,1273492,6340.60247190182,12966.7360958813,21.35,-0.32,-0.220000000000002
74791,1273492,6326.08029561504,12982.3863002217,21.36,0.00999999999999801,0.329999999999998
74792,1273492,6311.28604108401,12998.3297168213,21.75,0.390000000000001,0.380000000000003
74793,1273492,6296.69548465967,13014.7686951366,22.02,0.27,-0.120000000000001
74794,1273492,6285.05134639633,13033.2456982514,21.84,-0.18,-0.449999999999999
74795,1273492,6273.31123996048,13051.8749843589,22.02,0.18,0.359999999999999
74796,1273492,6261.49649161269,13070.6227127941,22.16,0.140000000000001,-0.0399999999999991
74797,1273492,6252.77179014529,13090.4022710638,21.75,-0.41,-0.550000000000001
74798,1273492,6245.72224323354,13110.7877754318,21.58,-0.170000000000002,0.239999999999998
74799,1273492,6238.68250097674,13131.1449272207,21.54,-0.0399999999999991,0.130000000000003
74800,1273492,6231.70812308631,13151.3130618157,21.34,-0.199999999999999,-0.16
74801,1273492,6224.59648002652,13171.878132518,21.75,0.41,0.609999999999999
74802,1273492,6219.93278433764,13193.1341780009,21.85,0.100000000000001,-0.309999999999999
74803,1273492,6216.71755985635,13214.8777455908,21.98,0.129999999999999,0.0299999999999976
74804,1273492,6214.14618218991,13236.1011791438,21.43,-0.550000000000001,-0.68
74805,1273492,6214.72782802116,13258.0434713697,21.95,0.52,1.07
74806,1273492,6215.31477358664,13280.1856933654,22.15,0.199999999999999,-0.32
74807,1273492,6215.88423002917,13301.6681471209,21.49,-0.66,-0.859999999999999
74808,1273492,6220.8140352469,13322.3652426092,21.42,-0.0699999999999967,0.590000000000003
74809,1273492,6227.20947590829,13343.1432583649,21.74,0.319999999999997,0.389999999999993
74810,1273492,6233.59314942955,13363.8830441009,21.7,-0.0399999999999991,-0.359999999999996
74811,1273492,6239.44435985987,13382.8929214414,19.89,-1.81,-1.77
74812,1273492,6244.31889765928,13398.7297071393,16.58,-3.31,-1.5
74813,1273492,6248.26971495838,13411.5654362838,13.43,-3.15,0.160000000000004
74814,1273492,6251.35564745783,13421.5912589736,10.49,-2.94,0.209999999999999
74815,1273492,6253.38253734546,13428.1763798824,6.89,-3.6,-0.660000000000001
74816,1273492,6255.25939619641,13434.2740680389,6.38,-0.51,3.09
74817,1273492,6257.06271042154,13440.1328185717,6.13,-0.25,0.26
74818,1273492,6258.03938305244,13443.3059102142,3.31,-2.82,-2.57
74819,1273492,6260.96031114848,13451.0448673052,5.13,1.82,4.64
74820,1273492,6263.50675312411,13457.1771779027,6.64,1.51,-0.31
74821,1273492,6266.72432062043,13464.9256848174,8.39,1.75,0.240000000000001
74822,1273492,6270.60534363148,13474.2719172341,10.12,1.73,-0.0200000000000022
74823,1273492,6274.93506199065,13484.6986923315,11.28,1.16,-0.569999999999999
74824,1273492,6280.05095595976,13497.0187259717,13.34,2.06,0.9
