"V1","V2","V3","V4","V5","acceleration","jerk"
61855,"1280820#1",6653.03671262052,12773.9899931433,32.79,-0.549999999999997,0
61856,"1280820#1",6625.37054219313,12790.5429570436,32.24,-0.549999999999997,0
61857,"1280820#1",6597.87599813316,12806.9932350635,32.04,-0.200000000000003,0.349999999999994
61858,"1280820#1",6570.64747494267,12823.2843499691,31.73,-0.309999999999999,-0.109999999999996
61859,"1280820#1",6541.44998671475,12837.0741471642,28.66,-3.07,-2.76
61860,"1280820#1",6519.24272857,12850.5573992086,25.98,-2.68,0.390000000000001
61861,"1280820#1",6498.18087942886,12863.3452102314,24.64,-1.34,1.34
61862,"1280820#1",6477.40965645282,12875.9565660697,24.3,-0.34,1
61863,"1280820#1",6457.93770339133,12887.7790634358,22.78,-1.52,-1.18
61864,"1280820#1",6438.90168957748,12899.336878025,22.27,-0.510000000000002,1.01
61865,"1280820#1",6419.91696273395,12910.863553464,22.21,-0.0599999999999987,0.450000000000003
61866,"1280820#1",6399.02610607887,12924.7395513844,21.93,-0.280000000000001,-0.220000000000002
61867,"1280820#1",6381.19288057506,12937.156031084,21.73,-0.199999999999999,0.0800000000000018
61868,"1280820#1",6363.12165988505,12949.7382162191,22.02,0.289999999999999,0.489999999999998
61869,"1280820#1",6344.98478535057,12962.3661131984,22.1,0.0800000000000018,-0.209999999999997
61870,"1280820#1",6330.24989470815,12977.8928223478,21.43,-0.670000000000002,-0.750000000000004
61871,"1280820#1",6315.51005582597,12993.7775964956,21.67,0.240000000000002,0.910000000000004
61872,"1280820#1",6300.64097977778,13009.8016464666,21.87,0.199999999999999,-0.0400000000000027
61873,"1280820#1",6288.49553747605,13027.7804308466,21.75,-0.120000000000001,-0.32
61874,"1280820#1",6276.95269895034,13046.0966908024,21.65,-0.100000000000001,0.0199999999999996
61875,"1280820#1",6265.51116016227,13064.2522075993,21.45,-0.199999999999999,-0.0999999999999979
61876,"1280820#1",6255.14451664409,13083.5409469232,22.03,0.580000000000002,0.780000000000001
61877,"1280820#1",6247.93155881645,13104.3989942761,22.07,0.0399999999999991,-0.540000000000003
61878,"1280820#1",6240.96371736265,13124.5482271517,21.32,-0.75,-0.789999999999999
61879,"1280820#1",6233.75402775332,13145.3968236449,22.06,0.739999999999998,1.49
61880,"1280820#1",6226.81233204606,13165.4704496429,21.24,-0.82,-1.56
61881,"1280820#1",6220.93626204199,13186.3479690079,21.77,0.530000000000001,1.35
61882,"1280820#1",6217.76492142532,13207.7947636097,21.68,-0.0899999999999999,-0.620000000000001
61883,"1280820#1",6214.67842294692,13228.6677971014,21.1,-0.579999999999998,-0.489999999999998
61884,"1280820#1",6214.43130789124,13246.8574007544,18.24,-2.86,-2.28
61885,"1280820#1",6214.87622057948,13263.6415049217,16.79,-1.45,1.41
61886,"1280820#1",6215.23898738721,13277.3266976585,13.68,-3.11,-1.66
61887,"1280820#1",6215.58241016503,13290.2821467358,12.97,-0.709999999999999,2.4
61888,"1280820#1",6215.84951677,13300.3586071293,10.07,-2.9,-2.19
61889,"1280820#1",6216.76613904172,13309.2141158015,8.97,-1.1,1.8
61890,"1280820#1",6218.95776889118,13316.3344569873,7.45,-1.52,-0.420000000000001
61891,"1280820#1",6221.12880624542,13323.3878956386,7.38,-0.0700000000000003,1.45
61892,"1280820#1",6222.71148659308,13328.5298333003,5.38,-2,-1.93
61893,"1280820#1",6223.8058306253,13332.0852251407,3.72,-1.66,0.34
61894,"1280820#1",6224.92665072281,13335.7266345257,3.81,0.0899999999999999,1.75
61895,"1280820#1",6225.97098440947,13339.1195487821,3.55,-0.26,-0.35
61896,"1280820#1",6226.85351991932,13341.9868002663,3,-0.55,-0.29
61897,"1280820#1",6227.44187692589,13343.8983012558,2,-1,-0.45
61898,"1280820#1",6227.94786395154,13345.5421921068,1.73,-0.27,0.73
61899,"1280820#1",6228.56563880843,13347.5492681457,2.1,0.37,0.64
61900,"1280820#1",6229.07750940415,13349.2122740066,1.74,-0.36,-0.73
61901,"1280820#1",6229.33638648704,13350.053334442,0.88,-0.86,-0.5
61902,"1280820#1",6229.62173963522,13350.9804124219,0.98,0.1,0.96
61903,"1280820#1",6229.69822604607,13351.2289075505,0.26,-0.72,-0.82
61904,"1280820#1",6229.75706174673,13351.4200576494,0.2,-0.06,0.66
61905,"1280820#1",6229.81589744739,13351.6112077484,0.21,0.00999999999999998,0.07
61906,"1280820#1",6229.89826742831,13351.8788178869,0.28,0.07,0.0600000000000001
61907,"1280820#1",6229.98946276433,13352.1751005403,0.3,0.02,-0.0500000000000001
61908,"1280820#1",6230.18656236153,13352.8154533718,0.68,0.38,0.36
61909,"1280820#1",6230.3630694635,13353.3889036686,0.59,-0.0900000000000001,-0.47
61910,"1280820#1",6230.63077190148,13354.2586366188,0.91,0.32,0.41
61911,"1280820#1",6230.91612504967,13355.1857145987,0.98,0.07,-0.25
61912,"1280820#1",6231.13970071216,13355.9120849747,0.75,-0.23,-0.3
61913,"1280820#1",6231.40446136512,13356.77226042,0.91,0.16,0.39
61914,"1280820#1",6231.59567739226,13357.3934982416,0.65,-0.26,-0.42
61915,"1280820#1",6231.73982485886,13357.861815984,0.49,-0.16,0.1
61916,"1280820#1",6231.99576015672,13358.6933189145,0.87,0.38,0.54
61917,"1280820#1",6232.14873297843,13359.1903091717,0.52,-0.35,-0.73
61918,"1280820#1",6232.40466827629,13360.0218121021,0.87,0.35,0.7
61919,"1280820#1",6232.77533319042,13361.2260577255,1.25,0.38,0.03
61920,"1280820#1",6233.09304597397,13362.2582682599,1.08,-0.17,-0.55
61921,"1280820#1",6233.39604983235,13363.2426912694,1.03,-0.05,0.12
61922,"1280820#1",6234.00794111918,13365.2306522985,2.08,1.05,1.1
61923,"1280820#1",6234.35801353809,13366.3679953873,1.19,-0.89,-1.94
61924,"1280820#1",6234.85223342361,13367.9736562184,1.68,0.49,1.38
61925,"1280820#1",6235.2817340384,13369.3690519408,1.46,-0.22,-0.71
61926,"1280820#1",6235.81125534431,13371.0894028313,1.8,0.34,0.56
61927,"1280820#1",6236.54375981749,13373.4692215632,2.49,0.69,0.35
61928,"1280820#1",6237.11446611386,13375.323377523,1.94,-0.55,-1.24
61929,"1280820#1",6237.54985029872,13376.7378882552,1.48,-0.46,0.0900000000000003
61930,"1280820#1",6238.0676044645,13378.420009126,1.76,0.28,0.74
61931,"1280820#1",6238.50593043439,13379.8440773632,1.49,-0.27,-0.55
61932,"1280820#1",6238.92660569409,13381.2108005706,1.43,-0.0600000000000001,0.21
61933,"1280820#1",6239.60027446661,13383.3994692036,2.29,0.86,0.92
61934,"1280820#1",6240.10626149226,13385.0433600546,1.72,-0.57,-1.43
61935,"1280820#1",6240.4504503411,13386.1615881334,1.17,-0.55,0.02
61936,"1280820#1",6240.89760166609,13387.6143288854,1.52,0.35,0.9
61937,"1280820#1",6241.08881769322,13388.235566707,0.65,-0.87,-1.22
61938,"1280820#1",6241.43006475703,13389.3442372809,1.16,0.51,1.38
61939,"1280820#1",6242.07431567923,13391.4373308644,2.2,1.04,0.53
61940,"1280820#1",6242.64208019056,13393.2819293193,1.93,-0.27,-1.31
61941,"1280820#1",6243.51579034532,13396.1205082887,2.97,1.04,1.31
61942,"1280820#1",6244.88077860055,13400.5551905843,4.64,1.67,0.629999999999999
61943,"1280820#1",6245.81038267093,13403.5753621477,3.17,-1.47,-3.14
61944,"1280820#1",6246.76940459164,13406.6911087606,3.25,0.0800000000000001,1.55
61945,"1280820#1",6247.62252225116,13409.4627851953,2.9,-0.35,-0.43
61946,"1280820#1",6248.37561921956,13411.9095064619,2.56,-0.34,0.0100000000000002
61947,"1280820#1",6248.82277054456,13413.3622472139,1.51,-1.05,-0.71
61948,"1280820#1",6249.3287575702,13415.0061380648,1.72,0.21,1.26
61949,"1280820#1",6249.52291538237,13415.6369333914,0.66,-1.06,-1.27
61950,"1280820#1",6249.578809298,13415.8185259854,0.19,-0.47,0.59
61951,"1280820#1",6249.58175108303,13415.8280834903,0.02,-0.17,0.3
61952,"1280820#1",6249.63764499865,13416.0096760843,0.19,0.17,0.34
61953,"1280820#1",6250.14951559437,13417.6726819452,1.74,1.55,1.38
61954,"1280820#1",6250.70257118054,13419.4694928753,1.88,0.14,-1.41
61955,"1280820#1",6251.89105233381,13423.3307248741,4.04,2.16,2.02
61956,"1280820#1",6252.53824504103,13425.4333759625,2.2,-1.84,-4
61957,"1280820#1",6253.27957486931,13427.8418672093,2.52,0.32,2.16
61958,"1280820#1",6253.76496939972,13429.4188555256,1.65,-0.87,-1.19
61959,"1280820#1",6253.85910652077,13429.7246956839,0.32,-1.33,-0.46
61960,"1280820#1",6253.97677792209,13430.1069958818,0.4,0.08,1.41
61961,"1280820#1",6254.15034323903,13430.6708886737,0.59,0.19,0.11
61962,"1280820#1",6254.91226556253,13433.1462824551,2.59,2,1.81
61963,"1280820#1",6255.63300289558,13435.4878711672,2.45,-0.14,-2.14
61964,"1280820#1",6256.07132886547,13436.9119394044,1.49,-0.96,-0.820000000000001
61965,"1280820#1",6256.16840777155,13437.2273370677,0.33,-1.16,-0.2
61966,"1280820#1",6256.20370919195,13437.342027127,0.12,-0.21,0.95
61967,"1280820#1",6256.20370919195,13437.342027127,0,-0.12,0.09
61968,"1280820#1",6256.66851122714,13438.8521129087,1.58,1.58,1.7
61969,"1280820#1",6257.36865606495,13441.1267990862,2.38,0.8,-0.78
61970,"1280820#1",6259.79447024398,13448.2373034172,4.36,1.98,1.18
61971,"1280820#1",6262.13765706191,13453.8801374158,6.11,1.75,-0.23
61972,"1280820#1",6265.22866946004,13461.3238758821,8.06,1.95,0.2
61973,"1280820#1",6268.89493230448,13470.1529254774,9.56,1.5,-0.45
61974,"1280820#1",6273.22848566662,13480.5889359822,11.3,1.74,0.24
61975,"1280820#1",6278.07209442448,13492.2532556881,12.62,1.32,-0.420000000000002
