"V1","V2","V3","V4","V5","acceleration","jerk"
58709,1284961,5902.91688916197,12519.9351564163,22.15,-0.0399999999999991,0
58710,1284961,5904.35065298522,12541.9885988074,22.11,-0.0399999999999991,0
58711,1284961,5907.88829830542,12563.0714857318,21.37,-0.739999999999998,-0.699999999999999
58712,1284961,5911.5847474052,12584.8094424907,22.05,0.68,1.42
58713,1284961,5915.26275616934,12606.4389559279,21.94,-0.109999999999999,-0.789999999999999
58714,1284961,5918.92903017443,12627.9994599786,21.87,-0.0700000000000003,0.0399999999999991
58715,1284961,5922.59865696783,12649.5796809969,21.89,0.0199999999999996,0.0899999999999999
58716,1284961,5929.26868012567,12673.2944722668,21.45,-0.440000000000001,-0.460000000000001
58717,1284961,5936.25466561094,12694.0608900321,21.91,0.460000000000001,0.900000000000002
58718,1284961,5943.30442093176,12715.0168688905,22.11,0.199999999999999,-0.260000000000002
58719,1284961,5950.24895602392,12735.6600719451,21.78,-0.329999999999998,-0.529999999999998
58720,1284961,5958.02506578184,12755.6671149484,21.47,-0.310000000000002,0.019999999999996
58721,1284961,5966.18689794323,12776.0647960855,21.97,0.5,0.810000000000002
58722,1284961,5974.24471039568,12796.202515879,21.69,-0.279999999999998,-0.779999999999998
58723,1284961,5982.9652965383,12816.4756042072,22.07,0.379999999999999,0.659999999999997
58724,1284961,5991.70444674382,12836.6217912828,21.97,-0.100000000000001,-0.48
58725,1284961,6000.31625049826,12856.4744091478,21.64,-0.329999999999998,-0.229999999999997
58726,1284961,6009.11111477613,12876.7490327531,22.09,0.449999999999999,0.779999999999998
58727,1284961,6017.61546996246,12896.3539515967,21.38,-0.710000000000001,-1.16
58728,1284961,6026.29492651904,12916.3625281048,21.81,0.43,1.14
58729,1284961,6035.03009714796,12936.4995411426,21.95,0.140000000000001,-0.289999999999999
58730,1284961,6043.72945158752,12956.5539878399,21.86,-0.0899999999999999,-0.23
58731,1284961,6053.98493415075,12975.9295157058,21.92,0.0600000000000023,0.150000000000002
58732,1284961,6063.92241230511,12996.7938064422,23.11,1.19,1.13
58733,1284961,6074.32429878515,13018.6331484116,24.19,1.08,-0.109999999999996
58734,1284961,6084.40367948347,13039.7953714692,23.44,-0.75,-1.83
58735,1284961,6093.94125046848,13059.8200347549,22.18,-1.26,-0.510000000000002
58736,1284961,6103.12191505505,13079.0953531115,21.35,-0.829999999999998,0.430000000000003
58737,1284961,6111.67032950724,13102.0387391719,21.44,0.0899999999999999,0.919999999999998
58738,1284961,6122.42710082874,13126.6041607695,21.74,0.299999999999997,0.209999999999997
58739,1284961,6128.43223533151,13144.6618256131,19.03,-2.71,-3.00999999999999
58740,1284961,6130.31335124869,13160.7704392609,15.88,-3.15,-0.440000000000003
58741,1284961,6135.07832923038,13175.0989068982,15.1,-0.780000000000001,2.37
58742,1284961,6138.98182443791,13186.8368634991,12.37,-2.73,-1.95
58743,1284961,6141.61676259335,13194.760221431,8.35,-4.02,-1.29
58744,1284961,6143.77204733607,13201.2412435478,6.82,-1.53,2.49
58745,1284961,6145.48239042619,13206.3843094149,5.43,-1.39,0.139999999999999
58746,1284961,6146.67836834345,13209.9806599014,3.79,-1.64,-0.249999999999999
58747,1284961,6150.04301407383,13218.3441404023,5.5,1.71,3.35
58748,1284961,6153.21888769233,13225.3037615672,7.65,2.15,0.44
58749,1284961,6157.07975365992,13233.7644774932,9.3,1.65,-0.5
58750,1284961,6161.82488247816,13244.1629702925,11.43,2.13,0.479999999999999
58751,1284961,6167.21348895766,13255.9715824129,12.98,1.55,-0.579999999999998
58752,1284961,6173.3950259746,13269.5178254385,14.89,1.91,0.359999999999999
58753,1284961,6180.406856748,13284.8835772654,16.89,2,0.0899999999999999
58754,1284961,6188.04555930754,13301.6230582372,18.39,1.5,-0.5
58755,1284961,6196.12846902679,13319.3359764177,19.47,1.08,-0.420000000000002
58756,1284961,6204.94203725174,13338.6500623434,21.23,1.76,0.680000000000003
58757,1284961,6214.28699348083,13359.1286339019,22.5,1.27,-0.490000000000002
58758,1284961,6224.15918624528,13380.7625935492,23.78,1.28,0.0100000000000016
58759,1284961,6234.61673610804,13403.6793069014,25.19,1.41,0.129999999999999
58760,1284961,6245.58491663104,13427.7150181664,26.42,1.23,-0.18
58761,1284961,6258.41678655495,13453.5238351963,27.68,1.26,0.0299999999999976
58762,1284961,6269.39397404582,13479.9549864158,28.62,0.940000000000001,-0.319999999999997
