"V1","V2","V3","V4","V5","acceleration","jerk"
68363,129169,5902.40566477613,12512.0717570478,22.18,-0.289999999999999,0
68364,129169,5903.82580459925,12533.9156418416,21.89,-0.289999999999999,0
68365,129169,5906.55053577407,12555.2044156667,21.49,-0.400000000000002,-0.110000000000003
68366,129169,5910.16316516637,12576.4494482361,21.55,0.0600000000000023,0.460000000000004
68367,129169,5913.83446835392,12598.0395277381,21.9,0.349999999999998,0.289999999999996
68368,129169,5917.47392005261,12619.4422960481,21.71,-0.189999999999998,-0.539999999999996
68369,129169,5921.13516487526,12640.9732246475,21.84,0.129999999999999,0.319999999999997
68370,129169,5926.72426368694,12665.7309846463,22.2,0.359999999999999,0.23
68371,129169,5933.71662615577,12686.5163585208,21.93,-0.27,-0.629999999999999
68372,129169,5940.64840728081,12707.1216493568,21.74,-0.190000000000001,0.0799999999999983
68373,129169,5947.64395824142,12727.916501286,21.93,0.190000000000001,0.380000000000003
68374,129169,5955.07907902536,12748.304638325,21.72,-0.210000000000001,-0.400000000000002
68375,129169,5963.28920605161,12768.8230158002,22.1,0.380000000000003,0.590000000000003
68376,129169,5971.44360823379,12789.2021282698,21.95,-0.150000000000002,-0.530000000000005
68377,129169,5979.78561483784,12809.1455479807,21.62,-0.329999999999998,-0.179999999999996
68378,129169,5988.45711224122,12829.1357764132,21.8,0.18,0.509999999999998
68379,129169,5997.29575186165,12849.5113144345,22.2,0.399999999999999,0.219999999999999
68380,129169,6005.94735138205,12869.4556726779,21.74,-0.460000000000001,-0.859999999999999
68381,129169,6014.73823608332,12889.7211222453,22.1,0.360000000000003,0.820000000000004
68382,129169,6023.5211616314,12909.968223737,22.07,-0.0300000000000011,-0.390000000000004
68383,129169,6032.32796463906,12930.2703694557,22.13,0.0599999999999987,0.0899999999999999
68384,129169,6041.16660425949,12950.6459074771,22.21,0.0800000000000018,0.0200000000000031
68385,129169,6049.92167277139,12970.828790704,22,-0.210000000000001,-0.290000000000003
68386,129169,6060.61565302311,12989.851080533,21.78,-0.219999999999999,-0.00999999999999801
68387,129169,6070.73803449232,13011.1035861121,23.54,1.76,1.98
68388,129169,6081.51402767917,13033.7283860192,25.06,1.52,-0.239999999999998
68389,129169,6091.38700467719,13054.4572529732,22.96,-2.1,-3.62
68390,129169,6100.90307527675,13074.4367749981,22.13,-0.830000000000002,1.27
68391,129169,6109.69270373544,13097.5336979615,21.69,-0.439999999999998,0.390000000000004
68392,129169,6120.90609461207,13122.0304379873,21.82,0.129999999999999,0.569999999999997
68393,129169,6124.44075255733,13143.1113145767,21.12,-0.699999999999999,-0.829999999999998
68394,129169,6131.1274998045,13163.2186145261,21.19,0.0700000000000003,0.77
68395,129169,6136.35319751158,13178.93248367,16.56,-4.63,-4.7
68396,129169,6140.50598626914,13191.4200753328,13.16,-3.4,1.23
68397,129169,6143.63951152466,13200.8427033883,9.93,-3.23,0.169999999999998
68398,129169,6145.52972464455,13206.5266451862,5.99,-3.94,-0.709999999999999
68399,129169,6146.48587585544,13209.401827765,3.04,-2.95,0.989999999999999
68400,129169,6149.64032160194,13217.4616786336,5.14,2.1,5.05
68401,129169,6152.6376820628,13224.0301054063,7.22,2.08,-0.0199999999999996
68402,129169,6156.19964227806,13231.8357981638,8.58,1.36,-0.72
68403,129169,6160.35526252921,13240.9424397142,10,1.42,0.0599999999999996
68404,129169,6165.17511778552,13251.5046883057,11.61,1.61,0.19
68405,129169,6170.60108748407,13263.3951783221,13.08,1.47,-0.139999999999999
68406,129169,6176.74941275074,13276.8686409957,14.81,1.73,0.26
68407,129169,6183.74048618023,13292.1889051025,16.84,2.03,0.299999999999999
68408,129169,6191.33767405195,13308.8374106343,18.3,1.46,-0.569999999999999
68409,129169,6199.36246320825,13326.4229631988,19.33,1.03,-0.430000000000003
68410,129169,6208.09300205755,13345.5550982443,21.03,1.7,0.670000000000005
68411,129169,6217.24283925387,13365.6060852345,22.04,1.01,-0.690000000000005
68412,129169,6227.09012320563,13387.1854596178,23.71,1.67,0.660000000000004
68413,129169,6237.56427894352,13410.138563146,25.23,1.52,-0.150000000000002
68414,129169,6248.46188449721,13434.0196161629,26.25,1.02,-0.5
68415,129169,6261.12081072723,13460.0346533688,27.8,1.55,0.530000000000001
68416,129169,6272.33196343017,13487.0291519763,29.23,1.43,-0.120000000000001
