"V1","V2","V3","V4","V5","acceleration","jerk"
26396,129737,6242.53202498627,13497.0094600521,21.91,-0.149999999999999,0
26397,129737,6232.12723995833,13477.9179326929,21.76,-0.149999999999999,0
26398,129737,6222.93183624033,13458.5388963272,21.45,-0.310000000000002,-0.160000000000004
26399,129737,6213.55638265932,13438.7804102984,21.87,0.420000000000002,0.730000000000004
26400,129737,6204.1080517528,13418.8683375012,22.04,0.169999999999998,-0.250000000000004
26401,129737,6195.11841930681,13399.9229578933,20.97,-1.07,-1.24
26402,129737,6186.59605912435,13381.9623405064,19.88,-1.09,-0.0199999999999996
26403,129737,6178.2794702139,13364.4353798773,19.39,-0.489999999999998,0.600000000000001
26404,129737,6166.61577582935,13337.2330411705,17.79,-1.6,-1.11
26405,129737,6160.68050284558,13321.0149822667,17.27,-0.52,1.08
26406,129737,6155.38102922603,13306.5342371423,15.43,-1.84,-1.32
26407,129737,6150.52489678476,13293.264916221,14.13,-1.3,0.540000000000001
26408,129737,6146.01587642883,13280.9440747145,13.12,-1.01,0.289999999999997
26409,129737,6141.94676049786,13269.8252665256,11.84,-1.28,-0.269999999999998
26410,129737,6138.35535327838,13260.0117913927,10.45,-1.39,-0.110000000000001
26411,129737,6135.12480515751,13251.1843592158,9.4,-1.05,0.340000000000002
26412,129737,6131.74647664388,13241.9531189711,9.83,0.43,1.48
26413,129737,6128.912328372,13234.5294455749,7.94,-1.89,-2.32
26414,129737,6125.83767630823,13227.8644538504,7.35,-0.590000000000001,1.3
26415,129737,6122.54939038172,13220.736363246,7.85,0.5,1.09
26416,129737,6119.6339164902,13214.416425589,6.96,-0.89,-1.39
26417,129737,6116.97815435337,13208.6594708842,6.34,-0.62,0.27
26418,129737,6114.54440387783,13203.3837757999,5.81,-0.53,0.0899999999999999
26419,129737,6111.8760750432,13197.5995799846,6.37,0.56,1.09
26420,129737,6109.03600133852,13191.4430889912,6.78,0.41,-0.15
26421,129737,6107.00019629358,13187.0300290755,4.86,-1.92,-2.33
26422,129737,6105.1193805216,13182.9529428572,4.49,-0.37,1.55
26423,129737,6103.67002137438,13179.8111347691,3.46,-1.03,-0.66
26424,129737,6102.07405075272,13176.3515137241,3.81,0.35,1.38
26425,129737,6101.31585998495,13174.7079667185,1.81,-2,-2.35
26426,129737,6100.15134598805,13172.1836238038,2.79,0.98,2.98
26427,129737,6099.18371025681,13170.0860582883,2.3,-0.49,-1.47
26428,129737,6098.25796351826,13168.0792964748,2.21,-0.0899999999999999,0.4
26429,129737,6096.42741453752,13164.1111746989,4.37,2.16,2.25
26430,129737,6094.15703113349,13159.1896140522,5.43,1.06,-1.1
26431,129737,6092.6741607921,13155.9751630025,3.53,-1.9,-2.96
26432,129737,6090.59646675446,13151.4712993849,4.96,1.43,3.33
26433,129737,6088.30932775335,13146.5134172575,5.46,0.5,-0.93
26434,129737,6083.51954337383,13136.8422627104,7.37,1.91,1.41
26435,129737,6079.01754009781,13128.3407118811,9.62,2.25,0.339999999999999
26436,129737,6073.96799588282,13118.8051886537,10.79,1.17,-1.08
26437,129737,6068.09012050373,13107.7054507727,12.56,1.77,0.600000000000001
26438,129737,6061.9419548019,13094.8736010723,14.23,1.67,-0.100000000000001
26439,129737,6055.02915945902,13080.2778564682,16.14,1.91,0.24
26440,129737,6047.53423398202,13064.4529965291,17.51,1.37,-0.539999999999999
26441,129737,6039.60699127304,13047.7153377014,18.52,1.01,-0.360000000000003
26442,129737,6031.02913253179,13029.6039617344,20.04,1.52,0.510000000000002
26443,129737,6021.84774181324,13010.2182823686,21.45,1.41,-0.109999999999999
26444,129737,6003.33324895231,12986.9414309199,21.49,0.0399999999999991,-1.37
26445,129737,5985.09890444628,12975.8078467981,21.53,0.0400000000000027,3.5527136788005e-15
26446,129737,5963.70203880157,12972.9011151372,22.13,0.599999999999998,0.559999999999995
26447,129737,5943.2346632804,12980.0905890392,21.99,-0.140000000000001,-0.739999999999998
26448,129737,5926.79635353723,12993.629885163,21.86,-0.129999999999999,0.0100000000000016
26449,129737,5914.6800603242,13010.8506417462,21.07,-0.789999999999999,-0.66
26450,129737,5905.17505468923,13030.7135536143,22.01,0.940000000000001,1.73
26451,129737,5903.99,13052.6246145411,22.18,0.169999999999998,-0.770000000000003
26452,129737,5912.19042339892,13069.3283964574,18.72,-3.46,-3.63
26453,129737,5925.13249717146,13079.342819589,17.14,-1.58,1.88
26454,129737,5939.27621691866,13083.301745556,14.97,-2.17,-0.590000000000002
26455,129737,5952.04637600121,13084.0138810814,12.79,-2.18,-0.0100000000000016
26456,129737,5963.03623011438,13082.5079650857,11.13,-1.66,0.520000000000003
26457,129737,5972.18057049025,13080.9270036409,9.28,-1.85,-0.190000000000003
26458,129737,5980.20986363115,13079.3882321525,8.18,-1.1,0.750000000000002
26459,129737,5987.18399695808,13077.5989685224,7.21,-0.97,0.13
26460,129737,5993.09263769339,13076.0830646135,6.09,-1.12,-0.15
26461,129737,5996.88966583806,13075.1089099704,3.93,-2.16,-1.04
26462,129737,6002.59489435134,13073.6451929174,5.88,1.95,4.11
26463,129737,6007.87392582797,13072.2908197529,5.46,-0.42,-2.37
26464,129737,6017.57627245599,13068.9426712778,7.01,1.55,1.97
26465,129737,6025.87853560415,13065.1924010717,9.11,2.1,0.55
26466,129737,6035.62070827746,13060.791699809,10.69,1.58,-0.52
26467,129737,6046.99417085584,13055.6541177923,12.48,1.79,0.210000000000001
26468,129737,6059.77108955367,13049.882571328,14.02,1.54,-0.250000000000002
26469,129737,6074.07905129089,13043.4194272846,15.7,1.68,0.140000000000001
26470,129737,6089.36214163059,13036.5158014497,16.77,1.07,-0.609999999999999
26471,129737,6106.15804830683,13028.9288113401,18.43,1.66,0.59
26472,129737,6124.3847511568,13020.6955068262,20,1.57,-0.0899999999999999
26473,129737,6143.78707634059,13011.9311541711,21.29,1.29,-0.280000000000001
26474,129737,6164.0733966126,13002.7674862471,22.26,0.970000000000002,-0.319999999999997
26475,129737,6185.55356592129,12993.0645368774,23.57,1.31,0.339999999999996
26476,129737,6208.27315102377,12982.8017228008,24.94,1.37,0.0600000000000023
26477,129737,6232.52377916565,12971.8473111451,26.61,1.67,0.299999999999997
26478,129737,6258.02293645276,12960.3289181301,27.98,1.37,-0.299999999999997
26479,129737,6284.48747861262,12947.5868801267,29.4,1.42,0.0499999999999972
26480,129737,6311.19463019676,12933.0648949229,30.4,1,-0.419999999999998
26481,129737,6338.89451471809,12918.0031122427,31.53,1.13,0.130000000000003
26482,129737,6367.66619940167,12902.3585393668,32.76,1.23,0.0999999999999943
26483,129737,6397.25295904559,12886.3482629954,32.79,0.0300000000000011,-1.2
26484,129737,6426.35639991479,12870.3515811653,33.21,0.420000000000002,0.390000000000001
26485,129737,6455.31086201411,12854.4367853909,33.04,-0.170000000000002,-0.590000000000003
26486,129737,6484.16892608585,12838.5749747115,32.93,-0.109999999999999,0.0600000000000023
26487,129737,6512.86048447362,12822.8046837414,32.73,-0.200000000000003,-0.0900000000000034
26488,129737,6541.9350937908,12806.6361285661,33.28,0.550000000000004,0.750000000000007
26489,129737,6570.31093381907,12789.9072522533,32.94,-0.340000000000003,-0.890000000000008
26490,129737,6598.76430346491,12773.1326686281,33.02,0.0800000000000054,0.420000000000009
26491,129737,6627.23490191464,12756.3479278224,33.05,0.029999999999994,-0.0500000000000114
26492,129737,6655.38676749217,12739.7510948563,32.68,-0.369999999999997,-0.399999999999991
