"V1","V2","V3","V4","V5","acceleration","jerk"
39835,1306093,6234.78124663221,13483.1838340299,22.16,-0.600000000000001,0
39836,1306093,6225.41395220897,13463.7698809686,21.56,-0.600000000000001,0
39837,1306093,6216.05564623396,13444.0475330029,21.83,0.27,0.870000000000001
39838,1306093,6206.60731532744,13424.1354602057,22.05,0.220000000000002,-0.0499999999999972
39839,1306093,6197.19756653443,13404.3046980506,21.95,-0.100000000000001,-0.320000000000004
39840,1306093,6187.82211295342,13384.5462120218,21.87,-0.0799999999999983,0.0200000000000031
39841,1306093,6178.46380697841,13364.8238640562,21.83,-0.0400000000000027,0.0399999999999956
39842,1306093,6165.2548215146,13333.5142505938,22.18,0.350000000000001,0.390000000000004
39843,1306093,6157.79363005672,13313.1266386192,21.71,-0.469999999999999,-0.82
39844,1306093,6150.20184197267,13292.3821730033,22.1,0.390000000000001,0.859999999999999
39845,1306093,6142.73377700815,13271.9757792581,21.72,-0.380000000000003,-0.770000000000003
39846,1306093,6135.31726334344,13251.7102487923,21.58,-0.140000000000001,0.240000000000002
39847,1306093,6127.64309189336,13231.7780934052,21.37,-0.209999999999997,-0.0699999999999967
39848,1306093,6118.61182506845,13212.200815261,21.56,0.189999999999998,0.399999999999995
39849,1306093,6109.46745796327,13192.3783671214,21.82,0.260000000000002,0.0700000000000038
39850,1306093,6102.19133993226,13176.6057640896,17.37,-4.45,-4.71
39851,1306093,6096.24729186893,13163.7207187804,14.19,-3.18,1.27
39852,1306093,6092.13379278635,13154.8037952472,9.81,-4.38,-1.2
39853,1306093,6089.31047467875,13148.6836257345,6.74,-3.07,1.31
39854,1306093,6087.8778711286,13145.5781391272,3.42,-3.32,-0.25
39855,1306093,6084.14664154326,13138.0264704143,5,1.58,4.9
39856,1306093,6081.07198857824,13132.2203177169,6.57,1.57,-0.00999999999999979
39857,1306093,6076.99585047698,13124.5229676418,8.71,2.14,0.57
39858,1306093,6072.05394251494,13115.1907039456,10.56,1.85,-0.290000000000001
39859,1306093,6066.41922039239,13104.3269440171,12.24,1.68,-0.17
39860,1306093,6060.28117177215,13091.3670073222,14.34,2.1,0.42
39861,1306093,6053.61235744138,13077.2864066453,15.59,1.25,-0.85
39862,1306093,6046.23728228611,13061.7145998634,17.22,1.63,0.379999999999999
39863,1306093,6038.31003957713,13044.9769410357,18.52,1.3,-0.329999999999998
39864,1306093,6029.84347042035,13027.1005430005,19.79,1.27,-0.0300000000000011
39865,1306093,6020.73056559993,13007.8594654388,21.28,1.49,0.220000000000002
39866,1306093,6001.30115691467,12985.5198114382,21.36,0.0799999999999983,-1.41
39867,1306093,5982.60695963092,12975.0317597945,21.67,0.310000000000002,0.230000000000004
39868,1306093,5961.26423564836,12973.2986271322,21.99,0.319999999999997,0.00999999999999446
39869,1306093,5941.11852361906,12981.2228226431,21.92,-0.0699999999999967,-0.389999999999993
39870,1306093,5925.42828656063,12995.5651610471,21.84,-0.0800000000000018,-0.0100000000000051
39871,1306093,5913.48869722009,13013.3402710267,21.45,-0.390000000000001,-0.309999999999999
39872,1306093,5904.22541743233,13032.6980407219,21.46,0.0100000000000016,0.400000000000002
39873,1306093,5904.31209541933,13054.2754217266,21.71,0.25,0.239999999999998
39874,1306093,5914.41156471865,13073.572289863,21.78,0.0700000000000003,-0.18
39875,1306093,5933.59504372244,13082.9849315497,21.63,-0.150000000000002,-0.220000000000002
39876,1306093,5955.30098529211,13083.8453085493,21.76,0.130000000000003,0.280000000000005
39877,1306093,5972.89004517459,13080.8043428391,17.85,-3.91,-4.04
39878,1306093,5986.78685881029,13077.7008571457,14.25,-3.6,0.309999999999999
39879,1306093,5996.72499880117,13075.1511564728,10.26,-3.99,-0.389999999999999
39880,1306093,6003.44728842463,13073.4265051404,6.94,-3.32,0.670000000000001
39881,1306093,6008.02890656857,13072.2510583389,4.73,-2.21,1.11
39882,1306093,6016.82897763915,13069.2802367628,6.04,1.31,3.52
39883,1306093,6024.46596613328,13065.8304821715,8.38,2.34,1.03
39884,1306093,6033.59754426112,13061.70559661,10.02,1.64,-0.700000000000002
39885,1306093,6044.3512989426,13056.8479469468,11.8,1.78,0.140000000000002
39886,1306093,6056.2442225522,13051.4757157515,13.04,1.24,-0.540000000000003
39887,1306093,6069.31276849563,13045.572436415,14.35,1.31,0.0700000000000021
39888,1306093,6083.75743050422,13039.0475425877,15.85,1.5,0.19
39889,1306093,6099.97008268927,13031.7240182226,17.79,1.94,0.44
39890,1306093,6117.32190380244,13023.8859123253,19.04,1.25,-0.69
39891,1306093,6136.204767955,13015.3562088489,20.72,1.68,0.43
39892,1306093,6156.69158195837,13006.1019745752,22.48,1.76,0.0800000000000018
39893,1306093,6178.56362537833,12996.2220091585,24,1.52,-0.240000000000002
39894,1306093,6201.71153799778,12985.7657124258,25.4,1.4,-0.120000000000001
39895,1306093,6225.81635251687,12974.8771672062,26.45,1.05,-0.349999999999998
39896,1306093,6250.78693542132,12963.5975400221,27.4,0.949999999999999,-0.100000000000001
39897,1306093,6276.89702500449,12951.7141811847,28.69,1.29,0.340000000000003
39898,1306093,6303.36697491338,12937.3211741389,30.13,1.44,0.149999999999995
39899,1306093,6331.03171844578,12922.2784993339,31.48,1.35,-0.0899999999999963
39900,1306093,6359.65405392642,12906.7151349279,32.59,1.11,-0.239999999999998
39901,1306093,6388.61022880187,12890.9702457069,32.95,0.359999999999999,-0.750000000000004
39902,1306093,6418.37289054055,12874.7397103876,33.05,0.0999999999999943,-0.260000000000005
39903,1306093,6447.49385832385,12858.7333949039,33.22,0.170000000000002,0.0700000000000074
39904,1306093,6476.28181473919,12842.9101188389,32.86,-0.359999999999999,-0.530000000000001
39905,1306093,6504.91202892759,12827.1735456564,32.67,-0.189999999999998,0.170000000000002
39906,1306093,6533.5772969442,12811.4177051668,32.71,0.0399999999999991,0.229999999999997
39907,1306093,6561.83436229879,12794.9045850681,32.73,0.019999999999996,-0.0200000000000031
39908,1306093,6590.29634634657,12778.1249228526,33.04,0.310000000000002,0.290000000000006
39909,1306093,6618.95646163924,12761.2284530612,33.27,0.230000000000004,-0.0799999999999983
39910,1306093,6647.28922965775,12744.5249696997,32.89,-0.380000000000003,-0.610000000000007
