"V1","V2","V3","V4","V5","acceleration","jerk"
34282,1317135,6242.01856648332,13496.0935668456,22.16,-0.649999999999999,0
34283,1317135,6231.78000093681,13477.1861369141,21.51,-0.649999999999999,0
34284,1317135,6222.49028538581,13457.608341201,21.67,0.16,0.809999999999999
34285,1317135,6213.05481518379,13437.7233719512,22.01,0.34,0.18
34286,1317135,6203.75223892829,13418.1184726908,21.7,-0.310000000000002,-0.650000000000002
34287,1317135,6194.34249013527,13398.2877105357,21.95,0.25,0.560000000000002
34288,1317135,6184.92845444076,13378.4479138648,21.96,0.0100000000000016,-0.239999999999998
34289,1317135,6175.45440212524,13358.4816339729,22.11,0.149999999999999,0.139999999999997
34290,1317135,6162.88689847707,13327.0439306258,22.04,-0.0700000000000003,-0.219999999999999
34291,1317135,6155.36384545942,13306.4872827159,21.89,-0.149999999999999,-0.0799999999999983
34292,1317135,6147.81673516854,13285.8648986088,21.96,0.0700000000000003,0.219999999999999
34293,1317135,6140.34179669738,13265.439723093,21.75,-0.210000000000001,-0.280000000000001
34294,1317135,6132.74657186002,13244.6858665919,22.1,0.350000000000001,0.560000000000002
34295,1317135,6124.51398413909,13224.9950568682,21.36,-0.740000000000002,-1.09
34296,1317135,6115.82620705428,13206.1623690801,20.74,-0.620000000000001,0.120000000000001
34297,1317135,6108.81817857651,13190.9709097409,16.72,-4.02,-3.4
34298,1317135,6102.91183060661,13178.1675877635,14.11,-2.61,1.41
34299,1317135,6098.35849710073,13168.2972253596,10.87,-3.24,-0.630000000000001
34300,1317135,6094.96129979322,13160.93304513,8.11,-2.76,0.48
34301,1317135,6091.45100220543,13153.3236949051,8.38,0.270000000000001,3.03
34302,1317135,6089.03819622623,13148.0934016717,5.76,-2.62,-2.89
34303,1317135,6087.63910387024,13145.060558026,3.34,-2.42,0.200000000000001
34304,1317135,6087.24534733892,13144.2070032275,0.95,-2.39,0.0300000000000002
34305,1317135,6086.95631328932,13143.5804576839,0.68,-0.27,2.12
34306,1317135,6086.89347980028,13143.444252131,0.16,-0.52,-0.25
34307,1317135,6086.85996860613,13143.3716091694,0.08,-0.08,0.44
34308,1317135,6084.14664154326,13138.0264704143,2.57,2.49,2.57
34309,1317135,6081.79268348937,13133.5812728393,5.03,2.46,-0.0299999999999994
34310,1317135,6078.79290791772,13127.9165180768,6.41,1.38,-1.08
34311,1317135,6074.91800281112,13120.5991749514,8.28,1.87,0.489999999999999
34312,1317135,6070.45343823179,13112.1683230895,9.54,1.26,-0.609999999999999
34313,1317135,6065.27636196728,13101.9139014107,11.5,1.96,0.700000000000001
34314,1317135,6059.76752753615,13090.2824937913,12.87,1.37,-0.590000000000002
34315,1317135,6053.60807707275,13077.2773690326,14.39,1.52,0.150000000000002
34316,1317135,6046.96494495378,13063.2509940323,15.52,1.13,-0.390000000000002
34317,1317135,6039.60699127304,13047.7153377014,17.19,1.67,0.540000000000003
34318,1317135,6031.63694487773,13030.8873027461,18.62,1.43,-0.240000000000002
34319,1317135,6023.14041314051,13012.9476414215,19.85,1.23,-0.199999999999999
34320,1317135,6005.71767952874,12988.6095408761,21.6,1.75,0.52
34321,1317135,5987.63858766806,12976.5988013689,21.78,0.18,-1.57
34322,1317135,5966.93928347466,12972.3732449575,21.52,-0.260000000000002,-0.440000000000001
34323,1317135,5946.53231425266,12978.3261916732,21.53,0.0100000000000016,0.270000000000003
34324,1317135,5929.22077602741,12990.2002823304,21.4,-0.130000000000003,-0.140000000000004
34325,1317135,5916.573372037,13008.091377107,21.91,0.510000000000002,0.640000000000004
34326,1317135,5906.73763963013,13027.4481702827,21.76,-0.149999999999999,-0.66
34327,1317135,5903.99,13048.9246145411,22.09,0.329999999999998,0.479999999999997
34328,1317135,5911.99103075435,13068.9474206402,22,-0.0899999999999999,-0.419999999999998
34329,1317135,5928.91929319001,13081.1594582195,21.77,-0.23,-0.140000000000001
34330,1317135,5950.13933895291,13083.9075340248,21.64,-0.129999999999999,0.100000000000001
34331,1317135,5968.81056573966,13081.5096424492,18.9,-2.74,-2.61
34332,1317135,5983.49351807258,13078.5457871933,14.99,-3.91,-1.17
34333,1317135,5995.10738732118,13075.5661662314,11.99,-3,0.909999999999998
34334,1317135,6003.42791583206,13073.4314753171,8.59,-3.4,-0.4
34335,1317135,6007.65114101336,13072.3479767855,4.37,-4.22,-0.819999999999999
34336,1317135,6016.29128990507,13069.523119246,5.83,1.46,5.68
34337,1317135,6023.73689801928,13066.1598143521,8.18,2.35,0.89
34338,1317135,6032.64975571292,13062.1337284448,9.78,1.6,-0.75
34339,1317135,6043.13010985165,13057.3995783493,11.5,1.72,0.120000000000001
34340,1317135,6055.1141669755,13051.9861806313,13.15,1.65,-0.0700000000000003
34341,1317135,6068.69306059873,13045.8523687685,14.89,1.74,0.0899999999999999
34342,1317135,6083.31998963582,13039.245141896,16.06,1.17,-0.570000000000002
34343,1317135,6099.29569468382,13032.0286504896,17.52,1.46,0.290000000000003
34344,1317135,6116.76598936551,13024.137028113,19.17,1.65,0.190000000000001
34345,1317135,6135.43013308388,13015.7061242907,20.48,1.31,-0.340000000000003
34346,1317135,6155.47950621884,13006.6494893254,22,1.52,0.210000000000001
34347,1317135,6176.44021449631,12997.1811891344,23,1,-0.52
34348,1317135,6198.28491786199,12987.3135736745,23.97,0.969999999999999,-0.0300000000000011
34349,1317135,6221.64243756422,12976.7625939399,25.62,1.65,0.680000000000003
34350,1317135,6246.38518668305,12965.5858830622,27.15,1.53,-0.120000000000005
34351,1317135,6272.50405186706,12953.7875576938,28.66,1.51,-0.019999999999996
34352,1317135,6298.70200863339,12939.8577445807,29.69,1.03,-0.48
34353,1317135,6325.63757664556,12925.2115581876,30.65,0.959999999999997,-0.0700000000000038
34354,1317135,6353.24960869457,12910.1975451956,31.43,0.780000000000001,-0.179999999999996
34355,1317135,6381.57324576934,12894.7965977294,32.24,0.810000000000002,0.0300000000000011
34356,1317135,6411.48481329779,12878.5257362588,33.2,0.960000000000001,0.149999999999999
34357,1317135,6440.49185613942,12862.5820395236,33.1,-0.100000000000001,-1.06
34358,1317135,6469.66540466504,12846.5468230791,33.3,0.199999999999996,0.299999999999997
34359,1317135,6498.86524356181,12830.4971561541,33.32,0.0200000000000031,-0.179999999999993
34360,1317135,6527.82846911818,12814.5775435529,33.05,-0.270000000000003,-0.290000000000006
34361,1317135,6556.61403471617,12797.9822107649,33.23,0.18,0.450000000000003
34362,1317135,6584.85204431322,12781.3345918963,32.79,-0.439999999999998,-0.619999999999997
34363,1317135,6613.53800281174,12764.4228863341,33.29,0.5,0.939999999999998
34364,1317135,6641.95691484977,12747.66861707,33,-0.289999999999999,-0.789999999999999
