"V1","V2","V3","V4","V5","acceleration","jerk"
50661,1317678,6644.11214151491,12779.3296589176,33.19,0,0
50662,1317678,6615.63932716067,12796.3652464551,33.19,0,0
50663,1317678,6587.44969631266,12813.2314022902,32.85,-0.339999999999996,-0.339999999999996
50664,1317678,6554.61364242796,12829.0817652749,32.84,-0.00999999999999801,0.329999999999998
50665,1317678,6526.56821749611,12846.1096905858,32.81,-0.0300000000000011,-0.0200000000000031
50666,1317678,6498.18942725724,12863.3400203731,33.19,0.379999999999995,0.409999999999997
50667,1317678,6471.19538521678,12879.7295931045,31.59,-1.6,-1.97999999999999
50668,1317678,6448.05641377803,12893.7785397111,27.07,-4.52,-2.92
50669,1317678,6428.15706929728,12905.8605299957,23.28,-3.79,0.73
50670,1317678,6407.00304818182,12919.1855623057,21.85,-1.43,2.36
50671,1317678,6389.27651017527,12931.5277602584,21.61,-0.240000000000002,1.19
50672,1317678,6371.72231351045,12943.7499646198,21.39,-0.219999999999999,0.0200000000000031
50673,1317678,6353.9547418511,12956.1207324751,21.64,0.25,0.469999999999999
50674,1317678,6337.53478969791,12970.0420641049,21.66,0.0199999999999996,-0.23
50675,1317678,6322.50246670317,12986.2420414315,22.1,0.440000000000001,0.420000000000002
50676,1317678,6307.46334175232,13002.4493490646,22.1,0,-0.440000000000001
50677,1317678,6293.90707609203,13019.1933620913,21.63,-0.470000000000002,-0.470000000000002
50678,1317678,6282.06566991854,13037.9833913578,22.21,0.580000000000002,1.05
50679,1317678,6270.66678365159,13056.0712268246,21.38,-0.830000000000002,-1.41
50680,1317678,6259.13460825615,13074.3705664479,21.63,0.25,1.08
50681,1317678,6251.32070121213,13094.5984527696,21.76,0.130000000000003,-0.119999999999997
50682,1317678,6244.24827677216,13115.0501131555,21.64,-0.120000000000001,-0.250000000000004
50683,1317678,6237.26082600845,13135.2560511892,21.39,-0.25,-0.129999999999999
50684,1317678,6230.16879225857,13155.7644167334,21.7,0.309999999999999,0.559999999999999
50685,1317678,6223.18460971318,13175.9609039074,21.37,-0.329999999999998,-0.639999999999997
50686,1317678,6219.31402184647,13197.3186771322,21.76,0.390000000000001,0.719999999999999
50687,1317678,6216.14121843431,13218.7753641669,21.7,-0.0600000000000023,-0.450000000000003
50688,1317678,6214.25535671496,13240.2197323999,21.6,-0.0999999999999979,-0.0399999999999956
50689,1317678,6214.82640307776,13261.7621650864,21.55,-0.0500000000000007,0.0499999999999972
50690,1317678,6215.41387861666,13283.924380059,22.17,0.620000000000001,0.670000000000002
50691,1317678,6215.99578943462,13305.8766687734,21.96,-0.210000000000001,-0.830000000000002
50692,1317678,6222.11724601645,13326.5992173009,21.64,-0.32,-0.109999999999999
50693,1317678,6228.45090919215,13347.1765254528,21.53,-0.109999999999999,0.210000000000001
50694,1317678,6234.89341841407,13368.1074612877,21.91,0.379999999999999,0.489999999999998
50695,1317678,6241.41535583187,13389.2964497562,22.16,0.25,-0.129999999999999
50696,1317678,6246.78999708686,13406.7580112952,18.27,-3.89,-4.14
50697,1317678,6250.86731114238,13420.0047131524,13.86,-4.41,-0.52
50698,1317678,6254.11504181863,13430.5561986143,11.03,-2.83,1.58
50699,1317678,6256.08897957567,13436.9692844341,6.71,-4.32,-1.49
50700,1317678,6257.4451424758,13441.3752942149,4.61,-2.1,2.22
50701,1317678,6257.82463274504,13442.6082123531,1.29,-3.32,-1.22
50702,1317678,6258.0805680429,13443.4397152835,0.88,-0.41,2.91
50703,1317678,6258.35709583599,13444.3381207486,0.93,0.05,0.46
50704,1317678,6258.38651368631,13444.433695798,0.11,-0.82,-0.87
50705,1317678,6258.40416439651,13444.4910408277,0.06,-0.05,0.77
50706,1317678,6258.41,13444.51,0.02,-0.04,0.01
50707,1317678,6258.41,13444.51,0.01,-0.01,0.03
50708,1317678,6258.41,13444.51,0,-0.01,0
50709,1317678,6260.32370065458,13449.5117896558,2.2,2.2,2.21
50710,1317678,6261.6889617138,13452.7995947352,3.57,1.37,-0.830000000000001
50711,1317678,6263.58345318362,13457.3618860533,4.93,1.36,-0.00999999999999979
50712,1317678,6266.32931531397,13463.9744378422,7.17,2.24,0.88
50713,1317678,6269.9495581227,13472.6926625471,9.44,2.27,0.0299999999999994
50714,1317678,6274.31379150864,13483.2025563122,11.38,1.94,-0.329999999999998
50715,1317678,6279.46803550751,13495.6149440277,13.44,2.06,0.119999999999997
