"V1","V2","V3","V4","V5","acceleration","jerk"
17624,1325901,6235.72503226144,13484.8673329714,22.12,-0.280000000000001,0
17625,1325901,6226.1212909565,13465.2605760736,21.84,-0.280000000000001,0
17626,1325901,6216.66867314849,13445.3394687606,22.06,0.219999999999999,0.5
17627,1325901,6207.46898252899,13425.9513978792,21.46,-0.599999999999998,-0.819999999999997
17628,1325901,6198.12353725848,13406.2561534609,21.8,0.34,0.939999999999998
17629,1325901,6188.60661592796,13386.1995284111,22.19,0.390000000000001,0.0500000000000007
17630,1325901,6179.44979432346,13366.9018026875,21.36,-0.830000000000002,-1.22
17631,1325901,6166.33052530378,13336.453597691,21.35,-0.00999999999999801,0.820000000000004
17632,1325901,6158.7662312463,13315.7842591575,22.01,0.66,0.669999999999998
17633,1325901,6151.13663887573,13294.9364938035,22.2,0.189999999999998,-0.470000000000002
17634,1325901,6143.59983884481,13274.3422823523,21.93,-0.27,-0.459999999999997
17635,1325901,6136.14552089357,13253.9734521483,21.69,-0.239999999999998,0.0300000000000011
17636,1325901,6128.61910542314,13233.8938196611,21.44,-0.25,-0.0100000000000016
17637,1325901,6119.49149391504,13214.1076930023,21.79,0.349999999999998,0.599999999999998
17638,1325901,6110.37226020547,13194.3397270839,21.77,-0.0199999999999996,-0.369999999999997
17639,1325901,6102.92439730441,13178.1948288741,17.78,-3.99,-3.97
17640,1325901,6096.98872703962,13165.3279443052,14.17,-3.61,0.379999999999997
17641,1325901,6092.79144997165,13156.2294133681,10.02,-4.15,-0.539999999999999
17642,1325901,6090.01002085674,13150.2000475574,6.64,-3.38,0.77
17643,1325901,6088.46431702632,13146.8493909548,3.69,-2.95,0.43
17644,1325901,6084.34787453793,13138.406477364,5.97,2.28,5.23
17645,1325901,6080.62740405514,13131.3807674791,7.95,1.98,-0.299999999999999
17646,1325901,6075.88672908777,13122.4285107327,10.13,2.18,0.2
17647,1325901,6070.23348588878,13111.752966656,12.08,1.95,-0.230000000000001
17648,1325901,6064.21055017758,13099.663535834,13.51,1.43,-0.52
17649,1325901,6057.58881990177,13085.6823488975,15.47,1.96,0.530000000000001
17650,1325901,6050.20946437786,13070.1015045028,17.24,1.77,-0.190000000000003
17651,1325901,6042.14524987262,13053.0746420668,18.84,1.6,-0.169999999999996
17652,1325901,6033.45182117827,13034.7192505554,20.31,1.47,-0.130000000000003
17653,1325901,6024.33891635785,13015.4781729938,21.29,0.98,-0.489999999999998
17654,1325901,6007.52034182019,12989.8706549324,22.2,0.91,-0.0700000000000003
17655,1325901,5989.40358579107,12977.1964586667,22.11,-0.0899999999999999,-1
17656,1325901,5968.14338057868,12972.1769030005,22.18,0.0700000000000003,0.16
17657,1325901,5947.2200596426,12977.958215752,21.96,-0.219999999999999,-0.289999999999999
17658,1325901,5929.38240419342,12989.9716421416,21.91,-0.0500000000000007,0.169999999999998
17659,1325901,5916.631096382,13008.0097198967,22.08,0.169999999999998,0.219999999999999
17660,1325901,5906.87145215269,13027.1685380084,21.54,-0.539999999999999,-0.709999999999997
17661,1325901,5903.99,13048.3446145411,21.83,0.289999999999999,0.829999999999998
17662,1325901,5911.79627514802,13068.5753047257,22.15,0.32,0.0300000000000011
17663,1325901,5928.28816052025,13080.8566851144,21.49,-0.66,-0.98
17664,1325901,5949.49034728726,13083.8713426181,21.7,0.210000000000001,0.870000000000001
17665,1325901,5969.04705730111,13081.4687555153,19.79,-1.91,-2.12
17666,1325901,5984.27810807186,13078.3444950349,15.56,-4.23,-2.32
17667,1325901,5995.19456398776,13075.5438004361,11.26,-4.3,-0.0700000000000021
17668,1325901,6002.45928620332,13073.6799841547,7.5,-3.76,0.540000000000001
17669,1325901,6007.20557138414,13072.4622908508,4.9,-2.6,1.16
17670,1325901,6009.95647952977,13071.7565257522,2.84,-2.06,0.539999999999999
17671,1325901,6017.0294713705,13069.1896704132,4.27,1.43,3.49
17672,1325901,6022.26964843986,13066.8225953654,5.75,1.48,0.0500000000000007
17673,1325901,6029.41451595705,13063.595139996,7.83,2.08,0.6
17674,1325901,6038.60077419343,13059.445554521,10.08,2.25,0.17
17675,1325901,6049.58236266054,13054.4849885513,12.05,1.97,-0.279999999999999
17676,1325901,6061.84893367856,13048.9439746134,13.46,1.41,-0.56
17677,1325901,6075.48250741034,13042.785462837,14.96,1.5,0.0899999999999999
17678,1325901,6090.31904353021,13036.0835529627,16.28,1.32,-0.18
17679,1325901,6106.84154966371,13028.6200624208,18.13,1.85,0.529999999999998
17680,1325901,6124.7128318081,13020.5473073449,19.61,1.48,-0.369999999999997
17681,1325901,6143.73239623204,13011.9558540846,20.87,1.26,-0.219999999999999
17682,1325901,6164.15541677543,13002.7304363768,22.41,1.54,0.279999999999998
17683,1325901,6185.84519316689,12992.9328040052,23.79,1.38,-0.16
17684,1325901,6208.5374382151,12982.6823398854,24.9,1.11,-0.27
17685,1325901,6232.47821240853,12971.8678944063,26.27,1.37,0.260000000000002
17686,1325901,6257.31209504161,12960.6500170061,27.25,0.98,-0.390000000000001
17687,1325901,6282.78314064968,12948.5136120772,28.23,0.98,0
17688,1325901,6308.928036411,12934.2973528777,29.76,1.53,0.550000000000001
17689,1325901,6335.83724868148,12919.665497391,30.63,0.869999999999997,-0.660000000000004
17690,1325901,6363.5371332028,12904.6037147108,31.53,0.900000000000002,0.0300000000000047
17691,1325901,6392.37031461701,12888.9257030532,32.83,1.3,0.399999999999995
17692,1325901,6421.85198299013,12872.8274301447,32.74,-0.0899999999999963,-1.38999999999999
17693,1325901,6450.80644508945,12856.9126343704,33.04,0.299999999999997,0.389999999999993
17694,1325901,6479.79596101698,12840.9785712888,33.08,0.0399999999999991,-0.259999999999998
17695,1325901,6508.56639051821,12825.1649288774,32.83,-0.25,-0.289999999999999
17696,1325901,6537.20536816366,12809.4235388682,32.68,-0.149999999999999,0.100000000000001
17697,1325901,6565.55578394184,12792.7106340762,32.91,0.229999999999997,0.379999999999995
17698,1325901,6593.74210712718,12776.0934867491,32.72,-0.189999999999998,-0.419999999999995
17699,1325901,6622.27300639057,12759.2731958116,33.13,0.410000000000004,0.600000000000001
17700,1325901,6650.65746082079,12742.5392409085,32.95,-0.18,-0.590000000000003
