"V1","V2","V3","V4","V5","acceleration","jerk"
53927,1334748,6236.49277497538,13486.2368113849,21.64,-0.140000000000001,0
53928,1334748,6226.94008914305,13466.9861685892,21.5,-0.140000000000001,0
53929,1334748,6217.70610331155,13447.5258215814,21.54,0.0399999999999991,0.18
53930,1334748,6208.32636282904,13427.7583010368,21.88,0.34,0.300000000000001
53931,1334748,6199.15239361853,13408.42443725,21.4,-0.48,-0.82
53932,1334748,6189.71692341652,13388.5394680002,22.01,0.610000000000003,1.09
53933,1334748,6180.46150307752,13369.0339484135,21.59,-0.420000000000002,-1.03
53934,1334748,6167.09348454084,13338.5383742264,21.49,-0.100000000000001,0.32
53935,1334748,6159.63229308296,13318.1507622518,21.71,0.220000000000002,0.320000000000004
53936,1334748,6152.15391785848,13297.7161958507,21.76,0.0500000000000007,-0.170000000000002
53937,1334748,6144.53463574787,13276.8966031525,22.18,0.419999999999998,0.369999999999997
53938,1334748,6137.17311013628,13256.7813268514,21.41,-0.77,-1.19
53939,1334748,6129.65349387196,13236.2340698267,21.88,0.469999999999999,1.24
53940,1334748,6120.46750744481,13216.2234192582,22.02,0.140000000000001,-0.329999999999998
53941,1334748,6112.07714220813,13198.035437754,20.03,-1.99,-2.13
53942,1334748,6105.46287026169,13183.6975332133,15.79,-4.24,-2.25
53943,1334748,6099.98379001727,13171.8204089959,13.08,-2.71,1.53
53944,1334748,6095.01156658445,13161.0420095723,11.87,-1.21,1.5
53945,1334748,6091.19547934999,13152.7697923231,9.12,-2.75,-1.54
53946,1334748,6089.04657402477,13148.1115624121,5.13,-3.99,-1.24
53947,1334748,6087.68937066148,13145.1695224684,3.23,-1.9,2.09
53948,1334748,6084.00156659362,13137.7525119156,4.86,1.63,3.53
53949,1334748,6080.74439998227,13131.6017017522,6.96,2.1,0.469999999999999
53950,1334748,6076.66826188101,13123.9043516771,8.71,1.75,-0.349999999999999
53951,1334748,6071.79655147526,13114.7046485448,10.41,1.7,-0.0500000000000016
53952,1334748,6066.25228601569,13103.9744771196,12.08,1.67,-0.0299999999999994
53953,1334748,6060.39674172525,13091.6110228667,13.68,1.6,-0.0700000000000003
53954,1334748,6054.00615135565,13078.1178670191,14.93,1.25,-0.35
53955,1334748,6046.78944983981,13062.8804519092,16.86,1.93,0.68
53956,1334748,6038.99061818984,13046.4139214642,18.23,1.37,-0.559999999999999
53957,1334748,6030.50692755852,13028.501372978,19.82,1.59,0.219999999999999
53958,1334748,6021.51387305984,13009.5133485735,21.01,1.19,-0.399999999999999
53959,1334748,6002.10416102632,12986.0815804269,22.21,1.2,0.00999999999999801
53960,1334748,5983.39941717757,12975.2785614086,21.8,-0.41,-1.61
53961,1334748,5961.91563244234,12973.1924093522,22.17,0.370000000000001,0.780000000000001
53962,1334748,5941.56820329709,12980.9822230023,22.07,-0.100000000000001,-0.470000000000002
53963,1334748,5925.83235697566,12994.993560575,21.65,-0.420000000000002,-0.32
53964,1334748,5913.58797747876,13013.13280192,21.92,0.270000000000003,0.690000000000005
53965,1334748,5904.21246783337,13032.7251019097,21.71,-0.210000000000001,-0.480000000000004
53966,1334748,5904.46048064319,13054.5589386138,22,0.289999999999999,0.5
53967,1334748,5914.44402398637,13073.6343091821,21.53,-0.469999999999999,-0.759999999999998
53968,1334748,5933.86462487586,13082.9999649033,21.83,0.299999999999997,0.769999999999996
53969,1334748,5955.63601500416,13083.787385393,21.83,0,-0.299999999999997
53970,1334748,5973.88528049567,13080.6322769922,18.52,-3.31,-3.31
53971,1334748,5988.11388140167,13077.3604000383,14.61,-3.91,-0.600000000000001
53972,1334748,5997.99390361482,13074.8256098956,10.21,-4.4,-0.489999999999998
53973,1334748,6005.14239027493,13072.9916146747,7.38,-2.83,1.57
53974,1334748,6009.22032101192,13071.9453924688,4.21,-3.17,-0.339999999999999
53975,1334748,6018.00459997297,13068.7491886217,6.1,1.89,5.06
53976,1334748,6024.83050019028,13065.6658160812,7.5,1.4,-0.489999999999999
53977,1334748,6033.36971047549,13061.8085129165,9.36,1.86,0.459999999999999
53978,1334748,6043.44907715152,13057.2554955203,11.06,1.7,-0.159999999999998
53979,1334748,6055.2599805983,13051.9203141952,12.96,1.9,0.199999999999999
53980,1334748,6068.54724697593,13045.9182352046,14.57,1.61,-0.290000000000001
53981,1334748,6083.62073023285,13039.1092923716,16.54,1.97,0.359999999999999
53982,1334748,6099.94274263499,13031.7363681793,17.91,1.37,-0.599999999999998
53983,1334748,6117.47683077666,13023.815929237,19.24,1.33,-0.0400000000000027
53984,1334748,6136.30501482068,13015.3109256741,20.66,1.42,0.0900000000000034
53985,1334748,6156.55488168699,13006.1637243591,22.22,1.56,0.139999999999997
53986,1334748,6178.34490494413,12996.3208088127,23.92,1.7,0.140000000000004
53987,1334748,6201.00069658664,12986.0868113019,24.86,0.939999999999998,-0.760000000000005
53988,1334748,6224.52225661452,12975.4617318267,25.8,0.940000000000001,3.5527136788005e-15
53989,1334748,6249.064512002,12964.3755872987,26.93,1.13,0.189999999999998
53990,1334748,6274.87352323755,12952.717228107,28.32,1.39,0.260000000000002
53991,1334748,6300.64354827158,12938.8020344721,29.29,0.969999999999999,-0.420000000000002
53992,1334748,6327.56154578929,12924.1654020167,30.64,1.35,0.380000000000003
53993,1334748,6355.20871882722,12909.1322811494,31.47,0.829999999999998,-0.520000000000003
53994,1334748,6383.76955757724,12893.6023555251,32.51,1.04,0.210000000000001
53995,1334748,6413.36019310689,12877.4949353219,32.84,0.330000000000005,-0.709999999999994
53996,1334748,6442.23578409274,12861.6234909888,32.95,0.109999999999999,-0.220000000000006
53997,1334748,6471.15519236385,12845.7279625217,33,0.0499999999999972,-0.0600000000000023
53998,1334748,6499.96067569329,12829.8950528031,32.87,-0.130000000000003,-0.18
53999,1334748,6529.0816434766,12813.8887373194,33.24,0.370000000000005,0.500000000000007
54000,1334748,6557.43240290157,12797.4997446904,32.75,-0.490000000000002,-0.860000000000007
54001,1334748,6586.03221738058,12780.6388250308,33.2,0.450000000000003,0.940000000000005
54002,1334748,6614.69233267324,12763.7423552394,33.27,0.0700000000000003,-0.380000000000003
54003,1334748,6643.24907514249,12746.9068285311,33.15,-0.120000000000005,-0.190000000000005
