"V1","V2","V3","V4","V5","acceleration","jerk"
65817,1353227,6520.9,12500.87,0,1.61,0
65818,1353227,6519.35237295999,12500.4262088948,1.61,1.61,0
65896,1353227,5902.48870630073,12513.3490604985,21.63,0.256666666666667,-0.0173504273504274
65897,1353227,5903.90754860003,12535.1729874259,21.87,0.240000000000002,-0.0166666666666647
65898,1353227,5906.8019948965,12556.6831882353,21.72,-0.150000000000002,-0.390000000000004
65899,1353227,5910.44312298935,12578.0958150291,21.72,0,0.150000000000002
65900,1353227,5914.12280814764,12599.7351869501,21.96,0.240000000000002,0.240000000000002
65901,1353227,5917.73879032825,12620.9999364871,21.57,-0.390000000000001,-0.630000000000003
65902,1353227,5921.38997678599,12642.4717141837,21.78,0.210000000000001,0.600000000000001
65903,1353227,5928.1849539672,12666.8072956568,22.22,0.439999999999998,0.229999999999997
65904,1353227,5937.1159710488,12686.4414962743,21.57,-0.649999999999999,-1.09
65905,1353227,5946.27885505509,12706.5854396987,22.13,0.559999999999999,1.21
65906,1353227,5955.36306992622,12726.5564346708,21.94,-0.189999999999998,-0.749999999999996
65907,1353227,5964.90030516836,12745.809417756,21.49,-0.450000000000003,-0.260000000000005
65908,1353227,5975.24423613354,12764.7373862732,21.57,0.0800000000000018,0.530000000000005
65909,1353227,5985.76560124138,12783.9900348252,21.94,0.370000000000001,0.289999999999999
65910,1353227,5998.24397745664,12801.6827031053,21.82,-0.120000000000001,-0.490000000000002
65911,1353227,6013.27767723679,12817.7994481526,22.04,0.219999999999999,0.34
65912,1353227,6027.98396431755,12833.5651933078,21.56,-0.48,-0.699999999999999
65913,1353227,6043.72457438202,12847.8237749059,21.41,-0.149999999999999,0.330000000000002
65914,1353227,6062.18965240932,12859.0309553473,21.6,0.190000000000001,0.34
65915,1353227,6080.56924396426,12870.1862506941,21.5,-0.100000000000001,-0.290000000000003
65916,1353227,6099.17110034732,12881.4764472869,21.76,0.260000000000002,0.360000000000003
65917,1353227,6119.69004908039,12888.9650518815,21.84,0.0799999999999983,-0.180000000000003
65918,1353227,6139.97760748754,12896.2917069079,21.57,-0.27,-0.349999999999998
65919,1353227,6160.29338224853,12903.628551997,21.59,0.0199999999999996,0.289999999999999
65920,1353227,6180.88707676663,12910.0712100872,21.64,0.0500000000000007,0.0300000000000011
65921,1353227,6202.15238150849,12913.7431597377,21.59,-0.0500000000000007,-0.100000000000001
65922,1353227,6223.93995740482,12917.5052916549,22.11,0.52,0.57
65923,1353227,6245.57972071025,12921.241900289,21.96,-0.149999999999999,-0.669999999999998
65924,1353227,6266.97404255794,12919.4910488454,21.72,-0.240000000000002,-0.0900000000000034
65925,1353227,6288.19763118758,12915.7545015515,21.56,-0.16,0.0800000000000018
65926,1353227,6309.98258619861,12911.9191221481,22.12,0.560000000000002,0.720000000000002
65927,1353227,6331.64935881355,12908.1045495047,22,-0.120000000000001,-0.680000000000003
65928,1353227,6349.93466385891,12902.2693173638,19.19,-2.81,-2.69
65929,1353227,6365.11584346329,12897.344544697,15.97,-3.22,-0.410000000000002
65930,1353227,6376.46368009739,12893.6633079855,11.93,-4.04,-0.82
65931,1353227,6383.91158964014,12891.2472071095,7.83,-4.1,-0.0599999999999987
65932,1353227,6389.02905494537,12889.5871020376,5.37,-2.46,1.64
65933,1353227,6399.09328502647,12885.3367293656,7.68,2.31,4.77
65934,1353227,6407.01545020135,12880.982317931,9.04,1.36,-0.95
65935,1353227,6416.30471467631,12875.8764815143,10.59,1.55,0.190000000000001
65936,1353227,6427.05747647893,12869.9662350206,12.27,1.68,0.129999999999999
65937,1353227,6439.32631635153,12863.2226774891,14,1.73,0.0500000000000007
65938,1353227,6452.69935181265,12855.8721997798,15.26,1.26,-0.470000000000001
65939,1353227,6467.26421743283,12847.8666336245,16.63,1.37,0.109999999999999
65940,1353227,6483.04720358322,12839.1915285429,18.01,1.38,0.0100000000000033
65941,1353227,6499.71529889584,12830.0299239537,19.02,1.01,-0.370000000000005
65942,1353227,6517.59275128162,12820.2035972649,20.4,1.38,0.370000000000001
65943,1353227,6536.78472222517,12809.6547465549,21.9,1.5,0.120000000000001
65944,1353227,6556.64849232398,12797.9618964039,23.05,1.15,-0.349999999999998
65945,1353227,6577.42642983102,12785.7123366994,24.12,1.07,-0.0800000000000018
65946,1353227,6599.41038361127,12772.7517743587,25.51,1.39,0.32
65947,1353227,6622.37637921399,12759.2122527285,26.66,1.15,-0.240000000000002
65948,1353227,6646.1435141982,12745.2004222041,27.58,0.919999999999998,-0.23
