"V1","V2","V3","V4","V5","acceleration","jerk"
70176,1361722,6236.50744521832,13486.2629797623,22.12,-0.400000000000002,0
70177,1361722,6226.85863801455,13466.8145127892,21.72,-0.400000000000002,0
70178,1361722,6217.62893908454,13447.3632002972,21.53,-0.189999999999998,0.210000000000004
70179,1361722,6208.29635451853,13427.6950594263,21.77,0.239999999999998,0.429999999999996
70180,1361722,6198.79229389251,13407.6655379238,22.17,0.400000000000002,0.160000000000004
70181,1361722,6189.361110592,13387.7896031898,22,-0.170000000000002,-0.570000000000004
70182,1361722,6180.157133071,13368.3924977925,21.47,-0.530000000000001,-0.359999999999999
70183,1361722,6166.71544167563,13337.505376844,21.88,0.41,0.940000000000001
70184,1361722,6159.26456047771,13317.1459375253,21.68,-0.199999999999999,-0.609999999999999
70185,1361722,6151.63840486047,13296.3075630565,22.18,0.5,0.699999999999999
70186,1361722,6144.10504158286,13275.7227424906,21.93,-0.25,-0.75
70187,1361722,6136.70571168475,13255.5041664513,21.53,-0.399999999999999,-0.149999999999999
70188,1361722,6129.08407324204,13234.9017407529,21.97,0.439999999999998,0.839999999999996
70189,1361722,6120.13658440253,13215.5060700126,21.36,-0.609999999999999,-1.05
70190,1361722,6112.03525321544,13197.944634052,19.34,-2.02,-1.41
70191,1361722,6105.24923639895,13183.2344343333,16.2,-3.14,-1.12
70192,1361722,6098.7187424379,13169.0781371965,15.59,-0.609999999999999,2.53
70193,1361722,6093.88475268097,13158.5993899894,11.53,-4.06,-3.45
70194,1361722,6090.58808895593,13151.4531386445,7.87,-3.66,0.400000000000001
70195,1361722,6088.32189445116,13146.5406583681,5.41,-2.46,1.2
70196,1361722,6083.65057881222,13137.0897090963,7.12,1.71,4.17
70197,1361722,6079.73355517186,13129.6928296326,8.38,1.26,-0.449999999999999
70198,1361722,6074.76356818731,13120.3075417109,10.62,2.24,0.979999999999998
70199,1361722,6069.04480726912,13109.5082744412,12.22,1.6,-0.639999999999997
70200,1361722,6062.97352364254,13097.051665747,13.86,1.64,0.0399999999999974
70201,1361722,6056.1934197273,13082.7360871384,15.84,1.98,0.340000000000002
70202,1361722,6048.83546604656,13067.2004308075,17.2,1.36,-0.620000000000001
70203,1361722,6040.65140121958,13049.9205152143,19.12,1.92,0.560000000000002
70204,1361722,6031.96225289386,13031.5741613157,20.3,1.18,-0.740000000000002
70205,1361722,6022.70381553991,13012.0258049202,21.63,1.33,0.149999999999999
70206,1361722,6004.65246999288,12987.8643371156,21.88,0.25,-1.08
70207,1361722,5986.00593416834,12976.0903305734,22.18,0.300000000000001,0.0500000000000007
70208,1361722,5965.07391992828,12972.677414055,21.7,-0.48,-0.780000000000001
70209,1361722,5944.5925195631,12979.3640724768,21.84,0.140000000000001,0.620000000000001
70210,1361722,5927.57563219479,12992.5275128239,22.07,0.23,0.0899999999999999
70211,1361722,5914.94554550788,13010.3941104374,21.88,-0.190000000000001,-0.420000000000002
70212,1361722,5905.42109706942,13030.1993910455,21.97,0.0899999999999999,0.280000000000001
70213,1361722,5903.99,13051.7346145411,21.86,-0.109999999999999,-0.199999999999999
70214,1361722,5913.31722369264,13071.4813528197,22.04,0.18,0.289999999999999
70215,1361722,5931.86758437588,13082.5738411533,22.18,0.140000000000001,-0.0399999999999991
70216,1361722,5950.14932344008,13083.9080908157,18.39,-3.79,-3.93
70217,1361722,5966.23872000895,13081.9542878556,16.28,-2.11,1.68
70218,1361722,5979.28966548384,13079.6243155482,13.26,-3.02,-0.910000000000002
70219,1361722,5992.03683139807,13076.3539392464,13.16,-0.0999999999999996,2.92
70220,1361722,6000.4735954644,13074.1894272716,8.71,-4.45,-4.35
70221,1361722,6006.01415694079,13072.7679567209,5.71,-3,1.45
70222,1361722,6009.50122360426,13071.8733249059,3.6,-2.11,0.890000000000001
70223,1361722,6017.90435310729,13068.7944717965,5.7,2.1,4.21
70224,1361722,6024.58443970181,13065.7769656922,7.33,1.63,-0.47
70225,1361722,6032.88670284997,13062.0266954861,9.11,1.78,0.149999999999999
70226,1361722,6042.3463616291,13057.7536104433,10.38,1.27,-0.509999999999998
70227,1361722,6052.89050922781,13052.990643782,11.57,1.19,-0.0800000000000018
70228,1361722,6064.90190640593,13047.5648961074,13.18,1.61,0.42
70229,1361722,6078.12537932358,13041.5916336825,14.51,1.33,-0.279999999999999
70230,1361722,6093.22620263478,13034.7703408927,16.57,2.06,0.73
70231,1361722,6109.55732838835,13027.3933000483,17.92,1.35,-0.709999999999999
70232,1361722,6127.58353750697,13019.250561884,19.78,1.86,0.509999999999998
70233,1361722,6147.18635642211,13010.3956428793,21.51,1.73,-0.129999999999999
70234,1361722,6168.0832712396,13000.956159254,22.93,1.42,-0.310000000000002
70235,1361722,6190.4838890422,12990.8374280064,24.58,1.65,0.23
70236,1361722,6214.25150955856,12980.1011989203,26.08,1.5,-0.149999999999999
70237,1361722,6239.01248538024,12968.9162547381,27.16,1.08,-0.419999999999998
70238,1361722,6264.93997018432,12957.204379067,28.45,1.29,0.209999999999997
70239,1361722,6291.43660917283,12943.8082977924,29.71,1.26,-0.0299999999999976
70240,1361722,6318.67966083811,12928.9949174907,31.01,1.3,0.0399999999999991
70241,1361722,6346.64310277638,12913.789825746,31.83,0.819999999999997,-0.480000000000004
70242,1361722,6375.81012358539,12897.9302892734,33.2,1.37,0.550000000000008
70243,1361722,6405.80609312819,12881.6470400305,33.28,0.0799999999999983,-1.29000000000001
70244,1361722,6434.98840511086,12865.6070067592,33.3,0.019999999999996,-0.0600000000000023
70245,1361722,6463.82894226851,12849.7548297333,32.91,-0.390000000000001,-0.409999999999997
70246,1361722,6492.88856585245,12833.7822320373,33.15,0.240000000000002,0.630000000000003
70247,1361722,6521.75539338125,12817.915604531,32.94,-0.210000000000001,-0.450000000000003
70248,1361722,6550.1618476545,12801.7860748689,32.67,-0.269999999999996,-0.0599999999999952
70249,1361722,6578.70997572179,12784.9556267509,33.14,0.469999999999999,0.739999999999995
70250,1361722,6607.18918857348,12768.1658073549,33.06,-0.0799999999999983,-0.549999999999997
70251,1361722,6635.53918539589,12751.4521668129,32.91,-0.150000000000006,-0.0700000000000074
