"V1","V2","V3","V4","V5","acceleration","jerk"
55464,1383508,5902.66646706434,12516.0832881977,22.02,-0.309999999999999,0
55465,1383508,5904.07557793497,12537.7575311269,21.71,-0.309999999999999,0
55466,1383508,5907.27809083498,12559.4829976319,21.98,0.27,0.579999999999998
55467,1383508,5910.90077859218,12580.787181104,21.61,-0.370000000000001,-0.640000000000001
55468,1383508,5914.54693586748,12602.2293833492,21.75,0.140000000000001,0.510000000000002
55469,1383508,5918.24506136141,12623.977198592,22.06,0.309999999999999,0.169999999999998
55470,1383508,5921.9348048846,12645.6757214157,22,-0.0599999999999987,-0.369999999999997
55471,1383508,5929.18695032035,12669.0101127868,21.39,-0.609999999999999,-0.550000000000001
55472,1383508,5938.24632230669,12688.9264924581,21.89,0.5,1.11
55473,1383508,5947.25600852345,12708.733641528,21.75,-0.140000000000001,-0.640000000000001
55474,1383508,5956.38990916416,12728.8138671016,22.06,0.309999999999999,0.449999999999999
55475,1383508,5966.20468589276,12748.1962547688,21.74,-0.32,-0.629999999999999
55476,1383508,5976.75482410481,12767.5015541373,22.01,0.270000000000003,0.590000000000003
55477,1383508,5987.12752817421,12786.482173471,21.62,-0.390000000000001,-0.660000000000004
55478,1383508,6000.29712792571,12803.8837649289,22,0.379999999999999,0.77
55479,1383508,6015.35811209747,12820.0297599673,22.08,0.0799999999999983,-0.300000000000001
55480,1383508,6030.50777054198,12836.2708174764,22.21,0.130000000000003,0.0500000000000043
55481,1383508,6046.83628197551,12849.7123923507,21.35,-0.859999999999999,-0.990000000000002
55482,1383508,6065.17313029428,12860.8417451501,21.45,0.0999999999999979,0.959999999999997
55483,1383508,6084.02289744715,12872.2824085174,22.04,0.59,0.490000000000002
55484,1383508,6102.60034410784,12882.7932706191,21.4,-0.640000000000001,-1.23
55485,1383508,6122.80325345349,12890.0893554577,21.48,0.0800000000000018,0.720000000000002
55486,1383508,6143.15665001959,12897.4397872969,21.64,0.16,0.0799999999999983
55487,1383508,6163.82983192915,12904.9057065125,21.98,0.34,0.18
55488,1383508,6184.66122492054,12910.7229045803,21.71,-0.27,-0.609999999999999
55489,1383508,6206.53748837139,12914.5003504673,22.2,0.489999999999998,0.759999999999998
55490,1383508,6227.72395973145,12918.1586877002,21.5,-0.699999999999999,-1.19
55491,1383508,6249.50168145505,12921.9191180651,22.09,0.59,1.29
55492,1383508,6270.93315282668,12918.7940223897,21.77,-0.32,-0.91
55493,1383508,6292.59007690861,12914.9811836429,21.98,0.210000000000001,0.530000000000001
55494,1383508,6314.29624365558,12911.1596754127,22.04,0.0599999999999987,-0.150000000000002
55495,1383508,6335.3051812577,12907.0151195953,21.44,-0.599999999999998,-0.659999999999997
55496,1383508,6352.95948535903,12901.288065667,18.56,-2.88,-2.28
55497,1383508,6366.91361473223,12896.7613479338,14.67,-3.89,-1.01
55498,1383508,6378.05218698582,12893.1479965598,11.71,-2.96,0.93
55499,1383508,6385.71887292638,12890.6609246492,8.06,-3.65,-0.690000000000001
55500,1383508,6389.59026396584,12889.4050459052,4.07,-3.99,-0.34
55501,1383508,6397.80505683985,12886.0448029064,5.61,1.54,5.53
55502,1383508,6404.37764962874,12882.4321828003,7.5,1.89,0.35
55503,1383508,6412.69417037095,12877.8610141593,9.48,1.98,0.0900000000000007
55504,1383508,6422.11488670169,12872.6829253404,10.76,1.28,-0.700000000000001
55505,1383508,6432.92899270368,12866.7389610591,12.33,1.57,0.290000000000001
55506,1383508,6444.83853083714,12860.1928934267,13.59,1.26,-0.31
55507,1383508,6457.97495295787,12852.9724700412,15,1.41,0.15
55508,1383508,6472.90788377422,12844.76459716,17.03,2.03,0.620000000000001
55509,1383508,6489.50587143043,12835.6415271853,18.95,1.92,-0.110000000000003
55510,1383508,6507.55859295725,12825.7188639603,20.6,1.65,-0.269999999999996
55511,1383508,6526.61911204503,12815.2422656525,21.74,1.14,-0.510000000000005
55512,1383508,6546.81084529536,12803.7616464796,23.23,1.49,0.350000000000005
55513,1383508,6567.75245643948,12791.4155935602,24.31,1.08,-0.410000000000004
55514,1383508,6589.77948222948,12778.4296382682,25.58,1.27,0.190000000000001
55515,1383508,6612.90915146928,12764.793623423,26.84,1.26,-0.00999999999999801
55516,1383508,6637.21037937449,12750.4669203026,28.21,1.37,0.109999999999999
