"V1","V2","V3","V4","V5","acceleration","jerk"
55865,1384823,6647.45885567952,12777.3272842522,32.99,0.32,0
55866,1384823,6618.87448418645,12794.429617612,33.31,0.32,0
55867,1384823,6590.6076214731,12811.3419820932,32.94,-0.370000000000005,-0.690000000000005
55868,1384823,6557.81907807241,12827.1355683863,32.78,-0.159999999999997,0.210000000000008
55869,1384823,6529.68817485671,12844.2153922809,32.9,0.119999999999997,0.279999999999994
55870,1384823,6501.72822820872,12861.191419008,32.72,-0.18,-0.299999999999997
55871,1384823,6473.4349162537,12878.3698502116,33.09,0.370000000000005,0.550000000000004
55872,1384823,6445.44077829216,12895.3666363722,32.75,-0.340000000000003,-0.710000000000008
55873,1384823,6417.22439679261,12912.4983588505,33.01,0.259999999999998,0.600000000000001
55874,1384823,6385.4623643037,12929.0135354801,32.69,-0.32,-0.579999999999998
55875,1384823,6355.74708917348,12943.9988891274,33.28,0.590000000000003,0.910000000000004
55876,1384823,6326.13896046801,12958.9302090476,33.16,-0.120000000000005,-0.710000000000008
55877,1384823,6296.38796986288,12973.9335739373,33.32,0.160000000000004,0.280000000000008
55878,1384823,6266.83082141827,12988.3809642861,32.9,-0.420000000000002,-0.580000000000005
55879,1384823,6237.27404640687,13002.6710290489,32.83,-0.0700000000000003,0.350000000000001
55880,1384823,6207.74428032785,13016.9480355741,32.8,-0.0300000000000011,0.0399999999999991
55881,1384823,6178.03445469958,13031.312097017,33,0.200000000000003,0.230000000000004
55882,1384823,6148.18958440936,13045.7414496484,33.15,0.149999999999999,-0.0500000000000043
55883,1384823,6114.94836120485,13060.9415647436,33.22,0.0700000000000003,-0.0799999999999983
55884,1384823,6087.88965185419,13072.5660539056,29.44,-3.78,-3.85
55885,1384823,6064.35914093839,13082.6748202023,25.61,-3.83,-0.0500000000000043
55886,1384823,6044.59571689313,13091.1652365647,21.52,-4.09,-0.259999999999998
55887,1384823,6022.97074493432,13103.2512762531,21.86,0.34,4.43
55888,1384823,6004.41413172012,13115.3822698652,22.17,0.310000000000002,-0.0299999999999976
55889,1384823,5989.64093646602,13130.9979693637,21.81,-0.360000000000003,-0.670000000000005
55890,1384823,5979.94240982214,13149.2711553352,21.35,-0.459999999999997,-0.0999999999999943
55891,1384823,5979.44648296046,13170.8557074371,21.72,0.369999999999997,0.829999999999995
55892,1384823,5985.10030776855,13191.4043703487,21.38,-0.34,-0.709999999999997
55893,1384823,6000.74625670992,13206.7851337148,21.94,0.560000000000002,0.900000000000002
55894,1384823,6020.5145315999,13216.0911958178,22.06,0.119999999999997,-0.440000000000005
55895,1384823,6040.86057219915,13224.3010820493,21.95,-0.109999999999999,-0.229999999999997
55896,1384823,6061.62139813841,13224.804824996,21.44,-0.509999999999998,-0.399999999999999
55897,1384823,6081.71797199854,13216.8140843899,22.2,0.759999999999998,1.27
55898,1384823,6094.73829790776,13200.5737992367,21.64,-0.559999999999999,-1.32
55899,1384823,6095.68865667055,13180.3679874413,21.33,-0.310000000000002,0.249999999999996
55900,1384823,6090.34910631094,13158.8093858643,22.21,0.880000000000003,1.19
55901,1384823,6082.5788961197,13135.0659511546,21.77,-0.440000000000001,-1.32
55902,1384823,6072.57808426849,13116.1804894892,21.37,-0.399999999999999,0.0400000000000027
55903,1384823,6062.79374815993,13096.6720860111,21.83,0.459999999999997,0.859999999999996
55904,1384823,6053.38549790382,13076.8074131692,21.98,0.150000000000002,-0.309999999999995
55905,1384823,6044.13990165576,13057.286169612,21.59,-0.390000000000001,-0.540000000000003
55906,1384823,6034.99703425491,13037.981828761,21.36,-0.23,0.16
55907,1384823,6025.70435395189,13018.3611714635,21.71,0.350000000000001,0.580000000000002
55908,1384823,6016.46731844111,12998.8580031319,21.57,-0.140000000000001,-0.490000000000002
55909,1384823,6003.57355879575,12970.6244931412,21.77,0.199999999999999,0.34
55910,1384823,5994.70900385148,12951.0919007469,21.45,-0.32,-0.52
55911,1384823,5985.87337752474,12931.6230510784,21.38,-0.0700000000000003,0.25
55912,1384823,5976.97989396293,12912.0267159584,21.51,0.130000000000003,0.200000000000003
55913,1384823,5967.98309390993,12892.2027282464,21.77,0.259999999999998,0.129999999999995
55914,1384823,5959.11440630601,12872.6610297485,21.47,-0.300000000000001,-0.559999999999999
55915,1384823,5951.86985394363,12856.6980299969,17.53,-3.94,-3.64
55916,1384823,5946.29489607891,12844.4138961322,13.49,-4.04,-0.100000000000003
55917,1384823,5942.18289972947,12835.3533229703,9.95,-3.54,0.5
55918,1384823,5939.62478340755,12829.7166447922,6.19,-3.76,-0.219999999999998
55919,1384823,5937.73615794857,12825.5551554103,4.57,-1.62,2.14
55920,1384823,5934.34240162984,12816.4092500154,6.79,2.22,3.84
55921,1384823,5931.77929501506,12808.3258791541,8.48,1.69,-0.529999999999999
55922,1384823,5928.69026793923,12798.583892102,10.22,1.74,0.0499999999999998
55923,1384823,5925.23551456576,12787.6884995377,11.43,1.21,-0.530000000000001
55924,1384823,5921.23368301155,12775.0677648439,13.24,1.81,0.600000000000001
55925,1384823,5916.79056187508,12761.0553177141,14.7,1.46,-0.350000000000001
55926,1384823,5911.81547521479,12745.3651898394,16.46,1.76,0.300000000000002
55927,1384823,5906.39305390946,12728.2642849748,17.94,1.48,-0.280000000000001
55928,1384823,5900.59886124374,12709.9909100443,19.17,1.23,-0.25
55929,1384823,5894.45405493731,12690.6117909865,20.33,1.16,-0.0700000000000038
55930,1384823,5887.96770258434,12670.1555246323,21.46,1.13,-0.029999999999994
55931,1384823,5882.95962764729,12648.5810915859,22.2,0.739999999999998,-0.390000000000004
55932,1384823,5879.25979385114,12626.8741427012,22.02,-0.18,-0.919999999999998
55933,1384823,5875.54315790333,12605.0686154838,22.12,0.100000000000001,0.280000000000001
55934,1384823,5871.92901508065,12583.8644160965,21.51,-0.609999999999999,-0.710000000000001
55935,1384823,5868.28294816982,12562.4729178768,21.7,0.189999999999998,0.799999999999997
55936,1384823,5864.56463200684,12540.6575328261,22.13,0.43,0.240000000000002
55937,1384823,5861.91706029065,12515.6255036953,21.94,-0.189999999999998,-0.619999999999997
56035,1384823,6533.23930965275,12500.9593439049,5.98,-0.162857142857143,0.000276967930029131
56036,1384823,6540.30805477837,12502.9731319646,7.35,1.37,1.53285714285714
56037,1384823,6548.84825297095,12505.4061167223,8.88,1.53,0.160000000000002
56038,1384823,6559.11957241879,12508.3322740661,10.68,1.8,0.269999999999998
56039,1384823,6570.8815796142,12511.6831078034,12.22,1.54,-0.259999999999998
56040,1384823,6584.01626231495,12515.4348564575,13.67,1.45,-0.0900000000000016
56041,1384823,6596.61952758033,12519.044538528,13.1,-0.57,-2.02
56042,1384823,6609.49197013589,12522.7313152576,13.4,0.300000000000001,0.870000000000001
56043,1384823,6622.73933820278,12526.5254738337,13.77,0.369999999999999,0.0699999999999985
56044,1384823,6635.27530914561,12530.1158822395,13.04,-0.73,-1.1
56045,1384823,6648.44513176861,12533.8902370069,13.7,0.66,1.39
