"V1","V2","V3","V4","V5","acceleration","jerk"
68746,1385295,6657.3016278508,12771.4382490185,31.61,0.100000000000001,0
68747,1385295,6630.09026729706,12787.719095336,31.71,0.100000000000001,0
68748,1385295,6602.42409686967,12804.2720592363,32.24,0.530000000000001,0.43
68749,1385295,6574.53481216464,12820.9585147809,32.5,0.259999999999998,-0.270000000000003
68750,1385295,6542.36460435197,12836.5188323187,32.12,-0.380000000000003,-0.640000000000001
68751,1385295,6516.37065823257,12852.3011916208,30.41,-1.71,-1.32999999999999
68752,1385295,6492.75300840426,12866.6407702962,27.64,-2.77,-1.06
68753,1385295,6471.56294183734,12879.5064291946,24.79,-2.85,-0.0800000000000018
68754,1385295,6451.58666690112,12891.6351282045,23.37,-1.42,1.43
68755,1385295,6432.27712257895,12903.3590182615,22.59,-0.780000000000001,0.639999999999997
68756,1385295,6413.77107412499,12914.5950616318,21.65,-0.940000000000001,-0.16
68757,1385295,6393.46194276015,12928.6136301862,21.52,-0.129999999999999,0.810000000000002
68758,1385295,6375.48920283684,12941.1272475549,21.9,0.379999999999999,0.509999999999998
68759,1385295,6357.39336195515,12953.7265746316,22.05,0.150000000000002,-0.229999999999997
68760,1385295,6340.37800735031,12966.9779959952,21.66,-0.390000000000001,-0.540000000000003
68761,1385295,6325.52933717043,12982.9800550467,21.83,0.169999999999998,0.559999999999999
68762,1385295,6310.66026112224,12999.0041050177,21.86,0.0300000000000011,-0.139999999999997
68763,1385295,6296.22097536231,13015.5216499339,21.99,0.129999999999999,0.0999999999999979
68764,1385295,6284.82208909535,13033.6094854007,21.38,-0.609999999999999,-0.739999999999998
68765,1385295,6273.02333544298,13052.331833337,22.13,0.75,1.36
68766,1385295,6261.61378604574,13070.4365891363,21.4,-0.73,-1.48
68767,1385295,6252.75544905369,13090.4495253622,22.02,0.620000000000001,1.35
68768,1385295,6245.77453472662,13110.6365616766,21.35,-0.669999999999998,-1.29
68769,1385295,6238.71845137824,13131.0409677641,21.59,0.239999999999998,0.909999999999997
68770,1385295,6231.61334475509,13151.5871367469,21.74,0.149999999999999,-0.0899999999999999
68771,1385295,6224.62589399138,13171.7930747807,21.38,-0.359999999999999,-0.509999999999998
68772,1385295,6220.00299852103,13192.6593412201,21.46,0.0800000000000018,0.440000000000001
68773,1385295,6216.86530220057,13213.8786098644,21.45,-0.0100000000000016,-0.0900000000000034
68774,1385295,6214.11888855865,13235.0715408298,21.41,-0.0399999999999991,-0.0299999999999976
68775,1385295,6214.69629460252,13256.85388924,21.78,0.370000000000001,0.41
68776,1385295,6215.26283619123,13278.2263816222,21.39,-0.390000000000001,-0.760000000000002
68777,1385295,6215.83043772678,13299.6388599583,21.41,0.0199999999999996,0.41
68778,1385295,6220.32275714642,13320.769139283,21.78,0.370000000000001,0.350000000000001
68779,1385295,6226.64171139696,13341.2986599101,21.49,-0.290000000000003,-0.660000000000004
68780,1385295,6232.49292182727,13360.3085372506,19.88,-1.61,-1.32
68781,1385295,6237.75283346599,13377.3973560966,17.88,-2,-0.390000000000001
68782,1385295,6241.96252784798,13391.0741456764,14.32,-3.56,-1.56
68783,1385295,6245.51914595268,13402.6291691579,12.09,-2.23,1.33
68784,1385295,6248.38444457466,13411.9381789767,9.74,-2.35,-0.119999999999999
68785,1385295,6250.82024258185,13419.8517930732,8.28,-1.46,0.889999999999999
68786,1385295,6252.86772496471,13426.5038165166,6.96,-1.32,0.140000000000001
68787,1385295,6254.09739110843,13430.4988535847,4.18,-2.78,-1.46
68788,1385295,6255.04758767404,13433.5859276827,3.23,-0.95,1.83
68789,1385295,6255.73596537173,13435.8223838404,2.35,-0.88,0.0699999999999998
68790,1385295,6255.98895888455,13436.6443292659,0.86,-1.49,-0.61
68791,1385295,6256.16252420149,13437.2082220578,0.59,-0.27,1.22
68792,1385295,6256.20370919195,13437.342027127,0.14,-0.45,-0.18
68793,1385295,6256.20370919195,13437.342027127,0,-0.14,0.31
68794,1385295,6256.20370919195,13437.342027127,0,0,0.14
68795,1385295,6256.20370919195,13437.342027127,0,0,0
68796,1385295,6256.4684698449,13438.2022025723,0.9,0.9,0.9
68797,1385295,6257.43925890574,13441.356179205,3.31,2.41,1.51
68798,1385295,6260.0399104344,13448.8283694989,4.77,1.46,-0.950000000000001
68799,1385295,6262.47130232077,13454.6836178706,6.34,1.57,0.110000000000001
68800,1385295,6265.80391990635,13462.7091870111,8.69,2.35,0.779999999999999
68801,1385295,6269.71178793822,13472.1200672805,10.19,1.5,-0.85
68802,1385295,6274.12971136582,13482.7592567509,11.52,1.33,-0.17
68803,1385295,6279.29162537064,13495.1901152815,13.46,1.94,0.610000000000001
