"V1","V2","V3","V4","V5","acceleration","jerk"
23921,1388153,6641.76944159969,12780.7313211833,32.74,-0.190000000000005,0
23922,1388153,6613.8372503028,12797.443448198,32.55,-0.190000000000005,0
23923,1388153,6585.94796559777,12814.1299037426,32.51,-0.0399999999999991,0.150000000000006
23924,1388153,6553.66483347721,12829.657839554,32.19,-0.32,-0.280000000000001
23925,1388153,6525.43990414927,12846.7947518906,33.02,0.830000000000005,1.15000000000001
23926,1388153,6497.8133228083,12863.5683741413,32.33,-0.690000000000005,-1.52000000000001
23927,1388153,6473.69135110526,12878.2141544605,28.22,-4.11,-3.41999999999999
23928,1388153,6452.94577161437,12890.8099407237,24.27,-3.95,0.16
23929,1388153,6433.55929683673,12902.5805395061,22.67,-1.6,2.35
23930,1388153,6414.75407438929,12913.9982279193,22.01,-0.66,0.939999999999998
23931,1388153,6394.24158216322,12928.0708020355,21.72,-0.290000000000003,0.369999999999997
23932,1388153,6376.6873854984,12940.293006397,21.4,-0.32,-0.0299999999999976
23933,1388153,6358.49306385,12952.96090124,22.16,0.760000000000002,1.08
23934,1388153,6340.96297557544,12966.3475896377,22.15,-0.0100000000000016,-0.770000000000003
23935,1388153,6326.37958168371,12982.0637667364,21.43,-0.719999999999999,-0.709999999999997
23936,1388153,6311.40167433782,12998.2051016111,22.02,0.59,1.31
23937,1388153,6297.01004700287,13014.2695453272,21.6,-0.419999999999998,-1.01
23938,1388153,6285.41389282577,13032.6704069457,21.75,0.149999999999999,0.569999999999997
23939,1388153,6273.60980760826,13051.4012150483,22.13,0.379999999999999,0.23
23940,1388153,6262.14694255963,13069.5905725102,21.51,-0.619999999999997,-0.999999999999996
23941,1388153,6253.13456237857,13089.3532256373,21.86,0.349999999999998,0.969999999999995
23942,1388153,6245.92487276925,13110.2018221305,22.06,0.199999999999999,-0.149999999999999
23943,1388153,6238.83283901937,13130.7101876746,21.71,-0.349999999999998,-0.549999999999997
23944,1388153,6231.76368279771,13151.1523972009,21.63,-0.0800000000000018,0.269999999999996
23945,1388153,6224.58994358988,13171.8970342374,21.95,0.32,0.400000000000002
23946,1388153,6219.94009831507,13193.0847158363,21.79,-0.16,-0.48
23947,1388153,6216.77022049389,13214.5216180051,21.67,-0.119999999999997,0.0400000000000027
23948,1388153,6214.14379730951,13236.0112107475,21.69,0.0199999999999996,0.139999999999997
23949,1388153,6214.72305826036,13257.863534577,21.86,0.169999999999998,0.149999999999999
23950,1388153,6215.30629401188,13279.8658057338,22.01,0.150000000000002,-0.019999999999996
23951,1388153,6215.88184514877,13301.5781787246,21.72,-0.290000000000003,-0.440000000000005
23952,1388153,6220.91993950809,13322.7093127873,21.87,0.150000000000002,0.440000000000005
23953,1388153,6227.28890410418,13343.4013109985,21.66,-0.210000000000001,-0.360000000000003
23954,1388153,6233.80789973695,13364.5807419621,22.15,0.489999999999998,0.699999999999999
23955,1388153,6239.6444012421,13383.5428317778,19.84,-2.31,-2.8
23956,1388153,6244.33949015451,13398.796609674,15.96,-3.88,-1.57
23957,1388153,6248.01377966053,13410.7339333533,12.49,-3.47,0.409999999999998
23958,1388153,6251.01145860899,13420.4730308948,10.19,-2.3,1.17
23959,1388153,6253.25898237408,13427.7749646746,7.64,-2.55,-0.249999999999999
23960,1388153,6254.77988523605,13432.7161947325,5.18,-2.46,0.0899999999999999
23961,1388153,6255.97719174442,13436.6060992461,4.07,-1.11,1.35
23962,1388153,6257.50103639143,13441.5568868089,5.18,1.11,2.22
23963,1388153,6260.71870596104,13450.463036631,6.33,1.15,0.0400000000000009
23964,1388153,6263.87491340975,13458.0637770253,8.22,1.89,0.74
23965,1388153,6267.51816623633,13466.8374141754,9.5,1.28,-0.610000000000001
23966,1388153,6271.61778441697,13476.7100648211,10.69,1.19,-0.0899999999999999
23967,1388153,6276.33483807665,13488.0696160786,12.29,1.6,0.41
