"V1","V2","V3","V4","V5","acceleration","jerk"
23238,1392834,6647.9908974185,12777.0089580234,32.77,0.149999999999999,0
23239,1392834,6619.7411973419,12793.9110539166,32.92,0.149999999999999,0
23240,1392834,6591.53440385715,12810.7874783397,32.87,-0.0500000000000043,-0.200000000000003
23241,1392834,6558.30630429037,12826.8397464592,33.28,0.410000000000004,0.460000000000008
23242,1392834,6529.96170536504,12844.049316813,33.16,-0.120000000000005,-0.530000000000008
23243,1392834,6501.54872381263,12861.3004060338,33.24,0.0800000000000054,0.20000000000001
23244,1392834,6474.58032525732,12877.6744091901,31.55,-1.69,-1.77000000000001
23245,1392834,6451.21056245217,12891.8634819727,27.33,-4.22,-2.53
23246,1392834,6431.11461791856,12904.0648389998,23.51,-3.82,0.400000000000006
23247,1392834,6409.90823079956,12917.1628131968,21.79,-1.72,2.09999999999999
23248,1392834,6392.14886587078,12929.5278670716,21.64,-0.149999999999999,1.57
23249,1392834,6374.28281344473,12941.9672026933,21.77,0.129999999999999,0.279999999999998
23250,1392834,6356.47420813259,12954.3665404513,21.7,-0.0700000000000003,-0.199999999999999
23251,1392834,6339.37131784659,12968.0628813546,22.02,0.32,0.390000000000001
23252,1392834,6324.65188483273,12983.925664583,21.64,-0.379999999999999,-0.699999999999999
23253,1392834,6309.91204595056,12999.8104387308,21.67,0.0300000000000011,0.41
23254,1392834,6295.74646606495,13016.2746047312,21.78,0.109999999999999,0.0799999999999983
23255,1392834,6283.91572302174,13035.0477136651,22.18,0.399999999999999,0.289999999999999
23256,1392834,6272.51683675478,13053.1355491319,21.38,-0.800000000000001,-1.2
23257,1392834,6260.7713987538,13071.7732954056,22.03,0.650000000000002,1.45
23258,1392834,6252.1900472847,13092.08452409,22.17,0.140000000000001,-0.510000000000002
23259,1392834,6244.99996698528,13112.876415425,22,-0.170000000000002,-0.310000000000002
23260,1392834,6237.93407898194,13133.3091740915,21.62,-0.379999999999999,-0.209999999999997
23261,1392834,6230.73419402757,13154.1294180056,22.04,0.419999999999998,0.799999999999997
23262,1392834,6223.65523315096,13174.599980111,21.65,-0.390000000000001,-0.809999999999999
23263,1392834,6219.50711085081,13196.0128759848,21.88,0.23,0.620000000000001
23264,1392834,6216.37380291681,13217.2024673304,21.42,-0.459999999999997,-0.689999999999998
23265,1392834,6214.21004398733,13238.5103328689,21.48,0.0599999999999987,0.519999999999996
23266,1392834,6214.78850997804,13260.3326672329,21.83,0.349999999999998,0.289999999999999
23267,1392834,6215.36247119467,13281.9850612928,21.66,-0.169999999999998,-0.519999999999996
23268,1392834,6215.95100668042,13304.1872622193,22.21,0.550000000000001,0.719999999999999
23269,1392834,6221.74069753225,13325.3758566676,22.05,-0.16,-0.710000000000001
23270,1392834,6228.06259356782,13345.9149347997,21.49,-0.560000000000002,-0.400000000000002
23271,1392834,6234.57570563052,13367.0752507534,22.14,0.650000000000002,1.21
23272,1392834,6240.8623002457,13387.4996388261,21.36,-0.780000000000001,-1.43
23273,1392834,6246.34284576187,13405.3052705432,18.63,-2.73,-1.95
23274,1392834,6250.77905759139,13419.7179880039,15.08,-3.55,-0.819999999999999
23275,1392834,6253.88264080104,13429.8011557235,10.55,-4.53,-0.98
23276,1392834,6256.17723312665,13437.2560095825,7.8,-2.75,1.78
23277,1392834,6257.55104673699,13441.719364393,4.67,-3.13,-0.379999999999999
23278,1392834,6261.06769123179,13451.3034587159,7.07,2.4,5.53
23279,1392834,6264.27758872216,13459.0334948156,8.37,1.3,-1.1
23280,1392834,6268.26215681354,13468.6290832355,10.39,2.02,0.720000000000002
23281,1392834,6272.94853044942,13479.9147512328,12.22,1.83,-0.190000000000001
23282,1392834,6278.16796949886,13492.4841408763,13.61,1.39,-0.440000000000001
