"V1","V2","V3","V4","V5","acceleration","jerk"
75881,1392548,6637.16127363458,12783.4884370687,32.82,0.380000000000003,0
75882,1392548,6608.67129664359,12800.5342931943,33.2,0.380000000000003,0
75883,1392548,6580.5074097507,12817.3850461473,32.82,-0.380000000000003,-0.760000000000005
75884,1392548,6547.61297098048,12833.3322592797,32.93,0.109999999999999,0.490000000000002
75885,1392548,6519.28546771192,12850.5314499167,33.14,0.210000000000001,0.100000000000001
75886,1392548,6491.08618186914,12867.6527926782,33,-0.140000000000001,-0.350000000000001
75887,1392548,6465.13497489167,12883.4092026885,30.36,-2.64,-2.5
75888,1392548,6442.59435143989,12897.0948592093,26.37,-3.99,-1.35
75889,1392548,6424.06265950077,12908.3464721548,21.69,-4.68,-0.690000000000001
75890,1392548,6402.80120213583,12922.111120339,22.19,0.5,5.18
75891,1392548,6385.11569778207,12934.4247483889,21.54,-0.650000000000002,-1.15
75892,1392548,6367.35633285328,12946.7898022637,21.65,0.109999999999999,0.760000000000002
75893,1392548,6349.61338138561,12959.1434281774,21.62,-0.0299999999999976,-0.139999999999997
75894,1392548,6333.70528841011,12974.1690266546,21.99,0.369999999999997,0.399999999999995
75895,1392548,6318.86342018634,12990.1637553997,21.82,-0.169999999999998,-0.539999999999996
75896,1392548,6304.30723411903,13005.8506112725,21.4,-0.420000000000002,-0.250000000000004
75897,1392548,6291.2839460437,13023.3557638919,21.9,0.5,0.920000000000002
75898,1392548,6279.5651658684,13041.9512093344,21.98,0.0800000000000018,-0.419999999999998
75899,1392548,6267.87837508394,13060.4958937793,21.92,-0.0599999999999987,-0.140000000000001
75900,1392548,6256.55965517575,13079.4487246741,22.13,0.209999999999997,0.269999999999996
75901,1392548,6249.50684004568,13099.8436799018,21.58,-0.550000000000001,-0.759999999999998
75902,1392548,6242.43114738739,13120.3047911474,21.64,0.0600000000000023,0.610000000000003
75903,1392548,6235.43062375041,13140.54853262,21.42,-0.219999999999999,-0.280000000000001
75904,1392548,6228.31898069062,13161.1136033223,21.76,0.34,0.559999999999999
75905,1392548,6221.54624776023,13182.2228244743,22.21,0.449999999999999,0.109999999999999
75906,1392548,6218.34418843833,13203.8773601677,21.89,-0.32,-0.77
75907,1392548,6215.1450547074,13225.5121109953,21.87,-0.0199999999999996,0.300000000000001
75908,1392548,6214.43899250587,13247.1472989204,21.71,-0.16,-0.140000000000001
75909,1392548,6215.00950889525,13268.6697386299,21.53,-0.18,-0.0199999999999996
75910,1392548,6215.59618947401,13290.8019641371,22.15,0.619999999999997,0.799999999999997
75911,1392548,6217.68103418693,13312.1864998402,21.64,-0.509999999999998,-1.13
75912,1392548,6223.98233772727,13332.6586754376,21.42,-0.219999999999999,0.289999999999999
75913,1392548,6230.45426479951,13353.685186322,22.01,0.59,0.809999999999999
75914,1392548,6236.79086976025,13374.2720519788,21.54,-0.470000000000002,-1.06
75915,1392548,6242.97156011424,13394.3523698734,21.01,-0.529999999999998,-0.0599999999999952
75916,1392548,6248.07555714622,13410.9346409572,17.35,-3.66,-3.13
75917,1392548,6251.85575091341,13423.2160348147,12.85,-4.5,-0.840000000000002
75918,1392548,6254.60631991912,13432.1523019406,9.35,-3.5,1
75919,1392548,6256.59790838635,13438.62273279,6.77,-2.58,0.92
75920,1392548,6257.55693030705,13441.7384794029,3.26,-3.51,-0.93
75921,1392548,6260.46559576466,13449.8534997343,5.48,2.22,5.73
75922,1392548,6263.39553803783,13456.9093510845,7.64,2.16,-0.0600000000000014
75923,1392548,6267.08097589714,13465.7845777174,9.61,1.97,-0.19
75924,1392548,6271.42986927118,13476.2575298523,11.34,1.73,-0.239999999999999
75925,1392548,6276.44605316293,13488.3374428969,13.08,1.74,0.00999999999999979
