"V1","V2","V3","V4","V5","acceleration","jerk"
61880,1411041,6638.47421534531,12782.7028900846,32.71,0.549999999999997,0
61881,1411041,6609.9327504441,12799.7795519743,33.26,0.549999999999997,0
61882,1411041,6581.50284268171,12816.7894680417,33.13,-0.129999999999995,-0.679999999999993
61883,1411041,6548.74128432733,12832.6471979749,32.79,-0.340000000000003,-0.210000000000008
61884,1411041,6520.71295505225,12849.664743569,32.78,-0.00999999999999801,0.330000000000005
61885,1411041,6493.72746084017,12866.049126442,31.58,-1.2,-1.19
61886,1411041,6467.64803643692,12881.8833843279,30.51,-1.07,0.130000000000006
61887,1411041,6444.97919555936,12895.6468887242,26.51,-4,-2.93
61888,1411041,6425.96027740229,12907.1943235967,22.25,-4.26,-0.260000000000002
61889,1411041,6404.94315881162,12920.6197714197,21.8,-0.449999999999999,3.81
61890,1411041,6386.9129717744,12933.1733866521,21.97,0.169999999999998,0.619999999999997
61891,1411041,6369.14540011505,12945.5441545074,21.65,-0.32,-0.489999999999998
61892,1411041,6351.39424191683,12957.9034944016,21.63,-0.0199999999999996,0.300000000000001
61893,1411041,6335.45339112941,12972.2851378886,21.58,-0.0500000000000007,-0.0300000000000011
61894,1411041,6320.67274051059,12988.2138938753,21.73,0.150000000000002,0.200000000000003
61895,1411041,6306.06894075054,13003.9520618935,21.47,-0.260000000000002,-0.410000000000004
61896,1411041,6292.76078958717,13021.0122978375,21.73,0.260000000000002,0.520000000000003
61897,1411041,6281.06866723757,13039.5654424487,21.93,0.199999999999999,-0.0600000000000023
61898,1411041,6269.56314966784,13057.8224812407,21.58,-0.350000000000001,-0.550000000000001
61899,1411041,6258.1269424449,13075.9695378713,21.45,-0.129999999999999,0.220000000000002
61900,1411041,6250.67032576686,13096.4791738494,21.86,0.41,0.539999999999999
61901,1411041,6243.53907339717,13117.1009497099,21.82,-0.0399999999999991,-0.449999999999999
61902,1411041,6236.44703964729,13137.609315254,21.7,-0.120000000000001,-0.0800000000000018
61903,1411041,6229.28964153105,13158.306697992,21.91,0.210000000000001,0.330000000000002
61904,1411041,6222.14531628808,13178.9662772913,21.86,-0.0500000000000007,-0.260000000000002
61905,1411041,6218.87079481379,13200.3160843113,21.62,-0.239999999999998,-0.189999999999998
61906,1411041,6215.69945419712,13221.7628789131,21.68,0.0599999999999987,0.299999999999997
61907,1411041,6214.34730710377,13243.6885139044,22.06,0.379999999999999,0.32
61908,1411041,6214.85661156284,13262.9017647737,19.21,-2.85,-3.23
61909,1411041,6215.2763505135,13278.7362025349,15.85,-3.36,-0.510000000000003
61910,1411041,6215.62772289266,13291.9915462669,13.26,-2.59,0.770000000000001
61911,1411041,6215.89323957736,13302.0080277294,10.02,-3.24,-0.65
61912,1411041,6216.60139907988,13308.6788955244,6.76,-3.26,-0.0199999999999996
61913,1411041,6217.6692670468,13312.1482698204,3.63,-3.13,0.13
61914,1411041,6218.33411046422,13314.3082659385,2.26,-1.37,1.76
61915,1411041,6219.03425530204,13316.582952116,2.38,0.12,1.49
61916,1411041,6219.32255023525,13317.5195876008,0.98,-1.4,-1.52
61917,1411041,6219.59613624331,13318.4084355609,0.93,-0.0499999999999999,1.35
61918,1411041,6219.85795511123,13319.2590535013,0.89,-0.04,0.0099999999999999
61919,1411041,6220.11094862405,13320.0809989267,0.86,-0.03,0.01
61920,1411041,6220.34923321171,13320.8551568275,0.8,-0.0599999999999999,-0.0299999999999999
61921,1411041,6220.55809994905,13321.5337396788,0.71,-0.0900000000000001,-0.0300000000000001
61922,1411041,6220.68753849049,13321.9542698964,0.43,-0.28,-0.19
61923,1411041,6220.87875451763,13322.575507718,0.65,0.22,0.5
61924,1411041,6221.06997054476,13323.1967455396,0.65,0,-0.22
61925,1411041,6221.25530300183,13323.7988683513,0.63,-0.02,-0.02
61926,1411041,6221.57595757041,13324.8406363906,1.09,0.46,0.48
61927,1411041,6221.808358588,13325.5956792814,0.78,-0.31,-0.77
61928,1411041,6222.13195494161,13326.6470048256,1.11,0.33,0.64
61929,1411041,6222.60264054687,13328.1762056172,1.6,0.49,0.16
61930,1411041,6222.92329511545,13329.2179736565,1.09,-0.51,-1
61931,1411041,6223.14098720788,13329.9252290226,0.75,-0.34,0.17
61932,1411041,6223.44693285129,13330.9192095372,1.03,0.28,0.62
61933,1411041,6223.9764541572,13332.6395604277,1.8,0.77,0.49
61934,1411041,6224.61776329436,13334.7230965062,2.18,0.38,-0.39
61935,1411041,6225.35320955257,13337.1124727431,2.5,0.32,-0.0600000000000003
61936,1411041,6226.08277224072,13339.4827339701,2.49,-0.00999999999999979,-0.33
61937,1411041,6226.50638928545,13340.8590146825,1.44,-1.05,-1.04
61938,1411041,6226.85351991932,13341.9868002663,1.18,-0.26,0.79
61939,1411041,6227.45364406602,13343.9365312756,2.04,0.86,1.12
61940,1411041,6227.93903859644,13345.5135195919,1.65,-0.39,-1.25
61941,1411041,6228.40678241666,13347.0331628786,1.59,-0.0599999999999998,0.33
61942,1411041,6228.83039946139,13348.409443591,1.45,-0.14,-0.0800000000000003
61943,1411041,6229.09516011434,13349.2696190363,0.9,-0.55,-0.41
61944,1411041,6229.62762320529,13350.9995274318,1.8,0.9,1.45
61945,1411041,6230.07477453028,13352.4522681838,1.52,-0.28,-1.18
61946,1411041,6230.39837088389,13353.503593728,1.1,-0.42,-0.14
61947,1411041,6231.01908752582,13355.5202272719,2.11,1.01,1.43
61948,1411041,6231.93398267103,13358.4926113106,3.11,1,-0.00999999999999979
61949,1411041,6232.48409647217,13360.2798647357,1.86,-1.25,-2.25
61950,1411041,6233.40487518745,13363.2713637843,3.13,1.27,2.52
61951,1411041,6234.37566424829,13366.4253404169,3.3,0.17,-1.1
61952,1411041,6235.33468616899,13369.5410870298,3.26,-0.04,-0.21
61953,1411041,6236.12896812786,13372.1216133656,2.7,-0.56,-0.52
61954,1411041,6236.83793832077,13374.424972058,2.4,-0.3,0.259999999999999
61955,1411041,6237.47336388787,13376.4893931266,2.16,-0.24,0.0600000000000005
61956,1411041,6237.83520344691,13377.6649662351,1.24,-0.92,-0.68
61957,1411041,6238.17056694065,13378.7545217992,1.13,-0.11,0.81
61958,1411041,6238.42944402354,13379.5955822345,0.88,-0.25,-0.14
61959,1411041,6238.70008824656,13380.4748726897,0.93,0.05,0.3
61960,1411041,6238.91189676892,13381.1630130459,0.72,-0.21,-0.26
61961,1411041,6239.12958886135,13381.870268412,0.74,0.02,0.23
61962,1411041,6239.8503261944,13384.2118571241,2.45,1.71,1.69
61963,1411041,6240.22981646363,13385.4447752624,1.3,-1.15,-2.86
61964,1411041,6240.99173878714,13387.9201690438,2.59,1.29,2.44
61965,1411041,6241.58303757874,13389.8412275382,2,-0.59,-1.88
61966,1411041,6242.29789134172,13392.1637012404,2.43,0.43,1.02
61967,1411041,6242.592069845,13393.1194517352,1,-1.43,-1.86
61968,1411041,6243.19513577674,13395.0787402494,2.05,1.05,2.48
61969,1411041,6243.52755748545,13396.1587383085,1.14,-0.91,-1.96
61970,1411041,6243.93646560501,13397.4872314962,1.39,0.25,1.16
61971,1411041,6244.33066479941,13398.7679371591,1.34,-0.0499999999999998,-0.3
61972,1411041,6244.7778161244,13400.2206779111,1.52,0.18,0.23
61973,1411041,6245.00433357193,13400.9566057921,0.77,-0.75,-0.93
61974,1411041,6245.31027921535,13401.9505863066,1.04,0.27,1.02
61975,1411041,6245.51032059758,13402.600496643,0.68,-0.36,-0.63
61976,1411041,6246.13692080957,13404.6362451969,2.14,1.46,1.82
61977,1411041,6246.81353136713,13406.8344713348,2.29,0.15,-1.31
61978,1411041,6247.64311474639,13409.5296877299,2.82,0.53,0.38
61979,1411041,6248.53741739637,13412.435169234,3.04,0.22,-0.31
61980,1411041,6249.61705250342,13415.9427735497,3.67,0.63,0.41
61981,1411041,6250.82906793695,13419.880465588,4.12,0.45,-0.18
61982,1411041,6251.88222697871,13423.3020523592,3.58,-0.54,-0.99
61983,1411041,6252.81771461915,13426.3413389325,3.18,-0.4,0.14
61984,1411041,6254.07974039824,13430.441508555,4.29,1.11,1.51
61985,1411041,6255.85657855807,13436.2142415432,6.04,1.75,0.64
61986,1411041,6257.44220069077,13441.3657367099,5.39,-0.65,-2.4
61987,1411041,6261.15589630023,13451.515873089,7.66,2.27,2.92
61988,1411041,6264.55754393936,13459.707679565,8.88,1.22,-1.05
61989,1411041,6268.73769718249,13469.7742737688,10.89,2.01,0.789999999999999
61990,1411041,6273.40489580348,13481.0137647284,12.17,1.28,-0.73
61991,1411041,6278.77006496599,13493.9340998579,13.99,1.82,0.540000000000001
