"V1","V2","V3","V4","V5","acceleration","jerk"
69621,1429657,6236.65903772871,13486.533386328,21.88,-0.369999999999997,0
69622,1429657,6227.08155689256,13467.2843076102,21.51,-0.369999999999997,0
69623,1429657,6217.71039021305,13447.5348560972,21.86,0.349999999999998,0.719999999999995
69624,1429657,6208.22776409453,13427.5505071737,22.12,0.260000000000002,-0.0899999999999963
69625,1429657,6198.83516290752,13407.7558830817,21.91,-0.210000000000001,-0.470000000000002
69626,1429657,6189.3311022815,13387.7263615793,22.18,0.27,0.48
69627,1429657,6180.0928295485,13368.2569800557,21.54,-0.640000000000001,-0.91
69628,1429657,6166.68107414243,13337.4114679911,21.84,0.300000000000001,0.940000000000001
69629,1429657,6159.24050320447,13317.0802013282,21.65,-0.190000000000001,-0.490000000000002
69630,1429657,6151.61778434054,13296.2512177447,22.18,0.530000000000001,0.720000000000002
69631,1429657,6144.12222534946,13275.7696969171,21.81,-0.370000000000001,-0.900000000000002
69632,1429657,6136.5270005121,13255.015840416,22.1,0.290000000000003,0.660000000000004
69633,1429657,6129.10082883912,13234.9380622337,21.41,-0.690000000000001,-0.980000000000004
69634,1429657,6120.00672852518,13215.2245785365,21.72,0.309999999999999,1
69635,1429657,6111.00478399516,13195.7108629836,21.49,-0.23,-0.539999999999999
69636,1429657,6103.36004282844,13179.1391873745,18.25,-3.24,-3.01
69637,1429657,6097.52071724684,13166.4811513202,13.94,-4.31,-1.07
69638,1429657,6093.05953952489,13156.8105570606,10.65,-3.29,1.02
69639,1429657,6090.04772095017,13150.2817708892,7.19,-3.46,-0.170000000000001
69640,1429657,6088.45175032851,13146.8221498442,3.81,-3.38,0.0799999999999996
69641,1429657,6084.46487046506,13138.6274116371,5.7,1.89,5.27
69642,1429657,6080.81927737564,13131.743099687,7.78,2.08,0.19
69643,1429657,6076.25643621751,13123.1266630357,9.76,1.98,-0.100000000000001
69644,1429657,6070.85122438403,13112.9194996181,11.54,1.78,-0.2
69645,1429657,6064.92109137071,13101.1637795518,13.17,1.63,-0.149999999999999
69646,1429657,6058.44917399708,13087.4989090618,15.13,1.96,0.33
69647,1429657,6051.11690252814,13072.0174784075,17.13,2,0.0399999999999974
69648,1429657,6043.21106166232,13055.3250076435,18.47,1.34,-0.659999999999998
69649,1429657,6034.86434282728,13037.7016627656,19.5,1.03,-0.309999999999999
69650,1429657,6025.81564353636,13018.5961493953,21.14,1.64,0.609999999999999
69651,1429657,6016.54436507651,12999.0206801615,21.66,0.52,-1.12
69652,1429657,5992.83683806434,12979.5983077103,21.9,0.239999999999998,-0.280000000000001
69653,1429657,5973.03063530219,12972.0493258302,21.36,-0.539999999999999,-0.779999999999998
69654,1429657,5951.43470446811,12975.7031838243,22.19,0.830000000000002,1.37
69655,1429657,5932.03772406361,12986.2154104678,22.08,-0.110000000000003,-0.940000000000005
69656,1429657,5919.4538168527,13004.016682313,21.8,-0.279999999999998,-0.169999999999995
69657,1429657,5908.87000692516,13022.9920946865,21.81,0.00999999999999801,0.289999999999996
69658,1429657,5903.99,13043.4446145411,21.56,-0.25,-0.259999999999998
69659,1429657,5909.50094121636,13064.1896528766,22.09,0.530000000000001,0.780000000000001
69660,1429657,5923.82515092696,13078.7156467285,21.49,-0.600000000000001,-1.13
69661,1429657,5945.04725049936,13083.62357068,22.2,0.710000000000001,1.31
69662,1429657,5965.45041480413,13082.0905776353,20.59,-1.61,-2.32
69663,1429657,5981.50782733366,13079.0552303102,16.35,-4.24,-2.63
69664,1429657,5993.28636361914,13076.033362846,12.16,-4.19,0.0499999999999972
69665,1429657,6001.66500990775,13073.8837614014,8.66,-3.5,0.690000000000001
69666,1429657,6006.48878545888,13072.6461873906,4.98,-3.68,-0.18
69667,1429657,6009.80149878917,13071.7962871662,3.41,-1.57,2.11
69668,1429657,6017.36666537322,13069.0373542797,4.8,1.39,2.96
69669,1429657,6023.52729093651,13066.254497354,6.76,1.96,0.57
69670,1429657,6031.43767997339,13062.6812431949,8.68,1.92,-0.04
69671,1429657,6041.2163060524,13058.2640753232,10.73,2.05,0.130000000000001
69672,1429657,6052.11587435668,13053.3405592239,11.96,1.23,-0.82
69673,1429657,6064.52825899751,13047.7336788499,13.63,1.67,0.44
69674,1429657,6078.29853300066,13041.5134172896,15.11,1.48,-0.190000000000001
69675,1429657,6093.76389036886,13034.5274584096,16.97,1.86,0.380000000000001
69676,1429657,6110.65093055935,13026.8993017774,18.53,1.56,-0.299999999999997
69677,1429657,6129.21482741204,13018.51368113,20.37,1.84,0.279999999999998
69678,1429657,6148.94523324713,13009.6011289937,21.66,1.29,-0.550000000000001
69679,1429657,6169.66899438754,13000.2398617613,22.74,1.08,-0.210000000000001
69680,1429657,6191.91468521593,12990.1911136021,24.41,1.67,0.590000000000003
69681,1429657,6215.68230573228,12979.4548845159,26.08,1.67,-3.5527136788005e-15
69682,1429657,6240.66200198816,12968.1711406796,27.42,1.34,-0.329999999999995
69683,1429657,6266.89934074069,12956.3192988318,28.79,1.37,0.029999999999994
69684,1429657,6293.35179306933,12942.7669185903,29.74,0.949999999999999,-0.419999999999998
69685,1429657,6320.65634146523,12927.9200995069,31.09,1.35,0.400000000000002
69686,1429657,6348.73399161751,12912.6529071676,31.95,0.859999999999999,-0.490000000000002
69687,1429657,6377.4529648177,12897.0369961046,32.69,0.739999999999998,-0.120000000000001
69688,1429657,6407.15566551418,12880.9052487021,32.96,0.270000000000003,-0.469999999999995
69689,1429657,6435.94362192951,12865.0819726371,32.84,-0.119999999999997,-0.390000000000001
69690,1429657,6464.85426674357,12849.1912609968,33,0.159999999999997,0.279999999999994
69691,1429657,6493.77367501468,12833.2957325297,33,0,-0.159999999999997
69692,1429657,6522.57039488707,12817.4676396379,32.86,-0.140000000000001,-0.140000000000001
69693,1429657,6551.10943186916,12801.2274299404,32.84,-0.019999999999996,0.120000000000005
69694,1429657,6579.24406864279,12784.6407541548,32.66,-0.180000000000007,-0.160000000000011
69695,1429657,6607.50792144569,12767.9778995153,32.81,0.150000000000006,0.330000000000013
69696,1429657,6636.02159190518,12751.1677657584,33.09,0.280000000000001,0.129999999999995
