"V1","V2","V3","V4","V5","acceleration","jerk"
26044,1442511,6243.35844867198,13498.483611975,22,0.109999999999999,0
26045,1442511,6232.69739785786,13479.1195232927,22.11,0.109999999999999,0
26046,1442511,6223.42911681436,13459.5869001586,21.62,-0.489999999999998,-0.599999999999998
26047,1442511,6213.95506449884,13439.6206202667,22.1,0.48,0.969999999999999
26048,1442511,6204.76394768234,13420.2506184168,21.45,-0.650000000000002,-1.13
26049,1442511,6195.60712607784,13400.9528926932,21.36,-0.0899999999999999,0.560000000000002
26050,1442511,6186.44173067034,13381.637097938,21.38,0.0199999999999996,0.109999999999999
26051,1442511,6177.13486751333,13362.0231641618,21.71,0.330000000000002,0.310000000000002
26052,1442511,6164.3475186381,13331.035056876,21.72,0.00999999999999801,-0.320000000000004
26053,1442511,6156.77635107398,13310.3469365719,22.03,0.310000000000002,0.300000000000004
26054,1442511,6149.26360831629,13289.8184613179,21.86,-0.170000000000002,-0.480000000000004
26055,1442511,6141.84022114494,13269.5341490815,21.6,-0.259999999999998,-0.0899999999999963
26056,1442511,6134.37902968706,13249.1465371068,21.72,0.119999999999997,0.379999999999995
26057,1442511,6126.91422342048,13230.198108991,20.38,-1.34,-1.46
26058,1442511,6119.62972759093,13214.4073452188,17.38,-3,-1.66
26059,1442511,6113.69405732614,13201.54046065,14.17,-3.21,-0.209999999999999
26060,1442511,6109.01086794291,13191.38860677,11.18,-2.99,0.219999999999999
26061,1442511,6105.27436979457,13183.2889165544,8.92,-2.26,0.73
26062,1442511,6101.61327183308,13175.3526730025,8.74,-0.18,2.08
26063,1442511,6098.68942014302,13169.0145746051,6.99,-1.75,-1.57
26064,1442511,6095.59801248217,13162.3132613999,7.38,0.39,2.14
26065,1442511,6093.57477413503,13157.9274425948,4.83,-2.55,-2.94
26066,1442511,6090.84361181136,13152.0070412266,6.52,1.69,4.24
26067,1442511,6088.59417290367,13147.1308824309,5.37,-1.15,-2.84
26068,1442511,6083.80969327312,13137.3901797077,7.43,2.06,3.21
26069,1442511,6079.27025130042,13128.8179299111,9.7,2.27,0.21
26070,1442511,6073.9726757199,13118.8140260246,11.32,1.62,-0.649999999999999
26071,1442511,6067.9731245766,13107.4845164996,12.82,1.5,-0.120000000000001
26072,1442511,6061.75789895066,13094.4849837237,14.41,1.59,0.0899999999999999
26073,1442511,6055.11904720032,13080.4676463361,15.52,1.11,-0.48
26074,1442511,6047.72685057052,13064.8596891032,17.27,1.75,0.640000000000001
26075,1442511,6039.49570168857,13047.4803597696,19.23,1.96,0.210000000000001
26076,1442511,6030.76803004516,13029.0526673562,20.39,1.16,-0.800000000000001
26077,1442511,6021.41542458127,13009.3054834801,21.85,1.46,0.300000000000001
26078,1442511,6002.37456037004,12986.2707475354,21.65,-0.200000000000003,-1.66
26079,1442511,5983.75268138511,12975.3885814053,21.77,0.120000000000001,0.320000000000004
26080,1442511,5962.84337939133,12973.0411294836,21.6,-0.169999999999998,-0.289999999999999
26081,1442511,5942.31766942715,12980.5812236009,22.16,0.559999999999999,0.729999999999997
26082,1442511,5926.42114529471,12994.1606570299,21.47,-0.690000000000001,-1.25
26083,1442511,5914.20524169575,13011.8428853,21.52,0.0500000000000007,0.740000000000002
26084,1442511,5904.8772139132,13031.3359609344,21.61,0.0899999999999999,0.0399999999999991
26085,1442511,5903.99,13051.8046145411,20.66,-0.949999999999999,-1.04
26086,1442511,5911.69426030662,13068.3803868658,18.47,-2.19,-1.24
26087,1442511,5923.50958459209,13078.5642601759,16.41,-2.06,0.130000000000003
26088,1442511,5937.34921089604,13083.1942849176,14.83,-1.58,0.479999999999999
26089,1442511,5950.85822202871,13083.9476229676,13.53,-1.3,0.279999999999999
26090,1442511,5961.90304138245,13082.7038816441,11.17,-2.36,-1.06
26091,1442511,5972.22983956556,13080.9184855297,10.48,-0.69,1.67
26092,1442511,5980.20986363115,13079.3882321525,8.13,-2.35,-1.66
26093,1442511,5988.6272551049,13077.2286903545,8.69,0.559999999999999,2.91
26094,1442511,5994.50683695136,13075.7202417107,6.06,-2.63,-3.19
26095,1442511,6001.50034287086,13073.9260079038,7.23,1.17,3.8
26096,1442511,6007.27337545815,13072.4448952322,5.96,-1.27,-2.44
26097,1442511,6017.87701305302,13068.8068217533,7.97,2.01,3.28
26098,1442511,6026.4071099868,13064.9536352408,9.35,1.38,-0.63
26099,1442511,6036.02169574016,13060.6105671097,10.55,1.2,-0.179999999999999
26100,1442511,6047.05796431582,13055.6253012265,12.12,1.57,0.369999999999997
26101,1442511,6059.57059582232,13049.9731376777,13.72,1.6,0.0300000000000029
26102,1442511,6073.10392268842,13043.8599090761,14.86,1.14,-0.460000000000003
26103,1442511,6087.66705826554,13037.2814987695,15.98,1.12,-0.0199999999999978
26104,1442511,6103.62453661069,13030.0732406675,17.51,1.53,0.41
26105,1442511,6121.28621167231,13022.0951685935,19.38,1.87,0.339999999999996
26106,1442511,6139.90478863355,13013.6848480326,20.42,1.04,-0.829999999999995
26107,1442511,6159.62608111721,13004.7764125485,21.64,1.22,0.179999999999996
26108,1442511,6180.89664334312,12995.1681461808,23.34,1.7,0.48
26109,1442511,6203.66179520273,12984.8847488429,24.98,1.64,-0.0599999999999987
26110,1442511,6227.66636285614,12974.041486798,26.34,1.36,-0.280000000000001
26111,1442511,6253.01970652044,12962.5889602192,27.82,1.48,0.120000000000001
26112,1442511,6279.28661225149,12950.4148456664,28.96,1.14,-0.34
26113,1442511,6305.94105235225,12935.9215222755,30.34,1.38,0.239999999999998
26114,1442511,6333.30709747877,12921.0412644103,31.16,0.82,-0.559999999999999
26115,1442511,6361.58680831738,12905.6642017882,32.19,1.03,0.209999999999997
26116,1442511,6390.55176844006,12889.9145355983,32.97,0.780000000000001,-0.249999999999996
26117,1442511,6419.99413009514,12873.848597428,32.69,-0.280000000000001,-1.06
26118,1442511,6448.75579613932,12858.0397718435,32.82,0.130000000000003,0.410000000000004
26119,1442511,6477.94687157904,12841.9949217453,33.31,0.490000000000002,0.359999999999999
26120,1442511,6506.77864527963,12826.1475615463,32.9,-0.410000000000004,-0.900000000000006
26121,1442511,6535.81197849242,12810.1894143307,33.13,0.230000000000004,0.640000000000008
26122,1442511,6564.14302202179,12793.5435228787,32.86,-0.270000000000003,-0.500000000000007
26123,1442511,6592.37241721689,12776.9009826002,32.77,-0.0899999999999963,0.180000000000007
26124,1442511,6620.76548604906,12760.1619491069,32.96,0.189999999999998,0.279999999999994
26125,1442511,6649.08102526367,12743.4686229259,32.87,-0.0900000000000034,-0.280000000000001
