"V1","V2","V3","V4","V5","acceleration","jerk"
47989,1444830,5902.73134325544,12517.0811815186,21.33,0.580000000000002,0
47990,1444830,5904.15278060238,12538.9450241787,21.91,0.580000000000002,0
47991,1444830,5907.38202727225,12560.094223627,21.41,-0.5,-1.08
47992,1444830,5910.96951075231,12581.1913789395,21.4,-0.0100000000000016,0.489999999999998
47993,1444830,5914.58549293292,12602.4561284764,21.56,0.16,0.170000000000002
47994,1444830,5918.25679612046,12624.0462079785,21.9,0.34,0.18
47995,1444830,5921.87948387766,12645.3503914506,21.61,-0.289999999999999,-0.629999999999999
47996,1444830,5928.05705325008,12669.6928114951,21.93,0.32,0.609999999999999
47997,1444830,5934.94738398202,12690.1748876205,21.61,-0.32,-0.640000000000001
47998,1444830,5941.87916510706,12710.7801784565,21.74,0.129999999999999,0.449999999999999
47999,1444830,5948.90660098545,12731.6698109323,22.04,0.300000000000001,0.170000000000002
48000,1444830,5956.66537958654,12752.2690488145,22.02,-0.0199999999999996,-0.32
48001,1444830,5964.84207170635,12772.7038672864,22.01,-0.00999999999999801,0.0100000000000016
48002,1444830,5972.8961691692,12792.8323027462,21.68,-0.330000000000002,-0.320000000000004
48003,1444830,5981.52071023384,12813.1454284747,22.07,0.390000000000001,0.720000000000002
48004,1444830,5990.30363578192,12833.3925299665,22.07,0,-0.390000000000001
48005,1444830,5998.95125572572,12853.327714172,21.73,-0.34,-0.34
48006,1444830,6007.78193619296,12873.6849041177,22.19,0.460000000000001,0.800000000000001
48007,1444830,6016.54496385805,12893.8861354203,22.02,-0.170000000000002,-0.630000000000003
48008,1444830,6025.2522774508,12913.9589301933,21.88,-0.140000000000001,0.0300000000000011
48009,1444830,6034.03122342229,12934.1968576472,22.07,0.190000000000001,0.330000000000002
48010,1444830,6042.60721098736,12953.9669091717,21.55,-0.52,-0.710000000000001
48011,1444830,6052.84971379906,12973.5460571362,22.1,0.550000000000001,1.07
48012,1444830,6063.00649588499,12994.8707887326,23.62,1.52,0.969999999999999
48013,1444830,6073.82978991983,13017.5948994135,25.17,1.55,0.0300000000000011
48014,1444830,6085.24219451597,13041.5558806399,26.54,1.37,-0.180000000000003
48015,1444830,6095.77308330871,13063.6660701741,24.49,-2.05,-3.42
48016,1444830,6105.24185306028,13083.5462814252,22.02,-2.47,-0.419999999999998
48017,1444830,6113.93736392857,13107.2030547056,22.17,0.150000000000002,2.62
48018,1444830,6124.24157919926,13132.0603653334,21.84,-0.330000000000002,-0.480000000000004
48019,1444830,6131.38904617181,13153.5530667894,22.65,0.809999999999999,1.14
48020,1444830,6137.44467050749,13171.7625564557,19.19,-3.46,-4.27
48021,1444830,6142.02662284486,13185.5406591109,14.51,-4.68,-1.22
48022,1444830,6145.55775553461,13196.1589076448,11.19,-3.32,1.36
48023,1444830,6148.05384664952,13203.6647473144,7.92,-3.27,0.0500000000000007
48024,1444830,6149.53382987695,13208.1151124282,4.68,-3.24,0.0299999999999994
48025,1444830,6150.09237365361,13209.7946745288,1.77,-2.91,0.330000000000001
48026,1444830,6150.38584580745,13210.6771563104,0.93,-0.84,2.07
48027,1444830,6150.43002441126,13210.8100030302,0.13,-0.8,0.0399999999999999
48028,1444830,6150.43633564037,13210.8289811331,0.02,-0.11,0.69
48029,1444830,6152.19363313873,13215.0909610665,1.45,1.43,1.54
48030,1444830,6153.70885059073,13218.4115959566,3.66,2.21,0.78
48031,1444830,6155.77618837456,13222.9422156148,4.98,1.32,-0.89
48032,1444830,6158.40810033228,13228.7101129307,6.35,1.37,0.0499999999999989
48033,1444830,6161.74988128807,13236.0337049486,8.04,1.69,0.32
48034,1444830,6165.78077483846,13244.8675035191,9.71,1.67,-0.0199999999999978
48035,1444830,6170.64607580763,13255.5299256867,11.72,2.01,0.339999999999998
48036,1444830,6176.40390212523,13268.148338269,13.87,2.15,0.139999999999999
48037,1444830,6182.71384877467,13281.9767356194,15.2,1.33,-0.819999999999999
48038,1444830,6189.8000849132,13297.5063897491,17.07,1.87,0.540000000000001
48039,1444830,6197.4259875415,13314.2187357575,18.37,1.3,-0.57
48040,1444830,6205.60816178231,13332.1501641639,19.71,1.34,0.0399999999999991
48041,1444830,6214.47944861773,13351.591799123,21.37,1.66,0.32
48042,1444830,6223.8032250484,13372.0250757342,22.46,1.09,-0.57
48043,1444830,6233.85347559989,13394.0504375667,24.21,1.75,0.66
48044,1444830,6244.38112343079,13417.1220268303,25.37,1.16,-0.59
48045,1444830,6255.3363531728,13441.130671967,26.39,1.02,-0.140000000000001
48046,1444830,6267.52967124525,13466.865120398,27.25,0.859999999999999,-0.16
48047,1444830,6277.84966425191,13491.7176020516,26.91,-0.34,-1.2
