"V1","V2","V3","V4","V5","acceleration","jerk"
58439,144495,5902.83125258973,12518.6179372327,21.83,0.16,0
58440,144495,5904.25788003195,12540.5616113585,21.99,0.16,0
58441,144495,5907.73909922611,12562.1940806744,21.92,-0.0699999999999967,-0.229999999999997
58442,144495,5911.42884274929,12583.8926034982,22.01,0.0899999999999999,0.159999999999997
58443,144495,5915.10349872513,12605.5023999678,21.92,-0.0899999999999999,-0.18
58444,144495,5918.77647830682,12627.1023379537,21.91,-0.0100000000000016,0.0799999999999983
58445,144495,5922.48969134811,12648.9388795505,22.15,0.239999999999998,0.25
58446,144495,5929.05823966833,12672.6689206591,21.43,-0.719999999999999,-0.959999999999997
58447,144495,5935.98045531804,12693.2457773311,21.71,0.280000000000001,1
58448,144495,5942.92180191842,12713.879502331,21.77,0.0599999999999987,-0.220000000000002
58449,144495,5949.93010684614,12734.7122664789,21.99,0.219999999999999,0.16
58450,144495,5957.60527195651,12754.6179852404,21.34,-0.649999999999999,-0.869999999999997
58451,144495,5965.79310904513,12775.0806567134,22.04,0.699999999999999,1.35
58452,144495,5973.72461185104,12794.9027091611,21.35,-0.689999999999998,-1.39
58453,144495,5982.38427835524,12815.1361946839,22.02,0.669999999999998,1.36
58454,144495,5991.11148983097,12835.2548596461,21.93,-0.0899999999999999,-0.759999999999998
58455,144495,5999.90635410884,12855.5294832513,22.1,0.170000000000002,0.260000000000002
58456,144495,6008.7051979633,12875.8132808944,22.11,0.00999999999999801,-0.160000000000004
58457,144495,6017.28118552837,12895.5833324189,21.55,-0.559999999999999,-0.569999999999997
58458,144495,6025.87707097642,12915.3992541326,21.6,0.0500000000000007,0.609999999999999
58459,144495,6034.51673176704,12935.3160902625,21.71,0.109999999999999,0.0599999999999987
58460,144495,6043.1046580619,12955.1136639005,21.58,-0.130000000000003,-0.240000000000002
58461,144495,6053.2109202746,12974.3044303175,21.69,0.110000000000003,0.240000000000006
58462,144495,6063.17849896858,12995.2319188189,23.19,1.5,1.39
58463,144495,6073.54168475482,13016.9900065189,24.1,0.91,-0.59
58464,144495,6084.45528040855,13039.9037104951,25.38,1.28,0.369999999999997
58465,144495,6094.8528668115,13061.7340242123,24.18,-1.2,-2.48
58466,144495,6104.36033725689,13081.6954897329,22.11,-2.07,-0.870000000000001
58467,144495,6113.00080538217,13105.0695697422,21.89,-0.219999999999999,1.85
58468,144495,6123.55049961118,13129.9822630734,21.97,0.0799999999999983,0.299999999999997
58469,144495,6130.77054571855,13151.693212712,22.89,0.920000000000002,0.840000000000003
58470,144495,6136.85141497069,13169.9786147896,19.27,-3.62,-4.54
58471,144495,6141.77417368026,13184.7815349977,15.6,-3.67,-0.0499999999999989
58472,144495,6145.4914876289,13195.9596375651,11.78,-3.82,-0.15
58473,144495,6148.00651243116,13203.5224115432,7.98,-3.8,0.0200000000000014
58474,144495,6149.38236037819,13207.6596379603,4.35,-3.63,0.169999999999998
58475,144495,6152.72084578641,13216.2463600557,6.06,1.71,5.34
58476,144495,6156.03356777736,13223.5062686646,7.98,1.92,0.210000000000001
58477,144495,6159.95652802981,13232.1035288595,9.46,1.48,-0.44
58478,144495,6164.38179324579,13241.8016022645,10.66,1.2,-0.280000000000001
58479,144495,6169.32181726738,13252.6277817691,11.9,1.24,0.0400000000000009
58480,144495,6175.10039998844,13265.2916825005,13.91,2.01,0.77
58481,144495,6181.59715426894,13279.5294731935,15.65,1.74,-0.27
58482,144495,6188.90755956477,13295.5503993344,17.61,1.96,0.219999999999999
58483,144495,6196.98180050762,13313.2452893651,19.45,1.84,-0.119999999999999
58484,144495,6205.81572581683,13332.6050456557,21.29,1.84,0
58485,144495,6215.25988938752,13353.3021535321,22.74,1.45,-0.390000000000001
58486,144495,6225.189752799,13375.0636840994,23.93,1.19,-0.259999999999998
58487,144495,6235.17358285945,13396.9434838545,24.05,0.120000000000001,-1.07
58488,144495,6244.50151057081,13417.3858580955,22.48,-1.57,-1.69
58489,144495,6253.09051031928,13436.2088542258,20.69,-1.79,-0.219999999999999
58490,144495,6262.7781025588,13455.4224504727,20.25,-0.440000000000001,1.35
58491,144495,6270.14897827741,13473.1729037385,19.22,-1.03,-0.59
58492,144495,6277.74611917158,13491.4682460483,19.81,0.59,1.62
