"V1","V2","V3","V4","V5","acceleration","jerk"
57515,1450883,6244.04795009022,13499.7135257094,21.52,-0.0799999999999983,0
57516,1450883,6233.58907336991,13480.9987025767,21.44,-0.0799999999999983,0
57517,1450883,6224.32936612941,13461.4841484742,21.6,0.16,0.239999999999998
57518,1450883,6214.86817451839,13441.5449721296,22.07,0.469999999999999,0.309999999999999
57519,1450883,6205.52272924788,13421.8497277113,21.81,-0.260000000000002,-0.73
57520,1450883,6196.31017792388,13402.4345532825,21.48,-0.329999999999998,-0.0699999999999967
57521,1450883,6186.92615053987,13382.6579982221,21.89,0.41,0.739999999999998
57522,1450883,6177.49068033785,13362.7730289723,22.01,0.120000000000001,-0.289999999999999
57523,1450883,6164.52279305742,13331.5139920261,22.04,0.0299999999999976,-0.0900000000000034
57524,1450883,6157.02379731302,13311.0230803132,21.83,-0.210000000000001,-0.239999999999998
57525,1450883,6149.45606650222,13290.3443508944,22.01,0.180000000000003,0.390000000000004
57526,1450883,6141.92957673126,13269.7783120991,21.9,-0.110000000000003,-0.290000000000006
57527,1450883,6134.47869553334,13249.4188727804,21.68,-0.219999999999999,-0.109999999999996
57528,1450883,6126.48695569499,13229.2719112309,21.69,0.0100000000000016,0.23
57529,1450883,6117.33839969054,13209.4403827212,21.84,0.149999999999999,0.139999999999997
57530,1450883,6108.34902185834,13189.9539082789,21.46,-0.379999999999999,-0.529999999999998
57531,1450883,6101.16505961125,13174.3810733914,17.15,-4.31,-3.93
57532,1450883,6095.5938235829,13162.3041810297,13.3,-3.85,0.460000000000004
57533,1450883,6091.83638093822,13154.1590889632,8.97,-4.33,-0.480000000000002
57534,1450883,6089.29790798094,13148.6563846239,6.06,-2.91,1.42
57535,1450883,6087.91976012129,13145.6689428292,3.29,-2.77,0.140000000000001
57536,1450883,6084.37595356044,13138.4595015896,4.61,1.32,4.09
57537,1450883,6081.18898450537,13132.4412519901,6.81,2.2,0.879999999999999
57538,1450883,6077.04732868492,13124.620178722,8.85,2.04,-0.159999999999999
57539,1450883,6072.1007408858,13115.2790776549,10.56,1.71,-0.329999999999999
57540,1450883,6066.47058481599,13104.4353953702,12.22,1.66,-0.0500000000000007
57541,1450883,6060.64072273736,13092.1261667939,13.62,1.4,-0.260000000000002
57542,1450883,6054.12600167739,13078.3709201763,15.22,1.6,0.200000000000003
57543,1450883,6046.99490753421,13063.3142573216,16.66,1.44,-0.160000000000002
57544,1450883,6039.20891699014,13046.8748397149,18.19,1.53,0.0900000000000016
57545,1450883,6030.91356257869,13029.35994619,19.39,1.2,-0.330000000000002
57546,1450883,6022.00611545267,13010.5526740407,20.8,1.41,0.210000000000001
57547,1450883,6003.38241246935,12986.9758249396,21.8,1,-0.41
57548,1450883,5984.58332965689,12975.6472770732,22.13,0.329999999999998,-0.670000000000002
57549,1450883,5963.76125669193,12972.8914589754,21.54,-0.59,-0.919999999999998
57550,1450883,5943.41982550077,12979.9915185989,21.84,0.300000000000001,0.890000000000001
57551,1450883,5926.75017406123,12993.6952109312,22.16,0.32,0.0199999999999996
57552,1450883,5914.21387476172,13011.8248445081,22.06,-0.100000000000001,-0.420000000000002
57553,1450883,5904.95922803993,13031.1645734115,21.44,-0.619999999999997,-0.519999999999996
57554,1450883,5903.99,13052.9946145411,22.05,0.609999999999999,1.23
57555,1450883,5913.67891267581,13072.1724252323,21.56,-0.490000000000002,-1.1
57556,1450883,5932.20118307276,13082.733878366,21.77,0.210000000000001,0.700000000000003
57557,1450883,5953.54404907578,13084.0973997122,21.43,-0.34,-0.550000000000001
57558,1450883,5971.65831829206,13081.01729562,18.38,-3.05,-2.71
57559,1450883,5985.84728807042,13077.9419107181,14.53,-3.85,-0.799999999999999
57560,1450883,5996.18256620908,13075.2903214218,10.67,-3.86,-0.00999999999999979
57561,1450883,6003.70881842439,13073.3594077542,7.77,-2.9,0.959999999999999
57562,1450883,6008.34855434606,13072.1690504225,4.79,-2.98,-0.0799999999999992
57563,1450883,6017.41223213034,13069.0167710184,6.35,1.56,4.54
57564,1450883,6024.73025332461,13065.7110992561,8.03,1.68,0.12
57565,1450883,6033.22389685269,13061.8743793526,9.32,1.29,-0.389999999999999
57566,1450883,6042.9296161203,13057.4901446989,10.65,1.33,0.0399999999999991
57567,1450883,6053.79273101888,13052.5830952086,11.91,1.26,-0.0700000000000003
57568,1450883,6066.47851620246,13046.8527152669,13.92,2.01,0.75
57569,1450883,6080.88672480535,13040.3442880487,15.81,1.89,-0.119999999999999
57570,1450883,6097.12671704467,13033.0084137267,17.82,2.01,0.119999999999999
57571,1450883,6114.46942480642,13025.1744244817,19.03,1.21,-0.799999999999999
57572,1450883,6133.17002193048,13016.7270540505,20.52,1.49,0.279999999999998
57573,1450883,6153.52013566247,13007.5345695607,22.33,1.81,0.32
57574,1450883,6175.45597254241,12997.6257875782,24.07,1.74,-0.0699999999999967
57575,1450883,6198.67679197326,12987.1365576274,25.49,1.42,-0.320000000000004
57576,1450883,6223.29195417214,12976.0174798814,27.01,1.52,0.100000000000005
57577,1450883,6249.23766567907,12964.2973709058,28.47,1.46,-0.0600000000000058
57578,1450883,6276.41383640675,12951.9769144696,29.84,1.37,-0.0899999999999963
57579,1450883,6303.88530450005,12937.0393329787,31.27,1.43,0.0599999999999987
57580,1450883,6329.87206581121,12922.9090592178,29.58,-1.69,-3.12
57581,1450883,6355.37741108116,12912.7983603573,27.47,-2.11,-0.419999999999998
57582,1450883,6380.24077066468,12899.2815800373,28.3,0.830000000000002,2.94
57583,1450883,6406.86152224803,12884.8308664658,29.18,0.879999999999999,0.0499999999999972
57584,1450883,6433.6952277408,12870.0817427791,30.62,1.44,0.560000000000002
57585,1450883,6461.51920388043,12854.788317663,31.76,1.14,-0.300000000000001
57586,1450883,6490.33345066692,12838.9505911176,32.88,1.12,-0.0199999999999996
57587,1450883,6519.077589797,12823.1513991866,32.8,-0.0800000000000054,-1.20000000000001
57588,1450883,6547.66005752004,12807.088491398,32.79,-0.00999999999999801,0.0700000000000074
57589,1450883,6575.82069930276,12790.4868542985,32.69,-0.100000000000001,-0.0900000000000034
57590,1450883,6604.41206365786,12773.6312918838,33.19,0.5,0.600000000000001
57591,1450883,6632.83975343545,12756.8722210889,33,-0.189999999999998,-0.689999999999998
