"V1","V2","V3","V4","V5","acceleration","jerk"
26190,1455540,6589.07477148482,13492.5985994136,13.54,0.0900000000000016,0
26191,1455540,6590.59434727155,13479.0535711955,13.63,0.0900000000000016,0
26192,1455540,6592.05371976226,13466.0451765239,13.08,-0.550000000000001,-0.640000000000002
26193,1455540,6593.55768728706,13452.6392755216,13.5,0.42,0.970000000000001
26194,1455540,6595.08172257721,13439.0544966704,13.66,0.16,-0.26
26195,1455540,6596.56339258496,13425.8473488334,13.3,-0.359999999999999,-0.52
26196,1455540,6598.08631299926,13412.2725076406,13.66,0.359999999999999,0.719999999999999
26197,1455540,6599.52450284877,13399.452928476,12.9,-0.76,-1.12
26198,1455540,6601.04630838721,13385.8880249414,13.65,0.75,1.51
26199,1455540,6602.55919491883,13372.4026226729,13.57,-0.0800000000000001,-0.83
26200,1455540,6604.00184427176,13359.5432928753,12.94,-0.630000000000001,-0.550000000000001
26201,1455540,6605.52476468605,13345.9684516824,13.66,0.720000000000001,1.35
26202,1455540,6606.9807925492,13332.9898699855,13.06,-0.6,-1.32
26203,1455540,6608.46246255696,13319.7827221486,13.29,0.229999999999999,0.829999999999998
26204,1455540,6609.70220450476,13308.7320461555,11.11,-2.18,-2.41
26205,1455540,6610.65988286191,13300.1955977041,8.59,-2.52,-0.34
26206,1455540,6611.14373898183,13295.8826540162,4.34,-4.25,-1.73
26207,1455540,6611.46259347559,13293.0404837518,2.87,-1.47,2.78
26208,1455540,6621.28480827762,13286.0001112877,4.26,1.39,2.86
26209,1455540,6627.41861795827,13286.6674034288,6.17,1.91,0.52
26210,1455540,6635.63901153364,13287.5712780891,8.27,2.1,0.19
26211,1455540,6646.00050404647,13288.8491954991,10.45,2.18,0.0800000000000001
26212,1455540,6657.94003995924,13290.3217382616,12.03,1.58,-0.6
