"V1","V2","V3","V4","V5","acceleration","jerk"
22393,1460105,6236.09667841596,13485.5302651971,21.99,-0.569999999999997,0
22394,1460105,6226.62714533353,13466.3266489366,21.42,-0.569999999999997,0
22395,1460105,6217.38029879753,13446.8391983815,21.57,0.149999999999999,0.719999999999995
22396,1460105,6208.20204268553,13427.4963000789,21.41,-0.16,-0.309999999999999
22397,1460105,6198.90804023302,13407.9094698501,21.68,0.27,0.43
22398,1460105,6189.58402947001,13388.2593980108,21.75,0.0700000000000003,-0.199999999999999
22399,1460105,6180.33718293401,13368.7719474556,21.57,-0.18,-0.25
22400,1460105,6166.83229128851,13337.824666944,21.96,0.390000000000001,0.57
22401,1460105,6159.43296139039,13317.6060909047,21.53,-0.43,-0.82
22402,1460105,6152.01988447899,13297.3499513242,21.56,0.0299999999999976,0.459999999999997
22403,1460105,6144.63086484084,13277.1595479407,21.5,-0.0599999999999987,-0.0899999999999963
22404,1460105,6137.2796494892,13257.0724442955,21.39,-0.109999999999999,-0.0500000000000007
22405,1460105,6129.68098789852,13236.3091969091,22.12,0.73,0.84
22406,1460105,6120.60993001997,13216.5321518448,21.75,-0.370000000000001,-1.1
22407,1460105,6112.15673129425,13198.2079647878,20.19,-1.56,-1.19
22408,1460105,6105.14451391722,13183.0074250783,16.73,-3.46,-1.9
22409,1460105,6098.95750969626,13169.5957182977,14.77,-1.96,1.5
22410,1460105,6094.09000874517,13159.0443281291,11.62,-3.15,-1.19
22411,1460105,6090.83104511355,13151.979800116,7.78,-3.84,-0.689999999999999
22412,1460105,6088.53971721317,13147.0128376183,5.47,-2.31,1.53
22413,1460105,6087.34169202211,13144.415851742,2.86,-2.61,-0.299999999999999
22414,1460105,6083.80969327312,13137.3901797077,4.44,1.58,4.19
22415,1460105,6080.7677991677,13131.6458886069,6.5,2.06,0.479999999999999
22416,1460105,6077.00053031407,13124.5318050127,8.05,1.55,-0.509999999999999
22417,1460105,6072.30665371755,13115.6679219755,10.03,1.98,0.429999999999998
22418,1460105,6066.89862167932,13105.339156646,11.66,1.63,-0.349999999999998
22419,1460105,6061.40262835409,13093.7348618648,12.84,1.18,-0.450000000000001
22420,1460105,6055.26886010249,13080.7839627827,14.32,1.48,0.300000000000001
22421,1460105,6048.65569056396,13066.8208510716,15.45,1.13,-0.350000000000001
22422,1460105,6041.33626020091,13051.3665332556,17.1,1.65,0.520000000000003
22423,1460105,6033.2506438525,13034.2944827558,18.89,1.79,0.139999999999997
22424,1460105,6024.72842990349,13016.3005957547,19.91,1.02,-0.77
22425,1460105,6015.48283365544,12996.7793521976,21.6,1.69,0.670000000000002
22426,1460105,5990.91126698029,12978.2512086047,21.78,0.18,-1.51
22427,1460105,5969.97913517988,12971.877561984,22.15,0.369999999999997,0.189999999999998
22428,1460105,5949.04523010051,12976.9816642687,21.76,-0.389999999999997,-0.759999999999994
22429,1460105,5930.61770517651,12988.2241778412,21.84,0.0799999999999983,0.469999999999995
22430,1460105,5918.08574987611,13005.9519581971,21.71,-0.129999999999999,-0.209999999999997
22431,1460105,5907.68296035404,13025.472703571,22.18,0.469999999999999,0.599999999999998
22432,1460105,5903.99,13046.7846145411,22.16,-0.0199999999999996,-0.489999999999998
22433,1460105,5911.003341608,13067.0602613597,22,-0.16,-0.140000000000001
22434,1460105,5927.20621880067,13080.3376455057,22,0,0.16
22435,1460105,5947.95273626403,13083.7855968238,21.36,-0.640000000000001,-0.640000000000001
22436,1460105,5965.57851439991,13082.0684305461,17.81,-3.55,-2.91
22437,1460105,5980.48107992719,13079.318649678,15.17,-2.64,0.910000000000002
22438,1460105,5992.6276954716,13076.2023488555,12.54,-2.63,0.00999999999999801
22439,1460105,6001.46159768571,13073.9359482573,9.12,-3.42,-0.789999999999999
22440,1460105,6007.28306175444,13072.4424101438,6.01,-3.11,0.31
22441,1460105,6017.4669122389,13068.9920711049,7.51,1.5,4.61
22442,1460105,6026.08814268693,13065.0977180698,9.46,1.95,0.450000000000001
22443,1460105,6036.45913660856,13060.4129678013,11.38,1.92,-0.0300000000000011
22444,1460105,6048.15156648681,13055.1313029557,12.82,1.44,-0.48
22445,1460105,6061.54819308154,13049.0798241379,14.71,1.89,0.450000000000001
22446,1460105,6076.00196844156,13042.5508136584,15.86,1.15,-0.740000000000002
22447,1460105,6092.15082716663,13035.256105859,17.72,1.86,0.710000000000001
22448,1460105,6109.89452239108,13027.2409839147,19.47,1.75,-0.109999999999999
22449,1460105,6128.89586011217,13018.657763959,20.85,1.38,-0.369999999999997
22450,1460105,6149.20952043846,13009.4817460782,22.3,1.45,0.0699999999999967
22451,1460105,6170.44362925867,12999.8899463195,23.29,0.989999999999998,-0.460000000000001
22452,1460105,6192.77134024988,12989.8041482899,24.5,1.21,0.220000000000002
22453,1460105,6216.60275422621,12979.039102638,26.15,1.65,0.439999999999998
22454,1460105,6241.31816329076,12967.8747417171,27.12,0.970000000000002,-0.679999999999996
22455,1460105,6267.10894782347,12956.2246158299,28.29,1.17,0.199999999999996
22456,1460105,6293.18487337193,12942.8576809978,29.32,1.03,-0.139999999999997
22457,1460105,6319.63725278636,12928.4742278897,30.12,0.800000000000001,-0.23
22458,1460105,6346.93301593503,12913.6321857751,31.06,0.939999999999998,0.139999999999997
22459,1460105,6375.29179399872,12898.2121304336,32.28,1.22,0.280000000000005
22460,1460105,6404.8771666807,12882.1576236722,32.82,0.539999999999999,-0.680000000000003
22461,1460105,6434.02442483516,12866.1368577081,33.26,0.439999999999998,-0.100000000000001
22462,1460105,6462.90877927806,12850.2605965482,32.95,-0.309999999999995,-0.749999999999993
22463,1460105,6491.67044532224,12834.4517709636,32.82,-0.130000000000003,0.179999999999993
22464,1460105,6520.57232667925,12818.5658761501,32.98,0.159999999999997,0.289999999999999
22465,1460105,6549.28317865544,12802.3040910753,33,0.0200000000000031,-0.139999999999993
22466,1460105,6577.64178987981,12785.585371943,32.92,-0.0799999999999983,-0.100000000000001
22467,1460105,6606.29329077052,12768.6939807418,33.26,0.339999999999996,0.419999999999995
22468,1460105,6634.46238515196,12752.0869905952,32.7,-0.559999999999995,-0.899999999999991
