"V1","V2","V3","V4","V5","acceleration","jerk"
67426,1467827,6636.12293411172,12784.1096866444,32.85,0,0
67427,1467827,6607.93330326371,12800.9758424794,32.85,0,0
67428,1467827,6579.40041968087,12818.0473700751,33.25,0.399999999999999,0.399999999999999
67429,1467827,6546.4504663201,12834.038080018,33.01,-0.240000000000002,-0.640000000000001
67430,1467827,6518.02038911091,12851.2995489555,33.26,0.25,0.490000000000002
67431,1467827,6491.35116454908,12867.4919070688,31.19,-2.07,-2.32
67432,1467827,6467.90447128847,12881.7276885768,27.43,-3.76,-1.69
67433,1467827,6446.79988300541,12894.5414488915,24.7,-2.73,1.03
67434,1467827,6427.04585160721,12906.5352115837,23.11,-1.59,1.14
67435,1467827,6405.69817802301,12920.0940852106,22.15,-0.960000000000001,0.629999999999999
67436,1467827,6387.79929867472,12932.5562767544,21.81,-0.34,0.620000000000001
67437,1467827,6370.08917412929,12944.887046746,21.58,-0.23,0.109999999999999
67438,1467827,6351.97691978648,12957.4978017838,22.08,0.5,0.73
67439,1467827,6335.53501460268,12972.1971742108,22.18,0.100000000000001,-0.399999999999999
67440,1467827,6320.77476985219,12988.1039392781,21.7,-0.48,-0.580000000000002
67441,1467827,6305.83087228683,13004.2086226204,21.97,0.27,0.75
67442,1467827,6292.78211584773,13020.9784571725,21.34,-0.629999999999999,-0.899999999999999
67443,1467827,6281.19129323577,13039.3708586247,21.75,0.41,1.04
67444,1467827,6269.55248653756,13057.8394015732,21.83,0.0799999999999983,-0.330000000000002
67445,1467827,6258.04696896782,13076.0964403652,21.58,-0.25,-0.329999999999998
67446,1467827,6250.53959703415,13096.8572082373,22.11,0.530000000000001,0.780000000000001
67447,1467827,6243.44102684763,13117.3844755008,21.72,-0.390000000000001,-0.920000000000002
67448,1467827,6236.25421476653,13138.1669159762,22,0.280000000000001,0.670000000000002
67449,1467827,6229.09681665029,13158.8642987142,21.9,-0.100000000000001,-0.380000000000003
67450,1467827,6221.90170706367,13179.8189632712,22.16,0.260000000000002,0.360000000000003
67451,1467827,6218.69087096884,13201.5328535622,21.95,-0.210000000000001,-0.470000000000002
67452,1467827,6215.50197680632,13223.0983573593,21.79,-0.16,0.0500000000000007
67453,1467827,6214.37274582805,13244.648176799,21.66,-0.129999999999999,0.0300000000000011
67454,1467827,6214.95571659286,13266.6404514674,22,0.34,0.469999999999999
67455,1467827,6215.53073775633,13288.3328314811,21.7,-0.300000000000001,-0.640000000000001
67456,1467827,6216.88381044303,13309.5964159994,21.41,-0.289999999999999,0.0100000000000016
67457,1467827,6223.27042574932,13330.3457592403,21.71,0.300000000000001,0.59
67458,1467827,6229.59526356993,13350.8943948773,21.5,-0.210000000000001,-0.510000000000002
67459,1467827,6235.97011173609,13371.6055080985,21.67,0.170000000000002,0.380000000000003
67460,1467827,6241.31533514075,13388.971494588,18.17,-3.5,-3.67
67461,1467827,6246.02219119329,13404.2635025039,16,-2.17,1.33
67462,1467827,6249.44937075655,13415.3979957677,11.64,-4.36,-2.19
67463,1467827,6252.01460730519,13423.7321400819,8.72,-2.92,1.44
67464,1467827,6254.93579984279,13433.2227424947,9.92,1.2,4.12
67465,1467827,6256.80089155361,13439.2822006314,6.34,-3.58,-4.78
67466,1467827,6257.57458101725,13441.7958244325,2.64,-3.7,-0.12
67467,1467827,6260.22399057722,13449.2716690601,4.79,2.15,5.85
67468,1467827,6262.70140249929,13455.2377423222,6.46,1.67,-0.48
67469,1467827,6265.86911495693,13462.866188939,8.25,1.79,0.12
67470,1467827,6269.77314798583,13472.2678338009,10.18,1.93,0.14
67471,1467827,6274.17573140153,13482.8700816412,11.48,1.3,-0.629999999999999
67472,1467827,6279.06919519807,13494.654461645,12.76,1.28,-0.0200000000000014
