"V1","V2","V3","V4","V5","acceleration","jerk"
79599,1468447,6654.61567520074,12773.0452830448,32.74,0.25,0
79600,1468447,6626.31448721392,12789.9781847021,32.99,0.25,0
79601,1468447,6598.14201900265,12806.8340719491,32.83,-0.160000000000004,-0.410000000000004
79602,1468447,6570.08968924857,12823.61807908,32.69,-0.140000000000001,0.0200000000000031
79603,1468447,6537.00511595445,12839.7728735164,33.2,0.510000000000005,0.650000000000006
79604,1468447,6508.90840405229,12856.8319379775,32.87,-0.330000000000005,-0.840000000000011
79605,1468447,6480.7689530082,12873.9169517304,32.92,0.0500000000000043,0.38000000000001
79606,1468447,6456.2794246846,12888.7858959595,28.64,-4.28,-4.33000000000001
79607,1468447,6435.67915827626,12901.2934546304,24.1,-4.54,-0.259999999999998
79608,1468447,6417.20730113584,12912.5087385672,21.61,-2.49,2.05
79609,1468447,6396.86773594197,12926.2423282648,21.4,-0.210000000000001,2.28
79610,1468447,6379.19864504932,12938.5445283537,21.53,0.130000000000003,0.340000000000003
79611,1468447,6361.51314069557,12950.8581564037,21.55,0.0199999999999996,-0.110000000000003
79612,1468447,6343.91502452554,12963.1662366242,21.48,-0.0700000000000003,-0.0899999999999999
79613,1468447,6329.39965019487,12978.8091106581,21.35,-0.129999999999999,-0.0599999999999987
79614,1468447,6314.40813893677,12994.9651061458,22.04,0.689999999999998,0.819999999999997
79615,1468447,6299.72271570344,13010.7912378418,21.59,-0.449999999999999,-1.14
79616,1468447,6287.61582922814,13029.1763582797,22.05,0.460000000000001,0.91
79617,1468447,6276.08898539784,13047.4672377368,21.63,-0.420000000000002,-0.880000000000003
79618,1468447,6264.65277817491,13065.6142943674,21.45,-0.18,0.240000000000002
79619,1468447,6254.77193975585,13084.6183449287,21.54,0.0899999999999999,0.27
79620,1468447,6247.76487968224,13104.8809881207,21.44,-0.0999999999999979,-0.189999999999998
79621,1468447,6240.76108782694,13125.134180453,21.43,-0.0100000000000016,0.0899999999999963
79622,1468447,6233.56120287256,13145.9544243671,22.03,0.600000000000001,0.610000000000003
79623,1468447,6226.39073188305,13166.6896105439,21.94,-0.0899999999999999,-0.690000000000001
79624,1468447,6220.79437087971,13187.3075350025,21.45,-0.490000000000002,-0.400000000000002
79625,1468447,6217.62595585402,13208.7345447385,21.66,0.210000000000001,0.700000000000003
79626,1468447,6214.39902900882,13230.5572517918,22.06,0.399999999999999,0.189999999999998
79627,1468447,6214.56698108742,13251.975602859,21.45,-0.609999999999999,-1.01
79628,1468447,6215.15578155987,13274.187800274,22.22,0.77,1.38
79629,1468447,6215.72126320174,13295.5203067023,21.34,-0.879999999999999,-1.65
79630,1468447,6219.07249850746,13316.7071996803,21.64,0.300000000000001,1.18
79631,1468447,6225.53560022461,13337.7050380498,21.97,0.329999999999998,0.0299999999999976
79632,1468447,6231.931040886,13358.4830538056,21.74,-0.23,-0.559999999999999
79633,1468447,6238.35001582765,13379.3375296009,21.82,0.0800000000000018,0.310000000000002
79634,1468447,6243.75701671801,13396.9042236944,18.37,-3.45,-3.53
79635,1468447,6248.01966323059,13410.7530483632,14.49,-3.88,-0.430000000000001
79636,1468447,6251.38506530816,13421.6868340231,11.44,-3.05,0.83
79637,1468447,6254.34155926616,13431.2921264953,10.05,-1.39,1.66
79638,1468447,6256.50082948026,13438.3073351267,7.34,-2.71,-1.32
79639,1468447,6257.53927959686,13441.6811343732,3.53,-3.81,-1.1
79640,1468447,6260.41190572301,13449.7242040289,5.4,1.87,5.68
79641,1468447,6263.26898293964,13456.6045826361,7.45,2.05,0.179999999999999
79642,1468447,6266.78184566506,13465.0642159303,9.17,1.72,-0.33
79643,1468447,6270.99651393497,13475.2139288018,10.98,1.81,0.0900000000000007
79644,1468447,6275.96667779101,13487.1830169561,12.96,1.98,0.17
