"V1","V2","V3","V4","V5","acceleration","jerk"
65642,147658,6647.33597772133,13292.3377955519,13.43,-0.0399999999999991,0
65643,147658,6634.05533400389,13290.7106733038,13.39,-0.0399999999999991,0
65644,147658,6620.62477077494,13289.2477750321,13.51,0.119999999999999,0.159999999999998
65645,147658,6613.65453529478,13303.108675815,13.73,0.220000000000001,0.100000000000001
65646,147658,6612.20737341771,13316.0077502973,12.98,-0.75,-0.970000000000001
65647,147658,6610.70781045572,13329.3738945029,13.45,0.469999999999999,1.22
65648,147658,6609.26399332874,13342.2431560242,12.95,-0.5,-0.969999999999999
65649,147658,6607.77000495025,13355.5596119613,13.41,0.460000000000001,0.960000000000001
65650,147658,6606.31615357298,13368.5183123657,13.04,-0.370000000000001,-0.830000000000002
65651,147658,6604.82216519449,13381.8347683029,13.4,0.360000000000001,0.730000000000002
65652,147658,6603.27577573108,13395.6182939631,13.87,0.469999999999999,0.109999999999998
65653,147658,6601.74611001818,13409.2527548181,13.72,-0.149999999999999,-0.619999999999997
65654,147658,6600.27219014029,13422.3903329889,13.22,-0.5,-0.350000000000001
65655,147658,6598.7715122616,13435.7664148481,13.46,0.24,0.74
65656,147658,6597.30205205052,13448.8642424042,13.18,-0.280000000000001,-0.520000000000001
65657,147658,6595.77127142092,13462.5086409129,13.73,0.550000000000001,0.830000000000002
65658,147658,6594.25498470842,13476.0238499237,13.6,-0.130000000000001,-0.680000000000001
65659,147658,6592.75876649653,13489.3601811682,13.41,-0.19,-0.0599999999999987
