"V1","V2","V3","V4","V5","acceleration","jerk"
62749,1481464,6239.47083429249,13491.5489919828,21.53,0.189999999999998,0
62750,1481464,6229.45650032369,13472.2894293569,21.72,0.189999999999998,0
62751,1481464,6220.23108829518,13452.8471513806,21.51,-0.209999999999997,-0.399999999999995
62752,1481464,6210.75274907817,13432.8718369729,22.11,0.599999999999998,0.809999999999995
62753,1481464,6201.41587761066,13413.1946615862,21.79,-0.32,-0.919999999999998
62754,1481464,6191.97612050714,13393.3006578206,22.01,0.220000000000002,0.540000000000003
62755,1481464,6182.49778129013,13373.3253434129,22.11,0.0999999999999979,-0.120000000000005
62756,1481464,6173.12232770912,13353.5668573841,21.88,-0.23,-0.329999999999998
62757,1481464,6160.97262687778,13321.8132075167,22.18,0.300000000000001,0.530000000000001
62758,1481464,6153.52861918651,13301.4725499685,21.65,-0.530000000000001,-0.830000000000002
62759,1481464,6146.03306019543,13280.9910291409,21.82,0.170000000000002,0.700000000000003
62760,1481464,6138.64060380395,13260.7912348722,21.5,-0.32,-0.490000000000002
62761,1481464,6131.29626195895,13240.7229129975,21.38,-0.120000000000001,0.199999999999999
62762,1481464,6122.48236799341,13220.5910773228,21.98,0.600000000000001,0.720000000000002
62763,1481464,6113.29611189554,13200.6778254813,21.93,-0.0500000000000007,-0.650000000000002
62764,1481464,6105.24504749968,13183.2253539631,19.22,-2.71,-2.66
62765,1481464,6098.9114318043,13169.4958342255,15.12,-4.1,-1.39
62766,1481464,6094.01460855832,13158.8808814655,11.69,-3.43,0.67
62767,1481464,6090.604844553,13151.4894601253,8.14,-3.55,-0.119999999999999
62768,1481464,6088.40567243655,13146.722265772,5.25,-2.89,0.659999999999998
62769,1481464,6083.58506109303,13136.9659859034,7.46,2.21,5.1
62770,1481464,6079.09241749118,13128.4821098159,9.6,2.14,-0.0700000000000003
62771,1481464,6073.80888142192,13118.5047180423,11.29,1.69,-0.45
62772,1481464,6067.76253190776,13107.086834808,12.91,1.62,-0.0699999999999985
62773,1481464,6061.46683388359,13093.8704260562,14.64,1.73,0.109999999999999
62774,1481464,6054.53691706619,13079.2385310011,16.19,1.55,-0.18
62775,1481464,6046.99918790285,13063.3232949343,17.6,1.41,-0.140000000000001
62776,1481464,6038.79800160133,13046.0072288901,19.16,1.56,0.149999999999999
62777,1481464,6029.80066673402,13027.0101668729,21.02,1.86,0.300000000000001
62778,1481464,6020.32393057976,13007.0008922268,22.14,1.12,-0.739999999999998
62779,1481464,5999.82625140348,12984.4879908467,22.21,0.0700000000000003,-1.05
62780,1481464,5981.17480743819,12974.5857327809,21.36,-0.850000000000001,-0.920000000000002
62781,1481464,5960.13909573149,12973.4820942068,21.64,0.280000000000001,1.13
62782,1481464,5940.58948870372,12981.505881044,21.38,-0.260000000000002,-0.540000000000003
62783,1481464,5924.9664918006,12996.2184187295,22.04,0.66,0.920000000000002
62784,1481464,5912.81531807428,13014.7474527939,22.21,0.170000000000002,-0.489999999999998
62785,1481464,5903.99,13034.8646145411,22.12,-0.0899999999999999,-0.260000000000002
62786,1481464,5905.47599201902,13056.4992573107,22,-0.120000000000001,-0.0300000000000011
62787,1481464,5916.57614140574,13075.2380813501,22.13,0.129999999999999,0.25
62788,1481464,5936.69023474323,13083.1575367201,21.87,-0.259999999999998,-0.389999999999997
62789,1481464,5958.06990732403,13083.366590698,21.46,-0.41,-0.150000000000002
62790,1481464,5975.40276801494,13080.3699191662,17.59,-3.87,-3.46
62791,1481464,5988.71443177149,13077.2063245591,13.69,-3.9,-0.0299999999999994
62792,1481464,5998.50727731805,13074.6939002117,10.11,-3.58,0.32
62793,1481464,6004.71619323828,13073.1009585632,6.41,-3.7,-0.119999999999999
62794,1481464,6008.51322138294,13072.1268039201,3.92,-2.49,1.21
62795,1481464,6017.01124466765,13069.1979037177,5.74,1.82,4.31
62796,1481464,6023.83714488496,13066.1145311772,7.49,1.75,-0.0700000000000003
62797,1481464,6032.37635517017,13062.2572280125,9.37,1.88,0.129999999999999
62798,1481464,6042.2734548177,13057.7865436614,10.86,1.49,-0.389999999999999
62799,1481464,6054.1299250216,13052.4307790751,13.01,2.15,0.66
62800,1481464,6067.8090655105,13046.2516840374,15.02,2.01,-0.140000000000001
62801,1481464,6083.04658909308,13039.3686414638,16.72,1.7,-0.31
62802,1481464,6099.3959415495,13031.9833673148,17.94,1.22,-0.479999999999997
62803,1481464,6117.44949072239,13023.8282791937,19.81,1.87,0.649999999999995
62804,1481464,6136.50550855203,13015.2203593244,20.91,1.1,-0.769999999999996
62805,1481464,6156.50931492987,13006.1843076204,21.95,1.04,-0.0600000000000023
62806,1481464,6178.0077109414,12996.4731249462,23.6,1.65,0.610000000000003
62807,1481464,6200.74552274674,12986.2020775651,24.95,1.35,-0.300000000000004
62808,1481464,6224.79565715727,12975.338232259,26.38,1.43,0.0800000000000018
62809,1481464,6250.13988747015,12963.8898223324,27.81,1.43,0
62810,1481464,6276.58075610415,12951.8861520621,29.04,1.23,-0.199999999999999
62811,1481464,6303.13855848536,12937.4453753281,30.24,1.2,-0.0300000000000011
62812,1481464,6328.48399674861,12923.6638202909,28.85,-1.39,-2.59
62813,1481464,6353.11950174796,12914.0258559553,26.49,-2.36,-0.970000000000006
62814,1481464,6377.70172086976,12900.6619155541,27.98,1.49,3.85
62815,1481464,6404.03092562028,12886.3867015249,28.84,0.859999999999999,-0.630000000000003
62816,1481464,6430.18108146301,12872.0132903292,29.85,1.01,0.150000000000002
62817,1481464,6457.27769066733,12857.1196618382,30.91,1.06,0.0499999999999972
62818,1481464,6485.62747423008,12841.5372271136,32.35,1.44,0.380000000000003
62819,1481464,6514.72215164223,12825.5453621103,33.21,0.859999999999999,-0.580000000000002
62820,1481464,6543.38728960196,12809.6074305236,32.79,-0.420000000000002,-1.28
62821,1481464,6571.76329267086,12792.8788307665,32.94,0.149999999999999,0.57
62822,1481464,6600.4149581861,12775.9877188077,33.27,0.330000000000005,0.180000000000007
62823,1481464,6628.57559996881,12759.3860817082,32.68,-0.590000000000003,-0.920000000000009
62824,1481464,6657.01190419785,12742.6219324069,33.02,0.340000000000003,0.930000000000007
