"V1","V2","V3","V4","V5","acceleration","jerk"
23489,1482485,6640.07034056227,12781.7479113981,33.27,-0.0800000000000054,0
23490,1482485,6611.58036357129,12798.7937675236,33.19,-0.0800000000000054,0
23491,1482485,6583.01315471497,12815.8858322953,33.29,0.100000000000001,0.180000000000007
23492,1482485,6550.12603252573,12831.806440919,32.93,-0.359999999999999,-0.460000000000001
23493,1482485,6522.20027719128,12848.7617082127,32.67,-0.259999999999998,0.100000000000001
23494,1482485,6493.79584346725,12866.0076075751,33.23,0.559999999999995,0.819999999999993
23495,1482485,6467.40014941375,12882.0338902206,30.88,-2.35,-2.90999999999999
23496,1482485,6445.06467384321,12895.5949901405,26.13,-4.75,-2.4
23497,1482485,6425.84060780489,12907.2669816139,22.49,-3.64,1.11
23498,1482485,6404.97598573385,12920.5969154976,21.62,-0.869999999999997,2.77
23499,1482485,6387.38075541624,12932.8476897617,21.43,-0.190000000000001,0.679999999999996
23500,1482485,6369.41622222349,12945.3555931498,21.89,0.460000000000001,0.650000000000002
23501,1482485,6351.57478998911,12957.7777868299,21.74,-0.150000000000002,-0.610000000000003
23502,1482485,6335.36496570003,12972.3804318729,21.95,0.210000000000001,0.360000000000003
23503,1482485,6320.80197767661,12988.0746180522,21.4,-0.550000000000001,-0.760000000000002
23504,1482485,6305.96691140895,13004.0620164907,21.81,0.41,0.960000000000001
23505,1482485,6292.60617419814,13021.2576426591,21.87,0.0600000000000023,-0.349999999999998
23506,1482485,6281.08466193299,13039.5400619499,21.61,-0.260000000000002,-0.320000000000004
23507,1482485,6269.47784462561,13057.9578439008,21.77,0.16,0.420000000000002
23508,1482485,6257.83370636226,13076.4348470156,21.84,0.0700000000000003,-0.0899999999999999
23509,1482485,6250.5494016891,13096.8288556582,21.69,-0.149999999999999,-0.219999999999999
23510,1482485,6243.33317564314,13117.6963538708,22.07,0.379999999999999,0.529999999999998
23511,1482485,6236.14636356204,13138.4787943462,21.99,-0.0800000000000018,-0.460000000000001
23512,1482485,6229.06413446711,13158.9588073112,21.67,-0.319999999999997,-0.239999999999995
23513,1482485,6222.0766837034,13179.164745345,21.38,-0.290000000000003,0.029999999999994
23514,1482485,6218.83715051758,13200.5436102688,21.63,0.25,0.540000000000003
23515,1482485,6215.66288430993,13222.0101897365,21.7,0.0700000000000003,-0.18
23516,1482485,6214.34889702404,13243.7484928353,21.86,0.16,0.0899999999999999
23517,1482485,6214.92391818751,13265.4408728491,21.7,-0.16,-0.32
23518,1482485,6215.50794889916,13287.4731334714,22.04,0.34,0.5
23519,1482485,6216.82791652741,13309.4148234054,22.07,0.0300000000000011,-0.309999999999999
23520,1482485,6223.30866895475,13330.4700068046,22.04,-0.0300000000000011,-0.0600000000000023
23521,1482485,6229.68057533588,13351.1715625208,21.65,-0.390000000000001,-0.359999999999999
23522,1482485,6236.15544419315,13372.2076309101,22.01,0.360000000000003,0.750000000000004
23523,1482485,6242.58324448991,13393.0907792203,21.86,-0.150000000000002,-0.510000000000005
23524,1482485,6247.82256363339,13410.1126955317,17.8,-4.06,-3.91
23525,1482485,6251.83810020322,13423.158689785,13.65,-4.15,-0.0900000000000016
23526,1482485,6254.76223452586,13432.6588497028,9.94,-3.71,0.44
23527,1482485,6256.79500798355,13439.2630856215,6.9,-3.04,0.670000000000002
23528,1482485,6257.80109846478,13442.5317523135,3.43,-3.47,-0.430000000000001
23529,1482485,6258.17176337892,13443.7359979369,1.26,-2.17,1.3
23530,1482485,6258.38357190128,13444.4241382931,0.72,-0.54,1.63
23531,1482485,6260.5538008331,13450.0659141074,2.9,2.18,2.72
23532,1482485,6262.52499236243,13454.812913576,5.14,2.24,0.0600000000000001
23533,1482485,6264.97939426665,13460.7235743929,6.4,1.26,-0.979999999999999
23534,1482485,6268.29667184032,13468.7122019032,8.65,2.25,0.989999999999999
23535,1482485,6272.08181977699,13477.8275491318,9.86,1.21,-1.04
23536,1482485,6276.51124821351,13488.4944448248,11.56,1.7,0.490000000000002
