"V1","V2","V3","V4","V5","acceleration","jerk"
67743,1488863,6642.90217562463,12780.0535943735,32.94,0.18,0
67744,1488863,6614.48084918061,12797.058376147,33.12,0.18,0
67745,1488863,6586.29979965097,12813.919397688,32.84,-0.279999999999994,-0.459999999999994
67746,1488863,6553.22889422956,12829.9225223308,33.12,0.279999999999994,0.559999999999988
67747,1488863,6524.78172136361,12847.194370985,33.28,0.160000000000004,-0.11999999999999
67748,1488863,6497.5226966432,12863.7448293259,31.9,-1.38,-1.54000000000001
67749,1488863,6473.52894236594,12878.3127617695,28.07,-3.83,-2.45
67750,1488863,6452.1764670597,12891.2770279769,24.98,-3.09,0.739999999999998
67751,1488863,6431.98649641385,12903.5354734461,23.62,-1.36,1.73
67752,1488863,6410.63862981928,12916.6542689293,21.91,-1.71,-0.350000000000001
67753,1488863,6393.05160623222,12928.8993292129,21.43,-0.48,1.23
67754,1488863,6374.98038554221,12941.481514348,22.02,0.59,1.07
67755,1488863,6357.28667445789,12953.8008563785,21.57,-0.449999999999999,-1.04
67756,1488863,6339.92227629119,12967.4691265295,22.19,0.620000000000001,1.07
67757,1488863,6325.35928826778,12983.1633127088,21.42,-0.77,-1.39
67758,1488863,6310.80990415658,12998.8428382751,21.38,-0.0400000000000027,0.729999999999997
67759,1488863,6296.32760666509,13015.3524466087,22.01,0.630000000000003,0.670000000000005
67760,1488863,6284.59283179438,13033.9732725499,22.02,0.00999999999999801,-0.620000000000005
67761,1488863,6272.85272535853,13052.6025586574,22.02,0,-0.00999999999999801
67762,1488863,6261.26723431171,13070.9864999433,21.73,-0.289999999999999,-0.289999999999999
67763,1488863,6252.57242882789,13090.9787735053,21.93,0.199999999999999,0.489999999999998
67764,1488863,6245.39542140174,13111.7328614016,21.96,0.0300000000000011,-0.169999999999998
67765,1488863,6238.39489776477,13131.9766028741,21.42,-0.539999999999999,-0.57
67766,1488863,6231.16233062721,13152.8913553852,22.13,0.709999999999997,1.25
67767,1488863,6224.13566124369,13173.2107037354,21.49,-0.640000000000001,-1.35
67768,1488863,6219.78065360695,13194.1629910261,21.48,-0.00999999999999801,0.630000000000003
67769,1488863,6216.57420589858,13215.8472040184,21.92,0.440000000000001,0.449999999999999
67770,1488863,6214.188315077,13237.690620813,22.03,0.109999999999999,-0.330000000000002
67771,1488863,6214.75591661256,13259.1030991492,21.41,-0.620000000000001,-0.73
67772,1488863,6215.32378313482,13280.5255739739,21.43,0.0199999999999996,0.640000000000001
67773,1488863,6215.90728387305,13302.5378416192,22.03,0.600000000000001,0.580000000000002
67774,1488863,6221.19352551614,13323.5981607474,21.84,-0.190000000000001,-0.790000000000003
67775,1488863,6227.53307226191,13344.1945839092,21.55,-0.289999999999999,-0.0999999999999979
67776,1488863,6234.02853361441,13365.2975548331,22.08,0.529999999999998,0.819999999999997
67777,1488863,6239.72677122302,13383.8104419164,19.37,-2.71,-3.23999999999999
67778,1488863,6244.43656906059,13399.1120073372,16.01,-3.36,-0.650000000000002
67779,1488863,6248.49034883584,13412.2822491548,13.78,-2.23,1.13
67780,1488863,6251.29975354221,13421.4096663796,9.55,-4.23,-2
67781,1488863,6253.4854998216,13428.5108925556,7.43,-2.12,2.11
67782,1488863,6255.35647510249,13434.5894657022,6.36,-1.07,1.05
67783,1488863,6257.0862447018,13440.2092786113,5.88,-0.48,0.589999999999999
67784,1488863,6257.72167026889,13442.2736996799,2.16,-3.72,-3.24
67785,1488863,6258.21589015441,13443.8793605111,1.67,-0.49,3.23
67786,1488863,6258.39533904141,13444.4623683129,0.62,-1.05,-0.56
67787,1488863,6258.41,13444.51,0.04,-0.58,0.47
67788,1488863,6258.41,13444.51,0.01,-0.03,0.55
67789,1488863,6260.40807072003,13449.7149686214,2.42,2.41,2.44
67790,1488863,6262.08780202323,13453.760077118,4.38,1.96,-0.45
67791,1488863,6264.68026403457,13460.0032126058,6.76,2.38,0.42
67792,1488863,6267.98987160229,13467.9733693011,8.63,1.87,-0.509999999999999
67793,1488863,6271.76734953301,13477.0702457147,9.86,1.23,-0.640000000000002
67794,1488863,6276.28114803499,13487.9403203733,11.77,1.91,0.680000000000001
