"V1","V2","V3","V4","V5","acceleration","jerk"
63322,1493879,6637.39296923059,12783.3498111303,32.88,0.409999999999997,0
63323,1493879,6608.82576037427,12800.441875902,33.29,0.409999999999997,0
63324,1493879,6580.54173502418,12817.3645089712,32.96,-0.329999999999998,-0.739999999999995
63325,1493879,6547.72409274949,12833.2647911209,32.85,-0.109999999999999,0.219999999999999
63326,1493879,6519.49061559317,12850.4068933159,33.03,0.18,0.289999999999999
63327,1493879,6491.3426167207,12867.4970969272,32.93,-0.100000000000001,-0.280000000000001
63328,1493879,6465.75896636379,12883.0303430276,29.93,-3,-2.9
63329,1493879,6443.75685610028,12896.3890384711,25.75,-4.18,-1.18
63330,1493879,6424.98582496637,12907.7859674508,21.95,-3.8,0.379999999999999
63331,1493879,6404.27020690581,12921.0883178234,21.48,-0.469999999999999,3.33
63332,1493879,6386.72421697155,12933.3048082044,21.38,-0.100000000000001,0.369999999999997
63333,1493879,6369.12898665394,12945.5555824685,21.45,0.0700000000000003,0.170000000000002
63334,1493879,6351.00031885001,12958.1777654673,22.09,0.640000000000001,0.57
63335,1493879,6334.81400725542,12972.974186698,22.05,-0.0399999999999991,-0.68
63336,1493879,6320.27142510033,12988.6463819578,21.38,-0.670000000000002,-0.630000000000003
63337,1493879,6305.57239795479,13004.4871742667,21.6,0.220000000000002,0.890000000000004
63338,1493879,6292.57418480731,13021.3084036567,21.35,-0.25,-0.470000000000002
63339,1493879,6280.86606776229,13039.8869287666,21.96,0.609999999999999,0.859999999999999
63340,1493879,6269.28057671547,13058.2708700525,21.74,-0.220000000000002,-0.830000000000002
63341,1493879,6257.47649149796,13077.0016781552,22.13,0.390000000000001,0.610000000000003
63342,1493879,6250.37945433657,13097.3203003625,21.53,-0.599999999999998,-0.989999999999998
63343,1493879,6243.13708254406,13118.2634054527,22.16,0.629999999999999,1.23
63344,1493879,6236.084267414,13138.6583606804,21.59,-0.57,-1.2
63345,1493879,6229.10662130524,13158.8359461351,21.34,-0.25,0.32
63346,1493879,6222.01131933704,13179.3537625389,21.72,0.379999999999999,0.629999999999999
63347,1493879,6218.80496901686,13200.7612437934,21.64,-0.0799999999999983,-0.459999999999997
63348,1493879,6215.68190065127,13221.8815881084,21.36,-0.280000000000001,-0.200000000000003
63349,1493879,6214.33458774163,13243.2086824571,21.45,0.0899999999999999,0.370000000000001
63350,1493879,6214.92338821408,13265.4208798721,22.21,0.760000000000002,0.670000000000002
63351,1493879,6215.50211919151,13287.2532107247,21.84,-0.370000000000001,-1.13
63352,1493879,6216.68965263086,13308.9656206729,21.83,-0.0100000000000016,0.359999999999999
63353,1493879,6222.20844135247,13326.8954999543,18.76,-3.07,-3.06
63354,1493879,6226.57110855617,13341.0692797914,14.83,-3.93,-0.860000000000005
63355,1493879,6229.9247434936,13351.9648354314,11.4,-3.43,0.500000000000002
63356,1493879,6232.51939789257,13360.3945547951,8.82,-2.58,0.85
63357,1493879,6234.43155816391,13366.6069330109,6.5,-2.32,0.26
63358,1493879,6235.61121396208,13370.4394924949,4,-2.5,-0.18
63359,1493879,6236.78204440515,13374.243379464,3.99,-0.00999999999999979,2.49
63360,1493879,6237.39981926204,13376.2504555029,2.09,-1.9,-1.89
63361,1493879,6238.51181400446,13379.8631923731,3.79,1.7,3.6
63362,1493879,6239.35022273882,13382.5870812831,2.84,-0.95,-2.65
63363,1493879,6240.621073873,13386.7159234204,4.32,1.48,2.43
63364,1493879,6241.6242225692,13389.9750326075,3.42,-0.9,-2.38
63365,1493879,6243.0127451047,13394.4861749427,4.71,1.29,2.19
63366,1493879,6244.26594552869,13398.5576720503,4.27,-0.44,-1.73
63367,1493879,6245.48972810235,13402.5335941084,4.16,-0.109999999999999,0.330000000000001
63368,1493879,6246.66938390052,13406.3661535923,4.01,-0.15,-0.0400000000000009
63369,1493879,6247.69018330691,13409.6826078091,3.46,-0.55,-0.399999999999999
63370,1493879,6248.46681455558,13412.2057891152,2.65,-0.81,-0.26
63371,1493879,6249.25815472942,13414.7767579461,2.69,0.04,0.85
63372,1493879,6249.83180281082,13416.6404714109,1.95,-0.74,-0.78
63373,1493879,6250.69962939551,13419.4599353704,2.95,1,1.74
63374,1493879,6251.17619857083,13421.0082511718,1.62,-1.33,-2.33
63375,1493879,6251.48508599927,13422.0117891913,1.05,-0.57,0.76
63376,1493879,6251.65276774615,13422.5565669733,0.57,-0.48,0.09
63377,1493879,6251.7557302223,13422.8910796465,0.35,-0.22,0.26
63378,1493879,6251.77926450256,13422.9675396861,0.08,-0.27,-0.05
63379,1493879,6251.90281947394,13423.3689548939,0.42,0.34,0.61
63380,1493879,6252.23229939762,13424.439395448,1.12,0.7,0.36
63381,1493879,6252.74416999333,13426.1024013088,1.73,0.61,-0.0900000000000003
63382,1493879,6253.26192415911,13427.7845221796,1.76,0.03,-0.58
63383,1493879,6253.75614404463,13429.3901830108,1.68,-0.0800000000000001,-0.11
63384,1493879,6253.85028116568,13429.6960231691,0.32,-1.36,-1.28
63385,1493879,6253.97089435202,13430.0878808719,0.41,0.09,1.45
63386,1493879,6253.98560327719,13430.1356683967,0.06,-0.35,-0.44
63387,1493879,6254.13269252883,13430.613543644,0.49,0.43,0.78
63388,1493879,6254.61808705925,13432.1905319604,1.65,1.16,0.73
63389,1493879,6255.31823189706,13434.4652181379,2.38,0.73,-0.43
63390,1493879,6255.71243109146,13435.7459238008,1.35,-1.03,-1.76
63391,1493879,6255.93012318389,13436.4531791669,0.73,-0.62,0.41
63392,1493879,6256.11839742599,13437.0648594836,0.65,-0.08,0.54
63393,1493879,6256.17429134162,13437.2464520776,0.19,-0.46,-0.38
63394,1493879,6256.54789804079,13438.4602552059,1.27,1.08,1.54
63395,1493879,6257.22156681331,13440.6489238389,2.29,1.02,-0.0600000000000001
63396,1493879,6257.90994451099,13442.8853799966,2.34,0.0499999999999998,-0.97
63397,1493879,6258.22177372447,13443.898475521,1.06,-1.28,-1.33
63398,1493879,6258.38063011625,13444.4145807881,0.54,-0.52,0.76
63399,1493879,6258.40122261148,13444.4814833228,0.07,-0.47,0.05
63400,1493879,6258.41,13444.51,0.04,-0.03,0.44
63401,1493879,6258.41,13444.51,0,-0.04,-0.01
63402,1493879,6258.41,13444.51,0,0,0.04
63403,1493879,6258.41,13444.51,0,0,0
63404,1493879,6258.41,13444.51,0,0,0
63405,1493879,6258.41,13444.51,0,0,0
63406,1493879,6260.41190572301,13449.7242040289,2.43,2.43,2.43
63407,1493879,6261.86153684769,13453.2151880739,3.79,1.36,-1.07
63408,1493879,6264.13952861505,13458.7010201446,5.93,2.14,0.78
63409,1493879,6267.10015091201,13465.830754755,7.73,1.8,-0.339999999999999
63410,1493879,6270.75490874752,13474.6320981277,9.52,1.79,-0.0100000000000016
63411,1493879,6275.06545209181,13485.0126961874,11.24,1.72,-0.0699999999999985
63412,1493879,6280.20435607877,13497.3881422728,13.4,2.16,0.44
