"V1","V2","V3","V4","V5","acceleration","jerk"
24783,150369,6235.10399197692,13483.7595383311,22.12,-0.670000000000002,0
24784,150369,6225.74404362448,13464.4655386843,21.45,-0.670000000000002,0
24785,150369,6216.24855680147,13444.4540862134,22.15,0.699999999999999,1.37
24786,150369,6207.08316139397,13425.1382914582,21.37,-0.779999999999998,-1.48
24787,150369,6197.62625668445,13405.2081496294,22.07,0.699999999999999,1.48
24788,150369,6188.18649958094,13385.3141458638,22.01,-0.0599999999999987,-0.759999999999998
24789,150369,6178.93965304493,13365.8266953087,21.58,-0.430000000000003,-0.370000000000005
24790,150369,6165.80126529249,13335.0074013557,21.7,0.120000000000001,0.550000000000004
24791,150369,6158.43973968089,13314.8921250545,21.42,-0.279999999999998,-0.399999999999999
24792,150369,6150.91668666325,13294.3354771446,21.9,0.479999999999997,0.759999999999994
24793,150369,6143.54485079169,13274.1920281876,21.44,-0.459999999999997,-0.939999999999994
24794,150369,6136.04585504729,13253.7011164747,21.82,0.379999999999999,0.839999999999996
24795,150369,6128.25886008597,13233.1129078242,22.03,0.210000000000001,-0.169999999999998
24796,150369,6119.75539456901,13214.6797563247,20.3,-1.73,-1.94
24797,150369,6112.38712075407,13198.7073851486,17.59,-2.71,-0.98
24798,150369,6106.36348360462,13185.6498128056,14.38,-3.21,-0.499999999999998
24799,150369,6101.8981169834,13175.9701381758,10.66,-3.72,-0.510000000000002
24800,150369,6098.04851855479,13167.625277965,9.19,-1.47,2.25
24801,150369,6095.13723356253,13161.3144206782,6.96,-2.23,-0.759999999999999
24802,150369,6092.78307217311,13156.2112526277,5.62,-1.34,0.89
24803,150369,6090.18595462606,13150.5814231057,6.19,0.57,1.91
24804,150369,6088.53971721317,13147.0128376183,3.93,-2.26,-2.83
24805,150369,6084.49762932465,13138.6892732336,5.83,1.9,4.16
24806,150369,6081.18430466829,13132.4324146191,7.08,1.25,-0.65
24807,150369,6077.23452216833,13124.9736735589,8.44,1.36,0.109999999999999
24808,150369,6072.30197388046,13115.6590846046,10.55,2.11,0.750000000000002
24809,150369,6066.47486518462,13104.444432983,12.63,2.08,-0.0300000000000011
24810,150369,6060.58079757649,13091.9996402153,13.78,1.15,-0.930000000000001
24811,150369,6054.00615135565,13078.1178670191,15.36,1.58,0.430000000000001
24812,150369,6046.93498237335,13063.187730743,16.52,1.16,-0.42
24813,150369,6039.11902924884,13046.6850498469,18.26,1.74,0.580000000000002
24814,150369,6030.61393677435,13028.7273132969,19.87,1.61,-0.130000000000003
24815,150369,6021.40258347537,13009.2783706418,21.52,1.65,0.0399999999999991
24816,150369,6008.51621973438,12981.5153931428,21.34,-0.18,-1.83
24817,150369,5999.56074627785,12961.7824664676,21.67,0.330000000000002,0.510000000000002
24818,150369,5990.52675228803,12941.8765238225,21.86,0.189999999999998,-0.140000000000004
24819,150369,5981.62500340692,12922.2619764951,21.54,-0.32,-0.509999999999998
24820,150369,5972.65713197146,12902.5017315088,21.7,0.16,0.48
24821,150369,5963.70992383423,12882.787017041,21.64,-0.0599999999999987,-0.219999999999999
24822,150369,5955.53965571077,12864.784250065,19.77,-1.87,-1.81
24823,150369,5949.01831878673,12850.4148184575,15.78,-3.99,-2.12
24824,150369,5944.13764774282,12839.6605100111,11.81,-3.97,0.0200000000000014
24825,150369,5940.85631598256,12832.4302636889,7.94,-3.87,0.0999999999999988
24826,150369,5938.53789392021,12827.3217395242,5.61,-2.33,1.54
24827,150369,5934.72021805301,12817.6007846353,7.48,1.87,4.2
24828,150369,5931.86090336246,12808.583250632,9.46,1.98,0.11
24829,150369,5928.57541174658,12798.2216655775,10.87,1.41,-0.570000000000002
24830,150369,5924.64007588285,12785.8106409768,13.02,2.15,0.740000000000002
24831,150369,5920.19695474638,12771.798193847,14.7,1.68,-0.470000000000001
24832,150369,5915.22186808608,12756.1080659723,16.47,1.77,0.0899999999999999
24833,150369,5909.84478475154,12739.1501452621,17.78,1.31,-0.459999999999997
24834,150369,5903.96596120702,12720.6098665767,19.45,1.67,0.359999999999996
24835,150369,5897.54308201314,12700.3537780387,21.26,1.81,0.140000000000004
24836,150369,5890.96605371861,12679.6115433757,21.76,0.5,-1.31
24837,150369,5884.74065572355,12659.0303948637,21.52,-0.240000000000002,-0.740000000000002
24838,150369,5881.13995462221,12637.9050581426,21.43,-0.0899999999999999,0.150000000000002
24839,150369,5877.44684168672,12616.2375405911,21.98,0.550000000000001,0.640000000000001
24840,150369,5873.83605929438,12595.0530568703,21.48,-0.5,-1.05
24841,150369,5870.15470786506,12573.4545441518,21.92,0.440000000000001,0.940000000000001
24842,150369,5866.53384418172,12552.2109134313,21.55,-0.370000000000001,-0.810000000000002
24843,150369,5862.79614868439,12527.131971598,22.11,0.559999999999999,0.93
24844,150369,5861.13776442688,12505.4252292893,21.76,-0.349999999999998,-0.909999999999997
