"V1","V2","V3","V4","V5","acceleration","jerk"
70358,1518115,6647.61331941019,12777.23486696,33.03,-0.240000000000002,0
70359,1518115,6619.46659515403,12794.075351325,32.79,-0.240000000000002,0
70360,1518115,6590.89938629771,12811.1674160967,33.29,0.5,0.740000000000002
70361,1518115,6558.10970423751,12826.9591132017,32.77,-0.519999999999996,-1.02
70362,1518115,6530.14975758951,12843.9351399289,32.71,-0.0600000000000023,0.459999999999994
70363,1518115,6502.14707179959,12860.9371159479,32.76,0.0499999999999972,0.109999999999999
70364,1518115,6476.99936069033,12876.2056792715,29.42,-3.34,-3.38999999999999
70365,1518115,6455.15111133775,12889.4709572643,25.56,-3.86,-0.520000000000007
70366,1518115,6434.73889715389,12901.8643390511,23.88,-1.68,2.18
70367,1518115,6416.31832698378,12913.0484838377,21.54,-2.34,-0.66
70368,1518115,6395.9896157722,12926.8537241819,21.44,-0.0999999999999979,2.24
70369,1518115,6378.38617872402,12939.1102124265,21.45,0.00999999999999801,0.109999999999996
70370,1518115,6360.2575109201,12951.7323954253,22.09,0.640000000000001,0.630000000000003
70371,1518115,6342.90833502182,12964.2511219837,21.43,-0.66,-1.3
70372,1518115,6328.23651570071,12980.0625930667,21.57,0.140000000000001,0.800000000000001
70373,1518115,6313.30622204756,12996.152615796,21.95,0.379999999999999,0.239999999999998
70374,1518115,6298.35552252609,13012.2646294448,21.97,0.0199999999999996,-0.359999999999999
70375,1518115,6286.89606793438,13030.318480725,21.4,-0.57,-0.59
70376,1518115,6275.2199402802,13048.8462448374,21.89,0.490000000000002,1.06
70377,1518115,6263.81572244811,13066.9425404704,21.4,-0.490000000000002,-0.980000000000004
70378,1518115,6254.29804809975,13085.9887195849,21.43,0.0300000000000011,0.520000000000003
70379,1518115,6247.24523296969,13106.3836748126,21.58,0.149999999999999,0.119999999999997
70380,1518115,6240.10417594504,13127.0338032522,21.84,0.260000000000002,0.110000000000003
70381,1518115,6232.99580110357,13147.5894230948,21.76,-0.0799999999999983,-0.34
70382,1518115,6225.91030379032,13168.0788869195,21.68,-0.0800000000000018,-3.5527136788005e-15
70383,1518115,6220.52667930552,13189.1178502295,21.81,0.129999999999999,0.210000000000001
70384,1518115,6217.34802471141,13210.614106996,21.73,-0.0799999999999983,-0.209999999999997
70385,1518115,6214.2161795729,13231.7938059086,21.41,-0.32,-0.240000000000002
70386,1518115,6214.60381424028,13253.3651147585,21.6,0.190000000000001,0.510000000000002
70387,1518115,6215.18440012469,13275.2674210304,21.9,0.299999999999997,0.109999999999996
70388,1518115,6215.76896080977,13297.3196746297,22.07,0.170000000000002,-0.129999999999995
70389,1518115,6219.71674942965,13318.8002932638,22.03,-0.0399999999999991,-0.210000000000001
70390,1518115,6226.1798511468,13339.7981316333,21.98,-0.0500000000000007,-0.0100000000000016
70391,1518115,6232.61353501362,13360.7003949534,21.87,-0.109999999999999,-0.0599999999999987
70392,1518115,6238.69126289146,13380.4462001749,20.66,-1.21,-1.1
70393,1518115,6243.72171529761,13396.789533635,17.1,-3.56,-2.35
70394,1518115,6247.64899831645,13409.5488027398,13.35,-3.75,-0.190000000000003
70395,1518115,6250.79082473152,13419.7562180237,10.69,-2.66,1.09
70396,1518115,6253.22368095368,13427.6602746153,8.26,-2.43,0.23
70397,1518115,6255.1152487298,13433.8057502965,6.44,-1.82,0.61
70398,1518115,6256.86855260937,13439.5020232452,5.96,-0.48,1.34
70399,1518115,6257.72167026889,13442.2736996799,2.9,-3.06,-2.58
70400,1518115,6260.32370065458,13449.5117896558,4.55,1.65,4.71
70401,1518115,6262.76659754987,13455.3947442501,6.37,1.82,0.17
70402,1518115,6265.80008490337,13462.6999516035,7.91,1.54,-0.28
70403,1518115,6269.31294762879,13471.1595848977,9.17,1.26,-0.28
70404,1518115,6273.60048095523,13481.4847705123,11.17,2,0.74
70405,1518115,6278.34054463275,13492.8997342149,12.37,1.2,-0.800000000000001
