"V1","V2","V3","V4","V5","acceleration","jerk"
48287,1534552,6639.45248563958,12782.1175805671,33.17,-0.32,0
48288,1534552,6611.2542734732,12798.9888706961,32.85,-0.32,0
48289,1534552,6582.89301625778,12815.9577124115,33.06,0.210000000000001,0.530000000000001
48290,1534552,6549.85250201741,12831.9725163868,33.09,0.0300000000000011,-0.18
48291,1534552,6521.7814336004,12849.0160112728,32.84,-0.25,-0.280000000000001
48292,1534552,6493.81293912402,12865.9972278583,32.72,-0.120000000000005,0.129999999999995
48293,1534552,6467.56255815306,12881.9352829116,30.71,-2.01,-1.88999999999999
48294,1534552,6444.75695202135,12895.7818250418,26.67,-4.04,-2.03
48295,1534552,6425.96027740229,12907.1943235967,22,-4.67,-0.630000000000003
48296,1534552,6405.31246168675,12920.3626422957,21.35,-0.649999999999999,4.02
48297,1534552,6387.12634676892,12933.0248231582,22.16,0.809999999999999,1.46
48298,1534552,6369.00588569556,12945.6412921765,22.07,-0.0899999999999999,-0.899999999999999
48299,1534552,6351.02493904169,12958.1606235257,21.91,-0.16,-0.0700000000000003
48300,1534552,6335.03166985082,12972.7396168905,21.77,-0.140000000000001,0.0199999999999996
48301,1534552,6320.08097032935,12988.8516305393,21.98,0.210000000000001,0.350000000000001
48302,1534552,6305.30031971054,13004.780386526,21.74,-0.240000000000002,-0.450000000000003
48303,1534552,6292.216969943,13021.8752347962,21.62,-0.119999999999997,0.120000000000005
48304,1534552,6280.46620037688,13040.5214412362,22.04,0.419999999999998,0.539999999999996
48305,1534552,6268.70476768047,13059.1845680087,22.06,0.0199999999999996,-0.399999999999999
48306,1534552,6257.22963993092,13077.511298436,21.62,-0.439999999999998,-0.459999999999997
48307,1534552,6250.10819221618,13098.1047217174,21.79,0.169999999999998,0.609999999999996
48308,1534552,6243.04230421284,13118.5374803839,21.62,-0.169999999999998,-0.339999999999996
48309,1534552,6236.04504879418,13138.7717709968,21.41,-0.210000000000001,-0.0400000000000027
48310,1534552,6228.78633591009,13159.7621303855,22.21,0.800000000000001,1.01
48311,1534552,6221.85636040356,13180.1256286922,21.53,-0.68,-1.48
48312,1534552,6218.63821033129,13201.8889811479,22,0.469999999999999,1.15
48313,1534552,6215.51075357924,13223.0390027617,21.38,-0.620000000000001,-1.09
48314,1534552,6214.36453124,13244.338285656,21.41,0.0300000000000011,0.650000000000002
48315,1534552,6214.94538211112,13266.2505884164,21.92,0.510000000000002,0.48
48316,1534552,6215.53073775633,13288.3328314811,22.09,0.169999999999998,-0.340000000000003
48317,1534552,6216.89263579813,13309.6250885142,21.43,-0.66,-0.829999999999998
48318,1534552,6223.39103893567,13330.7376169432,22.09,0.66,1.32
48319,1534552,6229.70410961614,13351.2480225604,21.46,-0.629999999999999,-1.29
48320,1534552,6236.22016346388,13372.417896019,22.15,0.689999999999998,1.32
48321,1534552,6242.4302716682,13392.5937889631,21.11,-1.04,-1.73
48322,1534552,6247.63134760626,13409.4914577102,17.69,-3.42,-2.38
48323,1534552,6251.58216490536,13422.3271868546,13.43,-4.26,-0.840000000000003
48324,1534552,6254.65338847964,13432.3052220197,10.44,-2.99,1.27
48325,1534552,6256.71852157269,13439.0145904928,7.02,-3.42,-0.43
48326,1534552,6257.81874917497,13442.5890973432,3.74,-3.28,0.140000000000001
48327,1534552,6260.80691102947,13450.6754510041,5.47,1.73,5.01
48328,1534552,6263.41087804973,13456.9462927146,6.8,1.33,-0.399999999999999
48329,1534552,6266.82019569481,13465.1565700056,8.89,2.09,0.760000000000001
48330,1534552,6270.81626879512,13474.7798646481,10.42,1.53,-0.560000000000001
48331,1534552,6275.36841732686,13485.742293382,11.87,1.45,-0.0800000000000001
48332,1534552,6280.43829126027,13497.9515021319,13.22,1.35,-0.0999999999999979
