"V1","V2","V3","V4","V5","acceleration","jerk"
22935,1538637,6242.17015899372,13496.3639734113,21.53,0.359999999999999,0
22936,1538637,6231.74999262631,13477.1228953035,21.89,0.359999999999999,0
22937,1538637,6222.48171158281,13457.5902721695,21.63,-0.260000000000002,-0.620000000000001
22938,1538637,6213.1234056078,13437.8679242038,21.83,0.199999999999999,0.460000000000001
22939,1538637,6203.82940315529,13418.281093975,21.68,-0.149999999999999,-0.349999999999998
22940,1538637,6194.35535083977,13398.314814083,22.1,0.420000000000002,0.57
22941,1538637,6184.88987232726,13378.3666032227,22.09,-0.0100000000000016,-0.430000000000003
22942,1538637,6175.46297592824,13358.4997030044,21.98,-0.109999999999999,-0.0999999999999979
22943,1538637,6162.92470276359,13327.147230364,21.96,-0.0199999999999996,0.0899999999999999
22944,1538637,6155.58379767191,13307.0882993747,21.36,-0.600000000000001,-0.580000000000002
22945,1538637,6148.00231984783,13286.3720064147,22.06,0.699999999999999,1.3
22946,1538637,6140.54456514327,13265.9937853254,21.71,-0.349999999999998,-1.05
22947,1538637,6132.92184627935,13245.1648017419,22.18,0.469999999999999,0.819999999999997
22948,1538637,6124.70667350548,13225.4127538973,21.41,-0.77,-1.24
22949,1538637,6115.40312822807,13205.2452516903,22.21,0.800000000000001,1.57
22950,1538637,6106.80331802791,13186.6032516763,20.53,-1.68,-2.48
22951,1538637,6100.18066828293,13172.2471863952,15.8,-4.73,-3.05
22952,1538637,6094.97805539029,13160.9693666108,12.42,-3.38,1.35
22953,1538637,6091.21223494707,13152.8061138039,8.99,-3.43,-0.0499999999999989
22954,1538637,6089.10102971528,13148.2296072247,5.04,-3.95,-0.52
22955,1538637,6087.72288185563,13145.24216543,3.29,-1.75,2.2
22956,1538637,6083.95476822276,13137.6641382064,5.03,1.74,3.49
22957,1538637,6080.59932503263,13131.3277432536,7.17,2.14,0.399999999999999
22958,1538637,6076.46702888635,13123.5243447273,8.83,1.66,-0.48
22959,1538637,6071.31452825547,13113.7943993396,11.02,2.19,0.529999999999999
22960,1538637,6065.61023072068,13102.6188352059,12.55,1.53,-0.659999999999998
22961,1538637,6059.57491094765,13089.8758012172,14.09,1.54,0.00999999999999801
22962,1538637,6052.69207818521,13075.3433199024,16.08,1.99,0.449999999999999
22963,1538637,6045.26563860634,13059.6630617674,17.36,1.28,-0.709999999999997
22964,1538637,6037.10297562252,13042.428334238,19.07,1.71,0.43
22965,1538637,6028.49087393221,13024.244657369,20.12,1.05,-0.66
22966,1538637,6019.20247399782,13004.6330376842,21.7,1.58,0.529999999999998
22967,1538637,6006.17300171414,12976.3522323561,21.86,0.16,-1.42
22968,1538637,5997.18033432079,12956.5373507477,21.76,-0.0999999999999979,-0.259999999999998
22969,1538637,5988.24139150286,12936.8408484873,21.63,-0.130000000000003,-0.0300000000000047
22970,1538637,5979.15780559726,12916.8256325979,21.99,0.359999999999999,0.490000000000002
22971,1538637,5970.23539341792,12897.1655547522,21.59,-0.399999999999999,-0.759999999999998
22972,1538637,5961.08155229831,12876.9955351003,22.14,0.550000000000001,0.949999999999999
22973,1538637,5953.26669290455,12859.7758930408,18.91,-3.23,-3.78
22974,1538637,5947.40244886449,12846.8543319185,14.19,-4.72,-1.49
22975,1538637,5942.98050304147,12837.1108009806,10.7,-3.49,1.23
22976,1538637,5939.92233490219,12830.3722842571,7.39,-3.31,0.180000000000001
22977,1538637,5938.18661785016,12826.5477207114,4.21,-3.18,0.13
22978,1538637,5934.91366006167,12818.2108503607,5.99,1.78,4.96
22979,1538637,5932.43216179429,12810.3848509773,8.21,2.22,0.44
22980,1538637,5929.38545015786,12800.7763158025,10.07,1.86,-0.360000000000001
22981,1538637,5925.94580944132,12789.9285846231,11.39,1.32,-0.539999999999999
22982,1538637,5921.99838345205,12777.4794309146,13.06,1.67,0.35
22983,1538637,5917.57642003527,12763.5337097234,14.63,1.57,-0.0999999999999996
22984,1538637,5912.62551362606,12747.9198400645,16.38,1.75,0.179999999999998
22985,1538637,5907.30888091922,12731.1525648935,17.59,1.21,-0.539999999999997
22986,1538637,5901.64767963445,12713.2986101491,18.73,1.14,-0.0700000000000003
22987,1538637,5895.6116844579,12694.2626530618,19.97,1.24,0.0999999999999979
22988,1538637,5889.17067007571,12673.949370862,21.31,1.34,0.100000000000001
22989,1538637,5883.76949135744,12653.3325672273,21.36,0.0500000000000007,-1.29
22990,1538637,5880.09990143428,12631.8030593417,21.83,0.469999999999999,0.419999999999998
22991,1538637,5876.46223559928,12610.4608502885,21.65,-0.18,-0.649999999999999
22992,1538637,5872.7489600818,12588.6750387376,22.1,0.450000000000003,0.630000000000003
22993,1538637,5869.05920757665,12567.0272368526,21.96,-0.140000000000001,-0.590000000000003
22994,1538637,5865.4685877663,12545.9610471312,21.37,-0.59,-0.449999999999999
22995,1538637,5862.34289253684,12521.1992606776,21.72,0.349999999999998,0.939999999999998
23066,1538637,5902.74496725557,12517.290739116,21.78,0.000845070422535243,-0.0049176750644713
23067,1538637,5904.15861945957,12539.0348345776,21.78,0,-0.000845070422535243
23068,1538637,5907.52954995741,12560.9617702006,22.21,0.43,0.43
23069,1538637,5911.18744199176,12582.4729818323,21.82,-0.390000000000001,-0.82
23070,1538637,5914.78163104842,12603.60957108,21.44,-0.379999999999999,0.0100000000000016
23071,1538637,5918.41772995882,12624.9926224224,21.69,0.25,0.629999999999999
23072,1538637,5922.13597218255,12646.8587394706,22.19,0.5,0.25
23073,1538637,5928.48431114831,12670.9628708199,21.75,-0.440000000000001,-0.940000000000001
23074,1538637,5935.43522322403,12691.6250299838,21.8,0.0500000000000007,0.490000000000002
23075,1538637,5942.44352815174,12712.4577941317,21.97,0.169999999999998,0.119999999999997
23076,1538637,5949.38168626035,12733.082041077,21.77,-0.199999999999999,-0.369999999999997
23077,1538637,5957.09631838068,12753.3460315236,21.68,-0.0899999999999999,0.109999999999999
23078,1538637,5965.10212097867,12773.3537706453,21.55,-0.129999999999999,-0.0399999999999991
23079,1538637,5973.08563363904,12793.3058037648,21.49,-0.0600000000000023,0.0699999999999967
23080,1538637,5981.5644855764,12813.2463428909,21.67,0.180000000000003,0.240000000000006
23081,1538637,5990.27577874574,12833.3283117017,21.89,0.219999999999999,0.0399999999999956
23082,1538637,5998.87962334699,12853.162581491,21.61,-0.280000000000001,-0.5
23083,1538637,6007.50734540781,12873.0518955074,21.69,0.0800000000000018,0.360000000000003
23084,1538637,6016.05149636011,12892.7485547293,21.47,-0.220000000000002,-0.300000000000004
23085,1538637,6024.61156561879,12912.4819101026,21.51,0.0400000000000027,0.260000000000005
23086,1538637,6033.29500175197,12932.4996606485,21.81,0.299999999999997,0.259999999999994
23087,1538637,6041.78741820851,12952.0770573787,21.35,-0.459999999999997,-0.759999999999994
23088,1538637,6050.3514670438,12971.8195867897,21.52,0.169999999999998,0.629999999999995
23089,1538637,6061.12736219678,12990.9254425397,21.89,0.370000000000001,0.200000000000003
23090,1538637,6071.28844435981,13012.2592023883,23.63,1.74,1.37
23091,1538637,6082.15903924263,13035.0826238429,25.29,1.66,-0.0799999999999983
23092,1538637,6092.92643227531,13057.6893672457,25.04,-0.25,-1.91
23093,1538637,6102.14579755568,13077.0459398717,21.44,-3.6,-3.35
23094,1538637,6110.80612312322,13100.0700727893,21.57,0.129999999999999,3.73
23095,1538637,6121.6224191166,13124.1844526586,21.33,-0.240000000000002,-0.370000000000001
23096,1538637,6128.6184165904,13145.2216796467,22.17,0.840000000000003,1.08000000000001
23097,1538637,6131.51564039506,13164.3857678502,19.1,-3.07,-3.91
23098,1538637,6136.82338408064,13180.3463523309,16.82,-2.28,0.789999999999999
23099,1538637,6140.93830546351,13192.7200753767,13.04,-3.78,-1.5
23100,1538637,6143.94560613672,13201.7631413756,9.53,-3.51,0.270000000000001
23101,1538637,6145.63070431039,13206.8302948315,5.34,-4.19,-0.68
23102,1538637,6146.51427638646,13209.4872292278,2.79,-2.55,1.64
23103,1538637,6146.99708541375,13210.9390540943,1.53,-1.26,1.29
23104,1538637,6149.82713769714,13217.8710681139,3.99,2.46,3.72
23105,1538637,6152.16441462161,13222.9929853895,5.63,1.64,-0.82
23106,1538637,6155.41086320942,13230.1072648026,7.81,2.18,0.54
23107,1538637,6159.36306149022,13238.7681266967,9.52,1.71,-0.47
23108,1538637,6164.16631087141,13249.2939851122,11.57,2.05,0.340000000000001
23109,1538637,6169.45528210014,13260.8842561764,12.74,1.17,-0.880000000000001
23110,1538637,6175.46245742821,13274.0484023537,14.47,1.73,0.56
23111,1538637,6182.21274566833,13288.8410089082,16.26,1.79,0.0600000000000005
23112,1538637,6189.53593660041,13304.8890765355,17.64,1.38,-0.410000000000002
23113,1538637,6197.59808897575,13322.556506996,19.43,1.79,0.41
23114,1538637,6206.43241454461,13341.9160806417,21.28,1.85,0.0600000000000023
23115,1538637,6215.93097511864,13362.7312613285,22.89,1.61,-0.240000000000002
23116,1538637,6225.96922663439,13384.729122736,24.18,1.29,-0.32
23117,1538637,6236.60528965479,13408.0370304805,25.62,1.44,0.150000000000002
23118,1538637,6247.61083339683,13432.1546196416,26.51,0.890000000000001,-0.550000000000001
23119,1538637,6260.32686320431,13458.1229663309,27.78,1.27,0.379999999999999
23120,1538637,6271.29637970461,13484.5356471443,28.6,0.82,-0.449999999999999
