"V1","V2","V3","V4","V5","acceleration","jerk"
64052,154241,6649.79297427637,12775.9307562805,32.43,0.140000000000001,0
64053,154241,6621.84362034274,12792.6531518832,32.57,0.140000000000001,0
64054,154241,6593.76554663355,12809.4525618961,32.72,0.149999999999999,0.00999999999999801
64055,154241,6565.32705755279,12826.4676122576,33.14,0.420000000000002,0.270000000000003
64056,154241,6532.68846261992,12842.3937519931,32.71,-0.43,-0.850000000000001
64057,154241,6507.54075151066,12857.6623153167,29.42,-3.29,-2.86
64058,154241,6484.60692795316,12871.5867053225,26.83,-2.59,0.699999999999996
64059,154241,6464.1947137693,12883.9800871092,23.88,-2.95,-0.359999999999996
64060,154241,6444.92790858905,12895.6780278744,22.55,-1.33,1.62
64061,154241,6425.69529472235,12907.3552092062,22.49,-0.0600000000000023,1.27
64062,154241,6404.6887501643,12920.7969048162,21.81,-0.68,-0.619999999999997
64063,154241,6387.16738042171,12932.9962532555,21.34,-0.469999999999999,0.210000000000001
64064,154241,6369.55573664298,12945.2584554807,21.46,0.120000000000001,0.59
64065,154241,6351.82099190587,12957.6063674139,21.61,0.149999999999999,0.0299999999999976
64066,154241,6335.60303416374,12972.123871146,21.88,0.27,0.120000000000001
64067,154241,6320.90400701821,12987.9646634549,21.62,-0.259999999999998,-0.529999999999998
64068,154241,6306.36142486311,13003.6368587148,21.37,-0.25,0.00999999999999801
64069,154241,6293.00604158356,13020.6231301895,21.7,0.329999999999998,0.579999999999998
64070,154241,6281.48452931841,13038.9055494803,21.61,-0.0899999999999999,-0.419999999999998
64071,154241,6269.68044410089,13057.6363575829,22.15,0.539999999999999,0.629999999999999
64072,154241,6257.85503262282,13076.4010063506,22.17,0.0200000000000031,-0.519999999999996
64073,154241,6250.55920634405,13096.8005030791,21.69,-0.48,-0.500000000000004
64074,154241,6243.44429506595,13117.3750246411,21.77,0.0799999999999983,0.559999999999999
64075,154241,6236.27382407644,13138.110210818,21.94,0.170000000000002,0.0900000000000034
64076,154241,6229.09354843197,13158.8737495739,21.97,0.0299999999999976,-0.140000000000004
64077,154241,6222.09302479499,13179.1174910465,21.41,-0.559999999999999,-0.589999999999996
64078,154241,6218.78448988003,13200.8997378544,22.05,0.640000000000001,1.2
64079,154241,6215.63801678665,13222.1783610964,21.5,-0.550000000000001,-1.19
64080,154241,6214.34227235625,13243.4985806232,21.44,-0.0599999999999987,0.490000000000002
64081,154241,6214.91596858617,13265.1409781945,21.66,0.219999999999999,0.279999999999998
64082,154241,6215.48383510843,13286.5634530192,21.43,-0.23,-0.449999999999999
64083,154241,6216.11306276443,13307.0923497032,20.55,-0.879999999999999,-0.649999999999999
64084,154241,6221.2170597964,13323.674620787,17.35,-3.2,-2.32
64085,154241,6225.73858339187,13338.3645058912,15.37,-1.98,1.22
64086,154241,6229.81589744739,13351.6112077484,13.86,-1.51,0.470000000000002
64087,154241,6233.11069668417,13362.3156132895,11.2,-2.66,-1.15
64088,154241,6235.8553821198,13371.2327654055,9.33,-1.87,0.790000000000001
64089,154241,6238.42356045347,13379.5764672246,8.73,-0.6,1.27
64090,154241,6240.28571037926,13385.6263678564,6.34,-2.39,-1.79
64091,154241,6242.13609316491,13391.6380384683,6.29,-0.0499999999999998,2.34
64092,154241,6243.63934531669,13396.5219234965,5.11,-1.18,-1.13
64093,154241,6244.98079929167,13400.8801457525,4.56,-0.550000000000001,0.629999999999999
64094,154241,6245.85450944642,13403.7187247219,2.97,-1.59,-1.04
64095,154241,6246.69585996581,13406.4521711369,2.86,-0.11,1.48
64096,154241,6247.09300094525,13407.7424343048,1.35,-1.51,-1.4
64097,154241,6247.22243948669,13408.1629645225,0.45,-0.9,0.61
64098,154241,6247.32834374787,13408.5070347006,0.36,-0.09,0.81
64099,154241,6247.36952873833,13408.6408397698,0.13,-0.23,-0.14
64100,154241,6247.37247052337,13408.6503972748,0.02,-0.11,0.12
64101,154241,6247.37247052337,13408.6503972748,0,-0.02,0.09
64102,154241,6247.49308370971,13409.0422549776,0.41,0.41,0.43
64103,154241,6247.61369689606,13409.4341126805,0.41,0,-0.41
64104,154241,6247.88434111908,13410.3134031356,0.91,0.5,0.5
64105,154241,6248.47563991068,13412.2344616301,2.01,1.1,0.6
64106,154241,6249.64352856872,13416.0287910942,3.97,1.96,0.860000000000001
64107,154241,6250.88202006754,13420.0525006771,4.21,0.24,-1.72
64108,154241,6252.55883753626,13425.5002784971,5.7,1.49,1.25
64109,154241,6254.1385760989,13430.6326586539,5.37,-0.33,-1.82
64110,154241,6256.21253454705,13437.3706996419,7.05,1.68,2.01
64111,154241,6257.30393679423,13440.9165339774,3.71,-3.34,-5.02
64112,154241,6260.15112552069,13449.0961963171,5.52,1.81,5.15
64113,154241,6263.14242784146,13456.2998141877,7.8,2.28,0.470000000000001
64114,154241,6266.73582562936,13464.95339104,9.37,1.57,-0.710000000000001
64115,154241,6270.90447386356,13474.9922790212,10.87,1.5,-0.0699999999999994
64116,154241,6275.80177266307,13486.7858944324,12.77,1.9,0.4
64117,154241,6281.20529185534,13499.7985836372,14.09,1.32,-0.58
