"V1","V2","V3","V4","V5","acceleration","jerk"
63323,1564711,6240.75692559036,13493.8430863953,21.76,-0.120000000000001,0
63324,1564711,6230.61825063025,13474.7377831355,21.64,-0.120000000000001,0
63325,1564711,6221.42284691225,13455.3587467698,21.45,-0.190000000000001,-0.0700000000000003
63326,1564711,6212.14599206574,13435.8080546041,21.64,0.190000000000001,0.380000000000003
63327,1564711,6202.73624327273,13415.977292449,21.95,0.309999999999999,0.119999999999997
63328,1564711,6193.42080631272,13396.3452896412,21.72,-0.23,-0.539999999999999
63329,1564711,6184.22968949622,13376.9752877913,21.44,-0.279999999999998,-0.0499999999999972
63330,1564711,6174.7427764762,13356.981904352,22.13,0.689999999999998,0.969999999999995
63331,1564711,6162.49510859858,13325.9733697022,21.53,-0.599999999999998,-1.29
63332,1564711,6154.99611285418,13305.4824579893,21.82,0.289999999999999,0.889999999999997
63333,1564711,6147.5521051629,13285.1418004412,21.66,-0.16,-0.449999999999999
63334,1564711,6139.9843743521,13264.4630710224,22.02,0.359999999999999,0.52
63335,1564711,6132.43726406121,13243.8406869154,21.96,-0.0599999999999987,-0.419999999999998
63336,1564711,6124.08671641361,13224.0688591082,21.48,-0.48,-0.420000000000002
63337,1564711,6114.99261609966,13204.355375411,21.71,0.23,0.710000000000001
63338,1564711,6106.47239498563,13185.8859024307,20.33,-1.38,-1.61
63339,1564711,6099.76596725526,13171.3482297457,16.01,-4.32,-2.93999999999999
63340,1564711,6094.76023262828,13160.4971873605,11.95,-4.06,0.259999999999994
63341,1564711,6091.18291265219,13152.7425512125,8.54,-3.41,0.650000000000002
63342,1564711,6088.84131796057,13147.6666242725,5.59,-2.95,0.460000000000001
63343,1564711,6087.83179323664,13145.4782550551,2.4,-3.19,-0.240000000000001
63344,1564711,6084.2589576333,13138.2385673165,4.65,2.25,5.44
63345,1564711,6081.03454988156,13132.1496187496,6.89,2.24,-0.0100000000000011
63346,1564711,6076.91629324653,13124.3727323361,8.8,1.91,-0.329999999999998
63347,1564711,6071.89014821696,13114.8813959633,10.74,1.94,0.0299999999999985
63348,1564711,6066.20092159209,13103.8660257665,12.4,1.66,-0.279999999999999
63349,1564711,6060.06287297185,13090.9060890716,14.33,1.93,0.27
63350,1564711,6053.35553532338,13076.7441498799,15.67,1.34,-0.59
63351,1564711,6046.15595528207,13061.542885221,16.82,1.15,-0.19
63352,1564711,6038.49409542837,13045.3655583843,17.9,1.08,-0.0700000000000021
63353,1564711,6030.22870359735,13027.9139281487,19.31,1.41,0.330000000000002
63354,1564711,6021.3811816322,13009.233182578,20.66,1.35,-0.0599999999999987
63355,1564711,6008.45009718001,12981.3696954839,21.46,0.800000000000001,-0.550000000000001
63356,1564711,5999.42850116913,12961.4910711498,21.82,0.359999999999999,-0.440000000000001
63357,1564711,5990.32838462494,12941.4394308458,22.03,0.210000000000001,-0.149999999999999
63358,1564711,5981.44316638243,12921.8613079332,21.49,-0.540000000000003,-0.750000000000004
63359,1564711,5972.44636632943,12902.0373202211,21.77,0.280000000000001,0.820000000000004
63360,1564711,5963.40823967995,12882.1222714723,21.87,0.100000000000001,-0.18
63361,1564711,5955.4032779424,12864.4837486436,19.37,-2.5,-2.6
63362,1564711,5948.85301240082,12850.0505743103,15.85,-3.52,-1.02
63363,1564711,5943.97234135691,12839.2962658638,11.81,-4.04,-0.519999999999998
63364,1564711,5940.48024395462,12831.601608254,8.44,-3.37,0.669999999999998
63365,1564711,5938.15768923263,12826.4839779857,5.63,-2.81,0.560000000000001
63366,1564711,5934.51770845019,12816.9621220791,7.23,1.6,4.41
63367,1564711,5931.64025857133,12807.887394414,9.52,2.29,0.689999999999999
63368,1564711,5928.08878419354,12796.6869689871,11.75,2.23,-0.0599999999999987
63369,1564711,5924.17762858089,12784.3522026021,12.94,1.19,-1.04
63370,1564711,5919.85843123122,12770.7305788275,14.29,1.35,0.16
63371,1564711,5915.00122329495,12755.4122097543,16.07,1.78,0.430000000000001
63372,1564711,5909.65134274287,12738.5400795367,17.7,1.63,-0.150000000000002
63373,1564711,5903.78158679251,12720.0283976822,19.42,1.72,0.0900000000000034
63374,1564711,5897.42218075773,12699.9724869603,21.05,1.63,-0.0900000000000034
63375,1564711,5890.70611601947,12678.7917675572,22.22,1.17,-0.460000000000001
63376,1564711,5884.58103528275,12658.093900702,21.61,-0.609999999999999,-1.78
63377,1564711,5880.89800363826,12636.4855301502,21.91,0.300000000000001,0.91
63378,1564711,5877.21329177861,12614.867301765,21.93,0.0199999999999996,-0.280000000000001
63379,1564711,5873.56554465261,12593.4659457121,21.71,-0.219999999999999,-0.239999999999998
63380,1564711,5869.94468096928,12572.2223149917,21.55,-0.16,0.0599999999999987
63381,1564711,5866.3406194376,12551.077262604,21.45,-0.100000000000001,0.0599999999999987
63382,1564711,5862.72378005579,12526.1847320393,21.91,0.460000000000001,0.560000000000002
63383,1564711,5861.06234869813,12504.4381059597,21.81,-0.100000000000001,-0.560000000000002
