"V1","V2","V3","V4","V5","acceleration","jerk"
65910,1567017,6238.82045352209,13490.3888605878,21.6,0.359999999999999,0
65911,1567017,6228.78345678815,13470.8710103781,21.96,0.359999999999999,0
65912,1567017,6219.37370799514,13451.040248223,21.95,-0.0100000000000016,-0.370000000000001
65913,1567017,6210.10542695163,13431.5076250889,21.62,-0.329999999999998,-0.319999999999997
65914,1567017,6200.81571140063,13411.9298293759,21.67,0.0500000000000007,0.379999999999999
65915,1567017,6191.42739711511,13392.1442397997,21.9,0.229999999999997,0.179999999999996
65916,1567017,6181.9533447996,13372.1779599078,22.1,0.200000000000003,-0.029999999999994
65917,1567017,6172.60789952909,13352.4827154895,21.8,-0.300000000000001,-0.500000000000004
65918,1567017,6160.78360544518,13321.2967088255,21.53,-0.27,0.0300000000000011
65919,1567017,6153.24336866094,13300.6931064891,21.94,0.41,0.68
65920,1567017,6145.64127031694,13279.9204682173,22.12,0.18,-0.23
65921,1567017,6138.2728711987,13259.7864101456,21.43,-0.690000000000001,-0.870000000000001
65922,1567017,6130.9285293537,13239.718088271,21.37,-0.0599999999999987,0.630000000000003
65923,1567017,6122.2645452314,13220.1188980726,21.44,0.0700000000000003,0.129999999999999
65924,1567017,6114.18834743993,13202.6119443332,19.28,-2.16,-2.23
65925,1567017,6107.12167437239,13187.2933598112,16.87,-2.41,-0.25
65926,1567017,6101.99865056587,13176.1880670606,12.23,-4.64,-2.23
65927,1567017,6097.82231799424,13167.1349379744,9.97,-2.26,2.38
65928,1567017,6094.75604372901,13160.4881069903,7.32,-2.65,-0.390000000000001
65929,1567017,6091.37560201858,13153.1602482415,8.07,0.75,3.4
65930,1567017,6088.75753997518,13147.4850168686,6.25,-1.82,-2.57
65931,1567017,6087.7689597476,13145.3420495021,2.35,-3.9,-2.08
65932,1567017,6084.30107616707,13138.3181036548,4.41,2.06,5.96
65933,1567017,6081.24982238748,13132.5561378121,6.52,2.11,0.0499999999999994
65934,1567017,6077.4965930451,13125.4685663307,8.03,1.51,-0.6
65935,1567017,6073.07882683662,13117.1260881781,9.44,1.41,-0.0999999999999996
65936,1567017,6067.76253190776,13107.086834808,11.36,1.92,0.51
65937,1567017,6062.04896401773,13095.0995413913,13.28,1.92,0
65938,1567017,6055.76538286396,13081.8323258626,14.67,1.39,-0.529999999999999
65939,1567017,6048.89539120742,13067.3269573861,16.06,1.39,-1.77635683940025e-15
65940,1567017,6041.39618536178,13051.4930598342,17.51,1.45,0.0600000000000041
65941,1567017,6033.11367205624,13034.0052791476,19.35,1.84,0.389999999999997
65942,1567017,6024.29183230289,13015.3787592534,20.61,1.26,-0.580000000000002
65943,1567017,6008.06933442714,12990.2547214859,21.42,0.810000000000002,-0.449999999999996
65944,1567017,5989.95257839802,12977.5805252202,22.11,0.689999999999998,-0.120000000000005
65945,1567017,5968.89347385659,12972.0545916174,22.08,-0.0300000000000011,-0.719999999999999
65946,1567017,5947.72264281217,12977.6893102711,22.17,0.0900000000000034,0.120000000000005
65947,1567017,5929.65948104944,12989.5796875321,22,-0.170000000000002,-0.260000000000005
65948,1567017,5917.30647121855,13007.0543305362,21.4,-0.600000000000001,-0.43
65949,1567017,5907.25130705545,13026.3747431654,21.83,0.43,1.03
65950,1567017,5903.99,13047.5246145411,21.88,0.0500000000000007,-0.379999999999999
65951,1567017,5911.4392232031,13067.8930922159,22.21,0.330000000000002,0.280000000000001
65952,1567017,5927.52178513555,13080.4890320583,21.41,-0.800000000000001,-1.13
65953,1567017,5948.02262767418,13083.7894943599,21.08,-0.330000000000002,0.469999999999999
65954,1567017,5965.15480035232,13082.1416863027,17.32,-3.76,-3.43
65955,1567017,5980.21954992743,13079.3857470641,15.32,-2,1.76
65956,1567017,5992.6276954716,13076.2023488555,12.81,-2.51,-0.51
65957,1567017,6001.18069509338,13074.0080158202,8.83,-3.98,-1.47
65958,1567017,6006.8568647178,13072.5517540323,5.86,-2.97,1.01
65959,1567017,6009.99522471492,13071.7465853987,3.24,-2.62,0.35
65960,1567017,6017.63095256454,13068.9179713642,4.89,1.65,4.27
65961,1567017,6023.39059066513,13066.3162471378,6.32,1.43,-0.219999999999999
65962,1567017,6031.20073283634,13062.7882761536,8.57,2.25,0.819999999999999
65963,1567017,6040.93379215823,13058.3916915432,10.68,2.11,-0.140000000000001
65964,1567017,6051.92449397676,13053.4270089213,12.07,1.39,-0.719999999999999
65965,1567017,6063.99968461486,13047.9724446808,13.24,1.17,-0.220000000000001
65966,1567017,6077.47833137241,13041.8839159928,14.8,1.56,0.390000000000001
65967,1567017,6092.42422770938,13035.1326062913,16.4,1.6,0.0399999999999974
65968,1567017,6108.90116708575,13027.6896990108,18.08,1.68,0.0800000000000018
65969,1567017,6126.30766830747,13019.8268932,19.1,1.02,-0.659999999999997
65970,1567017,6145.12673900006,13011.3260062893,20.65,1.55,0.529999999999994
65971,1567017,6165.58621294915,13002.0841219724,22.46,1.81,0.260000000000005
65972,1567017,6187.41268961199,12992.224739817,23.95,1.49,-0.320000000000004
65973,1567017,6210.10493466019,12981.9742756972,24.9,0.949999999999999,-0.539999999999999
65974,1567017,6233.817875068,12971.2627465246,26.03,1.13,0.180000000000003
65975,1567017,6258.59707759253,12960.0695690379,27.19,1.16,0.0299999999999976
65976,1567017,6284.42598188199,12947.6203189084,28.69,1.5,0.34
65977,1567017,6310.58844813778,12933.3945057712,29.78,1.09,-0.41
65978,1567017,6338.04234573662,12918.4664782179,31.25,1.47,0.379999999999999
65979,1567017,6366.25177459738,12903.1276313463,32.11,0.859999999999999,-0.609999999999999
65980,1567017,6393.19,12888.48,33,0.890000000000001,0.0300000000000011
65981,1567017,6425.07693518522,12871.0548378793,33.16,0.159999999999997,-0.730000000000004
65982,1567017,6454.11903185505,12855.0918738368,33.13,-0.029999999999994,-0.189999999999991
65983,1567017,6482.92451518449,12839.2589641182,32.87,-0.260000000000005,-0.230000000000011
65984,1567017,6511.95784839728,12823.3008169026,33.13,0.260000000000005,0.52000000000001
65985,1567017,6540.59124708637,12807.4283886465,32.74,-0.390000000000001,-0.650000000000006
65986,1567017,6569.07907434001,12790.6334906603,33.08,0.339999999999996,0.729999999999997
65987,1567017,6597.42045676047,12773.9249287085,32.9,-0.18,-0.519999999999996
65988,1567017,6625.59816554385,12757.3128599716,32.71,-0.189999999999998,-0.00999999999999801
65989,1567017,6654.24105203262,12740.4265473608,33.24,0.530000000000001,0.719999999999999
