"V1","V2","V3","V4","V5","acceleration","jerk"
43895,1569817,6241.52955838528,13495.2212876013,21.76,-0.23,0
43896,1569817,6231.34273698379,13476.2646163037,21.53,-0.23,0
43897,1569817,6221.98443100878,13456.542268338,21.83,0.299999999999997,0.529999999999998
43898,1569817,6212.55324770827,13436.666333604,22,0.170000000000002,-0.129999999999995
43899,1569817,6203.10062990025,13416.745226291,22.05,0.0500000000000007,-0.120000000000001
43900,1569817,6193.78519294024,13397.1132234832,21.73,-0.32,-0.370000000000001
43901,1569817,6184.27684541272,13377.074667465,22.18,0.449999999999999,0.77
43902,1569817,6174.91853943771,13357.3523194993,21.84,-0.34,-0.789999999999999
43903,1569817,6162.5844641849,13326.2175327199,21.67,-0.169999999999998,0.170000000000002
43904,1569817,6155.15076675358,13305.9050478276,21.63,-0.0400000000000027,0.129999999999995
43905,1569817,6147.56241542286,13285.169973097,22.08,0.449999999999999,0.490000000000002
43906,1569817,6140.13215474486,13264.86687909,21.62,-0.459999999999997,-0.909999999999997
43907,1569817,6132.7087675735,13244.5825668536,21.6,-0.0199999999999996,0.439999999999998
43908,1569817,6124.3212947727,13224.5773598392,21.71,0.109999999999999,0.129999999999999
43909,1569817,6115.11409417847,13204.6187061467,21.98,0.27,0.16
43910,1569817,6106.79912912864,13186.5941713061,19.86,-2.12,-2.39
43911,1569817,6100.01311231216,13171.8839715873,16.2,-3.66,-1.54
43912,1569817,6094.94035529687,13160.887643279,12.11,-4.09,-0.43
43913,1569817,6091.34209082442,13153.08760528,8.59,-3.52,0.57
43914,1569817,6088.88320695327,13147.7574279745,5.87,-2.72,0.8
43915,1569817,6087.71869295636,13145.2330850598,2.78,-3.09,-0.370000000000001
43916,1569817,6083.93136903734,13137.6199513518,5.08,2.3,5.39
43917,1569817,6080.65080324057,13131.4249543338,7.01,1.93,-0.370000000000001
43918,1569817,6076.52786676845,13123.6392305494,8.81,1.8,-0.129999999999999
43919,1569817,6071.52512092431,13114.1920810312,10.69,1.88,0.0799999999999983
43920,1569817,6065.67443625018,13102.7543993972,12.85,2.16,0.280000000000001
43921,1569817,6059.64767721442,13090.0294406341,14.09,1.24,-0.92
43922,1569817,6052.91037698551,13075.804238153,15.74,1.65,0.41
43923,1569817,6045.54386256751,13060.2505065966,17.2,1.46,-0.190000000000001
43924,1569817,6037.46252658773,13043.1874937096,18.89,1.69,0.230000000000002
43925,1569817,6028.62784572848,13024.5338609772,20.63,1.74,0.0499999999999972
43926,1569817,6019.44645500993,13005.1481816114,21.45,0.82,-0.919999999999998
43927,1569817,5998.61355131651,12983.639605027,21.64,0.190000000000001,-0.629999999999999
43928,1569817,5979.71401220161,12974.130785227,21.41,-0.23,-0.420000000000002
43929,1569817,5958.50073409816,12973.7492480173,21.77,0.359999999999999,0.59
43930,1569817,5938.64087676557,12982.5484794876,21.92,0.150000000000002,-0.209999999999997
43931,1569817,5924.07753688754,12997.4759397681,21.37,-0.550000000000001,-0.700000000000003
43932,1569817,5912.34913251181,13015.7216555558,21.75,0.379999999999999,0.93
43933,1569817,5903.99,13035.8546145411,22.03,0.280000000000001,-0.0999999999999979
43934,1569817,5905.65219947236,13056.8359336143,21.39,-0.640000000000001,-0.920000000000002
43935,1569817,5916.98186955059,13075.4327212033,22.2,0.809999999999999,1.45
43936,1569817,5937.35919538321,13083.1948417085,22.09,-0.109999999999999,-0.919999999999998
43937,1569817,5958.60201333728,13083.2745950967,21.34,-0.75,-0.640000000000001
43938,1569817,5975.99399691856,13080.2677018315,17.65,-3.69,-2.94
43939,1569817,5989.55713954849,13076.9901218704,13.96,-3.69,3.5527136788005e-15
43940,1569817,5999.22406324332,13074.510003672,9.98,-3.98,-0.290000000000003
43941,1569817,6005.52015583013,13072.8946962281,6.5,-3.48,0.5
43942,1569817,6008.99753619731,13072.0025495014,3.59,-2.91,0.57
43943,1569817,6016.67405066492,13069.3502198512,4.87,1.28,4.19
43944,1569817,6022.88024298533,13066.5467796642,6.81,1.94,0.659999999999999
43945,1569817,6031.19161948492,13062.7923928059,9.12,2.31,0.37
43946,1569817,6040.95201886108,13058.3834582387,10.71,1.59,-0.719999999999998
43947,1569817,6052.05208089671,13053.3693757897,12.17,1.46,-0.130000000000003
43948,1569817,6064.85633964881,13047.5854793687,14.05,1.88,0.420000000000002
43949,1569817,6078.74508722048,13041.311701329,15.24,1.19,-0.690000000000001
43950,1569817,6093.85502388311,13034.486291887,16.57,1.33,0.140000000000001
43951,1569817,6110.64181720792,13026.9034184297,18.43,1.86,0.529999999999999
43952,1569817,6128.99610697784,13018.6124807842,20.14,1.71,-0.149999999999999
43953,1569817,6148.99080000426,13009.5805457324,21.94,1.8,0.0899999999999999
43954,1569817,6170.37983579869,12999.9187628853,23.47,1.53,-0.270000000000003
43955,1569817,6192.7075467899,12989.8329648557,24.5,1.03,-0.499999999999996
43956,1569817,6216.16531335781,12979.2367019463,25.74,1.24,0.209999999999997
43957,1569817,6241.09944285656,12967.9735413713,27.37,1.63,0.390000000000004
43958,1569817,6266.81732057787,12956.3563487021,28.21,0.84,-0.790000000000003
43959,1569817,6292.76318150481,12943.0869755011,29.16,0.949999999999999,0.109999999999999
43960,1569817,6319.37369536941,12928.6175369542,30.3,1.14,0.190000000000001
43961,1569817,6346.66945851808,12913.7754948396,31.07,0.77,-0.370000000000001
43962,1569817,6375.08094806516,12898.3267776852,32.34,1.27,0.500000000000004
43963,1569817,6404.84211285249,12882.1768909794,33.01,0.669999999999995,-0.600000000000009
43964,1569817,6433.96308063579,12866.1705754957,33.23,0.219999999999999,-0.449999999999996
43965,1569817,6463.03146767679,12850.1931609729,33.16,-0.0700000000000003,-0.289999999999999
43966,1569817,6491.67044532224,12834.4517709636,32.68,-0.479999999999997,-0.409999999999997
43967,1569817,6520.30942296769,12818.7103809544,32.68,0,0.479999999999997
43968,1569817,6548.86968736177,12802.5478634077,32.82,0.140000000000001,0.140000000000001
43969,1569817,6577.43504423297,12785.7072581092,33.17,0.350000000000001,0.210000000000001
43970,1569817,6605.64721062416,12769.0748750113,32.75,-0.420000000000002,-0.770000000000003
43971,1569817,6633.8507626134,12752.4475705036,32.73,-0.0200000000000031,0.399999999999999
