"V1","V2","V3","V4","V5","acceleration","jerk"
70577,1574542,6237.28007801324,13487.6411809683,21.61,-0.210000000000001,0
70578,1574542,6227.67314929959,13468.531070789,21.4,-0.210000000000001,0
70579,1574542,6218.45202417259,13449.0978273285,21.51,0.110000000000003,0.320000000000004
70580,1574542,6209.18803003058,13429.5742387102,21.61,0.0999999999999979,-0.0100000000000051
70581,1574542,6199.68396940456,13409.5447172078,22.18,0.57,0.470000000000002
70582,1574542,6190.44140977006,13390.0663011684,21.56,-0.620000000000001,-1.19
70583,1574542,6181.13025971155,13370.4433328764,21.72,0.16,0.780000000000001
70584,1574542,6171.92199528905,13351.0371929634,21.48,-0.239999999999998,-0.399999999999999
70585,1574542,6160.21997790069,13319.7566036372,21.57,0.0899999999999999,0.329999999999998
70586,1574542,6152.85157878245,13299.6225455655,21.44,-0.129999999999999,-0.219999999999999
70587,1574542,6145.50380018413,13279.5448328055,21.38,-0.0600000000000023,0.0699999999999967
70588,1574542,6138.06666599949,13259.222957028,21.64,0.260000000000002,0.320000000000004
70589,1574542,6130.66389934806,13238.9949901033,21.54,-0.100000000000001,-0.360000000000003
70590,1574542,6121.87916649861,13219.2835040145,21.59,0.0500000000000007,0.150000000000002
70591,1574542,6112.96937775252,13199.9695566059,21.27,-0.32,-0.370000000000001
70592,1574542,6105.38328117557,13183.5250061796,18.12,-3.15,-2.83
70593,1574542,6098.84440941598,13169.3505483024,15.6,-2.52,0.629999999999997
70594,1574542,6093.8261080912,13158.4722648067,11.99,-3.61,-1.09
70595,1574542,6090.43309968296,13151.1171649473,8.1,-3.89,-0.280000000000001
70596,1574542,6088.20460527162,13146.2864080026,5.32,-2.78,1.11
70597,1574542,6083.64121913805,13137.0720343544,6.85,1.53,4.31
70598,1574542,6079.37320771629,13129.0123520714,9.13,2.28,0.750000000000002
70599,1574542,6074.12243050663,13119.0968218942,11.22,2.09,-0.190000000000001
70600,1574542,6068.00588343619,13107.546378096,13.07,1.85,-0.24
70601,1574542,6061.56100199353,13094.0692535369,14.94,1.87,0.0199999999999996
70602,1574542,6054.60112259569,13079.3740951924,16.26,1.32,-0.549999999999997
70603,1574542,6046.88361794975,13063.0792793899,18.03,1.77,0.449999999999998
70604,1574542,6038.41704879297,13045.2028813546,19.78,1.75,-0.0199999999999996
70605,1574542,6029.25705991758,13025.8623900526,21.4,1.62,-0.130000000000003
70606,1574542,6019.97722072046,13006.2688455934,21.68,0.280000000000001,-1.34
70607,1574542,5999.35919799161,12984.1612476594,21.97,0.289999999999999,0.00999999999999801
70608,1574542,5980.00044264015,12974.2199906297,22.02,0.0500000000000007,-0.239999999999998
70609,1574542,5958.68825741764,12973.7186701715,21.88,-0.140000000000001,-0.190000000000001
70610,1574542,5939.06410469784,12982.3220327668,21.64,-0.239999999999998,-0.0999999999999979
70611,1574542,5924.16412340504,12997.3534539526,21.7,0.0599999999999987,0.299999999999997
70612,1574542,5912.48294503437,13015.4420232816,21.59,-0.109999999999999,-0.169999999999998
70613,1574542,5903.99,13035.5046145411,21.99,0.399999999999999,0.509999999999998
70614,1574542,5905.78667358149,13057.0928707934,22.03,0.0400000000000027,-0.359999999999996
70615,1574542,5916.6753193967,13075.2856599809,21.57,-0.460000000000001,-0.500000000000004
70616,1574542,5936.63032782025,13083.1541959749,21.7,0.129999999999999,0.59
70617,1574542,5958.19800691981,13083.3444436088,21.66,-0.0399999999999991,-0.169999999999998
70618,1574542,5975.14656882338,13080.4142133447,17.21,-4.45,-4.41
70619,1574542,5988.80160843808,13077.1839587637,14.04,-3.17,1.28
70620,1574542,5998.7010032438,13074.6441984442,10.22,-3.82,-0.649999999999997
70621,1574542,6004.68713434942,13073.1084138284,6.18,-4.04,-0.220000000000002
70622,1574542,6008.45510360522,13072.1417144504,3.89,-2.29,1.75
70623,1574542,6017.18439834472,13069.1196873248,5.98,2.09,4.38
70624,1574542,6024.56621299896,13065.7851989967,8.11,2.13,0.0399999999999987
70625,1574542,6033.42439058404,13061.7838130029,9.72,1.61,-0.519999999999998
70626,1574542,6044.06878504842,13056.9755631668,11.68,1.96,0.349999999999998
70627,1574542,6056.47205633782,13051.3727994451,13.61,1.93,-0.0299999999999994
70628,1574542,6069.8869096354,13045.3130873228,14.72,1.11,-0.819999999999999
70629,1574542,6084.81457926952,13038.5700109259,16.38,1.66,0.549999999999997
70630,1574542,6101.41910556584,13031.0694705137,18.22,1.84,0.180000000000001
70631,1574542,6119.27216100738,13023.0049487423,19.58,1.36,-0.48
70632,1574542,6138.30995213417,13014.4052621775,20.89,1.31,-0.0499999999999972
70633,1574542,6158.41400537769,13005.3239272987,22.06,1.17,-0.140000000000004
70634,1574542,6179.6116607922,12995.748594149,23.26,1.2,0.0300000000000047
70635,1574542,6201.91203172913,12985.6751460762,24.47,1.21,0.00999999999999446
70636,1574542,6225.36068494562,12975.082999819,25.73,1.26,0.0500000000000043
70637,1574542,6249.9393937388,12963.980388682,26.97,1.24,-0.0200000000000031
70638,1574542,6275.67549816295,12952.3549627083,28.24,1.27,0.0300000000000011
70639,1574542,6301.46057626412,12938.3577763722,29.34,1.1,-0.169999999999998
70640,1574542,6328.13258685934,12923.8548990436,30.36,1.02,-0.0800000000000018
70641,1574542,6355.99060583084,12908.7071309247,31.7,1.34,0.32
70642,1574542,6385.0082774369,12892.9288029219,33.03,1.33,-0.00999999999999801
70643,1574542,6414.43809832427,12876.9024656244,32.67,-0.359999999999999,-1.69
70644,1574542,6443.46266808,12860.9491352356,33.12,0.449999999999996,0.809999999999995
70645,1574542,6472.22433412418,12845.1403096511,32.82,-0.299999999999997,-0.749999999999993
70646,1574542,6501.11745202414,12829.2592316644,32.97,0.149999999999999,0.449999999999996
70647,1574542,6530.13325832282,12813.3107181024,33.11,0.140000000000001,-0.00999999999999801
70648,1574542,6558.4575167338,12796.8953924495,32.74,-0.369999999999997,-0.509999999999998
70649,1574542,6587.15208963427,12779.9786082971,33.32,0.579999999999998,0.949999999999996
70650,1574542,6615.62268808401,12763.1938674914,33.05,-0.270000000000003,-0.850000000000001
70651,1574542,6644.23111696497,12746.3278692416,33.21,0.160000000000004,0.430000000000007
