"V1","V2","V3","V4","V5","acceleration","jerk"
71519,1577142,5901.82696915154,12503.1705486257,21.35,0.239999999999998,0
71520,1577142,5903.22764611733,12524.7150654232,21.59,0.239999999999998,0
71521,1577142,5905.12560074694,12546.8247044444,22.21,0.620000000000001,0.380000000000003
71522,1577142,5908.76002326319,12568.1978973031,21.68,-0.530000000000001,-1.15
71523,1577142,5912.3726526555,12589.4429298724,21.55,-0.129999999999999,0.400000000000002
71524,1577142,5916.08251290848,12611.2597545017,22.13,0.579999999999998,0.709999999999997
71525,1577142,5919.79740234391,12633.1061545823,22.16,0.0300000000000011,-0.549999999999997
71526,1577142,5923.41170813036,12654.3610456355,21.56,-0.600000000000001,-0.630000000000003
71527,1577142,5933.01689505864,12677.4299716515,21.83,0.27,0.870000000000001
71528,1577142,5941.92306925544,12697.0095569683,21.51,-0.319999999999997,-0.589999999999996
71529,1577142,5950.9451769146,12716.8440136885,21.79,0.279999999999998,0.599999999999994
71530,1577142,5959.880334477,12736.4873168561,21.58,-0.210000000000001,-0.489999999999998
71531,1577142,5970.12262358333,12755.3655409434,21.47,-0.109999999999999,0.100000000000001
71532,1577142,5980.6535797259,12774.6357397676,21.97,0.5,0.609999999999999
71533,1577142,5990.97832862161,12793.5286077405,21.53,-0.439999999999998,-0.939999999999998
71534,1577142,6005.84950161947,12809.8361380998,22.1,0.57,1.01
71535,1577142,6020.63082077717,12825.6823207302,21.67,-0.43,-1
71536,1577142,6035.48717201181,12841.608940836,21.77,0.0999999999999979,0.529999999999998
71537,1577142,6053.54697005488,12853.7853722796,21.9,0.129999999999999,0.0300000000000011
71538,1577142,6072.28560479369,12865.1585850238,21.92,0.0200000000000031,-0.109999999999996
71539,1577142,6090.59680717075,12876.2723722949,21.42,-0.5,-0.520000000000003
71540,1577142,6110.05886697148,12885.4868438393,21.65,0.229999999999997,0.729999999999997
71541,1577142,6130.44988534269,12892.8508624287,21.68,0.0300000000000011,-0.199999999999996
71542,1577142,6150.76566010368,12900.1877075177,21.6,-0.0799999999999983,-0.109999999999999
71543,1577142,6171.6269510388,12907.7215604842,22.18,0.579999999999998,0.659999999999997
71544,1577142,6192.48543806467,12912.0739370282,21.35,-0.829999999999998,-1.41
71545,1577142,6214.25330561554,12915.8326658409,22.1,0.75,1.58
71546,1577142,6235.66642294829,12919.5301387744,21.72,-0.380000000000003,-1.13
71547,1577142,6257.12550955115,12921.2249455016,21.79,0.0700000000000003,0.450000000000003
71548,1577142,6278.82182776512,12917.4051711681,22.03,0.240000000000002,0.170000000000002
71549,1577142,6300.2620841209,12913.6304781477,21.77,-0.260000000000002,-0.500000000000004
71550,1577142,6321.37733888747,12909.913003717,21.44,-0.329999999999998,-0.0699999999999967
71551,1577142,6342.14432169351,12904.7965033375,21.44,0,0.329999999999998
71552,1577142,6358.49547942529,12899.4921899201,17.2,-4.24,-4.24
71553,1577142,6371.2320705846,12895.3604414233,13.38,-3.82,0.420000000000003
71554,1577142,6380.63945569032,12892.3086869324,9.9,-3.48,0.339999999999998
71555,1577142,6387.22177165914,12890.1733844979,6.91,-2.99,0.49
71556,1577142,6390.88389831809,12888.9853910915,3.85,-3.06,-0.0699999999999998
71557,1577142,6392.5104532757,12888.4577368772,1.71,-2.14,0.92
71558,1577142,6392.81483782917,12888.3589945681,0.32,-1.39,0.75
71559,1577142,6397.45451855778,12886.2374759788,1.82,1.5,2.89
71560,1577142,6400.57430926824,12884.522685635,3.56,1.74,0.24
71561,1577142,6405.74474892883,12881.6807578182,5.9,2.34,0.6
71562,1577142,6413.00089136776,12877.692425221,8.28,2.38,0.0399999999999987
71563,1577142,6421.66795039205,12872.9285835077,9.89,1.61,-0.769999999999998
71564,1577142,6431.87737785745,12867.3169802761,11.65,1.76,0.149999999999999
71565,1577142,6443.35750659538,12861.0069371573,13.1,1.45,-0.31
71566,1577142,6456.09957314877,12854.0032709782,14.54,1.44,-0.00999999999999979
71567,1577142,6470.59433111254,12846.0362394374,16.53,1.99,0.550000000000002
71568,1577142,6486.053069352,12837.5393569477,17.64,1.11,-0.880000000000003
71569,1577142,6503.21191825953,12828.1080100572,19.58,1.94,0.829999999999998
71570,1577142,6521.96571635049,12817.8000006876,21.4,1.82,-0.119999999999997
71571,1577142,6542.02123781032,12806.5853426635,22.98,1.58,-0.239999999999998
71572,1577142,6563.22989541493,12794.0818534461,24.62,1.64,0.0599999999999987
71573,1577142,6585.40336603812,12781.0095621197,25.75,1.13,-0.510000000000002
71574,1577142,6608.68809451304,12767.2821326499,27.03,1.28,0.150000000000002
71575,1577142,6632.72227595775,12753.1128658275,27.9,0.869999999999997,-0.410000000000004
71576,1577142,6657.72127042103,12738.3747968962,29.02,1.12,0.250000000000004
