"V1","V2","V3","V4","V5","acceleration","jerk"
36279,1585805,6643.674494278,12779.5915079123,32.73,0.0300000000000011,0
36280,1585805,6615.55351397696,12796.4165893953,32.76,0.0300000000000011,0
36281,1585805,6587.44111499429,12813.2365365842,32.76,0,-0.0300000000000011
36282,1585805,6554.54525980088,12829.1232841419,32.91,0.149999999999999,0.149999999999999
36283,1585805,6526.43145224195,12846.1927283197,32.89,-0.019999999999996,-0.169999999999995
36284,1585805,6498.42021862364,12863.1998941971,32.76,-0.130000000000003,-0.110000000000007
36285,1585805,6471.50310703864,12879.5427582031,31.49,-1.27,-1.14
36286,1585805,6448.4239703986,12893.5553758012,27.01,-4.48,-3.21
36287,1585805,6428.6699390004,12905.5491384935,23.1,-3.91,0.569999999999997
36288,1585805,6407.2656635597,12919.0027149287,22.14,-0.960000000000001,2.95
36289,1585805,6389.14520248633,12931.6191839469,22.08,-0.0600000000000023,0.899999999999999
36290,1585805,6371.48431832425,12943.9156700553,21.52,-0.559999999999999,-0.499999999999996
36291,1585805,6353.62647262876,12956.3492916965,21.75,0.23,0.789999999999999
36292,1585805,6337.07225668269,12970.5405249457,21.94,0.190000000000001,-0.0399999999999991
36293,1585805,6322.06033955626,12986.7185113529,22.07,0.129999999999999,-0.0600000000000023
36294,1585805,6307.47014370842,13002.4420187581,21.45,-0.620000000000001,-0.75
36295,1585805,6293.81643948467,13019.3371849178,21.81,0.359999999999999,0.98
36296,1585805,6282.11898556993,13037.8987896952,21.94,0.130000000000003,-0.229999999999997
36297,1585805,6270.69877304242,13056.020465827,21.42,-0.52,-0.650000000000002
36298,1585805,6259.07062947449,13074.472088443,21.81,0.389999999999997,0.909999999999997
36299,1585805,6251.39587023344,13094.3810829965,21.4,-0.41,-0.799999999999997
36300,1585805,6244.35285975833,13114.7476856451,21.55,0.150000000000002,0.560000000000002
36301,1585805,6237.26736244508,13135.2371494699,21.68,0.129999999999999,-0.0200000000000031
36302,1585805,6230.16879225857,13155.7644167334,21.72,0.0399999999999991,-0.0899999999999999
36303,1585805,6223.1715368399,13175.9987073462,21.42,-0.299999999999997,-0.339999999999996
36304,1585805,6219.29207991416,13197.4670636262,21.86,0.439999999999998,0.739999999999995
36305,1585805,6216.11342532005,13218.9633203927,21.73,-0.129999999999999,-0.569999999999997
36306,1585805,6214.27390578475,13240.9194865939,22.11,0.379999999999999,0.509999999999998
36307,1585805,6214.84839697479,13262.5918736307,21.68,-0.43,-0.809999999999999
36308,1585805,6215.42076827115,13284.1842887596,21.59,-0.0899999999999999,0.34
36309,1585805,6215.99711436818,13305.9266512158,21.76,0.170000000000002,0.260000000000002
36310,1585805,6222.14078029671,13326.6756773405,21.67,-0.0899999999999999,-0.260000000000002
36311,1585805,6228.41560777176,13347.0618353934,21.33,-0.340000000000003,-0.250000000000004
36312,1585805,6234.76397987262,13367.68693107,21.58,0.25,0.590000000000003
36313,1585805,6241.2211980197,13388.6656544297,21.95,0.370000000000001,0.120000000000001
36314,1585805,6246.67526747058,13406.3852686022,18.54,-3.41,-3.78
36315,1585805,6250.85554400225,13419.9664831326,14.21,-4.33,-0.919999999999998
36316,1585805,6253.94441828673,13430.0018633274,10.5,-3.71,0.619999999999997
36317,1585805,6256.28313738783,13437.6000797606,7.95,-2.55,1.16
36318,1585805,6257.62753314784,13441.9678595216,4.56,-3.39,-0.840000000000001
36319,1585805,6261.06002122584,13451.2849879009,6.79,2.23,5.62
36320,1585805,6264.26608371323,13459.005788593,8.36,1.57,-0.660000000000001
36321,1585805,6268.1125916975,13468.268902342,10.04,1.68,0.11
36322,1585805,6272.54585513701,13478.9450334425,11.56,1.52,-0.159999999999998
36323,1585805,6277.54669901686,13490.988004857,13.03,1.47,-0.0500000000000025
