"V1","V2","V3","V4","V5","acceleration","jerk"
45266,160870,6634.62120339683,12785.0081880968,32.96,0.219999999999999,0
45267,160870,6606.13980772421,12802.0489099283,33.18,0.219999999999999,0
45268,160870,6577.98450214969,12818.8945285873,32.81,-0.369999999999997,-0.589999999999996
45269,160870,6545.29650948809,12834.7387108979,32.71,-0.100000000000001,0.269999999999996
45270,160870,6516.96045839115,12851.9430913933,33.14,0.43,0.530000000000001
45271,160870,6488.70988557806,12869.095573305,33.05,-0.0900000000000034,-0.520000000000003
45272,160870,6463.04930476568,12884.6755281307,30.03,-3.02,-2.92999999999999
45273,160870,6441.13267278602,12897.9823249905,25.64,-4.39,-1.37
45274,160870,6422.31890251019,12909.4052032622,22.01,-3.63,0.760000000000002
45275,160870,6401.60301947427,12922.9453614969,21.61,-0.400000000000002,3.23
45276,160870,6383.92572185107,12935.2532755663,21.54,-0.0700000000000003,0.330000000000002
45277,160870,6365.89553481385,12947.8068907987,21.97,0.43,0.5
45278,160870,6347.92279489054,12960.3205081674,21.9,-0.0700000000000003,-0.5
45279,160870,6332.44692653046,12975.5251333539,21.79,-0.109999999999999,-0.0399999999999991
45280,160870,6317.65267199943,12991.4685499536,21.75,-0.0399999999999991,0.0700000000000003
45281,160870,6302.59314118026,13007.6978485061,22.14,0.390000000000001,0.43
45282,160870,6290.16964892967,13025.1239386405,21.48,-0.66,-1.05
45283,160870,6278.32291119104,13043.9224280733,22.21,0.73,1.39
45284,160870,6266.50283127811,13062.6786166747,22.18,-0.0300000000000011,-0.760000000000002
45285,160870,6255.91581616712,13081.3105440345,21.52,-0.66,-0.629999999999999
45286,160870,6248.68651724789,13102.2158456859,22.12,0.600000000000001,1.26
45287,160870,6241.45395011034,13123.130598197,22.13,0.00999999999999801,-0.590000000000003
45288,160870,6234.36845279709,13143.6200620218,21.68,-0.449999999999999,-0.459999999999997
45289,160870,6227.24373686403,13164.2229361628,21.8,0.120000000000001,0.57
45290,160870,6221.08400438622,13185.3488332815,22.08,0.279999999999998,0.159999999999997
45291,160870,6217.92144054247,13206.7362732858,21.62,-0.459999999999997,-0.739999999999995
45292,160870,6214.73254637995,13228.3017770828,21.8,0.18,0.639999999999997
45293,160870,6214.52405324019,13250.3561717243,22.11,0.309999999999999,0.129999999999999
45294,160870,6215.09377466944,13271.8486219684,21.5,-0.609999999999999,-0.919999999999998
45295,160870,6215.68204516847,13294.0408264064,22.2,0.699999999999999,1.31
45296,160870,6218.64888146273,13315.3309189679,21.68,-0.52,-1.22
45297,160870,6225.13551746014,13336.405217377,22.06,0.379999999999999,0.899999999999999
45298,160870,6231.5191909814,13357.145003113,21.7,-0.359999999999999,-0.739999999999998
45299,160870,6238.02053590397,13378.2670890468,22.1,0.400000000000002,0.760000000000002
45300,160870,6244.0070684458,13397.7166116149,20.35,-1.75,-2.15
45301,160870,6248.80511983436,13413.3049021842,16.31,-4.04,-2.29
45302,160870,6252.69121786274,13425.9303662198,13.22,-3.09,0.950000000000005
45303,160870,6255.20644406582,13434.1020329498,8.55,-4.67,-1.58
45304,160870,6257.04800149637,13440.085031047,6.27,-2.28,2.39
45305,160870,6257.78638953961,13442.4839647888,2.51,-3.76,-1.48
45306,160870,6260.54229582417,13450.0382078848,4.9,2.39,6.15
45307,160870,6263.0887377998,13456.1705184824,6.63,1.73,-0.660000000000001
45308,160870,6266.16057518305,13463.568079911,8.01,1.38,-0.35
45309,160870,6269.88819807509,13472.5448960267,9.72,1.71,0.330000000000001
45310,160870,6274.34063652947,13483.2672041649,11.61,1.89,0.179999999999998
45311,160870,6279.29546037362,13495.199350689,12.92,1.31,-0.579999999999998
