"V1","V2","V3","V4","V5","acceleration","jerk"
79769,187856,6639.46964827632,12782.107311979,32.68,0.240000000000002,0
79770,187856,6611.21136688135,12799.0145421662,32.92,0.240000000000002,0
79771,187856,6583.20194371912,12815.772877827,32.65,-0.270000000000003,-0.510000000000005
79772,187856,6550.18586732443,12831.7701119104,33.07,0.420000000000002,0.690000000000005
79773,187856,6522.00367713842,12848.8810749552,32.96,-0.109999999999999,-0.530000000000001
79774,187856,6493.75310432532,12866.0335568669,33.05,0.0899999999999963,0.199999999999996
79775,187856,6467.40869724213,12882.0287003622,30.82,-2.23,-2.31999999999999
79776,187856,6444.65437808072,12895.8441033422,26.63,-4.19,-1.96
79777,187856,6425.2593554747,12907.619891983,22.69,-3.94,0.250000000000004
79778,187856,6404.45896170866,12920.9568962712,21.57,-1.12,2.82
79779,187856,6386.93759196607,12933.1562447105,21.35,-0.219999999999999,0.900000000000002
79780,187856,6368.71865012601,12945.8412814951,22.2,0.849999999999998,1.07
79781,187856,6350.91825154443,12958.2349052726,21.69,-0.509999999999998,-1.36
79782,187856,6335.17451092905,12972.5856804544,21.42,-0.27,0.239999999999998
79783,187856,6320.37345444192,12988.5364273606,21.76,0.34,0.609999999999999
79784,187856,6305.6880312086,13004.3625590565,21.59,-0.170000000000002,-0.510000000000002
79785,187856,6292.59017950272,13021.2830231579,21.49,-0.100000000000001,0.0700000000000003
79786,187856,6281.15930384493,13039.4216196222,21.45,-0.0399999999999991,0.0600000000000023
79787,187856,6269.61113375409,13057.7463397443,21.66,0.210000000000001,0.25
79788,187856,6257.91367983935,13076.3079445217,21.94,0.280000000000001,0.0700000000000003
79789,187856,6250.66378933023,13096.4980755688,21.49,-0.450000000000003,-0.730000000000004
79790,187856,6243.61097420016,13116.8930307965,21.58,0.0899999999999999,0.540000000000003
79791,187856,6236.35552953438,13137.8739393255,22.2,0.620000000000001,0.530000000000001
79792,187856,6229.1164259602,13158.807593556,22.15,-0.0500000000000007,-0.670000000000002
79793,187856,6222.07341548508,13179.1741962047,21.55,-0.599999999999998,-0.549999999999997
79794,187856,6218.85909244989,13200.3952237748,21.46,-0.0899999999999999,0.509999999999998
79795,187856,6215.69214021968,13221.8123410778,21.66,0.199999999999999,0.289999999999999
79796,187856,6214.33273283465,13243.1387070377,21.45,-0.210000000000001,-0.41
79797,187856,6214.91252375892,13265.0110238442,21.88,0.43,0.640000000000001
79798,187856,6215.48701494897,13286.683410881,21.68,-0.199999999999999,-0.629999999999999
79799,187856,6216.50726195883,13308.3730553661,21.77,0.0899999999999999,0.289999999999999
79800,187856,6222.8026819291,13328.8261159537,21.4,-0.370000000000001,-0.460000000000001
79801,187856,6229.08633475924,13349.2409465214,21.36,-0.0399999999999991,0.330000000000002
79802,187856,6235.41117257985,13369.7895821584,21.5,0.140000000000001,0.18
79803,187856,6241.30945157069,13388.9523795781,20.05,-1.45,-1.59
79804,187856,6246.62231533999,13406.2132335132,18.07,-1.98,-0.530000000000001
79805,187856,6250.923205058,13420.1863057464,14.62,-3.45,-1.47
79806,187856,6254.23565500498,13430.9480563172,11.26,-3.36,0.0900000000000016
79807,187856,6256.44199377961,13438.1161850278,7.5,-3.76,-0.4
79808,187856,6257.61870779274,13441.9391870068,4,-3.5,0.26
79809,187856,6260.52312080929,13449.9920308472,5.42,1.42,4.92
79810,187856,6263.30349796642,13456.6877013038,7.25,1.83,0.41
79811,187856,6266.95442079895,13465.479809269,9.52,2.27,0.44
79812,187856,6271.21127410158,13475.7311116233,11.1,1.58,-0.69
79813,187856,6275.98968780887,13487.2384294012,12.46,1.36,-0.219999999999999
