"V1","V2","V3","V4","V5","acceleration","jerk"
58278,208037,6644.57553270693,12779.0524070409,32.58,0.530000000000001,0
58279,208037,6616.17136889966,12796.0469202263,33.11,0.530000000000001,0
58280,208037,6587.97315673328,12812.9182103554,32.86,-0.25,-0.780000000000001
58281,208037,6554.8786251079,12828.9208796655,33.14,0.280000000000001,0.530000000000001
58282,208037,6526.72207840705,12846.0162731351,32.94,-0.200000000000003,-0.480000000000004
58283,208037,6499.31774060409,12862.6549590683,32.06,-0.879999999999995,-0.679999999999993
58284,208037,6475.19576890105,12877.3007393874,28.22,-3.84,-2.96000000000001
58285,208037,6453.96296319221,12890.1923475777,24.85,-3.37,0.470000000000006
58286,208037,6434.76454063904,12901.8487694759,22.45,-2.4,0.969999999999995
58287,208037,6416.04479647545,12913.2145593055,21.9,-0.550000000000001,1.85
58288,208037,6395.38231771086,12927.2765587414,21.85,-0.0499999999999972,0.500000000000004
58289,208037,6377.57371239872,12939.6758964994,21.7,-0.150000000000002,-0.100000000000005
58290,208037,6359.5845590143,12952.2009418291,21.91,0.210000000000001,0.360000000000003
58291,208037,6342.13971398182,12965.0794466162,21.74,-0.170000000000002,-0.380000000000003
58292,208037,6327.48830052902,12980.8689267798,21.54,-0.199999999999999,-0.0299999999999976
58293,208037,6312.54440296366,12996.9736101221,21.97,0.43,0.629999999999999
58294,208037,6298.01238124898,13012.6790340701,21.39,-0.579999999999998,-1.01
58295,208037,6286.18163820577,13031.452143004,22.19,0.800000000000001,1.38
58296,208037,6274.45752646534,13050.0560486127,21.99,-0.200000000000003,-1
58297,208037,6262.65344124783,13068.7868567154,22.14,0.150000000000002,0.350000000000005
58298,208037,6253.60845403467,13087.9828509811,21.36,-0.780000000000001,-0.930000000000003
58299,208037,6246.62100327096,13108.1887890149,21.38,0.0199999999999996,0.800000000000001
58300,208037,6239.41785009827,13129.0184837887,22.04,0.66,0.640000000000001
58301,208037,6232.4009853697,13149.3094795598,21.47,-0.57,-1.23
58302,208037,6225.24685547178,13169.9974114382,21.88,0.41,0.98
58303,208037,6220.59396789794,13188.6627983146,19.33,-2.55,-2.96
58304,208037,6218.27982543688,13204.3126272168,15.82,-3.51,-0.959999999999997
58305,208037,6216.33577023414,13217.4596705867,13.29,-2.53,0.979999999999997
58306,208037,6214.82909088212,13227.6488765091,10.31,-2.98,-0.449999999999998
58307,208037,6214.13001800052,13235.4913933462,7.9,-2.41,0.569999999999999
58308,208037,6214.28795008044,13241.4493004836,5.96,-1.94,0.47
58309,208037,6214.36797606725,13244.4682400063,3.02,-2.94,-1
58310,208037,6214.4209734095,13246.4675377034,2,-1.02,1.92
58311,208037,6214.44508720023,13247.3772181556,0.91,-1.09,-0.0699999999999998
58312,208037,6214.45754157566,13247.8470531144,0.47,-0.44,0.65
58313,208037,6214.46363627002,13248.0769723496,0.22,-0.25,0.19
58314,208037,6214.46840603082,13248.2569091423,0.19,-0.03,0.22
58315,208037,6214.4702609378,13248.3268845617,0.07,-0.12,-0.09
58316,208037,6214.47158587136,13248.3768670042,0.05,-0.02,0.1
58317,208037,6214.47423573847,13248.476831889,0.1,0.05,0.07
58318,208037,6214.48245032652,13248.7867230321,0.31,0.21,0.16
58319,208037,6214.4866901139,13248.9466668478,0.17,-0.14,-0.35
58320,208037,6214.49781955577,13249.3665193642,0.41,0.24,0.38
58321,208037,6214.51159886476,13249.8863367655,0.52,0.11,-0.13
58322,208037,6214.52458321361,13250.3761647013,0.49,-0.03,-0.14
58323,208037,6214.5335927618,13250.7160453098,0.34,-0.15,-0.12
58324,208037,6214.55638161897,13251.5757433196,0.86,0.52,0.67
58325,208037,6214.57413572862,13252.2455080481,0.67,-0.19,-0.71
58326,208037,6214.59930946619,13253.1951744542,0.96,0.29,0.48
58327,208037,6214.6205084031,13253.9948935331,0.79,-0.17,-0.46
58328,208037,6214.64912696791,13255.0745142895,1.09,0.3,0.47
58329,208037,6214.67748054602,13256.1441385575,1.07,-0.02,-0.32
58330,208037,6214.71404871218,13257.5236539685,1.37,0.3,0.32
58331,208037,6214.73789751619,13258.4233379322,0.9,-0.47,-0.77
58332,208037,6214.76545613416,13259.4629727347,1.05,0.15,0.62
58333,208037,6214.81076886179,13261.1723722657,1.7,0.65,0.5
58334,208037,6214.82348822393,13261.652203713,0.48,-1.22,-1.87
58335,208037,6214.8391224399,13262.2419965337,0.59,0.11,1.33
58336,208037,6214.85343172231,13262.7818069119,0.54,-0.0499999999999999,-0.16
58337,208037,6214.86641607116,13263.2716348477,0.49,-0.05,-1.11022302462516e-16
58338,208037,6214.87728052632,13263.6814908756,0.41,-0.08,-0.03
58339,208037,6214.88999988846,13264.1613223229,0.48,0.07,0.15
58340,208037,6214.9072240247,13264.8110940745,0.64,0.16,0.09
58341,208037,6214.93001288187,13265.6707920843,0.86,0.22,0.0599999999999999
58342,208037,6214.95412667259,13266.5804725365,0.91,0.05,-0.17
58343,208037,6214.98698502479,13267.8200371087,1.24,0.33,0.28
58344,208037,6215.01189377565,13268.7597070263,0.94,-0.3,-0.63
58345,208037,6215.04051234047,13269.8393277828,1.08,0.14,0.44
58346,208037,6215.07814045347,13271.2588291477,1.43,0.35,0.21
58347,208037,6215.10384416446,13272.2284885308,0.96,-0.47,-0.82
58348,208037,6215.12318819439,13272.9582321903,0.73,-0.23,0.24
58349,208037,6215.16399614792,13274.497691417,1.54,0.81,1.04
58350,208037,6215.19287969945,13275.587308662,1.09,-0.45,-1.26
58351,208037,6215.22335317125,13276.7369048378,1.15,0.0599999999999998,0.51
58352,208037,6215.25992133741,13278.1164202488,1.38,0.23,0.17
58353,208037,6215.29330966303,13279.375977798,1.26,-0.12,-0.35
58354,208037,6215.31371363979,13280.1457074114,0.77,-0.49,-0.37
58355,208037,6215.35054679266,13281.5352193109,1.4,0.63,1.12
58356,208037,6215.37916535748,13282.6148400674,1.08,-0.32,-0.95
58357,208037,6215.39824440069,13283.3345872383,0.72,-0.36,-0.0400000000000003
58358,208037,6215.42818789907,13284.4641904372,1.13,0.41,0.77
58359,208037,6215.44249718148,13285.0040008154,0.53,-0.6,-1.01
58360,208037,6215.47297065327,13286.1535969913,1.16,0.63,1.23
58361,208037,6215.51377860681,13287.693056218,1.54,0.38,-0.25
58362,208037,6215.53815738425,13288.6127331587,0.92,-0.62,-1
58363,208037,6215.57446056369,13289.9822520813,1.37,0.45,1.07
58364,208037,6215.60228416837,13291.0318833722,1.04,-0.33,-0.78
58365,208037,6215.64627196245,13292.6913004609,1.67,0.63,0.96
58366,208037,6215.71198866684,13295.1704296053,2.48,0.81,0.18
58367,208037,6215.80950377659,13298.849137368,3.68,1.2,0.39
58368,208037,6215.89827432487,13302.1979610107,3.35,-0.33,-1.53
58369,208037,6215.99393452764,13305.806693354,3.61,0.26,0.59
58370,208037,6216.73377940636,13309.1089832471,3.41,-0.2,-0.46
58371,208037,6217.4456913843,13311.4218994444,2.41,-1,-0.8
58372,208037,6218.56651148181,13315.0633088293,3.82,1.41,2.41
58373,208037,6219.95503401731,13319.5744511645,4.71,0.89,-0.52
58374,208037,6221.0464362645,13323.1202855,3.72,-0.99,-1.88
58375,208037,6222.24374277286,13327.0101900136,4.07,0.35,1.34
58376,208037,6223.37338822547,13330.6802719135,3.84,-0.23,-0.580000000000001
58377,208037,6224.28534158565,13333.6430984472,3.1,-0.74,-0.509999999999999
58378,208037,6225.22377101113,13336.6919425254,3.19,0.0899999999999999,0.83
58379,208037,6225.85625479319,13338.7468060891,2.15,-1.04,-1.13
58380,208037,6226.50344750041,13340.8494571776,2.2,0.0500000000000003,1.09
58381,208037,6226.82704385402,13341.9007827218,1.1,-1.1,-1.15
58382,208037,6227.03591059136,13342.579365573,0.71,-0.39,0.71
58383,208037,6227.35068158987,13343.6020186024,1.07,0.36,0.75
58384,208037,6227.46835299118,13343.9843188003,0.4,-0.67,-1.03
58385,208037,6227.48894548641,13344.051221335,0.07,-0.33,0.34
58386,208037,6227.49777084151,13344.0798938498,0.03,-0.04,0.29
58387,208037,6227.50365441158,13344.0990088597,0.02,-0.01,0.03
58388,208037,6227.50659619661,13344.1085663646,0.01,-0.01,-1.73472347597681e-18
58389,208037,6227.50659619661,13344.1085663646,0,-0.01,0
58390,208037,6227.51247976668,13344.1276813745,0.02,0.02,0.03
58391,208037,6227.54778118707,13344.2423714339,0.11,0.09,0.07
58392,208037,6227.63603473806,13344.5290965823,0.3,0.19,0.1
58393,208037,6227.78606577473,13345.0165293346,0.51,0.21,0.02
58394,208037,6227.97728180186,13345.6377671562,0.65,0.14,-0.07
58395,208037,6228.18320675416,13346.3067925026,0.7,0.0499999999999999,-0.0900000000000001
58396,208037,6228.57446416353,13347.5779406606,1.33,0.63,0.58
58397,208037,6228.87746802191,13348.5623636702,1.03,-0.3,-0.93
58398,208037,6229.40698932782,13350.2827145607,1.79,0.76,1.06
58399,208037,6229.99828811942,13352.2037730551,2.02,0.23,-0.53
58400,208037,6230.47485729474,13353.7520888566,1.61,-0.41,-0.64
58401,208037,6231.03085466595,13355.5584572917,1.89,0.28,0.69
58402,208037,6231.68687272827,13357.689780895,2.23,0.34,0.0600000000000003
58403,208037,6232.28993866,13359.6490694092,2.05,-0.18,-0.52
58404,208037,6232.9077135169,13361.6561454482,2.1,0.0500000000000003,0.23
58405,208037,6233.42252589765,13363.328708814,1.75,-0.35,-0.4
58406,208037,6233.6784611955,13364.1602117444,0.87,-0.88,-0.53
58407,208037,6233.93145470833,13364.9821571699,0.86,-0.01,0.87
58408,208037,6234.04912610964,13365.3644573678,0.4,-0.46,-0.45
58409,208037,6234.09325288513,13365.507819942,0.15,-0.25,0.21
58410,208037,6234.1167871654,13365.5842799816,0.08,-0.07,0.18
58411,208037,6234.19621536128,13365.8423326151,0.27,0.19,0.26
58412,208037,6234.2962360524,13366.1672877834,0.34,0.07,-0.12
58413,208037,6234.41096566868,13366.5400304763,0.38,0.04,-0.03
58414,208037,6234.6904352468,13367.4479934463,0.95,0.57,0.53
58415,208037,6235.02579874054,13368.5375490103,1.15,0.2,-0.37
58416,208037,6235.57885432672,13370.3343599404,1.87,0.72,0.52
58417,208037,6236.00541315648,13371.7201981578,1.45,-0.42,-1.14
58418,208037,6237.02327077784,13375.0270948696,3.46,2.01,2.43
58419,208037,6237.91463164279,13377.9230188687,3.03,-0.43,-2.44
58420,208037,6238.79128358258,13380.7711553431,2.98,-0.0499999999999998,0.38
58421,208037,6239.61498339177,13383.4472567284,2.8,-0.18,-0.13
58422,208037,6239.96799759571,13384.594157322,1.2,-1.6,-1.42
58423,208037,6240.27394323913,13385.5881378366,1.03,-0.17,1.43
58424,208037,6240.49163533156,13386.2953932027,0.74,-0.29,-0.12
58425,208037,6240.68285135869,13386.9166310243,0.66,-0.08,0.21
58426,208037,6240.72403634915,13387.0504360935,0.13,-0.53,-0.45
58427,208037,6240.73580348928,13387.0886661133,0.05,-0.08,0.45
58428,208037,6240.74757062942,13387.1268961331,0.04,-0.01,0.07
58429,208037,6240.8093481151,13387.327603737,0.21,0.17,0.18
58430,208037,6240.94172844158,13387.7576914597,0.45,0.24,0.07
58431,208037,6241.07705055309,13388.1973366872,0.46,0.01,-0.23
58432,208037,6241.2388487299,13388.7229994593,0.55,0.09,0.08
58433,208037,6241.5977465039,13389.8890150629,1.22,0.67,0.58
58434,208037,6242.18021994041,13391.7814010425,1.98,0.76,0.0900000000000001
58435,208037,6242.66855625586,13393.3679468638,1.66,-0.32,-1.08
58436,208037,6243.75113314794,13396.8851086845,3.67,2.01,2.33
58437,208037,6244.99845000187,13400.9374907822,4.25,0.58,-1.43
58438,208037,6246.29577720135,13405.152350464,4.41,0.16,-0.42
58439,208037,6247.06358309492,13407.6468592553,2.6,-1.81,-1.97
58440,208037,6247.89316647418,13410.3420756505,2.82,0.22,2.03
58441,208037,6248.77570198403,13413.2093271347,3,0.18,-0.0399999999999996
58442,208037,6249.27874722465,13414.8436604807,1.71,-1.29,-1.47
58443,208037,6249.48761396198,13415.522243332,0.71,-1,0.29
58444,208037,6249.66706284898,13416.1052511338,0.61,-0.1,0.9
58445,208037,6250.13186488417,13417.6153369155,1.58,0.97,1.07
58446,208037,6250.77611580636,13419.708430499,2.19,0.61,-0.36
58447,208037,6251.50862027954,13422.0882492309,2.48,0.29,-0.32
58448,208037,6252.69121786274,13425.9303662198,4.02,1.54,1.25
58449,208037,6254.20917893968,13430.8620387727,5.16,1.14,-0.399999999999999
58450,208037,6255.12995765496,13433.8535378212,3.12,-2.04,-3.18
58451,208037,6255.58887612008,13435.344508593,1.57,-1.55,0.49
58452,208037,6256.02720208998,13436.7685768302,1.49,-0.0800000000000001,1.47
58453,208037,6256.17429134162,13437.2464520776,0.5,-0.99,-0.91
58454,208037,6256.73028871283,13439.0528205126,1.89,1.39,2.38
58455,208037,6257.7040195587,13442.2163546502,3.31,1.42,0.0300000000000002
58456,208037,6260.46559576466,13449.8534997343,4.98,1.67,0.25
58457,208037,6263.18461287418,13456.4014036705,7.09,2.11,0.439999999999999
58458,208037,6266.49038543893,13464.3623249583,8.62,1.53,-0.58
58459,208037,6270.28320338155,13473.4961430019,9.89,1.27,-0.259999999999998
58460,208037,6274.63976676154,13483.9875659519,11.35,1.46,0.189999999999998
58461,208037,6279.73648571578,13496.2614225546,13.3,1.95,0.490000000000002
