"V1","V2","V3","V4","V5","acceleration","jerk"
56498,215875,6657.39602235288,12771.3817717844,32.83,0.0500000000000043,0
56499,215875,6629.18064754976,12788.2633305015,32.88,0.0500000000000043,0
56500,215875,6600.61343869343,12805.3553952732,33.29,0.409999999999997,0.359999999999992
56501,215875,6572.34657598009,12822.2677597544,32.93,-0.359999999999999,-0.769999999999996
56502,215875,6539.458342701,12838.2833841643,32.97,0.0399999999999991,0.399999999999999
56503,215875,6511.0368133202,12855.5396632435,33.25,0.280000000000001,0.240000000000002
56504,215875,6483.0255797019,12872.5468291208,32.78,-0.469999999999999,-0.75
56505,215875,6458.29671218351,12887.5610893843,28.92,-3.86,-3.39
56506,215875,6437.24341087075,12900.3437105487,24.63,-4.29,-0.430000000000003
56507,215875,6418.79719721549,12911.5434249105,21.58,-3.05,1.24
56508,215875,6398.1890195619,12925.3223773989,21.65,0.0700000000000003,3.12
56509,215875,6380.36400078864,12937.7331431179,21.73,0.0800000000000018,0.0100000000000016
56510,215875,6362.35022721254,12950.2753303892,21.95,0.219999999999999,0.139999999999997
56511,215875,6344.26259306141,12962.8689434854,22.03,0.0800000000000018,-0.139999999999997
56512,215875,6329.37244237045,12978.8384318841,21.84,-0.190000000000001,-0.270000000000003
56513,215875,6314.29930763907,12995.0823910495,22.16,0.32,0.510000000000002
56514,215875,6299.47784528362,13011.0551288752,21.79,-0.370000000000001,-0.690000000000001
56515,215875,6287.54118731619,13029.2948006074,21.83,0.0399999999999991,0.41
56516,215875,6275.90771218312,13047.7548833897,21.82,-0.00999999999999801,-0.0499999999999972
56517,215875,6264.47683652533,13065.893479854,21.43,-0.390000000000001,-0.380000000000003
56518,215875,6254.50067763546,13085.4027662837,22.05,0.620000000000001,1.01
56519,215875,6247.31713377268,13106.1757558993,21.98,-0.0700000000000003,-0.690000000000001
56520,215875,6240.24797755102,13126.6179654255,21.63,-0.350000000000001,-0.280000000000001
56521,215875,6233.21150351255,13146.9656663548,21.53,-0.0999999999999979,0.250000000000004
56522,215875,6226.21097987557,13167.2094078273,21.42,-0.109999999999999,-0.0100000000000016
56523,215875,6220.66710767231,13188.1681766678,21.77,0.349999999999998,0.459999999999997
56524,215875,6217.45480878199,13209.8919593918,21.96,0.190000000000001,-0.159999999999997
56525,215875,6214.28493096081,13231.3288615607,21.66,-0.300000000000001,-0.490000000000002
56526,215875,6214.59798453264,13253.1451920118,21.84,0.18,0.48
56527,215875,6215.18042532402,13275.1174737032,21.99,0.149999999999999,-0.0300000000000011
56528,215875,6215.76816584963,13297.2896851642,22.18,0.190000000000001,0.0400000000000027
56529,215875,6219.70204050449,13318.7525057391,22.02,-0.16,-0.350000000000001
56530,215875,6226.1533750815,13339.7121140888,21.93,-0.0899999999999999,0.0700000000000003
56531,215875,6232.51939789257,13360.3945547951,21.65,-0.280000000000001,-0.190000000000001
56532,215875,6238.91778033899,13381.1821280558,21.74,0.0899999999999999,0.370000000000001
56533,215875,6244.65720293806,13399.8288202083,19.51,-2.23,-2.32
56534,215875,6249.30522328994,13414.9296780253,15.8,-3.71,-1.48
56535,215875,6252.79712212392,13426.2744363979,11.87,-3.93,-0.220000000000001
56536,215875,6255.54769112962,13435.2107035238,9.35,-2.52,1.41
56537,215875,6257.05682685147,13440.1137035618,5.13,-4.22,-1.7
56538,215875,6258.00702341708,13443.2007776598,3.23,-1.9,2.32
56539,215875,6258.21294836938,13443.8698030061,0.69,-2.54,-0.64
56540,215875,6258.36297940605,13444.3572357585,0.51,-0.18,2.36
56541,215875,6258.40416439651,13444.4910408277,0.14,-0.37,-0.19
56542,215875,6258.41,13444.51,0.03,-0.11,0.26
56543,215875,6260.37739069623,13449.6410853612,2.34,2.31,2.42
56544,215875,6262.04178198753,13453.6492522276,4.34,2,-0.31
56545,215875,6264.49234888878,13459.550677637,6.4,2.06,0.0600000000000005
56546,215875,6267.75977142377,13467.4192448495,8.52,2.12,0.0599999999999987
56547,215875,6271.55258936639,13476.5530628932,9.88,1.36,-0.759999999999998
56548,215875,6275.97434779697,13487.2014877711,11.53,1.65,0.289999999999997
56549,215875,6281.09024176608,13499.5215214114,13.34,1.81,0.160000000000002
