"V1","V2","V3","V4","V5","acceleration","jerk"
30933,223663,6238.15540250874,13489.2025608156,22.12,-0.490000000000002,0
30934,223663,6228.34190593363,13469.9404552519,21.63,-0.490000000000002,0
30935,223663,6219.00932136762,13450.272314381,21.77,0.140000000000001,0.630000000000003
30936,223663,6209.75390102861,13430.7667947943,21.59,-0.18,-0.32
30937,223663,6200.24555350109,13410.728238776,22.18,0.59,0.77
30938,223663,6190.73720597358,13390.6896827578,22.18,0,-0.59
30939,223663,6181.54608915707,13371.3196809079,21.44,-0.739999999999998,-0.739999999999998
30940,223663,6172.18349628056,13351.5882984265,21.84,0.399999999999999,1.14
30941,223663,6160.36432154013,13320.1510208195,21.76,-0.0799999999999983,-0.479999999999997
30942,223663,6152.95124462873,13299.894881239,21.57,-0.190000000000001,-0.110000000000003
30943,223663,6145.57253525054,13279.7326505114,21.47,-0.100000000000001,0.0899999999999999
30944,223663,6138.2213198989,13259.6455468662,21.39,-0.0799999999999983,0.0200000000000031
30945,223663,6130.76356519434,13239.2673257769,21.7,0.309999999999999,0.389999999999997
30946,223663,6121.92943328985,13219.3924684568,21.77,0.0700000000000003,-0.239999999999998
30947,223663,6112.88141086787,13199.7788688318,21.6,-0.169999999999998,-0.239999999999998
30948,223663,6104.89736886032,13182.4716832367,19.05,-2.55,-2.38
30949,223663,6098.40457499269,13168.3971094317,15.5,-3.55,-1
30950,223663,6093.45329605622,13157.6641118591,11.81,-3.69,-0.139999999999999
30951,223663,6090.31162160414,13150.8538342116,7.5,-4.31,-0.620000000000001
30952,223663,6088.35959454459,13146.6223816999,4.66,-2.84,1.47
30953,223663,6083.79097392478,13137.354830224,6.91,2.25,5.09
30954,223663,6079.78035354271,13129.7812033418,8.57,1.66,-0.59
30955,223663,6075.03499873826,13120.8201092245,10.15,1.58,-0.0800000000000001
30956,223663,6069.40515472469,13110.1887520024,12.02,1.87,0.289999999999999
30957,223663,6063.2003831801,13097.5306592231,14.1,2.08,0.210000000000001
30958,223663,6056.50588663753,13083.3958328697,15.64,1.54,-0.539999999999999
30959,223663,6048.95103599966,13067.4444463519,17.65,2.01,0.469999999999997
30960,223663,6040.72416748634,13050.0741546312,19.22,1.57,-0.439999999999998
30961,223663,6032.03929952926,13031.7368383453,20.29,1.07,-0.5
30962,223663,6022.92639470885,13012.4957607836,21.3,1.01,-0.0599999999999987
30963,223663,6009.91305869529,12984.5932561868,21.52,0.219999999999999,-0.790000000000003
30964,223663,6000.8212074704,12964.5598280901,21.99,0.469999999999999,0.25
30965,223663,5991.8161420981,12944.7176281707,21.79,-0.199999999999999,-0.669999999999998
30966,223663,5982.92679119594,12925.1303991544,21.51,-0.279999999999998,-0.0799999999999983
30967,223663,5973.95478710083,12905.3610480644,21.72,0.209999999999997,0.489999999999995
30968,223663,5964.89186449347,12885.3913626935,21.93,0.210000000000001,3.5527136788005e-15
30969,223663,5956.57282062269,12867.0607759851,20.13,-1.8,-2.01
30970,223663,5949.67954433036,12851.8717950463,16.68,-3.45,-1.65
30971,223663,5944.35667870415,12840.1431335061,12.87,-3.81,-0.360000000000001
30972,223663,5940.64141768088,12831.9567462975,8.99,-3.88,-0.0699999999999985
30973,223663,5938.42631210973,12827.0758747249,5.36,-3.63,0.249999999999999
30974,223663,5934.56304642097,12817.1051062334,7.73,2.37,6
30975,223663,5931.73697957566,12808.1924272767,9.35,1.62,-0.750000000000001
30976,223663,5928.53914136996,12798.107278254,10.58,1.23,-0.389999999999999
30977,223663,5924.96348674108,12786.8305946114,11.83,1.25,0.0199999999999996
30978,223663,5921.04024100289,12774.4576991185,12.99,1.16,-0.0899999999999999
30979,223663,5916.61827758612,12760.5119779274,14.63,1.64,0.48
30980,223663,5911.85174559141,12745.4795771629,15.78,1.15,-0.490000000000002
30981,223663,5906.54418047873,12728.7408988228,17.55,1.77,0.620000000000003
30982,223663,5900.71673996776,12710.3626688457,19.28,1.73,-0.0400000000000009
30983,223663,5894.39964937237,12690.4402100012,20.9,1.62,-0.110000000000003
30984,223663,5887.79541829537,12669.6121848457,21.85,0.950000000000003,-0.669999999999995
30985,223663,5882.90250033164,12648.2459252543,21.97,0.119999999999997,-0.830000000000005
30986,223663,5879.21778847198,12626.6276968692,21.93,-0.0399999999999991,-0.159999999999997
30987,223663,5875.5246755365,12604.9601793177,21.98,0.0500000000000007,0.0899999999999999
30988,223663,5871.80467915835,12583.1349364337,22.14,0.16,0.109999999999999
30989,223663,5868.16533310818,12561.7828695471,21.66,-0.48,-0.640000000000001
30990,223663,5864.43861586937,12539.91819533,22.18,0.52,1
30991,223663,5861.87820976372,12515.1169856164,21.69,-0.489999999999998,-1.01
