"V1","V2","V3","V4","V5","acceleration","jerk"
19748,22723,6236.71771870048,13486.6380598373,21.38,0.650000000000002,0
19749,22723,6226.91008083255,13466.9229269787,22.03,0.650000000000002,0
19750,22723,6217.75325922805,13447.6252012551,21.36,-0.670000000000002,-1.32
19751,22723,6208.41638776054,13427.9480258684,21.78,0.420000000000002,1.09
19752,22723,6199.00235206603,13408.1082291975,21.96,0.18,-0.240000000000002
19753,22723,6189.51972594751,13388.123880274,22.12,0.16,-0.0199999999999996
19754,22723,6180.27287941151,13368.6364297188,21.56,-0.560000000000002,-0.720000000000002
19755,22723,6166.88384258831,13337.9655302235,21.66,0.100000000000001,0.660000000000004
19756,22723,6159.53950074331,13317.8972083488,21.37,-0.289999999999999,-0.390000000000001
19757,22723,6152.08518279208,13297.5283781448,21.69,0.32,0.609999999999999
19758,22723,6144.675542634,13277.2816294495,21.56,-0.130000000000003,-0.450000000000003
19759,22723,6137.18342039624,13256.8094995072,21.8,0.240000000000002,0.370000000000005
19760,22723,6129.7978375114,13236.6284870091,21.49,-0.310000000000002,-0.550000000000004
19761,22723,6120.73140809879,13216.7954825806,21.81,0.32,0.630000000000003
19762,22723,6112.37455405626,13198.680144038,19.96,-1.85,-2.17
19763,22723,6105.6806930237,13184.1697124635,15.97,-3.99,-2.14
19764,22723,6100.19323498074,13172.2744275058,13.1,-2.87,1.12
19765,22723,6096.51119252291,13164.2927821028,8.8,-4.3,-1.43
19766,22723,6093.72138560946,13158.2452555517,6.66,-2.14,2.16
19767,22723,6091.40492431347,13153.2238108329,5.53,-1.13,1.01
19768,22723,6088.99630723354,13148.0025979698,5.75,0.22,1.35
19769,22723,6087.88624892714,13145.5962998676,2.65,-3.1,-3.32
19770,22723,6084.42275193129,13138.5478752988,4.42,1.77,4.87
19771,22723,6081.71780609601,13133.4398749045,5.78,1.36,-0.41
19772,22723,6077.99733561323,13126.4141650196,7.95,2.17,0.81
19773,22723,6073.67316614644,13118.2484342855,9.23,1.28,-0.89
19774,22723,6068.74529769566,13108.9426827021,10.53,1.3,0.0199999999999987
19775,22723,6063.30739239594,13097.7565995421,12.44,1.91,0.610000000000001
19776,22723,6057.4133247878,13085.3118067744,13.77,1.33,-0.58
19777,22723,6050.7145478766,13071.1679428082,15.65,1.88,0.550000000000001
19778,22723,6043.56633225889,13056.0751295025,16.7,1.05,-0.830000000000002
19779,22723,6035.62624844402,13039.3103578365,18.55,1.85,0.800000000000002
19780,22723,6026.95850196147,13021.0091920016,20.25,1.7,-0.150000000000002
19781,22723,6017.78995234882,13001.6506254741,21.42,1.17,-0.529999999999998
19782,22723,5995.08197200916,12981.168967944,22.08,0.659999999999997,-0.510000000000005
19783,22723,5975.09293445972,12972.6916047298,21.94,-0.139999999999997,-0.799999999999994
19784,22723,5953.6843456821,12974.5346158455,21.81,-0.130000000000003,0.00999999999999446
19785,22723,5934.6290286576,12984.6950056949,21.59,-0.219999999999999,-0.0899999999999963
19786,22723,5921.05278120932,13001.7547775877,22.06,0.469999999999999,0.689999999999998
19787,22723,5910.14338415601,13020.3310778831,21.62,-0.439999999999998,-0.909999999999997
19788,22723,5903.99,13040.4646145411,21.53,-0.0899999999999999,0.349999999999998
19789,22723,5907.8130592949,13060.9646482844,21.44,-0.0899999999999999,0
19790,22723,5920.72358466415,13077.2277331835,21.68,0.239999999999998,0.329999999999998
19791,22723,5941.3929281974,13083.4197852208,21.98,0.300000000000001,0.0600000000000023
19792,22723,5960.34613860294,13082.9730539591,19.07,-2.91,-3.21
19793,22723,5974.79183148121,13080.4755437455,14.67,-4.4,-1.49
19794,22723,5987.57144880957,13077.4995649874,13.13,-1.54,2.86
19795,22723,5997.55802028189,13074.9374388725,10.31,-2.82,-1.28
19796,22723,6004.46434953481,13073.165570861,7.13,-3.18,-0.36
19797,22723,6008.82318286414,13072.0472810921,4.5,-2.63,0.550000000000001
19798,22723,6017.78587953877,13068.8479882759,6.27,1.77,4.4
19799,22723,6024.95808711023,13065.6081829496,7.87,1.6,-0.169999999999999
19800,22723,6033.54286415257,13061.7302965236,9.42,1.55,-0.0500000000000007
19801,22723,6043.83183791137,13057.0825961255,11.28,1.86,0.31
19802,22723,6055.61540130387,13051.7597647572,12.94,1.66,-0.199999999999999
19803,22723,6069.2672017385,13045.5930196763,14.98,2.04,0.380000000000001
19804,22723,6084.37713840112,13038.7676102342,16.58,1.6,-0.440000000000003
19805,22723,6100.79028431752,13031.3535195194,18.01,1.43,-0.169999999999995
19806,22723,6118.87117354469,13023.1860814416,19.84,1.83,0.399999999999995
19807,22723,6137.9180780229,13014.5822782246,20.9,1.06,-0.77
19808,22723,6158.45957213481,13005.3033440374,22.54,1.64,0.580000000000002
19809,22723,6180.18580193197,12995.4892450568,23.84,1.3,-0.34
19810,22723,6202.96006714301,12985.2017310666,24.99,1.15,-0.150000000000002
19811,22723,6227.18335523061,12974.2596693676,26.57,1.58,0.430000000000003
19812,22723,6252.19950489219,12962.9594589223,27.45,0.879999999999999,-0.700000000000003
19813,22723,6278.18845634754,12951.0119667686,28.62,1.17,0.290000000000003
19814,22723,6304.3421373561,12936.7909306002,29.77,1.15,-0.0200000000000031
19815,22723,6331.68182674092,12921.9250036415,31.12,1.35,0.200000000000003
19816,22723,6359.98789332123,12906.5336101129,32.22,1.1,-0.250000000000004
19817,22723,6389.22519610808,12890.6358578897,33.28,1.06,-0.0399999999999956
19818,22723,6418.81982685019,12874.4940522203,32.85,-0.43,-1.49
19819,22723,6447.74799857836,12858.5937069264,33.02,0.170000000000002,0.600000000000001
19820,22723,6476.40450313791,12842.8426832636,32.7,-0.32,-0.490000000000002
19821,22723,6505.46412672185,12826.8700855675,33.15,0.449999999999996,0.769999999999996
19822,22723,6534.47993302054,12810.9215720055,33.12,-0.0300000000000011,-0.479999999999997
19823,22723,6563.08345058176,12794.1681894805,33.14,0.0200000000000031,0.0500000000000043
19824,22723,6591.287002571,12777.5408849729,32.74,-0.399999999999999,-0.420000000000002
19825,22723,6619.43886814853,12760.9440520068,32.68,-0.0600000000000023,0.339999999999996
19826,22723,6647.82332257875,12744.2100971037,32.95,0.270000000000003,0.330000000000005
