"V1","V2","V3","V4","V5","acceleration","jerk"
26369,252219,6238.63952052581,13490.0661172674,21.7,0.52,0
26370,252219,6228.51338199364,13470.3018358835,22.22,0.52,0
26371,252219,6219.17651052613,13450.6246604967,21.79,-0.43,-0.949999999999999
26372,252219,6209.66816299861,13430.5861044785,22.18,0.390000000000001,0.82
26373,252219,6200.45132477311,13411.1618955339,21.5,-0.68,-1.07
26374,252219,6191.07158429059,13391.3943749893,21.88,0.379999999999999,1.06
26375,252219,6181.75186042909,13371.7533376657,21.74,-0.140000000000001,-0.52
26376,252219,6172.27780811357,13351.7870577738,22.1,0.360000000000003,0.500000000000004
26377,252219,6160.37806855341,13320.1885843607,21.94,-0.16,-0.520000000000003
26378,252219,6152.98561216193,13299.988790092,21.51,-0.43,-0.27
26379,252219,6145.60690278374,13279.8265593644,21.47,-0.0400000000000027,0.389999999999997
26380,252219,6137.99793093309,13259.0351393221,22.14,0.670000000000002,0.710000000000004
26381,252219,6131.06943623983,13240.1031145681,20.16,-1.98,-2.65
26382,252219,6123.91078264429,13223.6874835599,17.92,-2.24,-0.259999999999998
26383,252219,6117.77823411384,13210.3938215918,14.64,-3.28,-1.04
26384,252219,6112.2740204738,13198.4622151533,13.14,-1.5,1.78
26385,252219,6107.89662073724,13188.9732282976,10.45,-2.69,-1.19
26386,252219,6104.12242249547,13180.7918147503,9.01,-1.44,1.25
26387,252219,6100.40686884348,13172.7375263858,8.87,-0.140000000000001,1.3
26388,252219,6097.94798497232,13167.4073490803,5.87,-3,-2.86
26389,252219,6095.30897843258,13161.6867158563,6.3,0.43,3.43
26390,252219,6093.21452879786,13157.1465307579,5,-1.3,-1.73
26391,252219,6090.53782216469,13151.3441742022,6.39,1.39,2.69
26392,252219,6088.71146208322,13147.3851327964,4.37,-2.02,-3.41
26393,252219,6084.74566069017,13139.1576538926,5.71,1.34,3.36
26394,252219,6081.42297635964,13132.8831205363,7.1,1.39,0.0499999999999998
26395,252219,6077.20644314582,13124.9206493334,9.01,1.91,0.52
26396,252219,6072.31601339172,13115.6855967174,10.45,1.44,-0.470000000000001
26397,252219,6066.77021062032,13105.0680282633,11.97,1.52,0.0800000000000018
26398,252219,6061.01311480846,13092.9124391038,13.45,1.48,-0.0400000000000027
26399,252219,6054.67388886246,13079.5277346093,14.81,1.36,-0.119999999999997
26400,252219,6047.56847693108,13064.5252974311,16.6,1.79,0.43
26401,252219,6040.00506555594,13048.5558356878,17.67,1.07,-0.720000000000001
26402,252219,6031.8124399917,13031.2578448691,19.14,1.47,0.399999999999999
26403,252219,6023.11473092871,13012.893415745,20.32,1.18,-0.289999999999999
26404,252219,6005.22604435834,12988.265600679,22.14,1.82,0.640000000000001
26405,252219,5987.14210824124,12976.4441786708,21.7,-0.440000000000001,-2.26
26406,252219,5966.31749562587,12972.4746346567,21.64,-0.0599999999999987,0.380000000000003
26407,252219,5945.80929986837,12978.7130381545,21.72,0.0799999999999983,0.139999999999997
26408,252219,5928.39531789385,12991.3679804377,22.01,0.290000000000003,0.210000000000004
26409,252219,5915.67864468943,13009.3570638666,22.03,0.0199999999999996,-0.270000000000003
26410,252219,5905.9477140937,13029.0989027404,22.03,0,-0.0199999999999996
26411,252219,5903.99,13050.8146145411,22.16,0.129999999999999,0.129999999999999
26412,252219,5912.95089767122,13070.7814205044,22.17,0.0100000000000016,-0.119999999999997
26413,252219,5930.44302777843,13081.8904390018,21.38,-0.790000000000003,-0.800000000000004
26414,252219,5951.18771010512,13083.9659970664,21.02,-0.359999999999999,0.430000000000003
26415,252219,5968.02226053485,13081.645932229,17.05,-3.97,-3.61
26416,252219,5982.66049659186,13078.7595047936,14.93,-2.12,1.85
26417,252219,5994.35185621076,13075.7600031247,12.07,-2.86,-0.739999999999998
26418,252219,6002.00403027781,13073.7967833083,7.9,-4.17,-1.31
26419,252219,6007.51553286534,13072.3827680228,5.68,-2.22,1.95
26420,252219,6017.54893240172,13068.9550212345,7.37,1.69,3.91
26421,252219,6025.7874020899,13065.2335675942,9.04,1.67,-0.0200000000000014
26422,252219,6035.59336822319,13060.8040497658,10.76,1.72,0.0500000000000016
26423,252219,6046.91215069302,13055.6911676626,12.41,1.65,-0.0700000000000003
26424,252219,6059.73463614797,13049.8990379371,14.08,1.67,0.0199999999999996
26425,252219,6073.65072377392,13043.6129099407,15.27,1.19,-0.48
26426,252219,6088.82445389651,13036.7586839328,16.64,1.37,0.180000000000001
26427,252219,6104.94597256731,13029.4763260903,17.7,1.06,-0.310000000000002
26428,252219,6122.3798138433,13021.6011703227,19.13,1.43,0.370000000000001
26429,252219,6140.99839080455,13013.1908497617,20.44,1.31,-0.119999999999997
26430,252219,6161.29382442798,13004.0230651855,22.26,1.82,0.509999999999998
26431,252219,6182.61906676244,12994.3900989042,23.4,1.14,-0.680000000000003
26432,252219,6204.81007748228,12984.3660506585,24.35,0.950000000000003,-0.189999999999994
26433,252219,6228.03089691314,12973.8768207077,25.48,1.13,0.179999999999996
26434,252219,6252.26329835217,12962.9306423565,26.6,1.12,-0.00999999999999801
26435,252219,6277.27479063545,12951.5087715255,27.5,0.899999999999999,-0.220000000000002
26436,252219,6302.55873216808,12937.76065527,28.78,1.28,0.380000000000003
26437,252219,6328.93204435742,12923.4201948812,30.02,1.24,-0.0400000000000027
26438,252219,6356.46500918134,12908.4491746085,31.35,1.33,0.0900000000000034
26439,252219,6384.8677134812,12893.005234423,32.33,0.979999999999997,-0.350000000000005
26440,252219,6414.32417338259,12876.965084373,32.69,0.359999999999999,-0.619999999999997
26441,252219,6443.19976436845,12861.0936400399,32.95,0.260000000000005,-0.0999999999999943
26442,252219,6471.8387420139,12845.3522500306,32.68,-0.270000000000003,-0.530000000000008
26443,252219,6500.49524657346,12829.6012263678,32.71,0.0300000000000011,0.300000000000004
26444,252219,6529.41465484457,12813.7056979007,33,0.289999999999999,0.259999999999998
26445,252219,6558.19908467525,12797.0477501573,33.26,0.259999999999998,-0.0300000000000011
26446,252219,6586.4715518801,12780.3798169276,32.82,-0.439999999999998,-0.699999999999996
26447,252219,6615.06275195716,12763.5239758583,33.19,0.369999999999997,0.809999999999995
26448,252219,6643.35244796591,12746.845885448,32.85,-0.339999999999996,-0.709999999999994
