"V1","V2","V3","V4","V5","acceleration","jerk"
60503,270224,6636.42328025469,12783.9299863539,32.67,0.399999999999999,0
60504,270224,6608.04486040253,12800.9090966573,33.07,0.399999999999999,0
60505,270224,6579.91529878311,12817.7393124342,32.78,-0.289999999999999,-0.689999999999998
60506,270224,6547.12574476253,12833.6280812068,32.81,0.0300000000000011,0.32
60507,270224,6518.69566755334,12850.8895501442,33.26,0.449999999999996,0.419999999999995
60508,270224,6490.67588610665,12867.90190588,32.78,-0.479999999999997,-0.929999999999993
60509,270224,6465.04949660782,12883.4611012722,29.99,-2.79,-2.31000000000001
60510,270224,6442.48322967088,12897.1623273681,26.4,-3.59,-0.799999999999997
60511,270224,6424.17378126978,12908.279003996,21.42,-4.98,-1.39
60512,270224,6403.02278386091,12921.9568428646,22.05,0.629999999999999,5.61
60513,270224,6384.8120487514,12934.6361656687,22.19,0.140000000000001,-0.489999999999998
60514,270224,6367.01985690038,12947.0240754656,21.68,-0.510000000000002,-0.650000000000002
60515,270224,6349.21125158824,12959.4234132236,21.71,0.0300000000000011,0.540000000000003
60516,270224,6333.40600234144,12974.4915601399,21.94,0.23,0.199999999999999
60517,270224,6319.94493120723,12988.998236669,19.79,-2.15,-2.38
60518,270224,6308.96657405179,13000.8293513319,16.14,-3.65,-1.5
60519,270224,6301.12391866132,13009.2811947064,11.54,-4.6,-0.950000000000003
60520,270224,6295.88508675856,13016.0546404084,8.6,-2.94,1.66
60521,270224,6292.84076306425,13020.8853953436,5.7,-2.9,0.04
60522,270224,6290.72946326925,13024.2356211831,3.96,-1.74,1.16
60523,270224,6289.337924768,13026.4437245773,2.61,-1.35,0.39
60524,270224,6288.36757991272,13027.9834748369,1.82,-0.79,0.56
60525,270224,6287.69047114008,13029.0579159521,1.27,-0.55,0.24
60526,270224,6287.09866740966,13029.9969944071,1.12,-0.15,0.4
60527,270224,6286.18163820577,13031.452143004,1.71,0.59,0.74
60528,270224,6285.79243395063,13032.0697351411,0.73,-0.98,-1.57
60529,270224,6285.10466204772,13033.1610965888,1.29,0.56,1.54
60530,270224,6284.75811031369,13033.7110073958,0.65,-0.64,-1.2
60531,270224,6284.27293788605,13034.4808825256,0.92,0.27,0.91
60532,270224,6283.87307050063,13035.1153949952,0.75,-0.17,-0.44
60533,270224,6283.35590868216,13035.9360311226,0.97,0.22,0.39
60534,270224,6282.59882643243,13037.1373747317,1.41,0.44,0.22
60535,270224,6282.02301739743,13038.0510726879,1.08,-0.33,-0.77
60536,270224,6281.18063010549,13039.3877789572,1.59,0.51,0.84
60537,270224,6280.59948950535,13040.3099370797,1.09,-0.5,-1.01
60538,270224,6279.47986082618,13042.0865719946,2.1,1.01,1.51
60539,270224,6278.06699606437,13044.3285160538,2.65,0.55,-0.46
60540,270224,6277.22460877243,13045.6652223231,1.58,-1.07,-1.62
60541,270224,6276.16895887493,13047.3403352429,1.99,0.41,1.48
60542,270224,6275.79041775006,13047.9410070474,0.71,-1.28,-1.69
60543,270224,6275.03866706548,13049.1338904903,1.41,0.7,1.98
60544,270224,6274.2602585552,13050.3690747644,1.46,0.05,-0.65
60545,270224,6273.57781821742,13051.4519760459,1.28,-0.18,-0.23
60546,270224,6272.07431684825,13053.8377429316,2.82,1.54,1.72
60547,270224,6270.8054043452,13055.8512625018,2.37,-0.45,-1.99
60548,270224,6269.32856080172,13058.1947285562,2.78,0.41,0.859999999999999
60549,270224,6267.54248648019,13061.0288842537,3.35,0.57,0.160000000000001
60550,270224,6266.36954214964,13062.8901208312,2.21,-1.14,-1.71
60551,270224,6265.36720790352,13064.4806320884,1.88,-0.33,0.81
60552,270224,6263.37853410672,13067.6362741038,3.73,1.85,2.18
60553,270224,6261.85903804213,13070.0474214883,2.85,-0.88,-2.73
60554,270224,6260.21691597935,13072.6531526968,3.08,0.23,1.11
60555,270224,6258.53214139546,13075.3265652354,3.16,0.0800000000000001,-0.15
60556,270224,6257.01393752194,13078.1350551761,3.21,0.0499999999999998,-0.0300000000000002
60557,270224,6255.84718358245,13081.5090120882,3.57,0.36,0.31
60558,270224,6254.38955821265,13085.7240955134,4.46,0.89,0.53
60559,270224,6252.79793589183,13090.3266641862,4.86,0.4,-0.49
60560,270224,6251.49064856466,13094.1070080653,4,-0.86,-1.26
60561,270224,6250.39906364648,13097.2635952043,3.34,-0.66,0.2
60562,270224,6249.18001821389,13100.7887658716,3.73,0.39,1.05
60563,270224,6247.6668331327,13105.1645139116,4.63,0.9,0.51
60564,270224,6246.49027453825,13108.5668234028,3.61,-1.02,-1.92
60565,270224,6245.37581209184,13111.7895665598,3.41,-0.2,0.82
60566,270224,6244.11754803944,13115.4281475434,3.84,0.43,0.629999999999999
60567,270224,6242.797187839,13119.2462948613,4.04,0.2,-0.23
60568,270224,6241.71540757577,13122.3745294212,3.32,-0.72,-0.92
60569,270224,6240.41465668524,13126.1359715809,3.97,0.65,1.37
60570,270224,6239.61394319735,13128.4514322069,2.45,-1.52,-2.17
60571,270224,6238.60079551879,13131.3811987132,3.1,0.65,2.17
60572,270224,6237.49286950902,13134.5850401507,3.39,0.29,-0.36
60573,270224,6236.47645361215,13137.5242575167,3.12,-0.27,-0.56
60574,270224,6235.40774622219,13140.6146886379,3.27,0.15,0.42
60575,270224,6234.51879083971,13143.1853224757,2.71,-0.56,-0.71
60576,270224,6233.83573321127,13145.1605521525,2.09,-0.62,-0.0600000000000001
60577,270224,6233.06116546992,13147.4004059009,2.37,0.28,0.9
60578,270224,6232.63629708859,13148.6290176616,1.31,-1.06,-1.34
60579,270224,6232.10030928446,13150.178958652,1.64,0.33,1.39
60580,270224,6231.69831843135,13151.3414143948,1.23,-0.41,-0.74
60581,270224,6231.25710895843,13152.617280454,1.35,0.12,0.53
60582,270224,6230.58712420326,13154.554706692,2.05,0.7,0.58
60583,270224,6229.9923084694,13156.274763157,1.81,-0.24,-0.94
60584,270224,6229.299446186,13158.278345413,2.13,0.32,0.56
60585,270224,6228.54448775456,13160.4614940031,2.31,0.18,-0.14
60586,270224,6227.88103943602,13162.3800185218,2.02,-0.29,-0.47
60587,270224,6227.43656174479,13163.6653354407,1.37,-0.65,-0.36
60588,270224,6226.78618629952,13165.5460565205,1.99,0.62,1.27
60589,270224,6225.95605884677,13167.9465748837,2.54,0.55,-0.0699999999999998
60590,270224,6225.32202449309,13169.7800416651,1.94,-0.6,-1.15
60591,270224,6224.92003363999,13170.9424974079,1.23,-0.71,-0.11
60592,270224,6224.32521790613,13172.6625538729,1.82,0.59,1.3
60593,270224,6223.80230297526,13174.1746914246,1.6,-0.22,-0.81
60594,270224,6223.2434376429,13175.7907884329,1.71,0.11,0.33
60595,270224,6222.75647311353,13177.1989665278,1.49,-0.22,-0.33
60596,270224,6222.23028996434,13178.7205549392,1.61,0.12,0.34
60597,270224,6221.96229606227,13179.4955254344,0.82,-0.79,-0.91
60598,270224,6221.7364111736,13180.9368081928,1.47,0.65,1.44
60599,270224,6221.4570172355,13182.8262628833,1.91,0.44,-0.21
60600,270224,6221.30049811835,13183.8847532072,1.07,-0.84,-1.28
60601,270224,6221.14983018315,13184.9036737995,1.02,-0.05,0.79
60602,270224,6220.93333645102,13186.3677538738,1.48,0.46,0.51
60603,270224,6220.7841313113,13187.3767820331,1.02,-0.46,-0.92
60604,270224,6220.66564487682,13188.1780691008,0.81,-0.21,0.25
60605,270224,6220.46231630408,13189.5531172787,1.39,0.58,0.79
60606,270224,6220.31164836887,13190.5720378709,1.04,-0.35,-0.93
60607,270224,6220.13318731941,13191.7789146889,1.21,0.17,0.52
60608,270224,6219.91230520081,13193.272672062,1.52,0.31,0.14
60609,270224,6219.74554651525,13194.4004094165,1.13,-0.39,-0.7
60610,270224,6219.51588762373,13195.9535213872,1.57,0.44,0.83
60611,270224,6219.19846100297,13198.100179334,2.17,0.6,0.16
60612,270224,6218.98489286181,13199.5444745424,1.46,-0.71,-1.31
60613,270224,6218.84739008599,13200.4743632383,0.94,-0.52,0.19
60614,270224,6218.71135010566,13201.3943595012,0.93,-0.0099999999999999,0.51
60615,270224,6218.58262410277,13202.2648935994,0.87,-0.0600000000000001,-0.0500000000000002
60616,270224,6218.35735359771,13203.7883282713,1.55,0.68,0.74
60617,270224,6218.1847437302,13204.9556353576,1.18,-0.37,-1.05
60618,270224,6217.90973817857,13206.8154127492,1.88,0.7,1.07
60619,270224,6217.69178165095,13208.2893852565,1.49,-0.39,-1.09
60620,270224,6217.40361093993,13210.2381945445,1.97,0.48,0.87
60621,270224,6217.10227506953,13212.276035729,2.06,0.0900000000000001,-0.39
60622,270224,6216.71755985635,13214.8777455908,2.63,0.57,0.48
60623,270224,6216.37965409876,13217.1628975986,2.32,-0.31,-0.88
60624,270224,6216.05198790958,13219.3788025759,2.24,-0.0799999999999996,0.23
60625,270224,6215.5502490574,13222.7719070725,3.42,1.18,1.26
60626,270224,6215.19917814043,13225.1460909767,2.4,-1.02,-2.2
60627,270224,6214.82031410919,13227.7082311067,2.59,0.19,1.21
60628,270224,6214.22934473229,13231.7047740122,4.04,1.45,1.26
60629,270224,6214.10113444899,13234.4017761013,2.71,-1.33,-2.78
60630,270224,6214.18884505043,13237.71061379,3.31,0.6,1.93
60631,270224,6214.27894053226,13241.1094198751,3.4,0.0899999999999999,-0.51
60632,270224,6214.38732009717,13245.1979836657,4.08,0.68,0.59
60633,270224,6214.45913149593,13247.9070320453,2.71,-1.37,-2.05
60634,270224,6214.56141636648,13251.7656766008,3.86,1.15,2.52
60635,270224,6214.64674208751,13254.9845458931,3.22,-0.64,-1.79
60636,270224,6214.74929194478,13258.8531869371,3.87,0.65,1.29
60637,270224,6214.82057337011,13261.5422423397,2.7,-1.17,-1.82
60638,270224,6214.88549511437,13263.9913820187,2.45,-0.25,0.92
60639,270224,6214.96923091514,13267.1502723801,3.16,0.71,0.96
60640,270224,6215.03388767269,13269.5894155706,2.44,-0.72,-1.43
60641,270224,6215.06568607804,13270.7889941889,1.2,-1.24,-0.52
60642,270224,6215.11629853989,13272.6983234896,1.91,0.71,1.95
60643,270224,6215.17433062966,13274.887554468,2.19,0.28,-0.43
60644,270224,6215.19976935395,13275.8472173626,0.96,-1.23,-1.51
60645,270224,6215.23766245366,13277.276715216,1.42,0.46,1.69
60646,270224,6215.2715807527,13278.5562657422,1.29,-0.13,-0.59
60647,270224,6215.29224971618,13279.3359918441,0.77,-0.52,-0.39
60648,270224,6215.3092088657,13279.9757671072,0.64,-0.13,0.39
60649,270224,6215.32590302851,13280.6055458818,0.64,0,0.13
60650,270224,6215.35531655346,13281.7151561037,1.11,0.47,0.47
60651,270224,6215.38102026446,13282.6848154868,0.96,-0.15,-0.62
60652,270224,6215.41228869639,13283.8644011281,1.19,0.23,0.38
60653,270224,6215.44329214161,13285.0339902809,1.17,-0.02,-0.25
60654,270224,6215.51483855365,13287.733042172,2.7,1.53,1.55
60655,270224,6215.59035976637,13290.5820413904,2.85,0.15,-1.38
60656,270224,6215.65846135116,13293.1511389312,2.57,-0.28,-0.43
60657,270224,6215.72629794925,13295.7102399835,2.57,0,0.28
60658,270224,6215.80181916197,13298.5592392019,2.85,0.28,0.28
60659,270224,6215.84527698262,13300.1986633135,1.64,-1.21,-1.49
60660,270224,6215.90330907239,13302.3878942919,2.19,0.55,1.76
60661,270224,6215.99260959408,13305.7567109115,3.37,1.18,0.63
60662,270224,6216.55138873432,13308.5164179403,2.84,-0.53,-1.71
60663,270224,6217.47805101966,13311.5270319988,3.15,0.31,0.84
60664,270224,6218.6371143226,13315.2926889481,3.94,0.79,0.48
60665,270224,6219.51670804742,13318.1503829274,2.98,-0.96,-1.75
60666,270224,6220.39335998721,13320.9985194017,2.98,0,0.96
60667,270224,6221.58184114047,13324.8597514005,4.04,1.06,1.06
60668,270224,6222.6232330421,13328.2431081519,3.54,-0.5,-1.56
60669,270224,6223.54401175738,13331.2346072004,3.13,-0.41,0.0899999999999999
60670,270224,6224.52656795834,13334.4268138529,3.34,0.21,0.62
60671,270224,6225.33261705734,13337.0455702085,2.74,-0.6,-0.81
60672,270224,6226.45637893989,13340.6965370984,3.82,1.08,1.68
60673,270224,6226.9770748907,13342.3882154741,1.78,-2.04,-3.12
60674,270224,6227.47423656125,13344.0034338102,1.69,-0.0900000000000001,1.95
60675,270224,6227.83901790532,13345.1885644237,1.24,-0.45,-0.36
60676,270224,6228.19497389429,13346.3450225223,1.21,-0.03,0.42
60677,270224,6228.55975523837,13347.5301531358,1.24,0.03,0.0600000000000001
60678,270224,6228.87158445185,13348.5432486603,1.06,-0.18,-0.21
60679,270224,6229.39522218769,13350.2444845409,1.78,0.72,0.9
60680,270224,6229.69234247601,13351.2097925406,1,-0.78,-1.5
60681,270224,6230.1130177357,13352.5765157481,1.44,0.44,1.22
60682,270224,6230.31011733291,13353.2168685796,0.67,-0.77,-1.21
60683,270224,6230.81904614359,13354.8703169355,1.73,1.06,1.83
60684,270224,6231.09851572171,13355.7782799055,0.95,-0.78,-1.84
60685,270224,6231.44270457055,13356.8965079843,1.17,0.22,1
60686,270224,6231.86337983024,13358.2632311918,1.44,0.27,0.05
60687,270224,6232.21933581922,13359.4196892905,1.21,-0.23,-0.5
60688,270224,6232.58117537826,13360.595262399,1.23,0.02,0.25
60689,270224,6233.06656990867,13362.1722507153,1.64,0.41,0.39
60690,270224,6233.22836808548,13362.6979134874,0.56,-1.08,-1.49
60691,270224,6233.43135125275,13363.3573813288,0.69,0.13,1.21
60692,270224,6233.64610156014,13364.05507919,0.73,0.04,-0.0899999999999999
60693,270224,6233.89615328793,13364.8674671105,0.85,0.12,0.08
60694,270224,6234.04324253958,13365.3453423579,0.5,-0.35,-0.47
60695,270224,6234.0991364552,13365.5269349519,0.19,-0.31,0.04
60696,270224,6234.11384538037,13365.5747224766,0.05,-0.14,0.17
60697,270224,6234.1256125205,13365.6129524964,0.04,-0.01,0.13
60698,270224,6234.14620501573,13365.679855031,0.07,0.03,0.04
60699,270224,6234.2785853422,13366.1099427537,0.45,0.38,0.35
60700,270224,6234.41979102378,13366.5687029912,0.48,0.03,-0.35
60701,270224,6234.77280522772,13367.7156035848,1.2,0.72,0.69
60702,270224,6234.96107946982,13368.3272839015,0.64,-0.56,-1.28
60703,270224,6235.53178576619,13370.1814398613,1.94,1.3,1.86
60704,270224,6236.36431093049,13372.8862137614,2.83,0.89,-0.41
60705,270224,6237.30568214099,13375.9446153446,3.2,0.37,-0.52
60706,270224,6238.05289553933,13378.3722216013,2.54,-0.66,-1.03
60707,270224,6239.00603388997,13381.4688532042,3.24,0.7,1.36
60708,270224,6240.00918258617,13384.7279623913,3.41,0.17,-0.53
60709,270224,6240.58577245261,13386.601233361,1.96,-1.45,-1.62
60710,270224,6241.38593798154,13389.2008747067,2.71,0.75,2.2
60711,270224,6241.89486679222,13390.8543230626,1.73,-0.98,-1.73
60712,270224,6242.66561447083,13393.3583893589,2.62,0.89,1.87
60713,270224,6243.45695464466,13395.9293581897,2.68,0.0600000000000001,-0.83
60714,270224,6244.16298305254,13398.2231593771,2.41,-0.27,-0.33
60715,270224,6244.95432322637,13400.794128208,2.69,0.28,0.55
60716,270224,6245.64564270909,13403.0401418706,2.34,-0.35,-0.63
60717,270224,6246.27812649115,13405.0950054343,2.15,-0.19,0.16
60718,270224,6246.90766848818,13407.1403114931,2.14,-0.00999999999999979,0.18
60719,270224,6247.160662001,13407.9622569186,0.86,-1.28,-1.27
60720,270224,6247.53721048521,13409.1856175518,1.28,0.42,1.7
60721,270224,6248.1638106972,13411.2213661056,2.13,0.85,0.43
60722,270224,6248.9610344411,13413.8114499464,2.7,0.57,-0.28
60723,270224,6249.98477563253,13417.1374616681,3.48,0.78,0.21
60724,270224,6250.98204075866,13420.3774558453,3.39,-0.0899999999999999,-0.87
60725,270224,6252.34114544383,13424.793023131,4.62,1.23,1.32
60726,270224,6253.7179008392,13429.2659354464,4.68,0.0599999999999996,-1.17
60727,270224,6254.89755663737,13433.0984949304,4.02,-0.66,-0.72
60728,270224,6256.14487349129,13437.1508770281,4.24,0.220000000000001,0.880000000000001
60729,270224,6257.59811529751,13441.8722844721,4.94,0.7,0.48
60730,270224,6260.879776086,13450.8509237471,6.42,1.48,0.779999999999999
60731,270224,6264.12035360017,13458.654843107,8.45,2.03,0.55
60732,270224,6267.56418627203,13466.9482390657,8.98,0.530000000000001,-1.5
60733,270224,6271.60627940805,13476.6823585985,10.54,1.56,1.03
60734,270224,6276.36935310343,13488.1527347464,12.43,1.89,0.330000000000002
