"V1","V2","V3","V4","V5","acceleration","jerk"
64445,274550,5902.58926439693,12514.8957951459,22.09,0.0199999999999996,0
64446,274550,5904.02367698209,12536.9592164702,22.11,0.0199999999999996,0
64447,274550,5907.13056814982,12558.6154510583,21.9,-0.210000000000001,-0.23
64448,274550,5910.83539922035,12580.4027002362,22.1,0.200000000000003,0.410000000000004
64449,274550,5914.42120630626,12601.4899970649,21.39,-0.710000000000001,-0.910000000000004
64450,274550,5918.1193318002,12623.2378123076,22.05,0.66,1.37
64451,274550,5921.82751565903,12645.0447784531,22.12,0.0700000000000003,-0.59
64452,274550,5927.78921994074,12668.8966549035,21.41,-0.710000000000001,-0.780000000000001
64453,274550,5934.78795939312,12689.7009848874,21.95,0.539999999999999,1.25
64454,274550,5941.75162543595,12710.40105627,21.84,-0.109999999999999,-0.649999999999999
64455,274550,5948.73761092122,12731.1674740352,21.91,0.0700000000000003,0.18
64456,274550,5956.42390526224,12751.6655671241,21.9,-0.0100000000000016,-0.0800000000000018
64457,274550,5964.38512798498,12771.5618942414,21.43,-0.469999999999999,-0.459999999999997
64458,274550,5972.46151538546,12791.7460357034,21.74,0.309999999999999,0.779999999999998
64459,274550,5981.07897723164,12812.1271102756,22.13,0.390000000000001,0.0800000000000018
64460,274550,5989.62312818394,12831.8237694975,21.47,-0.66,-1.05
64461,274550,5998.42595161501,12852.1167411784,22.12,0.650000000000002,1.31
64462,274550,6007.09744901839,12872.1069696109,21.79,-0.330000000000002,-0.980000000000004
64463,274550,6015.58986547494,12891.684366341,21.35,-0.439999999999998,-0.109999999999996
64464,274550,6024.37677059961,12911.9406418706,22.08,0.729999999999997,1.16999999999999
64465,274550,6033.02041096682,12931.8666520382,21.72,-0.359999999999999,-1.09
64466,274550,6041.85507101065,12952.2330160218,22.2,0.48,0.84
64467,274550,6050.41116069274,12971.9571973572,21.5,-0.699999999999999,-1.18
64468,274550,6061.04136065499,12990.7448774966,21.54,0.0399999999999991,0.739999999999998
64469,274550,6070.74233456941,13011.1126143643,22.56,1.02,0.98
64470,274550,6080.95501765751,13032.5547132387,23.75,1.19,0.170000000000002
64471,274550,6091.89441377377,13055.5225867278,25.44,1.69,0.5
64472,274550,6101.22128098139,13075.1048656578,21.69,-3.75,-5.44
64473,274550,6110.14289496805,13098.559235798,22.07,0.379999999999999,4.13
64474,274550,6121.34156942099,13123.3399270826,22.09,0.0199999999999996,-0.359999999999999
64475,274550,6128.83930960941,13145.8859132457,23.76,1.67,1.65
64476,274550,6135.34303121225,13165.442848213,20.61,-3.15,-4.82
64477,274550,6140.61606313769,13181.2990531282,16.72,-3.89,-0.739999999999998
64478,274550,6144.63316046928,13193.3786155801,12.73,-3.99,-0.0999999999999979
64479,274550,6147.4700579564,13201.9092728025,8.99,-3.74,0.249999999999998
64480,274550,6149.17093420285,13207.0238715155,5.4,-3.59,0.15
64481,274550,6149.98823837322,13209.4815358321,2.58,-2.82,0.77
64482,274550,6150.24068753781,13210.2406599453,0.81,-1.77,1.05
64483,274550,6152.53403815534,13215.8369667131,2.89,2.08,3.85
64484,274550,6154.68440155298,13220.549538968,5.18,2.29,0.21
64485,274550,6157.42009552796,13226.5448770298,6.58,1.4,-0.889999999999999
64486,274550,6160.87396106239,13234.1141050532,8.32,1.74,0.34
64487,274550,6165.25356219078,13243.71210453,10.56,2.24,0.5
64488,274550,6170.18943493168,13254.5291864047,11.88,1.32,-0.92
64489,274550,6175.65667160096,13266.5107648985,13.18,1.3,-0.0200000000000014
64490,274550,6181.68433116344,13279.7205234201,14.52,1.34,0.0400000000000009
64491,274550,6188.36789307501,13294.3677074558,16.1,1.58,0.240000000000002
64492,274550,6195.80698807224,13310.6706601215,17.92,1.82,0.239999999999998
64493,274550,6204.02237255857,13328.6748695666,19.79,1.87,0.0499999999999972
64494,274550,6212.78572609604,13347.87996615,21.11,1.32,-0.549999999999997
64495,274550,6222.01402307083,13368.103997275,22.24,1.13,-0.190000000000001
64496,274550,6231.3377995015,13388.5372738862,22.45,0.210000000000001,-0.919999999999998
64497,274550,6239.85207619755,13407.1965126794,20.51,-1.94,-2.15
64498,274550,6247.41155833479,13423.7632966104,18.21,-2.3,-0.360000000000003
64499,274550,6254.82574564787,13440.0116634972,17.86,-0.350000000000001,1.95
64500,274550,6263.22296290394,13456.4937577458,17.24,-0.620000000000001,-0.27
64501,274550,6269.82683802748,13472.3971295063,17.22,-0.0199999999999996,0.600000000000001
64502,274550,6276.90625351997,13489.4456918001,18.46,1.24,1.26
