"V1","V2","V3","V4","V5","acceleration","jerk"
67682,"281677#1",6238.80089319817,13490.3539694181,21.44,0.289999999999999,0
67683,"281677#1",6228.86490791665,13471.0426661781,21.73,0.289999999999999,0
67684,"281677#1",6219.38228179814,13451.0583172546,22.12,0.390000000000001,0.100000000000001
67685,"281677#1",6210.02397582313,13431.3359692889,21.83,-0.290000000000003,-0.680000000000003
67686,"281677#1",6200.59279252261,13411.4600345549,22,0.170000000000002,0.460000000000004
67687,"281677#1",6191.28592936561,13391.8461007787,21.71,-0.289999999999999,-0.460000000000001
67688,"281677#1",6182.10338635211,13372.4941679604,21.42,-0.289999999999999,0
67689,"281677#1",6172.60361262759,13352.4736809737,22.16,0.739999999999998,1.03
67690,"281677#1",6160.67362933894,13320.9962004961,21.84,-0.32,-1.06
67691,"281677#1",6153.06809424162,13300.214171339,22.13,0.289999999999999,0.609999999999999
67692,"281677#1",6145.71000538334,13280.1082859232,21.41,-0.719999999999999,-1.01
67693,"281677#1",6138.3416062651,13259.9742278515,21.45,0.0399999999999991,0.759999999999998
67694,"281677#1",6130.74981818106,13239.2297622357,22.09,0.640000000000001,0.600000000000001
67695,"281677#1",6122.08861146209,13219.7375225243,21.34,-0.75,-1.39
67696,"281677#1",6113.68149062833,13201.5132195394,20.07,-1.27,-0.52
67697,"281677#1",6107.10072987604,13187.2479579602,15.71,-4.36,-3.09
67698,"281677#1",6101.31167108568,13174.6988863483,13.82,-1.89,2.47
67699,"281677#1",6097.17722750675,13165.7365609641,9.87,-3.95,-2.06
67700,"281677#1",6092.82077226654,13156.2929759594,10.4,0.530000000000001,4.48
67701,"281677#1",6089.64977551957,13149.4191357205,7.56,-2.84,-3.37
67702,"281677#1",6088.21298307016,13146.304568743,3.43,-4.13,-1.29
67703,"281677#1",6084.35255437501,13138.415314735,5.36,1.93,6.06
67704,"281677#1",6081.19834417954,13132.4589267319,6.74,1.38,-0.55
67705,"281677#1",6077.39831646631,13125.2829815413,8.12,1.38,-8.88178419700125e-16
67706,"281677#1",6072.989909932,13116.9581781305,9.42,1.3,-0.0799999999999983
67707,"281677#1",6067.75317223359,13107.0691600661,11.19,1.77,0.469999999999999
67708,"281677#1",6062.33146834753,13095.6960238333,12.6,1.41,-0.359999999999999
67709,"281677#1",6056.3475129981,13083.0614411977,13.99,1.39,-0.0199999999999996
67710,"281677#1",6049.66585756143,13068.9537276825,15.61,1.62,0.229999999999999
67711,"281677#1",6042.16237134715,13053.1107925178,17.53,1.92,0.300000000000002
67712,"281677#1",6033.96546541427,13035.8037640864,19.16,1.63,-0.290000000000003
67713,"281677#1",6025.22067229632,13017.3399212219,20.42,1.26,-0.369999999999997
67714,"281677#1",6015.75677724797,12997.3577594141,22.12,1.7,0.439999999999998
67715,"281677#1",5991.50122918477,12978.6639368413,21.7,-0.420000000000002,-2.12
67716,"281677#1",5971.35101630658,12971.6538609018,21.48,-0.219999999999999,0.200000000000003
67717,"281677#1",5950.42072088038,12976.2457124261,21.59,0.109999999999999,0.329999999999998
67718,"281677#1",5931.34503192356,12987.1952969914,22.14,0.550000000000001,0.440000000000001
67719,"281677#1",5918.92852531317,13004.7597629267,21.51,-0.629999999999999,-1.18
67720,"281677#1",5908.37360563178,13024.02944022,22.04,0.529999999999998,1.16
67721,"281677#1",5903.99,13044.8846145411,21.85,-0.189999999999998,-0.719999999999995
67722,"281677#1",5910.02028949989,13065.1819619818,21.77,-0.0800000000000018,0.109999999999996
67723,"281677#1",5925.41199878236,13079.4769048213,22.14,0.370000000000001,0.450000000000003
67724,"281677#1",5945.9458543441,13083.6736818585,21.33,-0.810000000000002,-1.18
67725,"281677#1",5963.59789757281,13082.4108586177,17.81,-3.52,-2.71
67726,"281677#1",5979.77398029821,13079.5000611294,16.44,-1.37,2.15
67727,"281677#1",5991.64937954657,13076.4533427814,12.26,-4.18,-2.81
67728,"281677#1",6000.78355694559,13074.1099044436,9.43,-2.83,1.35
67729,"281677#1",6006.20788286654,13072.7182549534,5.6,-3.83,-1
67730,"281677#1",6009.50122360426,13071.8733249059,3.4,-2.2,1.63
67731,"281677#1",6017.49425229317,13068.9797211481,5.24,1.84,4.04
67732,"281677#1",6024.32015251048,13065.8963486076,7.49,2.25,0.41
67733,"281677#1",6032.49482873869,13062.2037115331,8.97,1.48,-0.77
67734,"281677#1",6042.29168152055,13057.7783103569,10.75,1.78,0.299999999999999
67735,"281677#1",6053.4008569076,13052.7601112557,12.18,1.43,-0.35
67736,"281677#1",6066.13220884831,13047.0091480527,13.98,1.8,0.370000000000001
67737,"281677#1",6080.41283053126,13040.558353966,15.67,1.69,-0.110000000000001
67738,"281677#1",6095.66858081668,13033.6670780879,16.74,1.07,-0.620000000000001
67739,"281677#1",6112.51005425005,13026.059504717,18.48,1.74,0.670000000000003
67740,"281677#1",6130.46335655726,13017.9496997708,19.7,1.22,-0.520000000000003
67741,"281677#1",6149.41912752123,13009.3870630763,20.8,1.1,-0.119999999999997
67742,"281677#1",6169.36825379052,13000.3757112858,21.89,1.09,-0.0100000000000016
67743,"281677#1",6190.19226179661,12990.9691608786,22.85,0.960000000000001,-0.129999999999999
67744,"281677#1",6212.38327251644,12980.9451126329,24.35,1.5,0.539999999999999
67745,"281677#1",6235.48561837877,12970.5093991615,25.34,0.989999999999998,-0.510000000000002
67746,"281677#1",6259.76358657493,12959.542637549,26.64,1.3,0.310000000000002
67747,"281677#1",6284.90917047973,12947.3575856235,27.96,1.32,0.0199999999999996
67748,"281677#1",6310.74658258795,12933.3085203325,29.41,1.45,0.129999999999999
67749,"281677#1",6337.7875735669,12918.6050103136,30.77,1.36,-0.0899999999999999
67750,"281677#1",6365.61045154947,12903.47635007,31.68,0.91,-0.449999999999999
67751,"281677#1",6393.19,12888.48,33.06,1.38,0.470000000000002
67752,"281677#1",6424.09542799541,12871.5943224818,32.69,-0.370000000000005,-1.75000000000001
67753,"281677#1",6452.75193255496,12855.8432988189,32.71,0.0200000000000031,0.390000000000008
67754,"281677#1",6481.38214674337,12840.1067256365,32.66,-0.0500000000000043,-0.0700000000000074
67755,"281677#1",6510.1701031587,12824.2834495715,32.86,0.200000000000003,0.250000000000007
67756,"281677#1",6539.29047239169,12808.1952557756,33.27,0.410000000000004,0.210000000000001
67757,"281677#1",6567.76968524338,12791.4054363797,33.06,-0.210000000000001,-0.620000000000005
67758,"281677#1",6596.04215244823,12774.7375031499,32.82,-0.240000000000002,-0.0300000000000011
67759,"281677#1",6624.48690769211,12757.967998115,33.02,0.200000000000003,0.440000000000005
67760,"281677#1",6652.81106130867,12741.2695933438,32.88,-0.140000000000001,-0.340000000000003
