"V1","V2","V3","V4","V5","acceleration","jerk"
21889,28785,6241.41708652272,13495.0206633751,21.99,-0.419999999999998,0
21890,28785,6231.22699064328,13476.0206843774,21.57,-0.419999999999998,0
21891,28785,6222.00157861478,13456.5784064012,21.52,-0.0500000000000007,0.369999999999997
21892,28785,6212.67756785177,13436.9283345618,21.75,0.23,0.280000000000001
21893,28785,6203.35784399026,13417.2872972383,21.74,-0.0100000000000016,-0.240000000000002
21894,28785,6193.93952139425,13397.4384660516,21.97,0.23,0.240000000000002
21895,28785,6184.52548569974,13377.5986693807,21.97,0,-0.23
21896,28785,6175.25291775473,13358.0570117308,21.63,-0.34,-0.34
21897,28785,6162.82160016398,13326.8655038052,21.76,0.130000000000003,0.470000000000002
21898,28785,6155.43945403247,13306.6938821923,21.48,-0.280000000000001,-0.410000000000004
21899,28785,6147.89578049491,13286.0808889706,21.95,0.469999999999999,0.75
21900,28785,6140.34179669738,13265.439723093,21.98,0.0300000000000011,-0.439999999999998
21901,28785,6132.71907783346,13244.6107395095,22.18,0.199999999999999,0.169999999999998
21902,28785,6124.20819449242,13224.3321898439,22.01,-0.169999999999998,-0.369999999999997
21903,28785,6115.53298410542,13205.5267431664,20.72,-1.29,-1.12
21904,28785,6108.22754377952,13189.6905775432,17.44,-3.28,-1.98999999999999
21905,28785,6102.74427463583,13177.8043729556,13.09,-4.35,-1.07
21906,28785,6098.07784084968,13167.6888405564,11.14,-1.95,2.4
21907,28785,6094.96548869249,13160.9421255002,7.42,-3.72,-1.77
21908,28785,6091.34209082442,13153.08760528,8.65,1.23,4.95
21909,28785,6088.71983988176,13147.4032935368,6.26,-2.39,-3.62
21910,28785,6083.63653930097,13137.0631969835,8.1,1.84,4.23
21911,28785,6079.04093928324,13128.3848987358,9.82,1.72,-0.119999999999999
21912,28785,6073.56552989348,13118.0451747542,11.7,1.88,0.159999999999998
21913,28785,6067.11692047963,13105.8000748967,13.84,2.14,0.260000000000002
21914,28785,6060.42242393705,13091.6652485432,15.63,1.79,-0.35
21915,28785,6053.18860094668,13076.3916829823,16.9,1.27,-0.520000000000003
21916,28785,6045.25279750044,13059.6359489291,18.54,1.64,0.370000000000003
21917,28785,6036.73486392006,13041.6510995408,19.9,1.36,-0.280000000000001
21918,28785,6027.5406320956,13022.2383073367,21.48,1.58,0.220000000000002
21919,28785,6018.23511068669,13002.5905372009,21.74,0.259999999999998,-1.32
21920,28785,5996.36022345219,12982.0632124567,21.56,-0.18,-0.439999999999998
21921,28785,5976.38187143318,12973.093029042,22.16,0.600000000000001,0.780000000000001
21922,28785,5955.07596610559,12974.3076960427,21.75,-0.41,-1.01
21923,28785,5935.76645372558,12984.0864301328,21.72,-0.0300000000000011,0.379999999999999
21924,28785,5921.92441881888,13000.5217537122,21.83,0.109999999999999,0.140000000000001
21925,28785,5910.66136811432,13019.2486303698,21.93,0.100000000000001,-0.00999999999999801
21926,28785,5903.99,13039.5246145411,21.79,-0.140000000000001,-0.240000000000002
21927,28785,5907.4281851205,13060.2292763582,21.56,-0.23,-0.0899999999999999
21928,28785,5920.3358888813,13077.0417439904,22.08,0.52,0.75
21929,28785,5940.19478973773,13083.3529703162,21.21,-0.869999999999997,-1.39
21930,28785,5958.3753755909,13083.3137784084,18.27,-2.94,-2.07
21931,28785,5972.47618494206,13080.8758949735,14.31,-3.96,-1.02
21932,28785,5983.49351807258,13078.5457871933,11.27,-3.04,0.919999999999998
21933,28785,5991.36847695424,13076.5254103443,8.13,-3.14,-0.0999999999999979
21934,28785,5999.41778916907,13074.4603019045,8.31,0.18,3.32
21935,28785,6005.18113546008,13072.9816743212,5.95,-2.36,-2.54
21936,28785,6009.35592915995,13071.9106012315,4.32,-1.63,0.73
21937,28785,6017.84055964732,13068.8232883623,5.78,1.46,3.09
21938,28785,6025.12212743588,13065.534083209,7.99,2.21,0.75
21939,28785,6033.70690447822,13061.6561967829,9.42,1.43,-0.78
21940,28785,6044.04144499415,13056.9879131236,11.35,1.93,0.5
21941,28785,6056.36269612072,13051.4221992721,13.51,2.16,0.23
21942,28785,6069.75932271545,13045.3707204544,14.7,1.19,-0.970000000000001
21943,28785,6084.45915856395,13038.7305603639,16.13,1.43,0.24
21944,28785,6100.88141783177,13031.3123529969,18.02,1.89,0.460000000000001
21945,28785,6118.26057899921,13023.4618971429,19.07,1.05,-0.84
21946,28785,6137.2254633146,13014.8951437961,20.81,1.74,0.689999999999998
21947,28785,6157.13813617819,13005.9002586147,21.85,1.04,-0.699999999999996
21948,28785,6178.08973110423,12996.4360750759,22.99,1.14,0.0999999999999943
21949,28785,6200.08936144414,12986.4984765276,24.14,1.15,0.0100000000000051
21950,28785,6223.29195417214,12976.0174798814,25.46,1.32,0.169999999999998
21951,28785,6247.30563517698,12965.1701011843,26.35,0.890000000000001,-0.43
21952,28785,6272.79567911265,12953.6558248215,27.97,1.62,0.729999999999997
21953,28785,6298.44723646367,12939.9962766764,29.07,1.1,-0.519999999999996
21954,28785,6325.11046181166,12925.4981763166,30.35,1.28,0.18
21955,28785,6352.61707089389,12910.5414869504,31.31,0.959999999999997,-0.320000000000004
21956,28785,6381.02856044097,12895.092769796,32.34,1.03,0.0700000000000074
