"V1","V2","V3","V4","V5","acceleration","jerk"
84005,290255,6646.96972053238,12777.619939011,33.19,0.120000000000005,0
84006,290255,6618.38534903932,12794.7222723707,33.31,0.120000000000005,0
84007,290255,6590.1099050076,12811.6397711459,32.95,-0.359999999999999,-0.480000000000004
84008,290255,6557.29766054092,12827.4521497469,32.8,-0.150000000000006,0.209999999999994
84009,290255,6528.83339201819,12844.7343781178,33.3,0.5,0.650000000000006
84010,290255,6500.38621915224,12862.0062267721,33.28,-0.019999999999996,-0.519999999999996
84011,290255,6472.46901164617,12878.9563042074,32.66,-0.620000000000005,-0.600000000000009
84012,290255,6444.01329095183,12896.23334272,33.29,0.630000000000003,1.25000000000001
84013,290255,6415.53192677234,12913.5259508077,33.32,0.0300000000000011,-0.600000000000001
84014,290255,6383.68551942662,12929.9095947877,32.68,-0.640000000000001,-0.670000000000002
84015,290255,6354.37204338921,12944.6923219584,32.83,0.149999999999999,0.789999999999999
84016,290255,6324.91570545214,12959.5470940986,32.99,0.160000000000004,0.0100000000000051
84017,290255,6295.74509131439,12974.2577762999,32.67,-0.32,-0.480000000000004
84018,290255,6265.84049389732,12988.8597663342,33.28,0.609999999999999,0.93
84019,290255,6236.40075759294,13003.0932454004,32.7,-0.579999999999998,-1.19
84020,290255,6206.94301533364,13017.3354299584,32.72,0.019999999999996,0.599999999999994
84021,290255,6177.25119566029,13031.6907859096,32.98,0.259999999999998,0.240000000000002
84022,290255,6147.28028368558,13046.1810769835,33.29,0.310000000000002,0.0500000000000043
84023,290255,6114.09387564641,13061.3086538751,33.14,-0.149999999999999,-0.460000000000001
84024,290255,6086.82384191033,13073.0239285211,29.68,-3.46,-3.31
84025,290255,6063.54140744698,13083.0261205539,25.34,-4.34,-0.879999999999999
84026,290255,6043.5666590163,13091.6073224004,21.74,-3.6,0.739999999999998
84027,290255,6022.27602283384,13103.7054361402,21.57,-0.169999999999998,3.43
84028,290255,6003.75289020279,13115.8145425289,22.13,0.559999999999999,0.729999999999997
84029,290255,5989.44526708631,13131.26370136,21.35,-0.779999999999998,-1.34
84030,290255,5979.91883461364,13149.6303825746,21.38,0.0299999999999976,0.809999999999995
84031,290255,5979.64705859851,13171.6198209192,22.15,0.77,0.740000000000002
84032,290255,5985.8990070764,13192.1895323802,21.72,-0.43,-1.2
84033,290255,6001.5164310425,13207.5422542452,21.9,0.18,0.609999999999999
84034,290255,6021.4326072696,13216.4616510307,21.97,0.0700000000000003,-0.109999999999999
84035,290255,6041.3149732882,13224.4844386698,21.44,-0.529999999999998,-0.599999999999998
84036,290255,6062.02673756938,13224.7431812964,21.36,-0.0800000000000018,0.449999999999996
84037,290255,6081.88187527094,13216.6994732329,22,0.640000000000001,0.720000000000002
84038,290255,6094.96130740095,13200.0601196032,21.99,-0.0100000000000016,-0.650000000000002
84039,290255,6095.41939523864,13179.2808359885,21.9,-0.0899999999999999,-0.0799999999999983
84040,290255,6090.16879731636,13158.0813826593,21.84,-0.0599999999999987,0.0300000000000011
84041,290255,6082.09687289991,13134.1557019494,22.05,0.210000000000001,0.27
84042,290255,6071.76379261566,13114.6427869483,22.07,0.0199999999999996,-0.190000000000001
84043,290255,6062.02328180593,13095.0453157147,21.89,-0.18,-0.199999999999999
84044,290255,6052.69207818521,13075.3433199024,21.8,-0.0899999999999999,0.0899999999999999
84045,290255,6043.33947272133,13055.5961360263,21.85,0.0500000000000007,0.140000000000001
84046,290255,6033.99114762607,13035.8579897629,21.84,-0.0100000000000016,-0.0600000000000023
84047,290255,6024.52297220909,13015.8667903424,22.12,0.280000000000001,0.290000000000003
84048,290255,6008.30695809283,12990.4209592479,21.67,-0.449999999999999,-0.73
84049,290255,5990.3049169368,12977.8270156949,21.98,0.309999999999999,0.759999999999998
84050,290255,5969.7916118604,12971.9081398298,21.59,-0.390000000000001,-0.699999999999999
84051,290255,5948.96587486321,12977.0241230288,21.67,0.0800000000000018,0.470000000000002
84052,290255,5930.4676218795,12988.4364865879,22.01,0.34,0.259999999999998
84053,290255,5917.68745189558,13006.5153929482,22.13,0.119999999999997,-0.220000000000002
84054,290255,5907.62684542522,13025.5899687182,21.62,-0.509999999999998,-0.629999999999995
84055,290255,5903.99,13046.3846145411,21.62,0,0.509999999999998
84056,290255,5910.90596380483,13066.8742034024,22.2,0.579999999999998,0.579999999999998
84057,290255,5926.89966864679,13080.1905842833,21.86,-0.34,-0.919999999999998
84058,290255,5947.7131085721,13083.7722338429,21.47,-0.390000000000001,-0.0500000000000007
84059,290255,5967.09600191919,13081.8060727201,19.59,-1.88,-1.49
84060,290255,5982.31178992551,13078.8489679751,15.51,-4.08,-2.2
84061,290255,5993.66412917435,13075.9364443993,11.72,-3.79,0.290000000000001
84062,290255,6001.59720583374,13073.90115702,8.19,-3.53,0.259999999999998
84063,290255,6006.55658953289,13072.6287917719,5.12,-3.07,0.460000000000002
84064,290255,6010.02428360378,13071.7391301336,3.58,-1.54,1.53
84065,290255,6018.71544138412,13068.4280897457,6.05,2.47,4.01
84066,290255,6025.90587565843,13065.1800511149,7.89,1.84,-0.63
84067,290255,6035.06479384054,13061.0428155967,10.04,2.15,0.31
84068,290255,6045.34465424792,13056.3992318508,11.28,1.24,-0.909999999999999
84069,290255,6057.10999093757,13051.0846337871,12.91,1.63,0.390000000000001
84070,290255,6070.1420834753,13045.1978210596,14.3,1.39,-0.24
84071,290255,6084.86925937807,13038.5453110124,16.16,1.86,0.469999999999999
84072,290255,6100.79028431752,13031.3535195194,17.47,1.31,-0.550000000000001
84073,290255,6118.34259916204,13023.4248472725,19.26,1.79,0.480000000000004
84074,290255,6136.8244758519,13015.0762764954,20.28,1.02,-0.770000000000003
84075,290255,6156.89207568972,13006.0114082256,22.02,1.74,0.719999999999999
84076,290255,6178.49983191835,12996.2508257243,23.71,1.69,-0.0499999999999972
84077,290255,6201.52015761786,12985.8521621232,25.26,1.55,-0.140000000000001
84078,290255,6225.45181845987,12975.0418332965,26.26,1,-0.550000000000001
84079,290255,6250.42240136432,12963.7622061124,27.4,1.14,0.139999999999997
84080,290255,6276.69496431816,12951.8240514675,28.85,1.45,0.310000000000006
84081,290255,6303.21762571045,12937.4023826087,30.19,1.34,-0.110000000000003
84082,290255,6330.88236924284,12922.3597078038,31.49,1.3,-0.0400000000000027
84083,290255,6359.48713422902,12906.8058973355,32.56,1.07,-0.229999999999993
84084,290255,6388.54873207125,12891.0036844886,33.08,0.519999999999996,-0.550000000000008
84085,290255,6418.07493300079,12874.903482499,32.78,-0.299999999999997,-0.819999999999993
84086,290255,6447.15208349883,12858.9212511494,33.18,0.399999999999999,0.699999999999996
84087,290255,6476.26428782508,12842.9197524925,33.22,0.0399999999999991,-0.359999999999999
84088,290255,6505.33267486608,12826.9423379696,33.17,-0.0499999999999972,-0.0899999999999963
84089,290255,6534.51498684875,12810.9023046983,33.31,0.140000000000001,0.189999999999998
84090,290255,6562.74748890565,12794.3662545006,32.72,-0.590000000000003,-0.730000000000004
84091,290255,6591.20947295343,12777.5865922852,33.04,0.32,0.910000000000004
84092,290255,6619.74037221683,12760.7663013477,33.12,0.0799999999999983,-0.240000000000002
84093,290255,6648.21958506851,12743.9764819517,33.07,-0.0499999999999972,-0.129999999999995
