"V1","V2","V3","V4","V5","acceleration","jerk"
17885,"29550387#1_1.021982",5893.41228665182,12537.4857428768,39.04,0.780000000000001,0
17886,"29550387#1_1.021982",5899.54519008852,12576.8306268573,39.82,0.780000000000001,0
17887,"29550387#1_1.021982",5905.81516745939,12617.0548917203,40.71,0.890000000000001,0.109999999999999
17888,"29550387#1_1.021982",5912.78371900532,12658.0441120928,41.62,0.909999999999997,0.019999999999996
17889,"29550387#1_1.021982",5926.07307579854,12698.5497894235,42.63,1.01000000000001,0.100000000000009
17890,"29550387#1_1.021982",5939.64611344285,12739.9201199649,43.53,0.899999999999999,-0.110000000000007
17891,"29550387#1_1.021982",5953.41242815053,12781.8795548917,44.17,0.640000000000001,-0.259999999999998
17892,"29550387#1_1.021982",5969.35714750031,12822.9645873713,44.13,-0.0399999999999991,-0.68
17893,"29550387#1_1.021982",5987.68312821905,12862.9885655681,44.03,-0.100000000000001,-0.0600000000000023
17894,"29550387#1_1.021982",6005.9924565246,12902.9761748614,43.98,-0.0500000000000043,0.0499999999999972
17895,"29550387#1_1.021982",6024.4058624126,12943.1910898011,44.23,0.25,0.300000000000004
17896,"29550387#1_1.021982",6042.85722685902,12983.5425239003,44.38,0.150000000000006,-0.0999999999999943
17897,"29550387#1_1.021982",6061.10007234863,13024.0655073596,44.44,0.0599999999999952,-0.0900000000000105
17898,"29550387#1_1.021982",6079.21155621455,13064.2966961585,44.12,-0.32,-0.379999999999995
17899,"29550387#1_1.021982",6097.5173696059,13104.6810699545,44.34,0.220000000000006,0.540000000000006
17900,"29550387#1_1.021982",6115.95623847294,13144.6201262141,43.99,-0.350000000000001,-0.570000000000007
17901,"29550387#1_1.021982",6134.48732264233,13184.7589231505,44.21,0.219999999999999,0.57
17902,"29550387#1_1.021982",6154.02842410489,13227.0777826484,44.38,0.170000000000002,-0.0499999999999972
17903,"29550387#1_1.021982",6172.34885584144,13267.2252443489,44.13,-0.25,-0.420000000000002
17904,"29550387#1_1.021982",6190.69419639068,13307.4272913133,44.19,0.0599999999999952,0.309999999999995
17905,"29550387#1_1.021982",6209.11841484679,13347.8021916139,44.37,0.18,0.120000000000005
17906,"29550387#1_1.021982",6227.48036127117,13388.0406287544,44.23,-0.140000000000001,-0.32
17907,"29550387#1_1.021982",6245.78418713259,13428.1517002788,44.09,-0.139999999999993,7.105427357601e-15
17908,"29550387#1_1.021982",6264.9294575401,13469.2052100288,44.19,0.0999999999999943,0.239999999999988
