"V1","V2","V3","V4","V5","acceleration","jerk"
24653,"29550387#1_1.023216",5891.11204208404,12515.6408111927,38.84,0.629999999999995,0
24654,"29550387#1_1.023216",5896.10756063831,12554.7769400053,39.47,0.629999999999995,0
24655,"29550387#1_1.023216",5902.28512861536,12594.4083638239,40.11,0.640000000000001,0.0100000000000051
24656,"29550387#1_1.023216",5908.58128864782,12634.8006003162,40.87,0.759999999999998,0.119999999999997
24657,"29550387#1_1.023216",5918.476040259,12675.394186408,41.92,1.05,0.290000000000006
24658,"29550387#1_1.023216",5931.84644872396,12716.1469075133,42.89,0.969999999999999,-0.0800000000000054
24659,"29550387#1_1.023216",5945.50053804,12757.7642818292,43.81,0.920000000000002,-0.0499999999999972
24660,"29550387#1_1.023216",5959.3260828155,12799.9042487449,44.34,0.530000000000001,-0.390000000000001
24661,"29550387#1_1.023216",5977.28369618011,12840.2761853919,44.21,-0.130000000000003,-0.660000000000004
24662,"29550387#1_1.023216",5995.68877586152,12880.4729158798,44.21,0,0.130000000000003
24663,"29550387#1_1.023216",6014.11883416271,12920.7241997229,44.27,0.0600000000000023,0.0600000000000023
24664,"29550387#1_1.023216",6032.59884970349,12961.0845902761,44.39,0.119999999999997,0.0599999999999952
24665,"29550387#1_1.023216",6050.8128151936,13001.2143380192,44.07,-0.32,-0.439999999999998
24666,"29550387#1_1.023216",6068.98997987136,13041.5914241483,44.27,0.200000000000003,0.520000000000003
24667,"29550387#1_1.023216",6087.20409000579,13082.0505775256,44.38,0.109999999999999,-0.0900000000000034
24668,"29550387#1_1.023216",6105.64069942275,13122.2764077656,44.25,-0.130000000000003,-0.240000000000002
24669,"29550387#1_1.023216",6124.2639988945,13162.614945379,44.43,0.18,0.310000000000002
24670,"29550387#1_1.023216",6142.80765787786,13202.7809796805,44.24,-0.189999999999998,-0.369999999999997
24671,"29550387#1_1.023216",6162.11133382414,13244.790700829,44,-0.240000000000002,-0.0500000000000043
24672,"29550387#1_1.023216",6180.46497731095,13285.0109428814,44.21,0.210000000000001,0.450000000000003
24673,"29550387#1_1.023216",6198.72728848455,13325.0310389658,43.98,-0.230000000000004,-0.440000000000005
24674,"29550387#1_1.023216",6217.16396134701,13365.4332318984,44.41,0.43,0.660000000000004
24675,"29550387#1_1.023216",6235.45948427086,13405.5261083347,44.07,-0.339999999999996,-0.769999999999996
24676,"29550387#1_1.023216",6253.86294538306,13445.8555209153,44.33,0.259999999999998,0.599999999999994
24677,"29550387#1_1.023216",6272.47387675552,13487.3708544903,44.39,0.0600000000000023,-0.199999999999996
