"V1","V2","V3","V4","V5","acceleration","jerk"
58974,"29550387#1_1.054248",5894.34892371342,12514.9297453668,39.48,0.650000000000006,0
58975,"29550387#1_1.054248",5899.42869269182,12554.7202705632,40.13,0.650000000000006,0
58976,"29550387#1_1.054248",5905.77886423794,12595.4380728287,41.21,1.08,0.429999999999993
58977,"29550387#1_1.054248",5912.2307371483,12636.8079922866,41.86,0.649999999999999,-0.43
58978,"29550387#1_1.054248",5922.70312694684,12677.8157504014,42.47,0.609999999999999,-0.0399999999999991
58979,"29550387#1_1.054248",5936.19607742191,12718.8966204929,43.23,0.759999999999998,0.149999999999999
58980,"29550387#1_1.054248",5949.87625662699,12760.54753041,43.85,0.620000000000005,-0.139999999999993
58981,"29550387#1_1.054248",5963.72182121022,12802.7019755062,44.37,0.519999999999996,-0.100000000000009
58982,"29550387#1_1.054248",5982.19948874828,12843.1167055228,44.43,0.0600000000000023,-0.459999999999994
58983,"29550387#1_1.054248",6000.53257972696,12883.1484263847,44.03,-0.399999999999999,-0.460000000000001
58984,"29550387#1_1.054248",6018.93229106806,12923.3256179561,44.19,0.159999999999997,0.559999999999995
58985,"29550387#1_1.054248",6037.4027865442,12963.6573721563,44.36,0.170000000000002,0.0100000000000051
58986,"29550387#1_1.054248",6055.63476370557,13003.8887653637,44.17,-0.189999999999998,-0.359999999999999
58987,"29550387#1_1.054248",6073.24290254322,13042.997658811,42.89,-1.28,-1.09
58988,"29550387#1_1.054248",6089.59478339898,13079.316316447,39.83,-3.06,-1.78
58989,"29550387#1_1.054248",6101.00478467691,13112.2348991902,37.17,-2.66,0.400000000000006
58990,"29550387#1_1.054248",6116.96641519423,13146.8081945383,38.09,0.920000000000002,3.58
58991,"29550387#1_1.054248",6133.3220565489,13182.2349273242,39.02,0.93,0.00999999999999801
58992,"29550387#1_1.054248",6151.11824448846,13220.7004042999,40.14,1.12,0.189999999999998
58993,"29550387#1_1.054248",6168.03963124535,13257.7819936702,40.76,0.619999999999997,-0.5
58994,"29550387#1_1.054248",6185.24331787945,13295.4822160329,41.44,0.68,0.0600000000000023
58995,"29550387#1_1.054248",6202.79572789126,13333.9466320921,42.28,0.840000000000003,0.160000000000004
58996,"29550387#1_1.054248",6220.75913331253,13373.3117050079,43.27,0.990000000000002,0.149999999999999
58997,"29550387#1_1.054248",6239.02974742369,13413.3499961803,44.02,0.75,-0.240000000000002
58998,"29550387#1_1.054248",6258.67760023398,13454.1518290058,44.15,0.129999999999995,-0.620000000000005
58999,"29550387#1_1.054248",6275.70336378113,13495.146895485,44.38,0.230000000000004,0.100000000000009
