"V1","V2","V3","V4","V5","acceleration","jerk"
47171,"29550387#1_1.054521",5894.07800399406,12512.1529301937,40.01,0.760000000000005,0
47172,"29550387#1_1.054521",5899.09739279315,12552.5959494064,40.77,0.760000000000005,0
47173,"29550387#1_1.054521",5905.47530107497,12593.4916018153,41.39,0.619999999999997,-0.140000000000008
47174,"29550387#1_1.054521",5911.97956559721,12635.1974604328,42.21,0.82,0.200000000000003
47175,"29550387#1_1.054521",5922.38171762701,12676.8371820343,43.05,0.839999999999996,0.019999999999996
47176,"29550387#1_1.054521",5936.09934257808,12718.6020999164,43.96,0.910000000000004,0.0700000000000074
47177,"29550387#1_1.054521",5949.91370237298,12760.6615383751,44.27,0.310000000000002,-0.600000000000001
47178,"29550387#1_1.054521",5963.67189354889,12802.5499648861,44.09,-0.18,-0.490000000000002
47179,"29550387#1_1.054521",5981.99546388842,12842.671201475,44.11,0.019999999999996,0.199999999999996
47180,"29550387#1_1.054521",6000.37852013891,12882.8120253691,44.16,0.0499999999999972,0.0300000000000011
47181,"29550387#1_1.054521",6018.82403297915,12923.0892280532,44.3,0.140000000000001,0.0900000000000034
47182,"29550387#1_1.054521",6037.15712395784,12963.1209489151,44.03,-0.269999999999996,-0.409999999999997
47183,"29550387#1_1.054521",6055.49107406712,13003.5696207447,44.41,0.379999999999995,0.649999999999991
47184,"29550387#1_1.054521",6073.7355527322,13044.0918689331,44.43,0.0200000000000031,-0.359999999999992
47185,"29550387#1_1.054521",6091.93897721486,13084.5229329446,44.34,-0.0899999999999963,-0.109999999999999
47186,"29550387#1_1.054521",6110.32775056325,13124.5507753473,44.05,-0.290000000000006,-0.20000000000001
47187,"29550387#1_1.054521",6128.8998779275,13164.780766463,44.31,0.260000000000005,0.550000000000011
47188,"29550387#1_1.054521",6147.42170839977,13204.9018070272,44.18,-0.130000000000003,-0.390000000000008
47189,"29550387#1_1.054521",6165.76001843501,13244.8220153699,44.19,0.00999999999999801,0.140000000000001
47190,"29550387#1_1.054521",6182.21154381113,13280.8759224092,39.62,-4.57,-4.58
47191,"29550387#1_1.054521",6194.3848521382,13315.515007935,36.57,-3.05,1.52
47192,"29550387#1_1.054521",6210.010980635,13349.7581635753,37.64,1.07,4.12
47193,"29550387#1_1.054521",6225.9899839783,13384.7746104561,38.49,0.850000000000001,-0.219999999999999
47194,"29550387#1_1.054521",6242.3924371374,13420.7190068255,39.51,1.02,0.169999999999995
47195,"29550387#1_1.054521",6260.24631780343,13457.9290270662,40.14,0.630000000000003,-0.389999999999993
47196,"29550387#1_1.054521",6275.9565064696,13495.7564188884,40.96,0.82,0.189999999999998
