"V1","V2","V3","V4","V5","acceleration","jerk"
58339,"29550387#1_1.059677",5890.36691525445,12507.9869960651,38.6,0.789999999999999,0
58340,"29550387#1_1.059677",5894.91085898831,12547.0996484803,39.39,0.789999999999999,0
58341,"29550387#1_1.059677",5901.13001119258,12586.9978507688,40.38,0.990000000000002,0.200000000000003
58342,"29550387#1_1.059677",5907.50317905322,12627.8841214647,41.38,1,0.00999999999999801
58343,"29550387#1_1.059677",5916.37804890975,12668.9995533225,42.18,0.799999999999997,-0.200000000000003
58344,"29550387#1_1.059677",5929.79521795456,12709.8947996822,43.04,0.859999999999999,0.0600000000000023
58345,"29550387#1_1.059677",5943.38072508683,12751.3031369582,43.59,0.550000000000004,-0.309999999999995
58346,"29550387#1_1.059677",5957.09404447068,12793.1010432631,43.98,0.389999999999993,-0.160000000000011
58347,"29550387#1_1.059677",5974.37785007795,12833.9298117478,44.4,0.420000000000002,0.0300000000000082
58348,"29550387#1_1.059677",5992.81207148245,12874.1901878167,44.28,-0.119999999999997,-0.539999999999999
58349,"29550387#1_1.059677",6011.15470461439,12914.2505349169,44.06,-0.219999999999999,-0.100000000000001
58350,"29550387#1_1.059677",6029.49733774632,12954.310882017,44.06,0,0.219999999999999
58351,"29550387#1_1.059677",6047.82844330545,12994.5851280788,44.25,0.189999999999998,0.189999999999998
58352,"29550387#1_1.059677",6065.92761201915,13034.7889611283,44.09,-0.159999999999997,-0.349999999999994
58353,"29550387#1_1.059677",6083.99394032693,13074.9198455127,44.01,-0.0800000000000054,0.0799999999999912
58354,"29550387#1_1.059677",6102.4131638402,13115.2854840739,44.37,0.359999999999999,0.440000000000005
58355,"29550387#1_1.059677",6120.91909838168,13155.3698062803,44.15,-0.219999999999999,-0.579999999999998
58356,"29550387#1_1.059677",6139.50048180691,13195.6175526769,44.33,0.18,0.399999999999999
58357,"29550387#1_1.059677",6158.8980969866,13237.749201768,44.15,-0.18,-0.359999999999999
58358,"29550387#1_1.059677",6177.28495222367,13278.0422241725,44.29,0.140000000000001,0.32
58359,"29550387#1_1.059677",6195.73407949247,13318.4717097371,44.44,0.149999999999999,0.00999999999999801
58360,"29550387#1_1.059677",6213.99639066607,13358.4918058214,43.99,-0.449999999999996,-0.599999999999994
58361,"29550387#1_1.059677",6232.42891205974,13398.88490121,44.41,0.419999999999995,0.86999999999999
58362,"29550387#1_1.059677",6250.70367763968,13438.9322899264,44.01,-0.399999999999999,-0.819999999999993
58363,"29550387#1_1.059677",6269.4553419703,13480.1027496651,44.13,0.120000000000005,0.520000000000003
