"V1","V2","V3","V4","V5","acceleration","jerk"
63665,"29550387#1_1.062504",5894.65285873908,12518.0449537869,39.64,0.810000000000002,0
63666,"29550387#1_1.062504",5899.96031345945,12558.1290649776,40.45,0.810000000000002,0
63667,"29550387#1_1.062504",5906.31048500557,12598.8468672431,41.21,0.759999999999998,-0.0500000000000043
63668,"29550387#1_1.062504",5912.80858580877,12640.5132036065,42.17,0.960000000000001,0.200000000000003
63669,"29550387#1_1.062504",5924.08549906998,12682.0245444464,43.15,0.979999999999997,0.019999999999996
63670,"29550387#1_1.062504",5937.85929264005,12723.9604742762,44.13,0.980000000000004,7.105427357601e-15
63671,"29550387#1_1.062504",5951.70173674445,12766.1054187086,44.37,0.239999999999995,-0.740000000000009
63672,"29550387#1_1.062504",5966.15230895453,12808.0764483795,44.42,0.0500000000000043,-0.189999999999991
63673,"29550387#1_1.062504",5984.59365802212,12848.3445591443,44.3,-0.120000000000005,-0.170000000000009
63674,"29550387#1_1.062504",6003.05166218032,12888.6490375865,44.33,0.0300000000000011,0.150000000000006
63675,"29550387#1_1.062504",6021.3597705231,12928.6262069324,43.97,-0.359999999999999,-0.390000000000001
63676,"29550387#1_1.062504",6039.77197318215,12968.8306742618,44.22,0.25,0.609999999999999
63677,"29550387#1_1.062504",6057.95021959376,13009.0315529375,44.11,-0.109999999999999,-0.359999999999999
63678,"29550387#1_1.062504",6076.01405985621,13049.1525907478,44,-0.109999999999999,0
63679,"29550387#1_1.062504",6094.2298005936,13089.6110100124,44.37,0.369999999999997,0.479999999999997
63680,"29550387#1_1.062504",6112.76714982436,13129.8348770917,44.29,-0.0799999999999983,-0.449999999999996
63681,"29550387#1_1.062504",6131.30574592729,13169.9922345064,44.23,-0.0600000000000023,0.019999999999996
63682,"29550387#1_1.062504",6149.91559596053,13210.3039385356,44.4,0.170000000000002,0.230000000000004
63683,"29550387#1_1.062504",6165.14605750405,13251.4410054977,44.01,-0.390000000000001,-0.560000000000002
63684,"29550387#1_1.062504",6183.49139805329,13291.6430524621,44.19,0.18,0.57
63685,"29550387#1_1.062504",6201.92807091575,13332.0452453947,44.4,0.210000000000001,0.0300000000000011
63686,"29550387#1_1.062504",6220.29832027769,13372.3018776232,44.25,-0.149999999999999,-0.359999999999999
63687,"29550387#1_1.062504",6237.67636860064,13410.3841968342,41.86,-2.39,-2.24
63688,"29550387#1_1.062504",6254.21166876078,13446.6197146118,39.83,-2.03,0.359999999999999
63689,"29550387#1_1.062504",6270.76324586072,13483.2519539159,39.09,-0.739999999999995,1.29000000000001
