"V1","V2","V3","V4","V5","acceleration","jerk"
37984,"29550387#1_1.029129",5887.28430895926,12510.3406861423,38.17,1.08,0
37985,"29550387#1_1.029129",5891.91418282636,12549.3011355625,39.25,1.08,0
37986,"29550387#1_1.029129",5898.12883864019,12589.1696764577,40.35,1.1,0.0200000000000031
37987,"29550387#1_1.029129",5904.43898606752,12629.6508194683,40.96,0.609999999999999,-0.490000000000002
37988,"29550387#1_1.029129",5913.34563759945,12670.2156519807,41.66,0.699999999999996,0.0899999999999963
37989,"29550387#1_1.029129",5926.55032024036,12710.4965215884,42.39,0.730000000000004,0.0300000000000082
37990,"29550387#1_1.029129",5940.0010915646,12751.528084449,43.18,0.789999999999999,0.0599999999999952
37991,"29550387#1_1.029129",5953.72910203841,12793.4053650249,44.07,0.890000000000001,0.100000000000001
37992,"29550387#1_1.029129",5970.8144163963,12834.0224016016,44.13,0.0600000000000023,-0.829999999999998
37993,"29550387#1_1.029129",5989.21466733276,12874.2213427005,44.21,0.0799999999999983,0.019999999999996
37994,"29550387#1_1.029129",6007.70232050168,12914.6112310429,44.42,0.210000000000001,0.130000000000003
37995,"29550387#1_1.029129",6026.05678931639,12954.7101521571,44.1,-0.32,-0.530000000000001
37996,"29550387#1_1.029129",6044.32506227207,12994.837219621,44.09,-0.00999999999999801,0.310000000000002
37997,"29550387#1_1.029129",6062.43214725664,13035.0594221137,44.11,0.019999999999996,0.029999999999994
37998,"29550387#1_1.029129",6080.55975716185,13075.327217672,44.17,0.0600000000000023,0.0400000000000063
37999,"29550387#1_1.029129",6098.86212111289,13115.460382856,44.1,-0.0700000000000003,-0.130000000000003
38000,"29550387#1_1.029129",6117.29918068962,13155.3892600524,43.98,-0.120000000000005,-0.0500000000000043
38001,"29550387#1_1.029129",6135.85781251002,13195.5814245246,44.27,0.290000000000006,0.410000000000011
38002,"29550387#1_1.029129",6156.34194005743,13240.0928051174,44.28,0.00999999999999801,-0.280000000000008
38003,"29550387#1_1.029129",6174.71156737562,13280.3497211964,44.25,-0.0300000000000011,-0.0399999999999991
38004,"29550387#1_1.029129",6192.98156281683,13320.3882946797,44.01,-0.240000000000002,-0.210000000000001
38005,"29550387#1_1.029129",6211.29722286832,13360.5269418527,44.12,0.109999999999999,0.350000000000001
38006,"29550387#1_1.029129",6229.56306698133,13400.5564177279,44,-0.119999999999997,-0.229999999999997
38007,"29550387#1_1.029129",6247.91193765848,13440.7678457661,44.2,0.200000000000003,0.32
38008,"29550387#1_1.029129",6266.61692526197,13481.8629205586,44.15,-0.0500000000000043,-0.250000000000007
