"V1","V2","V3","V4","V5","acceleration","jerk"
21837,"29550387#1_1.022372",5895.8957879175,12530.7844642585,38.67,0.769999999999996,0
21838,"29550387#1_1.022372",5901.77706964796,12569.7782493675,39.44,0.769999999999996,0
21839,"29550387#1_1.022372",5907.96698449891,12609.468473027,40.16,0.719999999999999,-0.0499999999999972
21840,"29550387#1_1.022372",5914.28941930933,12650.0084251492,41.03,0.870000000000005,0.150000000000006
21841,"29550387#1_1.022372",5926.70358081109,12689.9956013397,41.92,0.890000000000001,0.019999999999996
21842,"29550387#1_1.022372",5940.05298925984,12730.6394408984,42.78,0.859999999999999,-0.0300000000000011
21843,"29550387#1_1.022372",5953.70196367658,12772.1953441778,43.73,0.949999999999996,0.0899999999999963
21844,"29550387#1_1.022372",5968.63391745403,12813.4952323072,43.97,0.240000000000002,-0.709999999999994
21845,"29550387#1_1.022372",5987.03362879512,12853.6724238786,44.19,0.219999999999999,-0.0200000000000031
21846,"29550387#1_1.022372",6005.50412427127,12894.0041780788,44.36,0.170000000000002,-0.0499999999999972
21847,"29550387#1_1.022372",6023.8330514773,12934.0268070214,44.01,-0.350000000000001,-0.520000000000003
21848,"29550387#1_1.022372",6042.2827280902,12974.3131016249,44.31,0.300000000000004,0.650000000000006
21849,"29550387#1_1.022372",6060.53663308588,13014.7761560786,44.39,0.0799999999999983,-0.220000000000006
21850,"29550387#1_1.022372",6078.62921127603,13054.9610228126,44.07,-0.32,-0.399999999999999
21851,"29550387#1_1.022372",6096.74339832051,13095.1250472485,44.06,-0.00999999999999801,0.310000000000002
21852,"29550387#1_1.022372",6115.31971709243,13135.3641175768,44.33,0.269999999999996,0.279999999999994
21853,"29550387#1_1.022372",6133.79125067272,13175.3762075896,44.07,-0.259999999999998,-0.529999999999994
21854,"29550387#1_1.022372",6152.22684338425,13215.1637421052,44.1,0.0300000000000011,0.289999999999999
21855,"29550387#1_1.022372",6170.48002458001,13255.1660204933,43.97,-0.130000000000003,-0.160000000000004
21856,"29550387#1_1.022372",6185.79961469628,13296.7012869297,44.15,0.18,0.310000000000002
21857,"29550387#1_1.022372",6204.1989243397,13337.0216019663,44.32,0.170000000000002,-0.00999999999999801
21858,"29550387#1_1.022372",6222.46953845086,13377.0598931386,44.01,-0.310000000000002,-0.480000000000004
21859,"29550387#1_1.022372",6240.8854539694,13417.4165983512,44.36,0.350000000000001,0.660000000000004
21860,"29550387#1_1.022372",6260.4611055391,13458.4461984388,44.33,-0.0300000000000011,-0.380000000000003
21861,"29550387#1_1.022372",6277.37180422786,13499.1642088255,44.09,-0.239999999999995,-0.209999999999994
