"V1","V2","V3","V4","V5","acceleration","jerk"
31942,"29550387#1_2.027011",5895.70546438705,12528.8337267175,39.96,0.909999999999997,0
31943,"29550387#1_2.027011",5901.69540037062,12569.254579501,40.87,0.909999999999997,0
31944,"29550387#1_2.027011",5908.10566817743,12610.3577237438,41.59,0.720000000000006,-0.189999999999991
31945,"29550387#1_2.027011",5914.6684880306,12652.439043775,42.59,1,0.279999999999994
31946,"29550387#1_2.027011",5927.90808564074,12693.6628575505,43.32,0.729999999999997,-0.270000000000003
31947,"29550387#1_2.027011",5941.66315633781,12735.5417833977,44.08,0.759999999999998,0.0300000000000011
31948,"29550387#1_2.027011",5955.45879325971,12777.5442178738,44.21,0.130000000000003,-0.629999999999995
31949,"29550387#1_2.027011",5971.13218104413,12818.9503839123,44.34,0.130000000000003,0
31950,"29550387#1_2.027011",5989.46527202282,12858.9821047742,44.03,-0.310000000000002,-0.440000000000005
31951,"29550387#1_2.027011",6007.86498336391,12899.1592963456,44.19,0.159999999999997,0.469999999999999
31952,"29550387#1_2.027011",6026.3063324315,12939.4274071104,44.29,0.100000000000001,-0.0599999999999952
31953,"29550387#1_2.027011",6044.7471945292,12979.7067216653,44.3,0.00999999999999801,-0.0900000000000034
31954,"29550387#1_2.027011",6062.40459838575,13018.9250361248,43.01,-1.29,-1.3
31955,"29550387#1_2.027011",6074.77399636436,13054.4395077878,39.93,-3.08,-1.79
31956,"29550387#1_2.027011",6091.41176701453,13091.3971252407,40.53,0.600000000000001,3.68
31957,"29550387#1_2.027011",6108.73410365641,13128.9767995636,41.39,0.859999999999999,0.259999999999998
31958,"29550387#1_2.027011",6126.41429208132,13167.2725347996,42.18,0.789999999999999,-0.0700000000000003
31959,"29550387#1_2.027011",6144.44657529705,13206.3309162564,43.01,0.829999999999998,0.0399999999999991
31960,"29550387#1_2.027011",6163.68889196144,13248.2477675514,43.9,0.890000000000001,0.0600000000000023
31961,"29550387#1_2.027011",6182.10480747998,13288.604472764,44.36,0.460000000000001,-0.43
31962,"29550387#1_2.027011",6200.49166271705,13328.8974951685,44.29,-0.0700000000000003,-0.530000000000001
31963,"29550387#1_2.027011",6218.766428297,13368.9448838848,44.01,-0.280000000000001,-0.210000000000001
31964,"29550387#1_2.027011",6237.15743500285,13409.2470038334,44.3,0.289999999999999,0.57
31965,"29550387#1_2.027011",6256.90176591942,13449.875929979,44.03,-0.269999999999996,-0.559999999999995
31966,"29550387#1_2.027011",6273.87766802794,13490.7509388182,44.26,0.229999999999997,0.499999999999993
