"V1","V2","V3","V4","V5","acceleration","jerk"
29700,"29550387#1_1.022855",5891.91046146971,12523.8420383256,39.98,1.1,0
29701,"29550387#1_1.022855",5897.62461485357,12564.5094138177,41.08,1.1,0
29702,"29550387#1_1.022855",5904.09635273429,12606.0280482943,42.02,0.940000000000005,-0.159999999999997
29703,"29550387#1_1.022855",5910.66512047852,12648.1691658675,42.65,0.629999999999995,-0.310000000000009
29704,"29550387#1_1.022855",5923.09598554813,12689.4756815533,43.2,0.550000000000004,-0.0799999999999912
29705,"29550387#1_1.022855",5936.85606551183,12731.4161131127,44.14,0.939999999999998,0.389999999999993
29706,"29550387#1_1.022855",5950.59120649962,12773.2805312031,44.06,-0.0799999999999983,-1.02
29707,"29550387#1_1.022855",5965.52709246595,12814.5997395882,44,-0.0600000000000023,0.019999999999996
29708,"29550387#1_1.022855",5983.8405838748,12854.5964411074,43.99,-0.00999999999999801,0.0500000000000043
29709,"29550387#1_1.022855",6002.19570631663,12894.6840648852,44.08,0.0899999999999963,0.0999999999999943
29710,"29550387#1_1.022855",6020.60078599803,12934.8807953731,44.21,0.130000000000003,0.0400000000000063
29711,"29550387#1_1.022855",6039.07247533222,12975.2230014747,44.37,0.159999999999997,0.029999999999994
29712,"29550387#1_1.022855",6057.21258929763,13015.4302091292,44.11,-0.259999999999998,-0.419999999999995
29713,"29550387#1_1.022855",6075.33638831577,13055.6887536775,44.15,0.0399999999999991,0.299999999999997
29714,"29550387#1_1.022855",6093.57306962775,13096.1376164559,44.37,0.219999999999999,0.18
29715,"29550387#1_1.022855",6112.03289651805,13136.1220683239,44.04,-0.329999999999998,-0.549999999999997
29716,"29550387#1_1.022855",6130.53883105953,13176.2063905303,44.15,0.109999999999999,0.439999999999998
29717,"29550387#1_1.022855",6150.13849785582,13218.5533839144,44.43,0.280000000000001,0.170000000000002
29718,"29550387#1_1.022855",6168.45892959237,13258.7008456148,44.13,-0.299999999999997,-0.579999999999998
29719,"29550387#1_1.022855",6186.83333042309,13298.9665753873,44.26,0.129999999999995,0.429999999999993
29720,"29550387#1_1.022855",6205.09149012791,13338.9775739276,43.98,-0.280000000000001,-0.409999999999997
29721,"29550387#1_1.022855",6223.4492850835,13379.2069135241,44.22,0.240000000000002,0.520000000000003
29722,"29550387#1_1.022855",6241.86104913326,13419.5545211927,44.34,0.120000000000005,-0.119999999999997
29723,"29550387#1_1.022855",6261.40080188266,13460.7088231938,44.43,0.0899999999999963,-0.0300000000000082
