"V1","V2","V3","V4","V5","acceleration","jerk"
29251,"29550387#1_1.024814",5894.81016696323,12519.6572980809,38.87,1.07,0
29252,"29550387#1_1.024814",5900.13135666295,12559.2258075283,39.94,1.07,0
29253,"29550387#1_1.024814",5906.41372729957,12599.5088649989,40.77,0.830000000000005,-0.239999999999995
29254,"29550387#1_1.024814",5912.84094533376,12640.7206954404,41.7,0.93,0.0999999999999943
29255,"29550387#1_1.024814",5923.98876422615,12681.7300238699,42.62,0.919999999999995,-0.0100000000000051
29256,"29550387#1_1.024814",5937.54100379906,12722.9914065728,43.43,0.810000000000002,-0.109999999999992
29257,"29550387#1_1.024814",5951.33039976329,12764.9748397214,44.19,0.759999999999998,-0.0500000000000043
29258,"29550387#1_1.024814",5965.62767360061,12806.9308665424,44.36,0.170000000000002,-0.589999999999996
29259,"29550387#1_1.024814",5983.97325589725,12846.9898631624,44.06,-0.299999999999997,-0.469999999999999
29260,"29550387#1_1.024814",6002.45207891869,12887.3398012013,44.38,0.32,0.619999999999997
29261,"29550387#1_1.024814",6020.78516989738,12927.3715220632,44.02,-0.359999999999999,-0.68
29262,"29550387#1_1.024814",6039.15157105727,12967.4759782799,44.12,0.0999999999999943,0.459999999999994
29263,"29550387#1_1.024814",6057.32209060281,13007.6364350319,44.08,-0.0399999999999991,-0.139999999999993
29264,"29550387#1_1.024814",6075.45982839361,13047.9216043604,44.18,0.100000000000001,0.140000000000001
29265,"29550387#1_1.024814",6093.65093662155,13088.3253131189,44.31,0.130000000000003,0.0300000000000011
29266,"29550387#1_1.024814",6112.20130978957,13128.6091833881,44.35,0.0399999999999991,-0.0900000000000034
29267,"29550387#1_1.024814",6130.66446055453,13168.6031149756,44.05,-0.300000000000004,-0.340000000000003
29268,"29550387#1_1.024814",6149.09408005816,13208.5244128622,43.97,-0.0799999999999983,0.220000000000006
29269,"29550387#1_1.024814",6167.37901790427,13248.3700910059,44.09,0.120000000000005,0.200000000000003
29270,"29550387#1_1.024814",6185.73598111729,13288.5998101398,44.22,0.129999999999995,0.00999999999999091
29271,"29550387#1_1.024814",6201.08117128415,13330.1893464174,44.21,-0.00999999999999801,-0.139999999999993
29272,"29550387#1_1.024814",6219.33517952018,13370.1912474137,43.97,-0.240000000000002,-0.230000000000004
29273,"29550387#1_1.024814",6237.73864063238,13410.5206599943,44.34,0.370000000000005,0.610000000000007
29274,"29550387#1_1.024814",6257.44257075387,13451.1780936135,44.04,-0.300000000000004,-0.670000000000009
29275,"29550387#1_1.024814",6274.42230835767,13492.0623376558,44.27,0.230000000000004,0.530000000000008
