"V1","V2","V3","V4","V5","acceleration","jerk"
63932,"29550387#1_1.057902",5893.92652200045,12510.600302355,39.64,0.759999999999998,0
63933,"29550387#1_1.057902",5898.79999334922,12550.6890006471,40.4,0.759999999999998,0
63934,"29550387#1_1.057902",5905.17944256081,12591.5945336195,41.4,1,0.240000000000002
63935,"29550387#1_1.057902",5911.70373916995,12633.4288395628,42.33,0.93,-0.0700000000000003
63936,"29550387#1_1.057902",5921.81067000052,12675.0985605665,43.02,0.690000000000005,-0.239999999999995
63937,"29550387#1_1.057902",5935.52205399393,12716.8444771211,43.93,0.909999999999997,0.219999999999992
63938,"29550387#1_1.057902",5949.25216086033,12758.6473976583,44,0.0700000000000003,-0.839999999999996
63939,"29550387#1_1.057902",5963.05715921873,12800.6783341256,44.24,0.240000000000002,0.170000000000002
63940,"29550387#1_1.057902",5981.20434708488,12840.9437368001,44.18,-0.0600000000000023,-0.300000000000004
63941,"29550387#1_1.057902",5999.54576560887,12880.9936415007,44.05,-0.130000000000003,-0.0700000000000003
63942,"29550387#1_1.057902",6017.93298563202,12921.1435573141,44.17,0.120000000000005,0.250000000000007
63943,"29550387#1_1.057902",6036.27856792866,12961.202553934,44.06,-0.109999999999999,-0.230000000000004
63944,"29550387#1_1.057902",6054.49345743444,13001.3538452475,44.09,0.0300000000000011,0.140000000000001
63945,"29550387#1_1.057902",6072.56961395162,13041.5022383108,44.03,-0.0600000000000023,-0.0900000000000034
63946,"29550387#1_1.057902",6090.66219214177,13081.6871050448,44.07,0.0399999999999991,0.100000000000001
63947,"29550387#1_1.057902",6109.02841418705,13121.7362194353,44.06,-0.00999999999999801,-0.0499999999999972
63948,"29550387#1_1.057902",6127.55024465932,13161.8572599996,44.19,0.129999999999995,0.139999999999993
63949,"29550387#1_1.057902",6146.08464935459,13202.0055382017,44.22,0.0300000000000011,-0.0999999999999943
63950,"29550387#1_1.057902",6161.4637046941,13243.371483964,44.27,0.0500000000000043,0.0200000000000031
63951,"29550387#1_1.057902",6179.83810552482,13283.6372137365,44.25,-0.0200000000000031,-0.0700000000000074
63952,"29550387#1_1.057902",6198.09626522963,13323.6482122768,43.98,-0.270000000000003,-0.25
63953,"29550387#1_1.057902",6216.5287866233,13364.0413076654,44.4,0.420000000000002,0.690000000000005
63954,"29550387#1_1.057902",6234.8160066096,13404.1159890137,44.05,-0.350000000000001,-0.770000000000003
63955,"29550387#1_1.057902",6253.1945589091,13444.3908163302,44.27,0.220000000000006,0.570000000000007
63956,"29550387#1_1.057902",6271.85252652019,13485.8747515911,44.38,0.109999999999999,-0.110000000000007
