"V1","V2","V3","V4","V5","acceleration","jerk"
29491,"29550387#1_1.026865",5893.48313385375,12537.9402543442,38.92,0.600000000000001,0
29492,"29550387#1_1.026865",5899.56983259354,12576.9887178024,39.52,0.600000000000001,0
29493,"29550387#1_1.026865",5905.79822573719,12616.9462041954,40.44,0.919999999999995,0.319999999999993
29494,"29550387#1_1.026865",5912.67149361368,12657.702051482,41.37,0.93,0.0100000000000051
29495,"29550387#1_1.026865",5925.79874706342,12697.7136412638,42.11,0.740000000000002,-0.189999999999998
29496,"29550387#1_1.026865",5939.14733392445,12738.3998505835,42.82,0.710000000000001,-0.0300000000000011
29497,"29550387#1_1.026865",5952.67361098891,12779.6276558705,43.39,0.57,-0.140000000000001
29498,"29550387#1_1.026865",5968.34551339884,12820.7551764894,44.08,0.689999999999998,0.119999999999997
29499,"29550387#1_1.026865",5986.80471342312,12861.0701059135,44.35,0.270000000000003,-0.419999999999995
29500,"29550387#1_1.026865",6005.21811931113,12901.2850208531,44.23,-0.120000000000005,-0.390000000000008
29501,"29550387#1_1.026865",6023.7064610585,12941.6635958581,44.4,0.170000000000002,0.290000000000006
29502,"29550387#1_1.026865",6042.1101076243,12981.8829417694,44.23,-0.170000000000002,-0.340000000000003
29503,"29550387#1_1.026865",6060.21338138874,13022.0958934021,44.1,-0.129999999999995,0.0400000000000063
29504,"29550387#1_1.026865",6078.31665515318,13062.3088450347,44.1,0,0.129999999999995
29505,"29550387#1_1.026865",6096.46527683808,13102.4022104134,44.01,-0.0900000000000034,-0.0900000000000034
29506,"29550387#1_1.026865",6115.05085186796,13142.6590359317,44.34,0.330000000000005,0.420000000000009
29507,"29550387#1_1.026865",6133.55259480479,13182.7342790164,44.13,-0.210000000000001,-0.540000000000006
29508,"29550387#1_1.026865",6152.9905569093,13224.8033966468,44.11,-0.0200000000000031,0.189999999999998
29509,"29550387#1_1.026865",6171.38986655272,13265.1237116834,44.32,0.210000000000001,0.230000000000004
29510,"29550387#1_1.026865",6189.82653941517,13305.525904616,44.41,0.0899999999999963,-0.120000000000005
29511,"29550387#1_1.026865",6208.21339465224,13345.8189270205,44.29,-0.119999999999997,-0.209999999999994
29512,"29550387#1_1.026865",6226.6500675147,13386.2211199531,44.42,0.130000000000003,0.25
29513,"29550387#1_1.026865",6245.07013450202,13426.5869227096,44.37,-0.0500000000000043,-0.180000000000007
29514,"29550387#1_1.026865",6264.31961379061,13467.7368127389,44.3,-0.0700000000000003,-0.019999999999996
