"V1","V2","V3","V4","V5","acceleration","jerk"
20382,"29550387#1_2.027711",5890.87077214832,12513.1625277509,39.27,0.669999999999995,0
20383,"29550387#1_2.027711",5895.79644901244,12552.7810418225,39.94,0.669999999999995,0
20384,"29550387#1_2.027711",5902.06026575706,12592.9657839492,40.67,0.730000000000004,0.0600000000000094
20385,"29550387#1_2.027711",5908.44421471365,12633.9212194336,41.45,0.780000000000001,0.0499999999999972
20386,"29550387#1_2.027711",5918.27652845164,12674.7860786555,42.16,0.709999999999994,-0.0700000000000074
20387,"29550387#1_2.027711",5931.68434538048,12715.6528199643,43.01,0.850000000000001,0.140000000000008
20388,"29550387#1_2.027711",5945.31349572061,12757.1941808111,43.72,0.710000000000001,-0.140000000000001
20389,"29550387#1_2.027711",5959.1390404961,12799.3341477269,44.35,0.630000000000003,-0.0799999999999983
20390,"29550387#1_2.027711",5977.058888602,12839.7852051959,44.27,-0.0799999999999983,-0.710000000000001
20391,"29550387#1_2.027711",5995.50559931639,12880.0728579424,44.31,0.0399999999999991,0.119999999999997
20392,"29550387#1_2.027711",6013.82325382854,12920.0786516874,44,-0.310000000000002,-0.350000000000001
20393,"29550387#1_2.027711",6032.21168109676,12960.239013272,44.17,0.170000000000002,0.480000000000004
20394,"29550387#1_2.027711",6050.41873032254,13000.338954038,44.04,-0.130000000000003,-0.300000000000004
20395,"29550387#1_2.027711",6068.53021418846,13040.570142837,44.12,0.0799999999999983,0.210000000000001
20396,"29550387#1_2.027711",6086.63759300364,13080.7922130527,44.11,-0.00999999999999801,-0.0899999999999963
20397,"29550387#1_2.027711",6105.13770686443,13121.1869131643,44.43,0.32,0.329999999999998
20398,"29550387#1_2.027711",6123.70232387105,13161.3983430742,44.29,-0.140000000000001,-0.460000000000001
20399,"29550387#1_2.027711",6142.21664162183,13201.5008235239,44.17,-0.119999999999997,0.0200000000000031
20400,"29550387#1_2.027711",6161.65882372687,13243.7990685323,44.32,0.149999999999999,0.269999999999996
20401,"29550387#1_2.027711",6180.04567896393,13284.0920909368,44.29,-0.0300000000000011,-0.18
20402,"29550387#1_2.027711",6198.42838273222,13324.3760157973,44.28,-0.00999999999999801,0.0200000000000031
20403,"29550387#1_2.027711",6216.70729978095,13364.4325020577,44.03,-0.25,-0.240000000000002
20404,"29550387#1_2.027711",6235.03188298628,13404.5890613021,44.13,0.100000000000001,0.350000000000001
20405,"29550387#1_2.027711",6253.42704116091,13444.9002787946,44.31,0.18,0.0799999999999983
20406,"29550387#1_2.027711",6271.99060435026,13486.2072189021,44.19,-0.120000000000005,-0.300000000000004
