"V1","V2","V3","V4","V5","acceleration","jerk"
21493,"29550387#1_1.023147",5889.59368871348,12500.0445455165,38.16,0.850000000000001,0
21494,"29550387#1_1.023147",5893.62174794448,12538.8295159108,39.01,0.850000000000001,0
21495,"29550387#1_1.023147",5899.73770965898,12578.0657123664,39.71,0.700000000000003,-0.149999999999999
21496,"29550387#1_1.023147",5906.0184681258,12618.3591420179,40.79,1.08,0.379999999999995
21497,"29550387#1_1.023147",5913.195212108,12659.2983343324,41.61,0.82,-0.259999999999998
21498,"29550387#1_1.023147",5926.44092569336,12699.6709880923,42.5,0.890000000000001,0.0700000000000003
21499,"29550387#1_1.023147",5939.88615108608,12740.6517496047,43.13,0.630000000000003,-0.259999999999998
21500,"29550387#1_1.023147",5953.49971456625,12782.1456020334,43.67,0.539999999999999,-0.0900000000000034
21501,"29550387#1_1.023147",5969.41543094648,12823.0918785332,44,0.329999999999998,-0.210000000000001
21502,"29550387#1_1.023147",5987.77471649161,12863.1885945368,44.09,0.0900000000000034,-0.239999999999995
21503,"29550387#1_1.023147",6006.2131009994,12903.4580628315,44.29,0.199999999999996,0.109999999999992
21504,"29550387#1_1.023147",6024.70560585007,12943.8457300624,44.42,0.130000000000003,-0.0699999999999932
21505,"29550387#1_1.023147",6043.01732383789,12983.8981486426,44.04,-0.380000000000003,-0.510000000000005
21506,"29550387#1_1.023147",6061.2396440738,13024.3755391863,44.4,0.359999999999999,0.740000000000002
21507,"29550387#1_1.023147",6079.38396834564,13064.6796766503,44.2,-0.199999999999996,-0.559999999999995
21508,"29550387#1_1.023147",6097.54671083846,13104.7446238062,43.98,-0.220000000000006,-0.0200000000000102
21509,"29550387#1_1.023147",6115.99815451946,13144.7109174308,44.02,0.0400000000000063,0.260000000000012
21510,"29550387#1_1.023147",6134.51247227025,13184.8133978806,44.17,0.149999999999999,0.109999999999992
21511,"29550387#1_1.023147",6154.05748438637,13227.1414654565,44.4,0.229999999999997,0.0799999999999983
21512,"29550387#1_1.023147",6172.36546171657,13267.2616345249,44.1,-0.299999999999997,-0.529999999999994
21513,"29550387#1_1.023147",6190.75646842242,13307.5637544734,44.29,0.189999999999998,0.489999999999995
21514,"29550387#1_1.023147",6209.20559569122,13347.993240038,44.44,0.149999999999999,-0.0399999999999991
21515,"29550387#1_1.023147",6227.50111861508,13388.0861164744,44.07,-0.369999999999997,-0.519999999999996
21516,"29550387#1_1.023147",6245.81739888285,13428.2244806308,44.12,0.0499999999999972,0.419999999999995
21517,"29550387#1_1.023147",6265.02918041737,13469.445325309,44.36,0.240000000000002,0.190000000000005
