"V1","V2","V3","V4","V5","acceleration","jerk"
30083,"29550387#1_1.023762",5896.09485079373,12532.8247764825,39.44,1.04,0
30084,"29550387#1_1.023762",5902.25321694419,12572.8313434952,40.48,1.04,0
30085,"29550387#1_1.023762",5908.64807545339,12613.8356821028,41.5,1.02,-0.019999999999996
30086,"29550387#1_1.023762",5915.46361605364,12655.7742104818,42.5,1,-0.0200000000000031
30087,"29550387#1_1.023762",5928.92536174039,12696.7600739357,43.14,0.640000000000001,-0.359999999999999
30088,"29550387#1_1.023762",5942.69603483162,12738.6865031018,44.13,0.990000000000002,0.350000000000001
30089,"29550387#1_1.023762",5956.55408133019,12780.878950853,44.41,0.279999999999994,-0.710000000000008
30090,"29550387#1_1.023762",5972.60615656229,12822.1689233593,44.37,-0.0399999999999991,-0.319999999999993
30091,"29550387#1_1.023762",5990.94757508628,12862.2188280599,44.05,-0.32,-0.280000000000001
30092,"29550387#1_1.023762",6009.43056188037,12902.5778580181,44.39,0.340000000000003,0.660000000000004
30093,"29550387#1_1.023762",6027.83860076677,12942.7732334282,44.21,-0.18,-0.520000000000003
30094,"29550387#1_1.023762",6046.28672636975,12983.1261282969,44.37,0.159999999999997,0.339999999999996
30095,"29550387#1_1.023762",6064.40804248759,13023.3748239547,44.14,-0.229999999999997,-0.389999999999993
30096,"29550387#1_1.023762",6082.57041278784,13063.7147037894,44.24,0.100000000000001,0.329999999999998
30097,"29550387#1_1.023762",6100.77972390205,13103.8683290008,44.09,-0.149999999999999,-0.25
30098,"29550387#1_1.023762",6119.30574578199,13143.9984487776,44.19,0.0999999999999943,0.249999999999993
30099,"29550387#1_1.023762",6137.8108106236,13184.0831724914,44.15,-0.0399999999999991,-0.139999999999993
30100,"29550387#1_1.023762",6156.34491382915,13224.1885909023,44.44,0.289999999999999,0.329999999999998
30101,"29550387#1_1.023762",6171.77180168069,13265.960685732,44.41,-0.0300000000000011,-0.32
30102,"29550387#1_1.023762",6190.13374810507,13306.1991228724,44.24,-0.169999999999995,-0.139999999999993
30103,"29550387#1_1.023762",6208.54136068605,13346.537632997,44.34,0.100000000000001,0.269999999999996
30104,"29550387#1_1.023762",6226.84933801625,13386.6578020654,44.1,-0.240000000000002,-0.340000000000003
30105,"29550387#1_1.023762",6245.26940500358,13427.023604822,44.37,0.269999999999996,0.509999999999998
30106,"29550387#1_1.023762",6264.49604657348,13468.1616320806,44.29,-0.0799999999999983,-0.349999999999994
