"V1","V2","V3","V4","V5","acceleration","jerk"
36711,"29550387#1_1.028152",5890.09366978508,12505.1802654201,38.78,0.799999999999997,0
36712,"29550387#1_1.028152",5894.50579781205,12544.5010285689,39.58,0.799999999999997,0
36713,"29550387#1_1.028152",5900.71878939007,12584.3597081212,40.34,0.760000000000005,-0.039999999999992
36714,"29550387#1_1.028152",5907.04729271036,12624.959438979,41.09,0.75,-0.0100000000000051
36715,"29550387#1_1.028152",5915.33372929311,12665.8164893052,41.8,0.709999999999994,-0.0400000000000063
36716,"29550387#1_1.028152",5928.6012644824,12706.2556548505,42.56,0.760000000000005,0.0500000000000114
36717,"29550387#1_1.028152",5942.09013308298,12747.3694399338,43.27,0.710000000000001,-0.0500000000000043
36718,"29550387#1_1.028152",5955.87515202261,12789.3858849623,44.22,0.949999999999996,0.239999999999995
36719,"29550387#1_1.028152",5972.73342427516,12830.3383825366,44.36,0.140000000000001,-0.809999999999995
36720,"29550387#1_1.028152",5991.13850395657,12870.5351130245,44.2,-0.159999999999997,-0.299999999999997
36721,"29550387#1_1.028152",6009.55607294787,12910.75912019,44.24,0.0399999999999991,0.199999999999996
36722,"29550387#1_1.028152",6027.9195215963,12950.8649284195,44.11,-0.130000000000003,-0.170000000000002
36723,"29550387#1_1.028152",6046.24799877045,12991.0744735712,44.19,0.0799999999999983,0.210000000000001
36724,"29550387#1_1.028152",6064.29380182453,13031.1597650399,43.97,-0.219999999999999,-0.299999999999997
36725,"29550387#1_1.028152",6082.46275640082,13071.5186140028,44.26,0.289999999999999,0.509999999999998
36726,"29550387#1_1.028152",6100.68622272331,13111.5448859427,43.99,-0.269999999999996,-0.559999999999995
36727,"29550387#1_1.028152",6118.46700965988,13150.0585200989,42.41,-1.58000000000001,-1.31000000000001
36728,"29550387#1_1.028152",6135.64001392181,13187.2556816118,40.97,-1.44,0.140000000000008
36729,"29550387#1_1.028152",6153.03207159712,13224.8943720869,39.23,-1.74,-0.300000000000004
36730,"29550387#1_1.028152",6165.82772501157,13260.880839748,38.05,-1.18,0.560000000000002
36731,"29550387#1_1.028152",6181.91412181563,13296.1340713426,38.75,0.700000000000003,1.88
36732,"29550387#1_1.028152",6198.38244081479,13332.2242828873,39.67,0.920000000000002,0.219999999999999
36733,"29550387#1_1.028152",6215.12059614743,13368.905838962,40.32,0.649999999999999,-0.270000000000003
36734,"29550387#1_1.028152",6232.12443648535,13406.1696419585,40.96,0.640000000000001,-0.00999999999999801
36735,"29550387#1_1.028152",6249.44377776705,13444.1248631747,41.72,0.759999999999998,0.119999999999997
36736,"29550387#1_1.028152",6267.47980093142,13483.9408872521,42.71,0.990000000000002,0.230000000000004
