"V1","V2","V3","V4","V5","acceleration","jerk"
26069,"29550387#1_2.028176",5894.31882152238,12514.6212103476,37.92,0.640000000000001,0
26070,"29550387#1_2.028176",5899.1389978967,12552.8627246214,38.56,0.640000000000001,0
26071,"29550387#1_2.028176",5905.19947464771,12591.7229809452,39.33,0.769999999999996,0.129999999999995
26072,"29550387#1_2.028176",5911.36011183319,12631.2254738978,39.98,0.649999999999999,-0.119999999999997
26073,"29550387#1_2.028176",5920.45326170805,12670.9657718315,40.9,0.920000000000002,0.270000000000003
26074,"29550387#1_2.028176",5933.5405499348,12710.8115556345,41.94,1.04,0.119999999999997
26075,"29550387#1_2.028176",5946.88059694704,12751.4268932018,42.76,0.82,-0.219999999999999
26076,"29550387#1_2.028176",5960.49836657545,12792.8877898437,43.63,0.870000000000005,0.0500000000000043
26077,"29550387#1_2.028176",5977.73176069465,12833.361076069,44.04,0.409999999999997,-0.460000000000008
26078,"29550387#1_2.028176",5996.14396335369,12873.5655433985,44.22,0.18,-0.229999999999997
26079,"29550387#1_2.028176",6014.48538187768,12913.6154480991,44.06,-0.159999999999997,-0.339999999999996
26080,"29550387#1_2.028176",6032.85594681022,12953.7289962351,44.12,0.0599999999999952,0.219999999999992
26081,"29550387#1_2.028176",6051.26249327841,12994.1776505301,44.43,0.310000000000002,0.250000000000007
26082,"29550387#1_2.028176",6069.40844190569,13034.481056694,44.2,-0.229999999999997,-0.539999999999999
26083,"29550387#1_2.028176",6087.52154718704,13074.7115155165,44.12,-0.0800000000000054,0.149999999999991
26084,"29550387#1_2.028176",6105.89324125352,13114.9449683962,44.23,0.109999999999999,0.190000000000005
26085,"29550387#1_2.028176",6124.45279439478,13155.147721874,44.28,0.0500000000000043,-0.0599999999999952
26086,"29550387#1_2.028176",6143.01234753604,13195.3504753518,44.28,0,-0.0500000000000043
26087,"29550387#1_2.028176",6161.33060193833,13235.1148443351,44.03,-0.25,-0.25
26088,"29550387#1_2.028176",6176.75356421952,13276.8777385397,44.4,0.369999999999997,0.619999999999997
26089,"29550387#1_2.028176",6195.1611768005,13317.2162486642,44.34,-0.0599999999999952,-0.429999999999993
26090,"29550387#1_2.028176",6213.58539525661,13357.5911489648,44.38,0.0399999999999991,0.0999999999999943
26091,"29550387#1_2.028176",6232.00961371272,13397.9660492654,44.38,0,-0.0399999999999991
26092,"29550387#1_2.028176",6250.34249985562,13438.1408035978,44.16,-0.220000000000006,-0.220000000000006
26093,"29550387#1_2.028176",6269.11014739511,13479.2715813878,44.1,-0.0599999999999952,0.160000000000011
