"V1","V2","V3","V4","V5","acceleration","jerk"
39639,"29550387#1_1.030769",5894.39844667288,12515.4373352372,39.01,0.620000000000005,0
39640,"29550387#1_1.030769",5899.43023362158,12554.7301511267,39.63,0.620000000000005,0
39641,"29550387#1_1.030769",5905.65404892727,12594.6377471836,40.39,0.759999999999998,0.139999999999993
39642,"29550387#1_1.030769",5911.97956559721,12635.1974604328,41.05,0.659999999999997,-0.100000000000001
39643,"29550387#1_1.030769",5921.96045298452,12675.5545924269,41.72,0.670000000000002,0.0100000000000051
39644,"29550387#1_1.030769",5935.27865664493,12716.1034253479,42.68,0.960000000000001,0.289999999999999
39645,"29550387#1_1.030769",5948.77160712001,12757.1842954395,43.23,0.549999999999997,-0.410000000000004
39646,"29550387#1_1.030769",5962.43618393091,12798.7877020377,43.8,0.57,0.0200000000000031
39647,"29550387#1_1.030769",5980.41323028135,12839.2162721251,44.27,0.470000000000006,-0.0999999999999943
39648,"29550387#1_1.030769",5998.79212275919,12879.3480040998,44.13,-0.140000000000001,-0.610000000000007
39649,"29550387#1_1.030769",6017.14603260113,12919.4251845585,44.09,-0.0399999999999991,0.100000000000001
39650,"29550387#1_1.030769",6035.48745112512,12959.4750892591,44.05,-0.0400000000000063,-7.105427357601e-15
39651,"29550387#1_1.030769",6053.70521713208,12999.6031090521,44.07,0.0200000000000031,0.0600000000000094
39652,"29550387#1_1.030769",6071.79779532223,13039.7879757862,44.07,0,-0.0200000000000031
39653,"29550387#1_1.030769",6089.94784936775,13080.1005003678,44.21,0.140000000000001,0.140000000000001
39654,"29550387#1_1.030769",6108.26976939966,13120.0928819513,43.99,-0.219999999999999,-0.359999999999999
39655,"29550387#1_1.030769",6126.74130297995,13160.1049719641,44.07,0.0799999999999983,0.299999999999997
39656,"29550387#1_1.030769",6145.18349670659,13200.0535074885,44,-0.0700000000000003,-0.149999999999999
39657,"29550387#1_1.030769",6163.49757045873,13239.8638071094,44.07,0.0700000000000003,0.140000000000001
39658,"29550387#1_1.030769",6181.93755928556,13280.2754788401,44.42,0.350000000000001,0.280000000000001
39659,"29550387#1_1.030769",6197.19124503508,13321.6649476834,43.99,-0.43,-0.780000000000001
39660,"29550387#1_1.030769",6215.58225174093,13361.9670676319,44.3,0.309999999999995,0.739999999999995
39661,"29550387#1_1.030769",6233.96080404043,13402.2418949484,44.26,-0.0399999999999991,-0.349999999999994
39662,"29550387#1_1.030769",6252.31444752724,13442.4621370009,44.21,-0.0499999999999972,-0.00999999999999801
39663,"29550387#1_1.030769",6271.0509080067,13483.9445941471,44.41,0.199999999999996,0.249999999999993
