"V1","V2","V3","V4","V5","acceleration","jerk"
64741,"29550387#1_1.057176",5896.49168056687,12535.8879164942,39.5,0.640000000000001,0
64742,"29550387#1_1.057176",5902.67697262854,12575.5484984631,40.14,0.640000000000001,0
64743,"29550387#1_1.057176",5908.97475256277,12615.930361569,40.87,0.729999999999997,0.0899999999999963
64744,"29550387#1_1.057176",5915.85991686547,12656.9807947791,41.66,0.789999999999999,0.0600000000000023
64745,"29550387#1_1.057176",5929.13443382222,12697.3966184075,42.54,0.880000000000003,0.0900000000000034
64746,"29550387#1_1.057176",5942.68043243746,12738.638999783,43.41,0.869999999999997,-0.0100000000000051
64747,"29550387#1_1.057176",5956.49479223236,12780.6984382416,44.27,0.860000000000007,-0.00999999999999091
64748,"29550387#1_1.057176",5972.40213170243,12821.7234193115,44.07,-0.200000000000003,-1.06000000000001
64749,"29550387#1_1.057176",5990.90177358713,12862.1188169471,44.43,0.359999999999999,0.560000000000002
64750,"29550387#1_1.057176",6009.28066606497,12902.2505489218,44.15,-0.280000000000001,-0.640000000000001
64751,"29550387#1_1.057176",6027.77198040436,12942.6277627187,44.41,0.259999999999998,0.539999999999999
64752,"29550387#1_1.057176",6046.05682294823,12982.6154969066,43.97,-0.439999999999998,-0.699999999999996
64753,"29550387#1_1.057176",6064.21919324848,13022.9553767412,44.24,0.270000000000003,0.710000000000001
64754,"29550387#1_1.057176",6082.31587685686,13063.149361893,44.08,-0.160000000000004,-0.430000000000007
64755,"29550387#1_1.057176",6100.57015351879,13103.4143683698,44.21,0.130000000000003,0.290000000000006
64756,"29550387#1_1.057176",6118.99977302243,13143.3356662564,43.97,-0.240000000000002,-0.370000000000005
64757,"29550387#1_1.057176",6137.58447460968,13183.5928950099,44.34,0.370000000000005,0.610000000000007
64758,"29550387#1_1.057176",6156.07923186496,13223.6063425928,44.34,0,-0.370000000000005
64759,"29550387#1_1.057176",6170.72148007876,13263.6590070983,42.51,-1.83000000000001,-1.83000000000001
64760,"29550387#1_1.057176",6188.72640018785,13303.1150554543,43.37,0.859999999999999,2.69
64761,"29550387#1_1.057176",6206.9762569551,13343.1078589066,43.96,0.590000000000003,-0.269999999999996
64762,"29550387#1_1.057176",6225.39632394242,13383.4736616631,44.38,0.420000000000002,-0.170000000000002
64763,"29550387#1_1.057176",6243.65863511602,13423.4937577475,43.99,-0.390000000000001,-0.810000000000002
64764,"29550387#1_1.057176",6263.04239386242,13464.6614901127,44.38,0.390000000000001,0.780000000000001
