"V1","V2","V3","V4","V5","acceleration","jerk"
65171,"29550387#1_1.061853",5888.40969692571,12521.9462495464,39.38,0.93,0
65172,"29550387#1_1.061853",5893.87484127766,12561.8792402861,40.31,0.93,0
65173,"29550387#1_1.061853",5900.23581488637,12602.6864457129,41.3,0.989999999999995,0.0599999999999952
65174,"29550387#1_1.061853",5906.76158853772,12644.5508838227,42.37,1.07,0.0800000000000054
65175,"29550387#1_1.061853",5918.53530527573,12686.0467274151,43.25,0.880000000000003,-0.189999999999998
65176,"29550387#1_1.061853",5932.25397060967,12727.8955006523,44.03,0.780000000000001,-0.100000000000001
65177,"29550387#1_1.061853",5946.05362715584,12769.9913374917,44.31,0.280000000000001,-0.5
65178,"29550387#1_1.061853",5960.64246134343,12811.79977956,44.32,0.00999999999999801,-0.270000000000003
65179,"29550387#1_1.061853",5979.01357820241,12851.9350715778,44.14,-0.18,-0.189999999999998
65180,"29550387#1_1.061853",5997.40966712781,12892.1249199509,44.2,0.0600000000000023,0.240000000000002
65181,"29550387#1_1.061853",6015.71835382076,12932.1238210805,43.99,-0.210000000000001,-0.270000000000003
65182,"29550387#1_1.061853",6034.17687291219,12972.4500603417,44.35,0.359999999999999,0.57
65183,"29550387#1_1.061853",6052.32567633576,13012.6093966009,44.06,-0.289999999999999,-0.649999999999999
65184,"29550387#1_1.061853",6070.48612611398,13052.9501410642,44.25,0.189999999999998,0.479999999999997
65185,"29550387#1_1.061853",6088.59731608269,13093.18146217,44.11,-0.140000000000001,-0.329999999999998
65186,"29550387#1_1.061853",6107.0493829031,13133.1914190463,44.06,-0.0499999999999972,0.0900000000000034
65187,"29550387#1_1.061853",6125.62897545518,13173.4289778763,44.33,0.269999999999996,0.319999999999993
65188,"29550387#1_1.061853",6146.21269923113,13217.894641223,44.26,-0.0700000000000003,-0.339999999999996
65189,"29550387#1_1.061853",6164.58647787752,13258.1606549102,44.26,0,0.0700000000000003
65190,"29550387#1_1.061853",6182.95195386751,13298.408473381,44.24,-0.019999999999996,-0.019999999999996
65191,"29550387#1_1.061853",6201.33818649853,13338.7017798926,44.29,0.0499999999999972,0.0699999999999932
65192,"29550387#1_1.061853",6219.71196514493,13378.9677935797,44.26,-0.0300000000000011,-0.0799999999999983
65193,"29550387#1_1.061853",6238.02762519642,13419.1064407527,44.12,-0.140000000000001,-0.109999999999999
65194,"29550387#1_1.061853",6257.50112318957,13459.9103568683,44.19,0.0700000000000003,0.210000000000001
