"V1","V2","V3","V4","V5","acceleration","jerk"
55256,"29550387#1_1.059264",5893.32739129491,12504.4594601979,38.7,0.82,0
55257,"29550387#1_1.059264",5897.7151787973,12543.733083929,39.52,0.82,0
55258,"29550387#1_1.059264",5903.9112573673,12583.4628298426,40.22,0.699999999999996,-0.120000000000005
55259,"29550387#1_1.059264",5910.26913356222,12624.2300349257,41.25,1.03,0.330000000000005
55260,"29550387#1_1.059264",5918.56537201392,12665.2178702577,41.94,0.689999999999998,-0.340000000000003
55261,"29550387#1_1.059264",5931.96782860283,12706.0232211002,42.94,1,0.310000000000002
55262,"29550387#1_1.059264",5945.6012006254,12747.5316210609,43.7,0.760000000000005,-0.239999999999995
55263,"29550387#1_1.059264",5959.33754844947,12789.3535429256,44.02,0.32,-0.440000000000005
55264,"29550387#1_1.059264",5976.24945763119,12830.1243527834,44.2,0.18,-0.140000000000001
55265,"29550387#1_1.059264",5994.63251388168,12870.2651766774,44.15,-0.0500000000000043,-0.230000000000004
55266,"29550387#1_1.059264",6013.13631953902,12910.6696662323,44.44,0.289999999999999,0.340000000000003
55267,"29550387#1_1.059264",6031.49022938096,12950.746846691,44.08,-0.359999999999999,-0.649999999999999
55268,"29550387#1_1.059264",6049.88307274928,12991.1138621882,44.36,0.280000000000001,0.640000000000001
55269,"29550387#1_1.059264",6068.09881348666,13031.5722814528,44.37,0.00999999999999801,-0.270000000000003
55270,"29550387#1_1.059264",6086.26528920515,13071.9212797051,44.25,-0.119999999999997,-0.129999999999995
55271,"29550387#1_1.059264",6103.78496319796,13110.3781244487,42.26,-1.99,-1.87
55272,"29550387#1_1.059264",6120.89848069474,13147.4485495729,40.83,-1.43,0.560000000000002
55273,"29550387#1_1.059264",6133.14181754883,13181.844525092,38.86,-1.97,-0.539999999999999
55274,"29550387#1_1.059264",6150.83594461126,13220.0817713075,39.9,1.04,3.01
55275,"29550387#1_1.059264",6167.86526955649,13257.3998968219,41.01,1.11,0.0700000000000003
55276,"29550387#1_1.059264",6185.13537969111,13295.2456798887,41.6,0.590000000000003,-0.519999999999996
55277,"29550387#1_1.059264",6202.65872942144,13333.6464131399,42.21,0.609999999999999,0.019999999999996
55278,"29550387#1_1.059264",6220.5308025295,13372.8113400876,43.05,0.839999999999996,0.229999999999997
55279,"29550387#1_1.059264",6238.75990195284,13412.7586558199,43.91,0.859999999999999,0.0200000000000031
55280,"29550387#1_1.059264",6258.53185141335,13453.8008912887,44.41,0.5,-0.359999999999999
55281,"29550387#1_1.059264",6274.64093158862,13492.5887442314,42,-2.41,-2.91
