"V1","V2","V3","V4","V5","acceleration","jerk"
23313,"29550387#1_1.029804",5888.4154879444,12522.0059694267,39.12,0.630000000000003,0
23314,"29550387#1_1.029804",5893.79475153731,12561.3654449635,39.75,0.630000000000003,0
23315,"29550387#1_1.029804",5900.04483165937,12601.4612414822,40.57,0.82,0.189999999999998
23316,"29550387#1_1.029804",5906.41966695391,12642.3573730225,41.39,0.82,0
23317,"29550387#1_1.029804",5917.51980007617,12682.9489299412,42.2,0.810000000000002,-0.00999999999999801
23318,"29550387#1_1.029804",5930.88958018817,12723.7334291996,42.92,0.719999999999999,-0.0900000000000034
23319,"29550387#1_1.029804",5944.52102421663,12765.316133942,43.76,0.839999999999996,0.119999999999997
23320,"29550387#1_1.029804",5958.49486363178,12807.1079330079,44.08,0.32,-0.519999999999996
23321,"29550387#1_1.029804",5976.92008663466,12847.3614304621,44.27,0.190000000000005,-0.129999999999995
23322,"29550387#1_1.029804",5995.23293533867,12887.3694243176,44,-0.270000000000003,-0.460000000000008
23323,"29550387#1_1.029804",6013.57491812017,12927.4410672543,44.06,0.0600000000000023,0.330000000000005
23324,"29550387#1_1.029804",6031.89609084633,12967.4672465615,44.03,-0.0300000000000011,-0.0900000000000034
23325,"29550387#1_1.029804",6050.17055966904,13007.8221247105,44.3,0.269999999999996,0.299999999999997
23326,"29550387#1_1.029804",6068.38026925679,13048.2722925312,44.36,0.0600000000000023,-0.209999999999994
23327,"29550387#1_1.029804",6086.56534893978,13088.6677486733,44.3,-0.0600000000000023,-0.120000000000005
23328,"29550387#1_1.029804",6105.10841915048,13128.987901506,44.38,0.0800000000000054,0.140000000000008
23329,"29550387#1_1.029804",6123.63770594655,13169.1165138771,44.19,-0.190000000000005,-0.27000000000001
23330,"29550387#1_1.029804",6142.07057337694,13209.0363122019,43.98,-0.210000000000001,-0.019999999999996
23331,"29550387#1_1.029804",6162.42363588142,13253.4208010622,44.1,0.120000000000005,0.330000000000005
23332,"29550387#1_1.029804",6180.73929593291,13293.5594482352,44.12,0.019999999999996,-0.100000000000009
23333,"29550387#1_1.029804",6199.01344270233,13333.6071193267,44.02,-0.0999999999999943,-0.11999999999999
23334,"29550387#1_1.029804",6217.39137267693,13373.882230622,44.27,0.25,0.349999999999994
23335,"29550387#1_1.029804",6235.83987523107,13414.3120012559,44.43,0.159999999999997,-0.0900000000000034
23336,"29550387#1_1.029804",6255.43022158288,13454.9232368041,44.06,-0.369999999999997,-0.529999999999994
23337,"29550387#1_1.029804",6272.35025471011,13495.6698548106,44.13,0.0700000000000003,0.439999999999998
