"V1","V2","V3","V4","V5","acceleration","jerk"
26227,"29550387#1_1.029620",5886.43399438083,12501.5718170523,38.6,0.939999999999998,0
26228,"29550387#1_1.029620",5890.60194323444,12540.8827968158,39.54,0.939999999999998,0
26229,"29550387#1_1.029620",5896.83508129605,12580.8699058624,40.47,0.93,-0.00999999999999801
26230,"29550387#1_1.029620",5903.1590904092,12621.4399749866,41.06,0.590000000000003,-0.339999999999996
26231,"29550387#1_1.029620",5910.75703385456,12662.319119156,41.66,0.599999999999994,0.00999999999999091
26232,"29550387#1_1.029620",5924.02401742796,12702.7900376885,42.59,0.930000000000007,0.330000000000013
26233,"29550387#1_1.029620",5937.60873575704,12744.2302057374,43.61,1.02,0.0899999999999892
26234,"29550387#1_1.029620",5951.43331267621,12786.4020621467,44.38,0.770000000000003,-0.249999999999993
26235,"29550387#1_1.029620",5967.81776842655,12827.4756389707,44.29,-0.0900000000000034,-0.860000000000007
26236,"29550387#1_1.029620",5986.25131545157,12867.7473218766,44.29,0,0.0900000000000034
26237,"29550387#1_1.029620",6004.709834543,12908.0735611378,44.35,0.0600000000000023,0.0600000000000023
26238,"29550387#1_1.029620",6023.12673352374,12948.3088731403,44.25,-0.100000000000001,-0.160000000000004
26239,"29550387#1_1.029620",6041.43925843073,12988.4268345944,44.1,-0.149999999999999,-0.0499999999999972
26240,"29550387#1_1.029620",6059.56276335181,13028.6855115396,44.15,0.0499999999999972,0.199999999999996
26241,"29550387#1_1.029620",6077.77657792369,13069.1447979735,44.37,0.219999999999999,0.170000000000002
26242,"29550387#1_1.029620",6095.96534799613,13109.1868825962,43.97,-0.399999999999999,-0.619999999999997
26243,"29550387#1_1.029620",6114.56590127988,13149.4698357841,44.37,0.399999999999999,0.799999999999997
26244,"29550387#1_1.029620",6133.12872524662,13189.6710791278,44.28,-0.0899999999999963,-0.489999999999995
26245,"29550387#1_1.029620",6153.56885281482,13234.0156028709,44.1,-0.18,-0.0900000000000034
26246,"29550387#1_1.029620",6171.8222429432,13274.0177859216,43.98,-0.120000000000005,0.0599999999999952
26247,"29550387#1_1.029620",6190.07978439979,13314.0290665805,43.97,-0.00999999999999801,0.110000000000007
26248,"29550387#1_1.029620",6208.36638515383,13354.1040304964,44.06,0.0900000000000034,0.100000000000001
26249,"29550387#1_1.029620",6226.7235584874,13394.3336537509,44.22,0.159999999999997,0.0699999999999932
26250,"29550387#1_1.029620",6244.99355392861,13434.3722272342,44.02,-0.199999999999996,-0.359999999999992
26251,"29550387#1_1.029620",6263.92475317328,13475.3796644751,44.16,0.139999999999993,0.339999999999989
