"V1","V2","V3","V4","V5","acceleration","jerk"
55542,"29550387#1_1.054596",5886.31527849758,12500.3475595063,38.22,1.02,0
55543,"29550387#1_1.054596",5890.36475438801,12539.3611722067,39.24,1.02,0
55544,"29550387#1_1.054596",5896.56708870333,12579.1506676677,40.27,1.03,0.00999999999999801
55545,"29550387#1_1.054596",5902.91420062621,12619.868946981,41.21,0.939999999999998,-0.0900000000000034
55546,"29550387#1_1.054596",5910.30535209402,12660.9412644513,41.8,0.589999999999996,-0.350000000000001
55547,"29550387#1_1.054596",5923.58791090054,12701.459695215,42.64,0.840000000000003,0.250000000000007
55548,"29550387#1_1.054596",5937.11655839039,12742.7288192316,43.43,0.789999999999999,-0.0500000000000043
55549,"29550387#1_1.054596",5950.85702905069,12784.6441095924,44.11,0.68,-0.109999999999999
55550,"29550387#1_1.054596",5966.9354220799,12825.5479810849,44.01,-0.100000000000001,-0.780000000000001
55551,"29550387#1_1.054596",5985.37729312706,12865.8378494426,44.31,0.300000000000004,0.400000000000006
55552,"29550387#1_1.054596",6003.84413624063,12906.1822741556,44.37,0.0599999999999952,-0.240000000000009
55553,"29550387#1_1.054596",6022.23606315496,12946.3630298027,44.19,-0.18,-0.239999999999995
55554,"29550387#1_1.054596",6040.66341643071,12986.7034167139,44.35,0.160000000000004,0.340000000000003
55555,"29550387#1_1.054596",6058.86902103433,13027.1444659215,44.35,0,-0.160000000000004
55556,"29550387#1_1.054596",6077.10746551097,13067.6584640342,44.42,0.0700000000000003,0.0700000000000003
55557,"29550387#1_1.054596",6095.46648258239,13108.1064968785,44.43,0.00999999999999801,-0.0600000000000023
55558,"29550387#1_1.054596",6113.92869503712,13148.0898473044,44.04,-0.390000000000001,-0.399999999999999
55559,"29550387#1_1.054596",6132.38252319918,13188.0550399871,44.02,-0.019999999999996,0.370000000000005
55560,"29550387#1_1.054596",6152.83406772209,13232.4053262278,44.11,0.0899999999999963,0.109999999999992
55561,"29550387#1_1.054596",6171.27426761981,13272.8169016454,44.41,0.299999999999997,0.210000000000001
55562,"29550387#1_1.054596",6189.67710556366,13313.1465985896,44.33,-0.0799999999999983,-0.379999999999995
55563,"29550387#1_1.054596",6207.99691694336,13353.2943433707,44.13,-0.199999999999996,-0.119999999999997
55564,"29550387#1_1.054596",6226.41220887183,13393.6513331394,44.36,0.229999999999997,0.429999999999993
55565,"29550387#1_1.054596",6244.70296095408,13433.7353946635,44.06,-0.299999999999997,-0.529999999999994
55566,"29550387#1_1.054596",6263.69081799178,13474.816304616,44.25,0.189999999999998,0.489999999999995
