"V1","V2","V3","V4","V5","acceleration","jerk"
58386,"29550387#1_1.061623",5892.06452540456,12525.4245566679,38.81,0.969999999999999,0
58387,"29550387#1_1.061623",5897.66927939392,12564.7959536558,39.78,0.969999999999999,0
58388,"29550387#1_1.061623",5903.94079692135,12605.0300992029,40.72,0.939999999999998,-0.0300000000000011
58389,"29550387#1_1.061623",5910.30010337292,12645.8274437421,41.29,0.57,-0.369999999999997
58390,"29550387#1_1.061623",5921.93008842388,12685.9220518742,41.85,0.560000000000002,-0.00999999999999801
58391,"29550387#1_1.061623",5935.27244054093,12726.5892578268,42.8,0.949999999999996,0.389999999999993
58392,"29550387#1_1.061623",5948.83300869728,12767.9215816337,43.49,0.690000000000005,-0.259999999999991
58393,"29550387#1_1.061623",5963.24987496182,12809.6262920476,44.16,0.669999999999995,-0.0200000000000102
58394,"29550387#1_1.061623",5981.56336637067,12849.6229935669,43.99,-0.169999999999995,-0.839999999999989
58395,"29550387#1_1.061623",5999.94346743229,12889.7651706997,44.15,0.159999999999997,0.329999999999991
58396,"29550387#1_1.061623",6018.41931986977,12930.1164690271,44.37,0.219999999999999,0.0600000000000023
58397,"29550387#1_1.061623",6036.7869316215,12970.2313694824,44.13,-0.239999999999995,-0.459999999999994
58398,"29550387#1_1.061623",6054.90555078161,13010.3055654064,43.98,-0.150000000000006,0.0899999999999892
58399,"29550387#1_1.061623",6073.10734576382,13050.7373630343,44.35,0.370000000000005,0.52000000000001
58400,"29550387#1_1.061623",6090.17614674172,13088.6524317165,41.58,-2.77,-3.14000000000001
58401,"29550387#1_1.061623",6106.56285244633,13124.2738145347,39.21,-2.37,0.400000000000006
58402,"29550387#1_1.061623",6118.10407278573,13157.1324033953,37.17,-2.04,0.329999999999998
58403,"29550387#1_1.061623",6134.05938173276,13191.686588618,38.06,0.890000000000001,2.93
58404,"29550387#1_1.061623",6152.35251365002,13231.350003682,38.95,0.890000000000001,0
58405,"29550387#1_1.061623",6168.92046452616,13267.6585578224,39.91,0.959999999999994,0.0699999999999932
58406,"29550387#1_1.061623",6185.92015353587,13304.9132632107,40.95,1.04000000000001,0.0800000000000125
58407,"29550387#1_1.061623",6203.29761341247,13342.995850941,41.85,0.899999999999999,-0.140000000000008
58408,"29550387#1_1.061623",6221.06944946878,13381.9427114459,42.82,0.969999999999999,0.0700000000000003
58409,"29550387#1_1.061623",6239.16924045348,13421.6082829949,43.6,0.780000000000001,-0.189999999999998
58410,"29550387#1_1.061623",6258.53657399292,13462.4039169005,44.13,0.530000000000001,-0.25
