"V1","V2","V3","V4","V5","acceleration","jerk"
59488,"29550387#1_1.058158",5890.05055617586,12537.3455136335,40.18,0.850000000000001,0
59489,"29550387#1_1.058158",5896.36994472708,12577.8859407198,41.03,0.850000000000001,0
59490,"29550387#1_1.058158",5902.85413332094,12619.4836004891,42.1,1.07,0.219999999999999
59491,"29550387#1_1.058158",5910.47356461174,12661.4543965483,42.73,0.629999999999995,-0.440000000000005
59492,"29550387#1_1.058158",5924.0800882672,12702.9610817208,43.68,0.950000000000003,0.320000000000007
59493,"29550387#1_1.058158",5937.78006332139,12744.7528402805,43.99,0.310000000000002,-0.640000000000001
59494,"29550387#1_1.058158",5951.49249856207,12786.5826086252,44.02,0.0300000000000011,-0.280000000000001
59495,"29550387#1_1.058158",5967.81776842655,12827.4756389707,44.1,0.0799999999999983,0.0499999999999972
59496,"29550387#1_1.058158",5986.21801936302,12867.6745800696,44.21,0.109999999999999,0.0300000000000011
59497,"29550387#1_1.058158",6004.53086806703,12907.6825739252,44,-0.210000000000001,-0.32
59498,"29550387#1_1.058158",6022.9436050367,12947.9087932017,44.24,0.240000000000002,0.450000000000003
59499,"29550387#1_1.058158",6041.26684909739,12988.0438528432,44.12,-0.120000000000005,-0.360000000000007
59500,"29550387#1_1.058158",6059.34109420895,13028.1931064308,44.03,-0.0899999999999963,0.0300000000000082
59501,"29550387#1_1.058158",6077.55901376495,13068.6615114779,44.38,0.350000000000001,0.439999999999998
59502,"29550387#1_1.058158",6095.84377575245,13108.9235953205,44.22,-0.160000000000004,-0.510000000000005
59503,"29550387#1_1.058158",6114.43594474353,13149.1883907652,44.34,0.120000000000005,0.280000000000008
59504,"29550387#1_1.058158",6132.89815719825,13189.1717411911,44.05,-0.290000000000006,-0.410000000000011
59505,"29550387#1_1.058158",6153.34883241982,13233.5334296388,44.12,0.0700000000000003,0.360000000000007
59506,"29550387#1_1.058158",6171.71845973801,13273.7903457178,44.24,0.120000000000005,0.0500000000000043
59507,"29550387#1_1.058158",6190.12129768186,13314.120042662,44.33,0.0899999999999963,-0.0300000000000082
59508,"29550387#1_1.058158",6208.39129312307,13354.1586161453,44.01,-0.32,-0.409999999999997
59509,"29550387#1_1.058158",6226.75676911306,13394.4064346161,44.23,0.219999999999999,0.539999999999999
59510,"29550387#1_1.058158",6245.01015924144,13434.4086176668,43.98,-0.25,-0.469999999999999
59511,"29550387#1_1.058158",6263.92475317328,13475.3796644751,44.11,0.130000000000003,0.380000000000003
