"V1","V2","V3","V4","V5","acceleration","jerk"
29970,"29550387#1_1.028734",5890.74190105816,12511.8387859928,37.91,0.780000000000001,0
29971,"29550387#1_1.028734",5895.39754846244,12550.2219446475,38.69,0.780000000000001,0
29972,"29550387#1_1.028734",5901.52583142945,12589.5371865757,39.79,1.1,0.32
29973,"29550387#1_1.028734",5907.79426864376,12629.7515707546,40.7,0.910000000000004,-0.189999999999998
29974,"29550387#1_1.028734",5916.82071573233,12670.3487923985,41.72,1.02,0.109999999999992
29975,"29550387#1_1.028734",5930.11007252555,12710.8544697293,42.63,0.910000000000004,-0.109999999999992
29976,"29550387#1_1.028734",5943.63323221801,12752.0727733325,43.38,0.75,-0.160000000000004
29977,"29550387#1_1.028734",5957.44007276157,12794.1557301465,44.29,0.909999999999997,0.159999999999997
29978,"29550387#1_1.028734",5974.66926730883,12834.5662675573,43.98,-0.310000000000002,-1.22
29979,"29550387#1_1.028734",5992.99108492427,12874.5811535283,44.01,0.0300000000000011,0.340000000000003
29980,"29550387#1_1.028734",6011.41698012217,12914.8233451455,44.26,0.25,0.219999999999999
29981,"29550387#1_1.028734",6029.87618014646,12955.1382745695,44.34,0.0800000000000054,-0.169999999999995
29982,"29550387#1_1.028734",6048.23484332873,12995.4878678093,44.33,-0.0100000000000051,-0.0900000000000105
29983,"29550387#1_1.028734",6066.44484841242,13035.9379026035,44.36,0.0300000000000011,0.0400000000000063
29984,"29550387#1_1.028734",6084.59738278574,13076.2602772338,44.22,-0.140000000000001,-0.170000000000002
29985,"29550387#1_1.028734",6103.01675491018,13116.5928775954,44.34,0.120000000000005,0.260000000000005
29986,"29550387#1_1.028734",6121.51430624236,13156.6590415585,44.14,-0.200000000000003,-0.320000000000007
29987,"29550387#1_1.028734",6140.03700720245,13196.7796802516,44.19,0.0499999999999972,0.25
29988,"29550387#1_1.028734",6159.35891002144,13238.7590291527,43.98,-0.210000000000001,-0.259999999999998
29989,"29550387#1_1.028734",6177.62122119504,13278.779125237,43.98,0,0.210000000000001
29990,"29550387#1_1.028734",6195.97071321306,13318.9902697455,44.2,0.220000000000006,0.220000000000006
29991,"29550387#1_1.028734",6214.30775082474,13359.1741216219,44.17,-0.0300000000000011,-0.250000000000007
29992,"29550387#1_1.028734",6232.65309137399,13399.3761685864,44.19,0.019999999999996,0.0499999999999972
29993,"29550387#1_1.028734",6250.97767457932,13439.5327278308,44.14,-0.0499999999999972,-0.0699999999999932
29994,"29550387#1_1.028734",6269.65478772485,13480.5829802254,43.99,-0.149999999999999,-0.100000000000001
