"V1","V2","V3","V4","V5","acceleration","jerk"
57249,"29550387#1_2.060104",5894.81113800165,12519.6672508235,39.01,1.06,0
57250,"29550387#1_2.060104",5900.1529296796,12559.3641354175,40.07,1.06,0
57251,"29550387#1_2.060104",5906.47074170074,12599.8744458492,41,0.93,-0.130000000000003
57252,"29550387#1_2.060104",5912.87638671826,12640.9479484014,41.57,0.57,-0.359999999999999
57253,"29550387#1_2.060104",5923.92323417065,12681.5305099309,42.18,0.609999999999999,0.0399999999999991
57254,"29550387#1_2.060104",5937.33505219606,12722.3643627648,42.99,0.810000000000002,0.200000000000003
57255,"29550387#1_2.060104",5950.9559423033,12763.8347600704,43.65,0.659999999999997,-0.150000000000006
57256,"29550387#1_2.060104",5965.12385710994,12805.8307443021,44.34,0.690000000000005,0.0300000000000082
57257,"29550387#1_2.060104",5983.54022354163,12846.0443035508,44.23,-0.110000000000007,-0.800000000000011
57258,"29550387#1_2.060104",6001.98990015452,12886.3305981543,44.31,0.0800000000000054,0.190000000000012
57259,"29550387#1_2.060104",6020.41459413152,12926.5623412418,44.25,-0.0600000000000023,-0.140000000000008
57260,"29550387#1_2.060104",6038.81014169996,12966.7304408938,44.18,-0.0700000000000003,-0.00999999999999801
57261,"29550387#1_2.060104",6056.96491921581,13006.8431326933,44.02,-0.159999999999997,-0.0899999999999963
57262,"29550387#1_2.060104",6075.10265700661,13047.1283020219,44.18,0.159999999999997,0.319999999999993
57263,"29550387#1_2.060104",6093.21576228796,13087.3587608444,44.12,-0.0600000000000023,-0.219999999999999
57264,"29550387#1_2.060104",6111.63127834711,13127.3744104719,44.05,-0.0700000000000003,-0.00999999999999801
57265,"29550387#1_2.060104",6130.09862051973,13167.377421272,44.06,0.0100000000000051,0.0800000000000054
57266,"29550387#1_2.060104",6148.67074788399,13207.6074123877,44.31,0.25,0.239999999999995
57267,"29550387#1_2.060104",6163.97119183864,13248.8664005439,44.14,-0.170000000000002,-0.420000000000002
57268,"29550387#1_2.060104",6182.29992651275,13289.0320573323,44.15,0.00999999999999801,0.18
57269,"29550387#1_2.060104",6200.74075084399,13329.4433478089,44.42,0.270000000000003,0.260000000000005
57270,"29550387#1_2.060104",6219.09024286202,13369.6544923174,44.2,-0.219999999999999,-0.490000000000002
57271,"29550387#1_2.060104",6237.46464369274,13409.9202220899,44.26,0.0599999999999952,0.279999999999994
57272,"29550387#1_2.060104",6257.26230247572,13450.7440390687,44.22,-0.0399999999999991,-0.0999999999999943
57273,"29550387#1_2.060104",6274.27655953704,13491.7113999387,44.37,0.149999999999999,0.189999999999998
