"V1","V2","V3","V4","V5","acceleration","jerk"
24070,"29550387#1_1.022711",5890.97154352709,12514.197634088,39.04,0.880000000000003,0
24071,"29550387#1_1.022711",5895.95354498194,12553.788871598,39.92,0.880000000000003,0
24072,"29550387#1_1.022711",5902.2666467366,12594.289795615,40.99,1.07,0.189999999999998
24073,"29550387#1_1.022711",5908.66753741538,12635.3539186243,41.56,0.57,-0.5
24074,"29550387#1_1.022711",5918.80336431794,12676.3918631896,42.41,0.849999999999994,0.279999999999994
24075,"29550387#1_1.022711",5932.31405452245,12717.5721600583,43.35,0.940000000000005,0.0900000000000105
24076,"29550387#1_1.022711",5946.02113916233,12759.351062996,43.97,0.619999999999997,-0.320000000000007
24077,"29550387#1_1.022711",5959.86538816976,12801.5480400136,44.41,0.439999999999998,-0.18
24078,"29550387#1_1.022711",5978.01223925729,12841.8673249158,44.22,-0.189999999999998,-0.629999999999995
24079,"29550387#1_1.022711",5996.36736169912,12881.9549486936,44.09,-0.129999999999995,0.0600000000000023
24080,"29550387#1_1.022711",6014.67669000468,12921.9425579869,43.98,-0.110000000000007,0.0199999999999889
24081,"29550387#1_1.022711",6033.01099693001,12961.9847206354,44.05,0.0700000000000003,0.180000000000007
24082,"29550387#1_1.022711",6051.34647178983,13002.3997538269,44.38,0.330000000000005,0.260000000000005
24083,"29550387#1_1.022711",6069.41690514835,13042.5397567945,44.01,-0.370000000000005,-0.70000000000001
24084,"29550387#1_1.022711",6087.51607386205,13082.743589844,44.09,0.0800000000000054,0.45000000000001
24085,"29550387#1_1.022711",6106.0347102601,13123.1298452033,44.43,0.339999999999996,0.259999999999991
24086,"29550387#1_1.022711",6124.66220133651,13163.4774619383,44.44,0.00999999999999801,-0.329999999999998
24087,"29550387#1_1.022711",6139.21572172352,13202.8536006579,44.36,-0.0799999999999983,-0.0899999999999963
24088,"29550387#1_1.022711",6159.67960793626,13247.4072820728,44.31,-0.0499999999999972,0.0300000000000011
24089,"29550387#1_1.022711",6177.94130072105,13287.4276603398,43.98,-0.330000000000005,-0.280000000000008
24090,"29550387#1_1.022711",6196.21544749047,13327.4753314312,44.02,0.0400000000000063,0.370000000000012
24091,"29550387#1_1.022711",6214.56846949583,13367.6958570776,44.21,0.189999999999998,0.149999999999991
24092,"29550387#1_1.022711",6232.97130743969,13408.0255540218,44.33,0.119999999999997,-0.0700000000000003
24093,"29550387#1_1.022711",6251.23715155269,13448.055029897,44,-0.329999999999998,-0.449999999999996
24094,"29550387#1_1.022711",6269.7539576958,13489.4174839152,44.32,0.32,0.649999999999999
