"V1","V2","V3","V4","V5","acceleration","jerk"
33893,"29550387#1_1.027643",5892.9127578893,12500.2096391265,38.45,0.919999999999995,0
33894,"29550387#1_1.027643",5897.03254691307,12539.3559942897,39.37,0.919999999999995,0
33895,"29550387#1_1.027643",5903.2671487271,12579.3327542913,40.46,1.09,0.170000000000009
33896,"29550387#1_1.027643",5909.63889328987,12620.1888844461,41.35,0.890000000000001,-0.200000000000003
33897,"29550387#1_1.027643",5917.42327676094,12661.7406273221,42.36,1.01,0.119999999999997
33898,"29550387#1_1.027643",5930.88190196885,12702.7169901123,43.13,0.770000000000003,-0.239999999999995
33899,"29550387#1_1.027643",5944.60888835642,12744.5104099857,43.99,0.859999999999999,0.0899999999999963
33900,"29550387#1_1.027643",5958.46381437615,12786.6933570732,44.4,0.409999999999997,-0.450000000000003
33901,"29550387#1_1.027643",5975.15022165154,12827.7240860771,44.36,-0.0399999999999991,-0.449999999999996
33902,"29550387#1_1.027643",5993.56242431058,12867.9285534065,44.22,-0.140000000000001,-0.100000000000001
33903,"29550387#1_1.027643",6012.04124733203,12908.2784914454,44.38,0.160000000000004,0.300000000000004
33904,"29550387#1_1.027643",6030.49092394492,12948.5647860489,44.31,-0.0700000000000003,-0.230000000000004
33905,"29550387#1_1.027643",6048.73766105991,12988.5698236543,43.97,-0.340000000000003,-0.270000000000003
33906,"29550387#1_1.027643",6066.9041367784,13028.9188219067,44.25,0.280000000000001,0.620000000000005
33907,"29550387#1_1.027643",6085.07061249689,13069.267820159,44.25,0,-0.280000000000001
33908,"29550387#1_1.027643",6103.42869354642,13109.6063913761,44.32,0.0700000000000003,0.0700000000000003
33909,"29550387#1_1.027643",6121.96728964935,13149.7637487908,44.22,-0.100000000000001,-0.170000000000002
33910,"29550387#1_1.027643",6140.47235449096,13189.8484725046,44.15,-0.0700000000000003,0.0300000000000011
33911,"29550387#1_1.027643",6158.82322840132,13229.6198759143,44.05,-0.100000000000001,-0.0300000000000011
33912,"29550387#1_1.027643",6177.19264545641,13269.8768879378,44.25,0.200000000000003,0.300000000000004
33913,"29550387#1_1.027643",6195.58697019564,13310.1884857402,44.31,0.0600000000000023,-0.140000000000001
33914,"29550387#1_1.027643",6210.96581845494,13351.8505986968,44.28,-0.0300000000000011,-0.0900000000000034
33915,"29550387#1_1.027643",6229.24058403489,13391.8979874131,44.02,-0.259999999999998,-0.229999999999997
33916,"29550387#1_1.027643",6247.63159074074,13432.2001073616,44.3,0.279999999999994,0.539999999999992
33917,"29550387#1_1.027643",6266.62858194906,13473.296404994,44.16,-0.140000000000001,-0.419999999999995
