"V1","V2","V3","V4","V5","acceleration","jerk"
48237,"29550387#1_1.055827",5888.45892058462,12522.4538685289,38.95,0.669999999999995,0
48238,"29550387#1_1.055827",5893.84557771869,12561.6915073797,39.62,0.669999999999995,0
48239,"29550387#1_1.055827",5900.06331390715,12601.5798096335,40.37,0.75,0.0800000000000054
48240,"29550387#1_1.055827",5906.40734545539,12642.2783275883,41.19,0.82,0.0700000000000003
48241,"29550387#1_1.055827",5917.5104549363,12682.9204226025,42.25,1.06,0.240000000000002
48242,"29550387#1_1.055827",5930.97368644703,12723.989995248,43.23,0.979999999999997,-0.0800000000000054
48243,"29550387#1_1.055827",5944.74219252696,12765.990807625,44.2,0.970000000000006,-0.00999999999999091
48244,"29550387#1_1.055827",5958.88609267227,12807.9626492403,44.31,0.109999999999999,-0.860000000000007
48245,"29550387#1_1.055827",5977.32380170836,12848.2434248721,44.3,-0.0100000000000051,-0.120000000000005
48246,"29550387#1_1.055827",5995.81145487728,12888.6333132144,44.42,0.120000000000005,0.13000000000001
48247,"29550387#1_1.055827",6014.27829799085,12928.9777379273,44.37,-0.0500000000000043,-0.170000000000009
48248,"29550387#1_1.055827",6032.72433104908,12969.2766990109,44.32,-0.0499999999999972,7.105427357601e-15
48249,"29550387#1_1.055827",6050.97924154207,13009.618491496,44.29,-0.0300000000000011,0.019999999999996
48250,"29550387#1_1.055827",6069.08632652665,13049.8406939887,44.1,-0.189999999999998,-0.159999999999997
48251,"29550387#1_1.055827",6087.17699157471,13090.0264220288,44.07,-0.0300000000000011,0.159999999999997
48252,"29550387#1_1.055827",6105.64920602756,13130.1590759395,44.18,0.109999999999999,0.140000000000001
48253,"29550387#1_1.055827",6124.1868771163,13170.3058460537,44.22,0.0399999999999991,-0.0700000000000003
48254,"29550387#1_1.055827",6142.6826267417,13210.3618274522,44.12,-0.100000000000001,-0.140000000000001
48255,"29550387#1_1.055827",6163.11690769207,13254.9401016238,44.31,0.190000000000005,0.290000000000006
48256,"29550387#1_1.055827",6181.39520578969,13294.9968703235,44.03,-0.280000000000001,-0.470000000000006
48257,"29550387#1_1.055827",6199.83955701562,13335.4175433492,44.43,0.399999999999999,0.68
48258,"29550387#1_1.055827",6218.2050330056,13375.66536182,44.25,-0.18,-0.579999999999998
48259,"29550387#1_1.055827",6236.60371962125,13415.9859611561,44.31,0.0600000000000023,0.240000000000002
48260,"29550387#1_1.055827",6256.12052211845,13456.5856101588,44.03,-0.280000000000001,-0.340000000000003
48261,"29550387#1_1.055827",6273.10191529328,13497.4799946858,44.27,0.240000000000002,0.520000000000003
