"V1","V2","V3","V4","V5","acceleration","jerk"
27176,"29550387#1_1.022195",5892.50152436443,12529.9133351108,39.26,0.789999999999999,0
27177,"29550387#1_1.022195",5898.40393407481,12569.5090399588,40.05,0.789999999999999,0
27178,"29550387#1_1.022195",5904.73089723854,12610.0988901325,41.08,1.03,0.240000000000002
27179,"29550387#1_1.022195",5911.2134162152,12651.6866893977,42.09,1.01000000000001,-0.019999999999996
27180,"29550387#1_1.022195",5924.10913144486,12692.5637287343,42.9,0.809999999999995,-0.20000000000001
27181,"29550387#1_1.022195",5937.76322076091,12734.1811030501,43.8,0.899999999999999,0.0900000000000034
27182,"29550387#1_1.022195",5951.59188290839,12776.3305716495,44.36,0.560000000000002,-0.339999999999996
27183,"29550387#1_1.022195",5966.94254758734,12817.6910963776,44.17,-0.189999999999998,-0.75
27184,"29550387#1_1.022195",5985.26436520279,12857.7059823485,44.02,-0.149999999999999,0.0399999999999991
27185,"29550387#1_1.022195",6003.60283523142,12897.7572372229,44.04,0.019999999999996,0.169999999999995
27186,"29550387#1_1.022195",6022.0786876689,12938.1085355503,44.38,0.340000000000003,0.320000000000007
27187,"29550387#1_1.022195",6040.43381011073,12978.196159328,44.09,-0.289999999999999,-0.630000000000003
27188,"29550387#1_1.022195",6058.5672560419,13018.4393415643,44.15,0.0599999999999952,0.349999999999994
27189,"29550387#1_1.022195",6076.79778637929,13058.9349692742,44.4,0.25,0.190000000000005
27190,"29550387#1_1.022195",6095.00659841896,13099.2426760696,44.24,-0.159999999999997,-0.409999999999997
27191,"29550387#1_1.022195",6113.47900012322,13139.2543653026,44.07,-0.170000000000002,-0.0100000000000051
27192,"29550387#1_1.022195",6131.94301861817,13179.2478962922,44.05,-0.0200000000000031,0.149999999999999
27193,"29550387#1_1.022195",6151.51678549156,13221.5737685245,44.39,0.340000000000003,0.360000000000007
27194,"29550387#1_1.022195",6169.90364072863,13261.8667909291,44.29,-0.100000000000001,-0.440000000000005
27195,"29550387#1_1.022195",6188.18255777736,13301.9232771894,44.02,-0.269999999999996,-0.169999999999995
27196,"29550387#1_1.022195",6206.51544392026,13342.0980315218,44.16,0.139999999999993,0.409999999999989
27197,"29550387#1_1.022195",6224.90229915732,13382.3910539264,44.29,0.130000000000003,-0.00999999999999091
27198,"29550387#1_1.022195",6243.27669998804,13422.6567836989,44.26,-0.0300000000000011,-0.160000000000004
27199,"29550387#1_1.022195",6262.71254126836,13463.8672626477,44.44,0.18,0.210000000000001
