"V1","V2","V3","V4","V5","acceleration","jerk"
46072,"29550387#1_1.054397",5895.91229557065,12530.953660882,38.85,1.15,0
46073,"29550387#1_1.054397",5901.88955752054,12570.4995305045,40,1.15,0
46074,"29550387#1_1.054397",5908.16730536788,12610.7529462846,40.74,0.740000000000002,-0.409999999999997
46075,"29550387#1_1.054397",5914.57140945564,12651.8165682733,41.56,0.82,0.0799999999999983
46076,"29550387#1_1.054397",5927.42129094275,12692.1807540042,42.38,0.82,0
46077,"29550387#1_1.054397",5940.84559088349,12733.052609493,43.02,0.640000000000001,-0.18
46078,"29550387#1_1.054397",5954.57881822873,12774.8650306939,44.01,0.989999999999995,0.349999999999994
46079,"29550387#1_1.054397",5969.81642888668,12816.0773374003,43.99,-0.019999999999996,-1.00999999999999
46080,"29550387#1_1.054397",5988.19948513717,12856.2181612943,44.16,0.169999999999995,0.189999999999991
46081,"29550387#1_1.054397",6006.64916175006,12896.5044558978,44.31,0.150000000000006,-0.0199999999999889
46082,"29550387#1_1.054397",6025.14463986211,12936.8907616141,44.42,0.109999999999999,-0.0400000000000063
46083,"29550387#1_1.054397",6043.54851497585,12977.0770451048,44.19,-0.230000000000004,-0.340000000000003
46084,"29550387#1_1.054397",6061.70257186646,13017.3657867009,44.19,0,0.230000000000004
46085,"29550387#1_1.054397",6079.86083674847,13057.6965481179,44.23,0.0399999999999991,0.0399999999999991
46086,"29550387#1_1.054397",6097.99662921239,13097.8397318216,44.05,-0.18,-0.219999999999999
46087,"29550387#1_1.054397",6116.54779953832,13138.0243268742,44.26,0.210000000000001,0.390000000000001
46088,"29550387#1_1.054397",6134.99418467262,13177.9819416113,44.01,-0.25,-0.460000000000001
46089,"29550387#1_1.054397",6153.39750453895,13217.7292737189,44.05,0.0399999999999991,0.289999999999999
46090,"29550387#1_1.054397",6171.84579592716,13258.1591407092,44.44,0.390000000000001,0.350000000000001
46091,"29550387#1_1.054397",6184.87383715782,13294.6725346163,38.63,-5.81,-6.2
46092,"29550387#1_1.054397",6201.22647269153,13330.5077604576,39.4,0.769999999999996,6.57999999999999
46093,"29550387#1_1.054397",6217.95689188444,13367.1708628036,40.3,0.899999999999999,0.130000000000003
46094,"29550387#1_1.054397",6234.97376242333,13404.461695686,40.99,0.690000000000005,-0.209999999999994
46095,"29550387#1_1.054397",6252.33935633993,13442.5167222649,41.83,0.839999999999996,0.149999999999991
46096,"29550387#1_1.054397",6270.33367038938,13482.2176111708,42.48,0.649999999999999,-0.189999999999998
