"V1","V2","V3","V4","V5","acceleration","jerk"
75336,320028,6650.73035598763,13292.7556426355,13.74,-0.450000000000001,0
75337,320028,6637.53992114577,13291.13190353,13.29,-0.450000000000001,0
75338,320028,6624.56148656966,13289.6765742294,13.06,-0.229999999999999,0.220000000000002
75339,320028,6614.10942130853,13299.0541131117,13.62,0.559999999999999,0.789999999999997
75340,320028,6612.67117876506,13311.8736863646,12.9,-0.719999999999999,-1.28
75341,320028,6611.13928321876,13325.528022527,13.74,0.84,1.56
75342,320028,6609.65086942377,13338.7947901957,13.36,-0.380000000000001,-1.22
75343,320028,6608.11005454386,13352.5286275875,13.82,0.460000000000001,0.840000000000002
75344,320028,6606.66735233359,13365.3879514552,12.95,-0.870000000000001,-1.33
75345,320028,6605.12653745369,13379.121788847,13.82,0.870000000000001,1.74
75346,320028,6603.61471040799,13392.5972472431,13.55,-0.27,-1.14
75347,320028,6602.126296613,13405.8640149118,13.35,-0.200000000000001,0.0699999999999985
75348,320028,6600.6010905669,13419.458725152,13.67,0.32,0.520000000000001
75349,320028,6599.08926352121,13432.9341835481,13.57,-0.0999999999999996,-0.42
75350,320028,6597.56628730851,13446.509018481,13.66,0.0899999999999999,0.19
75351,320028,6596.04665584591,13460.0540404528,13.62,-0.0400000000000009,-0.130000000000001
75352,320028,6594.55824205092,13473.3208081215,13.36,-0.26,-0.219999999999999
75353,320028,6593.01854208772,13487.0447078597,13.81,0.450000000000001,0.710000000000001
