"V1","V2","V3","V4","V5","acceleration","jerk"
75297,322949,6635.97705169941,12784.1969696426,32.72,0.590000000000003,0
75298,322949,6607.39268020635,12801.2993030023,33.31,0.590000000000003,0
75299,322949,6578.99709771744,12818.2886818937,33.09,-0.219999999999999,-0.810000000000002
75300,322949,6546.05726621438,12834.276813503,33,-0.0900000000000034,0.129999999999995
75301,322949,6517.7383107742,12851.4708142816,33.13,0.130000000000003,0.220000000000006
75302,322949,6489.3167813934,12868.7270933608,33.25,0.119999999999997,-0.0100000000000051
75303,322949,6464.02375720159,12884.0838842766,29.59,-3.66,-3.78
75304,322949,6442.02164693808,12897.4425797201,25.74,-3.85,-0.190000000000001
75305,322949,6423.11385055001,12908.9225464338,22.12,-3.62,0.230000000000004
75306,322949,6402.30059157175,12922.4596731515,21.68,-0.440000000000001,3.18
75307,322949,6384.22937088174,12935.0418582866,22.03,0.350000000000001,0.790000000000003
75308,322949,6366.17456365284,12947.6126154606,22,-0.0300000000000011,-0.380000000000003
75309,322949,6348.55471314355,12959.8805316663,21.46,-0.539999999999999,-0.509999999999998
75310,322949,6332.90265758958,12975.0340028196,21.88,0.419999999999998,0.959999999999997
75311,322949,6317.79551307766,12991.3146135175,22.21,0.330000000000002,-0.0899999999999963
75312,322949,6303.08288201991,13007.1700664394,21.63,-0.580000000000002,-0.910000000000004
75313,322949,6290.15898579939,13025.1408589731,22.22,0.59,1.17
75314,322949,6278.50418440576,13043.6347824204,21.87,-0.349999999999998,-0.939999999999998
75315,322949,6266.85471457728,13062.1202457014,21.85,-0.0199999999999996,0.329999999999998
75316,322949,6256.07922708302,13080.8380010496,21.68,-0.170000000000002,-0.150000000000002
75317,322949,6249.06236235445,13101.1289968207,21.47,-0.210000000000001,-0.0399999999999991
75318,322949,6242.03569297093,13121.4483451708,21.51,0.0400000000000027,0.250000000000004
75319,322949,6234.93712278441,13141.9756124343,21.72,0.209999999999997,0.169999999999995
75320,322949,6227.71436030181,13162.8620123664,22.1,0.380000000000003,0.170000000000005
75321,322949,6221.33999359651,13183.617657518,21.77,-0.330000000000002,-0.710000000000004
75322,322949,6218.20376007154,13204.8270337294,21.44,-0.329999999999998,3.5527136788005e-15
75323,322949,6214.97975881732,13226.6299559169,22.04,0.599999999999998,0.929999999999996
75324,322949,6214.47662061887,13248.5668002854,22.01,-0.0299999999999976,-0.629999999999995
75325,322949,6215.05800146341,13270.4990960228,21.94,-0.0700000000000003,-0.0400000000000027
75326,322949,6215.62586798568,13291.9215708475,21.43,-0.510000000000002,-0.440000000000001
75327,322949,6218.05758267113,13313.4098604734,21.8,0.370000000000001,0.880000000000003
75328,322949,6224.44125619239,13334.1496462094,21.69,-0.109999999999999,-0.48
75329,322949,6230.9455429,13355.2812896482,22.11,0.419999999999998,0.529999999999998
75330,322949,6237.38805212191,13376.2122254831,21.9,-0.210000000000001,-0.629999999999999
75331,322949,6243.45401285963,13395.9198006848,20.62,-1.28,-1.07
75332,322949,6248.47269812565,13412.2249041251,17.06,-3.56,-2.28
75333,322949,6252.42351542475,13425.0606332696,13.43,-3.63,-0.0699999999999967
75334,322949,6255.22997834608,13434.1784929894,9.54,-3.89,-0.260000000000002
75335,322949,6256.94209723519,13439.7409608688,5.83,-3.71,0.180000000000001
75336,322949,6257.98937270688,13443.1434326301,3.56,-2.27,1.44
75337,322949,6261.1750713151,13451.5620501267,5.86,2.3,4.57
75338,322949,6264.13952861505,13458.7010201446,7.73,1.87,-0.43
75339,322949,6267.84030648626,13467.6131884076,9.64,1.91,0.04
75340,322949,6272.15468483352,13478.0030218748,11.25,1.61,-0.300000000000001
75341,322949,6277.06348864196,13489.8243435086,12.8,1.55,-0.0599999999999987
