"V1","V2","V3","V4","V5","acceleration","jerk"
62538,33104,6243.09438429903,13498.012581183,21.36,0.609999999999999,0
62539,33104,6232.52592179785,13478.7581426612,21.97,0.609999999999999,0
62540,33104,6223.06473018684,13458.8189663166,22.08,0.109999999999999,-0.5
62541,33104,6213.56495646232,13438.79847933,22.16,0.0800000000000018,-0.0299999999999976
62542,33104,6204.19378978281,13419.049027817,21.86,-0.300000000000001,-0.380000000000003
62543,33104,6194.71973746729,13399.082747925,22.1,0.240000000000002,0.540000000000003
62544,33104,6185.51575994629,13379.6856425278,21.47,-0.630000000000003,-0.870000000000005
62545,33104,6176.30749552379,13360.2795026147,21.48,0.0100000000000016,0.640000000000004
62546,33104,6163.70484576724,13329.2789613259,21.66,0.18,0.169999999999998
62547,33104,6156.22990729608,13308.8537858101,21.75,0.0899999999999999,-0.0899999999999999
62548,33104,6148.87869194445,13288.7666821649,21.39,-0.359999999999999,-0.449999999999999
62549,33104,6141.24909957388,13267.9189168108,22.2,0.809999999999999,1.17
62550,33104,6133.87039019569,13247.7566860832,21.48,-0.719999999999999,-1.53
62551,33104,6126.36966651545,13229.0176608654,20.2,-1.28,-0.560000000000002
62552,33104,6119.00977049905,13213.0634504297,17.57,-2.63,-1.35
62553,33104,6112.94424435691,13199.9150743847,14.48,-3.09,-0.460000000000001
62554,33104,6107.52380870226,13188.1650753501,12.93,-1.55,1.54
62555,33104,6103.07938657738,13178.5308025713,10.61,-2.32,-0.77
62556,33104,6099.34707732832,13170.440192726,8.91,-1.7,0.620000000000001
62557,33104,6096.23053627186,13163.6843972996,7.45,-1.46,0.239999999999999
62558,33104,6093.49518504891,13157.7549155611,6.53,-0.92,0.54
62559,33104,6090.61741125081,13151.5167012359,6.87,0.34,1.26
62560,33104,6088.58160620587,13147.1036413203,4.86,-2.01,-2.35
62561,33104,6084.41339225712,13138.530200557,6.12,1.26,3.27
62562,33104,6080.7350403081,13131.5840270104,7.86,1.74,0.48
62563,33104,6076.16751931289,13122.9587529882,9.75,1.89,0.149999999999999
62564,33104,6070.73890829399,13112.7074027159,11.61,1.86,-0.0300000000000002
62565,33104,6064.65570851544,13100.6034475608,13.55,1.94,0.0800000000000018
62566,33104,6058.15810893001,13086.8843513943,15.18,1.63,-0.310000000000002
62567,33104,6050.98849146914,13071.7463500247,16.75,1.57,-0.0599999999999987
62568,33104,6043.00560396792,13054.8912022312,18.65,1.9,0.329999999999998
62569,33104,6034.45342743848,13036.8340519408,19.98,1.33,-0.569999999999997
62570,33104,6025.28487782582,13017.4754854133,21.42,1.44,0.109999999999999
62571,33104,6016.07352452684,12998.0265427582,21.52,0.0999999999999979,-1.34
62572,33104,5992.0338339527,12979.0365387216,21.79,0.27,0.170000000000002
62573,33104,5972.11405789884,12971.7638685415,21.34,-0.449999999999999,-0.719999999999999
62574,33104,5951.24072499915,12975.8069719047,21.45,0.109999999999999,0.559999999999999
62575,33104,5932.04349649811,12986.2072447468,21.87,0.420000000000002,0.310000000000002
62576,33104,5919.26909894869,13004.277985386,22.13,0.259999999999998,-0.160000000000004
62577,33104,5908.80525893038,13023.1274006256,21.62,-0.509999999999998,-0.769999999999996
62578,33104,5903.99,13043.8946145411,21.86,0.239999999999998,0.749999999999996
62579,33104,5909.39428933671,13063.9858751139,21.43,-0.43,-0.669999999999998
62580,33104,5923.65384348803,13078.6334654571,21.53,0.100000000000001,0.530000000000001
62581,33104,5943.7093292194,13083.5489607032,21.04,-0.490000000000002,-0.590000000000003
62582,33104,5960.97678276679,13082.8640221353,17.39,-3.65,-3.16
62583,33104,5975.1170073782,13080.4193242114,14.35,-3.04,0.609999999999998
62584,33104,5985.75042510754,13077.9667616019,10.92,-3.43,-0.389999999999999
62585,33104,5995.25268176549,13075.5288899058,9.81,-1.11,2.32
62586,33104,6003.35042546176,13073.4513560241,8.36,-1.45,-0.340000000000002
62587,33104,6008.43573101264,13072.1466846271,5.25,-3.11,-1.66
62588,33104,6018.40558743567,13068.5680559224,7.35,2.1,5.21
62589,33104,6026.57115031245,13064.8795355002,8.96,1.61,-0.489999999999998
62590,33104,6036.31332298576,13060.4788342375,10.69,1.73,0.119999999999997
62591,33104,6047.40427166997,13055.4688684407,12.17,1.48,-0.249999999999998
62592,33104,6059.54325576804,13049.9854876345,13.32,1.15,-0.33
62593,33104,6073.47757009684,13043.6911263336,15.29,1.97,0.819999999999999
62594,33104,6089.20721465636,13036.585784538,17.26,1.97,3.5527136788005e-15
62595,33104,6106.13982160398,13028.9370446446,18.58,1.32,-0.650000000000006
62596,33104,6124.33007104825,13020.7202067397,19.96,1.38,0.0600000000000058
62597,33104,6143.82352974629,13011.9146875621,21.39,1.43,0.0499999999999972
62598,33104,6164.56551758955,13002.5451870252,22.75,1.36,-0.0700000000000003
62599,33104,6186.67450814656,12992.5581886498,24.27,1.52,0.16
62600,33104,6209.74040060319,12982.1389417875,25.31,1.04,-0.48
62601,33104,6234.09127561075,12971.1392469569,26.72,1.41,0.370000000000001
62602,33104,6259.52663943788,12959.6496705077,27.91,1.19,-0.219999999999999
62603,33104,6285.69105748335,12946.9324353988,29.11,1.2,0.00999999999999801
62604,33104,6312.25764511179,12932.486881696,30.24,1.13,-0.0700000000000003
62605,33104,6339.8696771608,12917.472868704,31.44,1.2,0.0700000000000038
62606,33104,6368.38658967466,12901.9668279238,32.45,1.01,-0.190000000000001
62607,33104,6398.02414326615,12885.9243822362,32.86,0.409999999999997,-0.600000000000005
62608,33104,6426.79457276738,12870.1107398249,32.83,-0.0300000000000011,-0.439999999999998
62609,33104,6455.59129263977,12854.2826469331,32.86,0.0300000000000011,0.0600000000000023
62610,33104,6484.79113153654,12838.2329800081,33.31,0.450000000000003,0.420000000000002
62611,33104,6513.44763609609,12822.4819563452,32.71,-0.600000000000001,-1.05
62612,33104,6542.38304269228,12806.3720418727,33.12,0.409999999999997,1.01
62613,33104,6570.59520908347,12789.7396587747,32.75,-0.369999999999997,-0.779999999999994
62614,33104,6599.15195155272,12772.9041320665,33.15,0.399999999999999,0.769999999999996
62615,33104,6627.63116440441,12756.1143126705,33.06,-0.0899999999999963,-0.489999999999995
62616,33104,6656.24820768732,12739.2432358304,33.23,0.169999999999995,0.259999999999991
