"V1","V2","V3","V4","V5","acceleration","jerk"
61294,36224,6658.85484647591,12770.508941802,33.08,-0.689999999999998,0
61295,36224,6631.05137495459,12787.1440544065,32.39,-0.689999999999998,0
61296,36224,6603.01620783725,12803.9177929493,32.68,0.289999999999999,0.979999999999997
61297,36224,6575.02394731177,12820.6658600221,32.61,-0.0700000000000003,-0.359999999999999
61298,36224,6542.37315218035,12836.5136424603,32.68,0.0700000000000003,0.140000000000001
61299,36224,6514.54142295814,12853.4118213119,32.57,-0.109999999999999,-0.18
61300,36224,6488.84665083222,12869.0125355711,30.06,-2.51,-2.4
61301,36224,6465.67348807994,12883.0822416112,27.11,-2.95,-0.439999999999998
61302,36224,6446.14170021975,12894.9410679859,22.85,-4.26,-1.31
61303,36224,6426.86634721112,12906.6441986095,22.55,-0.300000000000001,3.96
61304,36224,6406.17416839541,12919.7626743396,21.36,-1.19,-0.890000000000001
61305,36224,6388.537904425,12932.0420185064,21.49,0.129999999999999,1.32
61306,36224,6370.40102989052,12944.6699154857,22.1,0.610000000000003,0.480000000000004
61307,36224,6352.3298092005,12957.2521006208,22.01,-0.0899999999999999,-0.700000000000003
61308,36224,6336.30363564268,12971.3688495783,21.48,-0.530000000000001,-0.440000000000001
61309,36224,6321.29171851626,12987.5468359854,22.07,0.59,1.12
61310,36224,6306.674314844,13003.2996646166,21.49,-0.580000000000002,-1.17
61311,36224,6293.35792488273,13020.0647592163,21.5,0.0100000000000016,0.590000000000003
61312,36224,6281.95370705063,13038.1610548493,21.39,-0.109999999999999,-0.120000000000001
61313,36224,6270.28824252672,13056.6718986291,21.88,0.489999999999998,0.599999999999998
61314,36224,6258.67076208907,13075.1066009126,21.78,-0.0999999999999979,-0.589999999999996
61315,36224,6251.0788530566,13095.2978163872,21.63,-0.150000000000002,-0.0500000000000043
61316,36224,6244.08813407458,13115.5132052807,21.39,-0.239999999999998,-0.0899999999999963
61317,36224,6236.95688170488,13136.1349811411,21.82,0.43,0.669999999999998
61318,36224,6229.87792082827,13156.6055432465,21.66,-0.16,-0.59
61319,36224,6222.88720184625,13176.8209321399,21.39,-0.27,-0.109999999999999
61320,36224,6219.11800725116,13198.6442631454,22.19,0.800000000000001,1.07
61321,36224,6215.945203839,13220.1009501802,21.69,-0.5,-1.3
61322,36224,6214.28556520004,13241.3593320873,21.4,-0.290000000000003,0.209999999999997
61323,36224,6214.85104684191,13262.6918385155,21.33,-0.0700000000000003,0.220000000000002
61324,36224,6215.43719744725,13284.8040710457,22.13,0.800000000000001,0.870000000000001
61325,36224,6216.03363456854,13306.8342970696,22.03,-0.0999999999999979,-0.899999999999999
61326,36224,6222.42319165987,13327.5931978154,21.72,-0.310000000000002,-0.210000000000004
61327,36224,6228.71566984511,13348.036700898,21.39,-0.329999999999998,-0.019999999999996
61328,36224,6235.12287764663,13368.8529466736,21.79,0.399999999999999,0.729999999999997
61329,36224,6240.68873492876,13386.9357460342,18.92,-2.87,-3.27
61330,36224,6245.20437495416,13401.6065161285,15.34,-3.58,-0.710000000000004
61331,36224,6248.7462841337,13413.1137520852,12.04,-3.3,0.280000000000001
61332,36224,6251.59099026046,13422.3558593694,9.68,-2.36,0.940000000000001
61333,36224,6253.65023978344,13429.0461128326,6.99,-2.69,-0.33
61334,36224,6255.35059153242,13434.5703506923,5.78,-1.21,1.48
61335,36224,6256.94209723519,13439.7409608688,5.41,-0.37,0.84
61336,36224,6257.79227310968,13442.5030797987,2.89,-2.52,-2.15
61337,36224,6258.06880090277,13443.4014852637,0.94,-1.95,0.57
61338,36224,6258.29826013533,13444.1469706496,0.78,-0.16,1.79
61339,36224,6258.36592119108,13444.3667932634,0.23,-0.55,-0.39
61340,36224,6258.40122261148,13444.4814833228,0.12,-0.11,0.44
61341,36224,6260.07442546118,13448.9114881666,1.6,1.48,1.59
61342,36224,6261.45886153528,13452.2454702836,3.61,2.01,0.53
61343,36224,6263.42621806163,13456.9832343447,5.12,1.51,-0.5
61344,36224,6266.24111024554,13463.7620234691,7.35,2.23,0.719999999999999
61345,36224,6269.75013796798,13472.2124213558,9.15,1.8,-0.429999999999999
61346,36224,6273.88810617838,13482.1774260768,10.78,1.63,-0.170000000000002
61347,36224,6278.63967486483,13493.620096002,12.39,1.61,-0.0199999999999978
