"V1","V2","V3","V4","V5","acceleration","jerk"
66577,486201,6240.5222017033,13493.424392358,21.6,-0.0700000000000003,0
66578,486201,6230.45963527474,13474.4035060513,21.53,-0.0700000000000003,0
66579,486201,6221.26851845824,13455.0335042014,21.44,-0.0899999999999999,-0.0199999999999996
66580,486201,6211.90163868023,13435.2930872042,21.85,0.41,0.5
66581,486201,6202.72338256823,13415.9501889016,21.41,-0.440000000000001,-0.850000000000001
66582,486201,6193.37793729772,13396.2549444833,21.8,0.390000000000001,0.830000000000002
66583,486201,6184.06250033771,13376.6229416756,21.73,-0.0700000000000003,-0.460000000000001
66584,486201,6174.90567873321,13357.325215952,21.36,-0.370000000000001,-0.300000000000001
66585,486201,6162.66007275794,13326.4241321964,21.43,0.0700000000000003,0.440000000000001
66586,486201,6155.26761636646,13306.2243379276,21.51,0.0800000000000018,0.0100000000000016
66587,486201,6147.67582828242,13285.4798723118,22.09,0.579999999999998,0.499999999999996
66588,486201,6140.31430267082,13265.3645960107,21.42,-0.669999999999998,-1.25
66589,486201,6132.8806052395,13245.0521111184,21.63,0.209999999999997,0.879999999999995
66590,486201,6124.57681762813,13225.1312624212,21.6,-0.0299999999999976,-0.239999999999995
66591,486201,6115.57068419884,13205.6084664981,21.5,-0.100000000000001,-0.0700000000000038
66592,486201,6107.18450786143,13187.4295653642,20.01,-1.49,-1.39
66593,486201,6100.51996912376,13172.9826963811,15.91,-4.1,-2.61
66594,486201,6095.14561136107,13161.3325814186,12.83,-3.08,1.02
66595,486201,6091.41330211201,13153.2419715733,8.92,-3.91,-0.83
66596,486201,6088.77429557226,13147.5213383493,6.29,-2.63,1.28
66597,486201,6087.89043782641,13145.6053802378,2.12,-4.17,-1.54
66598,486201,6084.72226150475,13139.113467038,3.8,1.68,5.85
66599,486201,6081.95647778736,13133.8905808217,5.91,2.11,0.430000000000001
66600,486201,6078.42320078798,13127.2183657737,7.55,1.64,-0.470000000000001
66601,486201,6074.19730789999,13119.238219829,9.03,1.48,-0.16
66602,486201,6068.95121052742,13109.3315270228,11.2,2.17,0.69
66603,486201,6063.52569119624,13098.2175177927,12.38,1.18,-0.989999999999998
66604,486201,6057.39620331327,13085.2756563234,14.32,1.94,0.759999999999998
66605,486201,6050.46628649587,13070.6437612683,16.19,1.87,-0.0699999999999985
66606,486201,6042.89431438346,13054.6562242995,17.68,1.49,-0.380000000000003
66607,486201,6034.70596918784,13037.3672710935,19.13,1.45,-0.0399999999999991
66608,486201,6025.78140058729,13018.5238484932,20.85,1.72,0.270000000000003
66609,486201,6016.28326258987,12998.4693857833,22.19,1.34,-0.380000000000003
66610,486201,5992.46811168655,12979.3403525624,21.74,-0.450000000000003,-1.79
66611,486201,5972.05677181113,12971.746027461,21.93,0.190000000000001,0.640000000000004
66612,486201,5950.82631431547,12976.0287009854,21.87,-0.0599999999999987,-0.25
66613,486201,5931.64519851758,12986.7706794978,22.08,0.209999999999997,0.269999999999996
66614,486201,5919.21137460369,13004.3596425963,21.54,-0.539999999999999,-0.749999999999996
66615,486201,5908.51173468733,13023.7407875498,22.21,0.670000000000002,1.21
66616,486201,5903.99,13044.1446145411,21.43,-0.780000000000001,-1.45
66617,486201,5909.64005236373,13064.4554499583,21.69,0.260000000000002,1.04
66618,486201,5924.40218651074,13078.9924678531,21.83,0.139999999999997,-0.120000000000005
66619,486201,5945.24694024263,13083.6347064975,21.76,-0.0699999999999967,-0.209999999999994
66620,486201,5964.89860116076,13082.1859804811,19.84,-1.92,-1.85
66621,486201,5980.52951140863,13079.3062242361,15.89,-3.95,-2.03
66622,486201,5992.91828436022,13076.1277962042,12.79,-3.1,0.849999999999998
66623,486201,6001.44222509314,13073.940918434,8.8,-3.99,-0.889999999999997
66624,486201,6007.07964953241,13072.4945969997,5.82,-2.98,1.01
66625,486201,6010.18895064066,13071.6968836312,3.21,-2.61,0.37
66626,486201,6018.35090732712,13068.5927558359,5.48,2.27,4.88
66627,486201,6025.17680754443,13065.5093832955,7.49,2.01,-0.260000000000001
66628,486201,6033.98941837239,13061.528580563,9.66,2.17,0.16
66629,486201,6044.07789839985,13056.9714465145,11.07,1.41,-0.76
66630,486201,6055.38756751825,13051.8626810636,12.41,1.34,-0.0700000000000003
66631,486201,6067.9548791333,13046.1858176013,13.79,1.38,0.0399999999999991
66632,486201,6081.61579291935,13040.0149558681,14.99,1.2,-0.179999999999998
66633,486201,6096.6983895277,13033.2018963828,16.56,1.57,0.369999999999997
66634,486201,6113.1115354441,13025.787805668,18.01,1.45,-0.119999999999996
66635,486201,6131.00104429134,13017.7068172876,19.63,1.62,0.169999999999995
66636,486201,6150.25755585233,13009.0083310687,21.12,1.49,-0.129999999999995
66637,486201,6170.74436985569,12999.754096795,22.48,1.36,-0.130000000000003
66638,486201,6192.3065593272,12990.014097555,23.67,1.19,-0.169999999999998
66639,486201,6214.71629048124,12979.8912496552,24.58,0.909999999999997,-0.280000000000005
66640,486201,6238.42923088904,12969.1797204825,26.02,1.44,0.530000000000005
66641,486201,6263.12641325075,12958.0235928662,27.1,1.08,-0.359999999999999
66642,486201,6288.38812838346,12945.4659059719,28.23,1.13,0.0499999999999972
66643,486201,6314.2606814806,12931.3977328057,29.45,1.22,0.0899999999999999
66644,486201,6341.18746424554,12916.7563233814,30.65,1.2,-0.0199999999999996
66645,486201,6368.85220777794,12901.7136485765,31.49,0.84,-0.359999999999999
66646,486201,6398.42726229053,12885.7028082031,32.79,1.3,0.460000000000001
66647,486201,6427.43430513216,12869.7591114679,33.1,0.310000000000002,-0.989999999999998
66648,486201,6456.34494994622,12853.8683998276,32.99,-0.109999999999999,-0.420000000000002
66649,486201,6485.42210044427,12837.8861684779,33.18,0.189999999999998,0.299999999999997
66650,486201,6514.58688551283,12821.8557688602,33.28,0.100000000000001,-0.0899999999999963
66651,486201,6543.30478370109,12805.828632715,32.89,-0.390000000000001,-0.490000000000002
66652,486201,6571.55140770009,12789.175935256,32.79,-0.100000000000001,0.289999999999999
66653,486201,6600.02200614983,12772.3911944503,33.05,0.259999999999998,0.359999999999999
66654,486201,6628.38923177614,12755.6673967277,32.93,-0.119999999999997,-0.379999999999995
66655,486201,6656.94597424539,12738.8318700195,33.15,0.219999999999999,0.339999999999996
