"V1","V2","V3","V4","V5","acceleration","jerk"
70582,495284,6632.80196390222,12786.0966584277,32.69,0.140000000000001,0
70583,495284,6604.62949569096,12802.9525456747,32.83,0.140000000000001,0
70584,495284,6576.05370551626,12820.0497447404,33.29,0.460000000000001,0.32
70585,495284,6543.23648284726,12835.989466765,32.87,-0.420000000000002,-0.880000000000003
70586,495284,6514.83204912323,12853.2353661273,33.23,0.359999999999999,0.780000000000001
70587,495284,6488.58166815228,12869.1734211806,30.71,-2.52,-2.88
70588,495284,6465.519627169,12883.1756590619,26.98,-3.73,-1.21
70589,495284,6444.0902214073,12896.1866339946,25.08,-1.9,1.83
70590,495284,6424.98582496637,12907.7859674508,22.35,-2.73,-0.829999999999995
70591,495284,6404.27841363637,12921.0826038429,21.47,-0.880000000000003,1.84999999999999
70592,495284,6386.47801505479,12933.4762276204,21.7,0.23,1.11
70593,495284,6368.40679436478,12946.0584127554,22.01,0.310000000000002,0.0800000000000018
70594,495284,6350.29454002197,12958.6691677931,22.08,0.0699999999999967,-0.240000000000006
70595,495284,6334.32426641578,12973.5019687647,21.91,-0.169999999999998,-0.239999999999995
70596,495284,6319.64564513856,12989.3207701542,21.58,-0.330000000000002,-0.160000000000004
70597,495284,6305.09626102735,13005.0002957205,21.39,-0.189999999999998,0.140000000000004
70598,495284,6292.1210017705,13022.0275177889,21.49,0.0999999999999979,0.289999999999996
70599,495284,6280.32757968326,13040.741405559,22.12,0.630000000000003,0.530000000000005
70600,495284,6268.56614698686,13059.4045323315,22.07,-0.0500000000000007,-0.680000000000003
70601,495284,6257.22310349429,13077.5302001554,21.38,-0.690000000000001,-0.640000000000001
70602,495284,6249.96112239188,13098.5300104038,22.22,0.84,1.53
70603,495284,6242.89523438854,13118.9627690703,21.62,-0.599999999999998,-1.44
70604,495284,6235.67900834258,13139.830267283,22.09,0.469999999999999,1.07
70605,495284,6228.45624585998,13160.716667215,22.1,0.0100000000000016,-0.459999999999997
70606,495284,6221.69837849092,13181.1940114491,21.59,-0.510000000000002,-0.520000000000003
70607,495284,6218.45682369086,13203.1156428318,22.16,0.57,1.08
70608,495284,6215.27816909675,13224.6118995983,21.73,-0.43,-1
70609,495284,6214.42680311715,13246.6874604501,22.18,0.449999999999999,0.879999999999999
70610,495284,6215.0129537225,13268.7996929803,22.12,-0.0599999999999987,-0.509999999999998
70611,495284,6215.59883934113,13290.9019290219,22.11,-0.0100000000000016,0.0499999999999972
70612,495284,6217.84283236374,13312.7121626123,22.09,-0.0199999999999996,-0.00999999999999801
70613,495284,6223.52341926215,13331.1677046658,19.31,-2.78,-2.76
70614,495284,6228.24792602489,13346.5170576114,16.06,-3.25,-0.469999999999999
70615,495284,6232.19285975392,13359.3336717459,13.41,-2.65,0.600000000000001
70616,495284,6235.60238860698,13370.41081998,11.59,-1.82,0.829999999999998
70617,495284,6238.21175193111,13378.8883268684,8.87,-2.72,-0.9
70618,495284,6240.45633391116,13386.1807031433,7.63,-1.24,1.48
70619,495284,6242.35378525734,13392.3452938344,6.45,-1.18,0.0599999999999996
70620,495284,6244.06884593149,13397.9173192188,5.83,-0.62,0.56
70621,495284,6245.88981086682,13403.8334147813,6.19,0.36,0.98
70622,495284,6247.41365551383,13408.784202344,5.17,-1.02,-1.38
70623,495284,6248.85513017992,13413.4673797683,4.9,-0.27,0.750000000000001
70624,495284,6250.06420382841,13417.3955143017,4.11,-0.79,-0.52
70625,495284,6250.79965008662,13419.7848905386,2.5,-1.61,-0.82
70626,495284,6251.13207179533,13420.8648885976,1.13,-1.37,0.24
70627,495284,6251.40565780339,13421.7537365577,0.92,-0.21,1.16
70628,495284,6251.65570953118,13422.5661244783,0.85,-0.0700000000000001,0.14
70629,495284,6252.25583367788,13424.5158554876,2.04,1.19,1.26
70630,495284,6253.1001259823,13427.2588594075,2.87,0.83,-0.36
70631,495284,6254.30625784577,13431.1774364359,4.11,1.24,0.41
70632,495284,6255.8948217635,13436.3384891076,5.39,1.28,0.0399999999999991
70633,495284,6257.33923821462,13441.0312240368,4.91,-0.48,-1.76
70634,495284,6260.64200590153,13450.2783284805,6.68,1.77,2.25
70635,495284,6264.07816856744,13458.5532536242,8.96,2.28,0.510000000000002
70636,495284,6267.98220159634,13467.9548984861,10.18,1.22,-1.06
70637,495284,6272.66857523222,13479.2405664834,12.21,2.03,0.810000000000002
70638,495284,6277.99539436497,13492.0685475376,13.9,1.69,-0.340000000000002
