"V1","V2","V3","V4","V5","acceleration","jerk"
58031,"59609802_2.059510",6247.54960702749,13485.6851073572,27.41,0.0399999999999991,0
58032,"59609802_2.059510",6236.44258253263,13460.5716526592,27.45,0.0399999999999991,0
58033,"59609802_2.059510",6225.23532279648,13435.2182367905,27.73,0.280000000000001,0.240000000000002
58034,"59609802_2.059510",6214.13872824808,13410.1001717888,27.46,-0.27,-0.550000000000001
58035,"59609802_2.059510",6202.94110862186,13384.7534281181,27.7,0.239999999999998,0.509999999999998
58036,"59609802_2.059510",6191.85663708281,13359.6628045567,27.43,-0.27,-0.509999999999998
58037,"59609802_2.059510",6180.92976466516,13334.9289197189,27.04,-0.390000000000001,-0.120000000000001
58038,"59609802_2.059510",6169.86145713856,13309.8748847446,27.39,0.350000000000001,0.740000000000002
58039,"59609802_2.059510",6158.78102660261,13284.7934083299,27.43,0.0399999999999991,-0.310000000000002
58040,"59609802_2.059510",6147.76525211648,13259.8582862634,27.26,-0.169999999999998,-0.209999999999997
58041,"59609802_2.059510",6136.63632954318,13234.6670440877,27.54,0.279999999999998,0.449999999999996
58042,"59609802_2.059510",6125.19824909095,13210.0331046791,27.16,-0.379999999999999,-0.659999999999997
58043,"59609802_2.059510",6113.5953617652,13185.0676504332,27.53,0.370000000000001,0.75
58044,"59609802_2.059510",6102.1357719945,13160.410523628,27.19,-0.34,-0.710000000000001
58045,"59609802_2.059510",6090.50338223094,13135.3815902031,27.61,0.419999999999998,0.759999999999998
58046,"59609802_2.059510",6078.84991929752,13110.3073145075,27.64,0.0300000000000011,-0.389999999999997
58047,"59609802_2.059510",6067.41786789122,13085.4502759984,27.36,-0.280000000000001,-0.310000000000002
58048,"59609802_2.059510",6055.87286755618,13060.2268629212,27.74,0.379999999999999,0.66
58049,"59609802_2.059510",6044.41110442614,13035.1853057422,27.53,-0.209999999999997,-0.589999999999996
58050,"59609802_2.059510",6033.09084454462,13010.45290359,27.2,-0.330000000000002,-0.120000000000005
58051,"59609802_2.059510",6021.6523185663,12985.3678984496,27.56,0.359999999999999,0.690000000000001
58052,"59609802_2.059510",6010.5442276849,12960.5504365131,27.2,-0.359999999999999,-0.719999999999999
58053,"59609802_2.059510",5999.21961278117,12935.2492211809,27.72,0.52,0.879999999999999
58054,"59609802_2.059510",5988.11560725868,12910.440886667,27.18,-0.539999999999999,-1.06
58055,"59609802_2.059510",5976.90946776339,12885.4043665891,27.43,0.25,0.789999999999999
58056,"59609802_2.059510",5965.70741362702,12860.3769739337,27.42,-0.00999999999999801,-0.259999999999998
58057,"59609802_2.059510",5954.64834705256,12835.6690410679,27.07,-0.350000000000001,-0.340000000000003
58058,"59609802_2.059510",5944.23585960481,12810.1322354716,27.6,0.530000000000001,0.880000000000003
58059,"59609802_2.059510",5935.6512756162,12784.090704838,27.43,-0.170000000000002,-0.700000000000003
58060,"59609802_2.059510",5926.96337606536,12757.7357640983,27.75,0.32,0.490000000000002
58061,"59609802_2.059510",5918.29739193682,12731.4473042901,27.67,-0.0799999999999983,-0.399999999999999
58062,"59609802_2.059510",5909.60636161137,12705.0828662745,27.77,0.0999999999999979,0.179999999999996
58063,"59609802_2.059510",5900.92472360975,12678.7469200866,27.73,-0.0399999999999991,-0.139999999999997
58064,"59609802_2.059510",5893.25220842002,12652.1250857273,27.77,0.0399999999999991,0.0799999999999983
58065,"59609802_2.059510",5888.99257744682,12625.3315707661,27.13,-0.640000000000001,-0.68
58066,"59609802_2.059510",5884.74864728811,12598.6368155358,27.03,-0.0999999999999979,0.540000000000003
58067,"59609802_2.059510",5880.39795159082,12571.2704941361,27.7,0.669999999999998,0.769999999999996
58068,"59609802_2.059510",5876.15402143212,12544.5757389058,27.04,-0.66,-1.33
58069,"59609802_2.059510",5872.77108964222,12517.5755509636,27.23,0.190000000000001,0.850000000000001
