"V1","V2","V3","V4","V5","acceleration","jerk"
29853,"59609802_1.022064",6246.48840246984,13475.1173303032,27.78,-0.100000000000001,0
29854,"59609802_1.022064",6235.29239234538,13449.8026753126,27.68,-0.100000000000001,0
29855,"59609802_1.022064",6224.30286028618,13424.9324869508,27.19,-0.489999999999998,-0.389999999999997
29856,"59609802_1.022064",6213.31494097492,13400.0615856963,27.19,0,0.489999999999998
29857,"59609802_1.022064",6202.38359793079,13375.3187435142,27.05,-0.140000000000001,-0.140000000000001
29858,"59609802_1.022064",6191.4239667531,13350.5118717959,27.12,0.0700000000000003,0.210000000000001
29859,"59609802_1.022064",6180.37947117469,13325.5129114691,27.33,0.209999999999997,0.139999999999997
29860,"59609802_1.022064",6169.20969957619,13300.230391768,27.64,0.310000000000002,0.100000000000005
29861,"59609802_1.022064",6158.19349213135,13275.2954609774,27.27,-0.370000000000001,-0.680000000000003
29862,"59609802_1.022064",6147.12879074325,13250.2507652677,27.38,0.109999999999999,0.48
29863,"59609802_1.022064",6135.93128877422,13225.2991956442,27.34,-0.0399999999999991,-0.149999999999999
29864,"59609802_1.022064",6124.52195053457,13200.7510409084,27.08,-0.260000000000002,-0.220000000000002
29865,"59609802_1.022064",6112.9524516547,13175.8582870297,27.45,0.370000000000001,0.630000000000003
29866,"59609802_1.022064",6101.24808065673,13150.675344399,27.77,0.32,-0.0500000000000007
29867,"59609802_1.022064",6089.77973586542,13126.0002320842,27.21,-0.559999999999999,-0.879999999999999
29868,"59609802_1.022064",6078.29453205934,13101.2888461754,27.25,0.0399999999999991,0.599999999999998
29869,"59609802_1.022064",6066.94114702939,13076.4836268554,27.27,0.0199999999999996,-0.0199999999999996
29870,"59609802_1.022064",6055.44708640873,13051.3688708253,27.62,0.350000000000001,0.330000000000002
29871,"59609802_1.022064",6044.16942374327,13026.7269487249,27.11,-0.510000000000002,-0.860000000000003
29872,"59609802_1.022064",6032.88343807954,13002.0668407041,27.12,0.0100000000000016,0.520000000000003
29873,"59609802_1.022064",6021.60689641964,12977.1829294315,27.31,0.189999999999998,0.179999999999996
29874,"59609802_1.022064",6010.4219846804,12952.191687978,27.38,0.0700000000000003,-0.119999999999997
29875,"59609802_1.022064",5999.37188013159,12927.5016557897,27.05,-0.329999999999998,-0.399999999999999
29876,"59609802_1.022064",5988.10935213119,12902.3369908199,27.57,0.52,0.849999999999998
29877,"59609802_1.022064",5977.00614171948,12877.5283004363,27.19,-0.379999999999999,-0.899999999999999
29878,"59609802_1.022064",5965.95195210429,12852.8291406944,27.06,-0.130000000000003,0.249999999999996
29879,"59609802_1.022064",5954.73435983404,12827.7648788131,27.46,0.400000000000002,0.530000000000005
29880,"59609802_1.022064",5945.0237276585,12802.0096937979,27.56,0.0999999999999979,-0.300000000000004
29881,"59609802_1.022064",5936.47111202971,12776.0629181619,27.32,-0.239999999999998,-0.339999999999996
29882,"59609802_1.022064",5927.94041013056,12750.1826240154,27.25,-0.0700000000000003,0.169999999999998
29883,"59609802_1.022064",5919.2657037223,12723.865451509,27.71,0.460000000000001,0.530000000000001
29884,"59609802_1.022064",5910.61291104369,12697.6147604922,27.64,-0.0700000000000003,-0.530000000000001
29885,"59609802_1.022064",5902.04777328367,12671.6299954336,27.36,-0.280000000000001,-0.210000000000001
29886,"59609802_1.022064",5895.3822214946,12644.7744485798,27.76,0.400000000000002,0.680000000000003
29887,"59609802_1.022064",5891.12784105653,12617.9497240316,27.17,-0.59,-0.990000000000002
29888,"59609802_1.022064",5886.82176895628,12590.7990731542,27.49,0.319999999999997,0.909999999999997
29889,"59609802_1.022064",5882.58931831428,12564.112620382,27.02,-0.469999999999999,-0.789999999999996
29890,"59609802_1.022064",5878.32867222018,12537.248389612,27.2,0.18,0.649999999999999
29891,"59609802_1.022064",5875.45812877649,12510.1359033091,27.28,0.0800000000000018,-0.0999999999999979
