"V1","V2","V3","V4","V5","acceleration","jerk"
67288,"59609802_2.059046",6251.64147938406,13486.7686563357,27.2,0.220000000000002,0
67289,"59609802_2.059046",6240.55063409458,13461.6917835091,27.42,0.220000000000002,0
67290,"59609802_2.059046",6229.49979453932,13436.6956274485,27.33,-0.0900000000000034,-0.310000000000006
67291,"59609802_2.059046",6218.46338128479,13411.7149612749,27.32,-0.00999999999999801,0.0800000000000054
67292,"59609802_2.059046",6207.51183243098,13386.9263837098,27.1,-0.219999999999999,-0.210000000000001
67293,"59609802_2.059046",6196.39055477573,13361.7536289278,27.52,0.419999999999998,0.639999999999997
67294,"59609802_2.059046",6185.39051197865,13336.8552864436,27.22,-0.300000000000001,-0.719999999999999
67295,"59609802_2.059046",6174.41471615321,13312.0118264189,27.16,-0.0599999999999987,0.240000000000002
67296,"59609802_2.059046",6163.22473874501,13286.6835713348,27.69,0.530000000000001,0.59
67297,"59609802_2.059046",6152.26510756731,13261.8766996165,27.12,-0.57,-1.1
67298,"59609802_2.059046",6141.05088318748,13236.4935620728,27.75,0.629999999999999,1.2
67299,"59609802_2.059046",6129.60915823877,13211.6965978963,27.31,-0.440000000000001,-1.07
67300,"59609802_2.059046",6118.1661019696,13187.0758959725,27.15,-0.16,0.280000000000001
67301,"59609802_2.059046",6106.60924735079,13162.2103472892,27.42,0.270000000000003,0.430000000000003
67302,"59609802_2.059046",6095.05660748567,13137.3538670045,27.41,-0.0100000000000016,-0.280000000000005
67303,"59609802_2.059046",6083.65569875341,13112.8238490656,27.05,-0.359999999999999,-0.349999999999998
67304,"59609802_2.059046",6072.33444991294,13088.2681032547,27.04,-0.0100000000000016,0.349999999999998
67305,"59609802_2.059046",6061.03181825265,13063.5716233932,27.16,0.120000000000001,0.130000000000003
67306,"59609802_2.059046",6049.73334809151,13038.8842364918,27.15,-0.0100000000000016,-0.130000000000003
67307,"59609802_2.059046",6038.2018339786,13013.6876438201,27.72,0.57,0.580000000000002
67308,"59609802_2.059046",6023.80573432563,12990.1668781483,27.34,-0.379999999999999,-0.949999999999999
67309,"59609802_2.059046",6012.53379747499,12964.995491299,27.58,0.239999999999998,0.619999999999997
67310,"59609802_2.059046",6001.21326793017,12939.7034033895,27.71,0.130000000000003,-0.109999999999996
67311,"59609802_2.059046",5989.96627484576,12914.575609086,27.53,-0.18,-0.310000000000002
67312,"59609802_2.059046",5978.87861075892,12889.8037842622,27.14,-0.390000000000001,-0.210000000000001
67313,"59609802_2.059046",5967.65612982799,12864.7307544941,27.47,0.329999999999998,0.719999999999999
67314,"59609802_2.059046",5956.3110881297,12839.3839020492,27.78,0.310000000000002,-0.019999999999996
67315,"59609802_2.059046",5945.51634642149,12814.016621332,27.58,-0.200000000000003,-0.510000000000005
67316,"59609802_2.059046",5936.95367785517,12788.04157163,27.35,-0.229999999999997,-0.029999999999994
67317,"59609802_2.059046",5928.2814321774,12761.73411727,27.7,0.349999999999998,0.579999999999995
67318,"59609802_2.059046",5919.59040185195,12735.3696792543,27.76,0.0600000000000023,-0.289999999999996
67319,"59609802_2.059046",5911.0214717364,12709.3756350004,27.37,-0.390000000000001,-0.450000000000003
67320,"59609802_2.059046",5902.35861838247,12683.0966724682,27.67,0.300000000000001,0.690000000000001
67321,"59609802_2.059046",5894.08906183274,12657.3889793779,27.02,-0.650000000000002,-0.950000000000003
67322,"59609802_2.059046",5889.84042142969,12630.6645962284,27.07,0.0500000000000007,0.700000000000003
67323,"59609802_2.059046",5885.57294004924,12603.8217014019,27.17,0.100000000000001,0.0500000000000007
67324,"59609802_2.059046",5881.28504760994,12576.8504189253,27.31,0.139999999999997,0.0399999999999956
67325,"59609802_2.059046",5877.03954736979,12550.1457877219,27.04,-0.27,-0.409999999999997
67326,"59609802_2.059046",5873.20976331467,12522.8473310623,27.58,0.539999999999999,0.809999999999999
