"V1","V2","V3","V4","V5","acceleration","jerk"
65257,"59609802_1.064615",6247.37016916317,13477.1110422931,27.15,0.57,0
65258,"59609802_1.064615",6236.15797983333,13451.7598054311,27.72,0.57,0
65259,"59609802_1.064615",6225.19191591269,13426.9448438011,27.12,-0.599999999999998,-1.17
65260,"59609802_1.064615",6214.28077867826,13402.2477370019,27,-0.120000000000001,0.479999999999997
65261,"59609802_1.064615",6203.34943563414,13377.5048948197,27.05,0.0500000000000007,0.170000000000002
65262,"59609802_1.064615",6192.24836378859,13352.3778754207,27.47,0.419999999999998,0.369999999999997
65263,"59609802_1.064615",6181.20386821018,13327.3789150939,27.34,-0.129999999999999,-0.549999999999997
65264,"59609802_1.064615",6170.17149611759,13302.407395997,27.29,-0.0500000000000007,0.0799999999999983
65265,"59609802_1.064615",6159.14316518694,13277.4450239766,27.29,0,0.0500000000000007
65266,"59609802_1.064615",6148.0744226369,13252.3911811903,27.4,0.109999999999999,0.109999999999999
65267,"59609802_1.064615",6136.93018539882,13227.4484060884,27.32,-0.0799999999999983,-0.189999999999998
65268,"59609802_1.064615",6125.26796193776,13202.3561474427,27.67,0.350000000000001,0.43
65269,"59609802_1.064615",6113.63102699883,13177.318299188,27.6,-0.0700000000000003,-0.420000000000002
65270,"59609802_1.064615",6102.06152811895,13152.4255453092,27.45,-0.150000000000002,-0.0800000000000018
65271,"59609802_1.064615",6090.44566694848,13127.4330390469,27.56,0.109999999999999,0.260000000000002
65272,"59609802_1.064615",6078.98996641824,13102.7851319277,27.18,-0.379999999999999,-0.489999999999998
65273,"59609802_1.064615",6067.63195588639,13077.993058246,27.27,0.0899999999999999,0.469999999999999
65274,"59609802_1.064615",6056.21280225022,13053.0419754993,27.44,0.170000000000002,0.0800000000000018
65275,"59609802_1.064615",6044.7770026175,13028.0545209119,27.48,0.0399999999999991,-0.130000000000003
65276,"59609802_1.064615",6033.23300400718,13002.8306493596,27.74,0.259999999999998,0.219999999999999
65277,"59609802_1.064615",6019.00092063249,12979.4442012091,27.15,-0.59,-0.849999999999998
65278,"59609802_1.064615",6007.71307395897,12954.22513268,27.64,0.490000000000002,1.08
65279,"59609802_1.064615",5996.56412948845,12929.3163965179,27.29,-0.350000000000001,-0.840000000000003
65280,"59609802_1.064615",5985.39884358228,12904.3711506656,27.33,0.0399999999999991,0.390000000000001
65281,"59609802_1.064615",5974.06197260181,12879.0425530658,27.75,0.420000000000002,0.380000000000003
65282,"59609802_1.064615",5962.89260133674,12854.0881797909,27.35,-0.399999999999999,-0.82
65283,"59609802_1.064615",5951.67829112363,12829.0334048679,27.45,0.0999999999999979,0.499999999999996
65284,"59609802_1.064615",5942.08501744574,12803.6076068993,27.21,-0.239999999999998,-0.339999999999996
65285,"59609802_1.064615",5933.42842564103,12777.347638919,27.65,0.439999999999998,0.679999999999996
65286,"59609802_1.064615",5924.80627235707,12751.1921409741,27.53,-0.119999999999997,-0.559999999999995
65287,"59609802_1.064615",5916.29369618455,12725.3690476871,27.19,-0.34,-0.220000000000002
65288,"59609802_1.064615",5907.70911219594,12699.3275170535,27.42,0.23,0.57
65289,"59609802_1.064615",5899.17775137575,12673.4474401109,27.26,-0.16,-0.390000000000001
65290,"59609802_1.064615",5892.44675663629,12647.0587115382,27.31,0.0499999999999972,0.209999999999997
65291,"59609802_1.064615",5888.096060939,12619.6923901385,27.72,0.41,0.360000000000003
65292,"59609802_1.064615",5883.77205662636,12592.4939602812,27.54,-0.18,-0.59
65293,"59609802_1.064615",5879.44491215082,12565.2757784777,27.56,0.0199999999999996,0.199999999999999
65294,"59609802_1.064615",5875.19313158487,12538.5316433819,27.07,-0.489999999999998,-0.509999999999998
65295,"59609802_1.064615",5872.22793036916,12511.0481105767,27.67,0.600000000000001,1.09
