"V1","V2","V3","V4","V5","acceleration","jerk"
54316,"59609802_2.058411",6247.68308547189,13485.9869077961,27.62,-0.109999999999999,0
54317,"59609802_2.058411",6236.55179216896,13460.8185802909,27.51,-0.109999999999999,0
54318,"59609802_2.058411",6225.57072605486,13435.9774499715,27.16,-0.350000000000001,-0.240000000000002
54319,"59609802_2.058411",6214.5791975874,13411.0972107856,27.2,0.0399999999999991,0.390000000000001
54320,"59609802_2.058411",6203.49876705146,13386.0157343709,27.42,0.220000000000002,0.180000000000003
54321,"59609802_2.058411",6192.40621350618,13360.906816516,27.45,0.0299999999999976,-0.190000000000005
54322,"59609802_2.058411",6181.43489005429,13336.0723130639,27.16,-0.289999999999999,-0.319999999999997
54323,"59609802_2.058411",6170.33829550589,13310.9542480622,27.46,0.300000000000001,0.59
54324,"59609802_2.058411",6159.39525907579,13286.1837746374,27.08,-0.380000000000003,-0.680000000000003
54325,"59609802_2.058411",6148.44414063947,13261.395006919,27.11,0.0300000000000011,0.410000000000004
54326,"59609802_2.058411",6137.3879561222,13236.368413385,27.36,0.25,0.219999999999999
54327,"59609802_2.058411",6125.94845393802,13211.6472895159,27.24,-0.120000000000001,-0.370000000000001
54328,"59609802_2.058411",6114.26970320076,13186.5186030955,27.71,0.470000000000002,0.590000000000003
54329,"59609802_2.058411",6102.65417197309,13161.5259434871,27.56,-0.150000000000002,-0.620000000000005
54330,"59609802_2.058411",6091.21987000623,13136.9232274068,27.13,-0.43,-0.279999999999998
54331,"59609802_2.058411",6079.72656316376,13112.1935529685,27.27,0.140000000000001,0.57
54332,"59609802_2.058411",6068.29185854384,13087.3597629293,27.34,0.0700000000000003,-0.0700000000000003
54333,"59609802_2.058411",6056.92165633932,13062.5182472382,27.32,-0.0199999999999996,-0.0899999999999999
54334,"59609802_2.058411",6045.54313041429,13037.6585459574,27.34,0.0199999999999996,0.0399999999999991
54335,"59609802_2.058411",6034.11466216626,13012.6897311376,27.46,0.120000000000001,0.100000000000001
54336,"59609802_2.058411",6022.8574994453,12988.0604881043,27.08,-0.380000000000003,-0.500000000000004
54337,"59609802_2.058411",6011.6105063609,12962.9326938008,27.53,0.450000000000003,0.830000000000005
54338,"59609802_2.058411",6000.432964378,12937.9600656808,27.37,-0.16,-0.610000000000003
54339,"59609802_2.058411",5989.0838373208,12912.6040858133,27.78,0.41,0.57
54340,"59609802_2.058411",5977.85318567204,12887.5128012001,27.49,-0.290000000000003,-0.700000000000003
54341,"59609802_2.058411",5966.5244854094,12862.2024584454,27.73,0.240000000000002,0.530000000000005
54342,"59609802_2.058411",5955.3837116567,12837.3119771284,27.27,-0.460000000000001,-0.700000000000003
54343,"59609802_2.058411",5944.85262220356,12812.0031988323,27.44,0.170000000000002,0.630000000000003
54344,"59609802_2.058411",5936.17724575117,12785.6862471963,27.71,0.27,0.0999999999999979
54345,"59609802_2.058411",5927.51439239724,12759.4072846641,27.67,-0.0399999999999991,-0.309999999999999
54346,"59609802_2.058411",5918.93293918324,12733.3752513064,27.41,-0.260000000000002,-0.220000000000002
54347,"59609802_2.058411",5910.29826280082,12707.1817642577,27.58,0.169999999999998,0.43
54348,"59609802_2.058411",5901.78881740292,12681.3681682467,27.18,-0.399999999999999,-0.569999999999997
54349,"59609802_2.058411",5893.72480293639,12655.0977536238,27.52,0.34,0.739999999999998
54350,"59609802_2.058411",5889.38195764636,12627.7808120895,27.66,0.140000000000001,-0.199999999999999
54351,"59609802_2.058411",5885.05167300792,12600.5428783399,27.59,-0.0700000000000003,-0.210000000000001
54352,"59609802_2.058411",5880.69312690338,12573.1271770748,27.76,0.170000000000002,0.240000000000002
54353,"59609802_2.058411",5876.43349593018,12546.3336621137,27.13,-0.630000000000003,-0.800000000000004
54354,"59609802_2.058411",5872.9029405192,12519.1600746605,27.42,0.290000000000003,0.920000000000005
