"V1","V2","V3","V4","V5","acceleration","jerk"
57250,"59609802_1.056246",6251.9650634917,13487.5002937632,27.37,-0.260000000000002,0
57251,"59609802_1.056246",6240.99960704394,13462.7069304397,27.11,-0.260000000000002,0
57252,"59609802_1.056246",6229.79479936084,13437.3633640397,27.71,0.600000000000001,0.860000000000003
57253,"59609802_1.056246",6218.77050959213,13412.4101390959,27.28,-0.43,-1.03
57254,"59609802_1.056246",6207.80279609056,13387.5849732244,27.14,-0.140000000000001,0.289999999999999
57255,"59609802_1.056246",6196.70576540695,13362.467100902,27.46,0.32,0.460000000000001
57256,"59609802_1.056246",6185.60065239947,13337.3309344264,27.48,0.0199999999999996,-0.300000000000001
57257,"59609802_1.056246",6174.55615682106,13312.3319740996,27.33,-0.150000000000002,-0.170000000000002
57258,"59609802_1.056246",6163.48741427102,13287.2781313133,27.39,0.0600000000000023,0.210000000000004
57259,"59609802_1.056246",6152.3580542919,13262.0870823781,27.55,0.16,0.0999999999999979
57260,"59609802_1.056246",6141.29739406574,13237.051533745,27.37,-0.18,-0.34
57261,"59609802_1.056246",6129.91683525816,13212.3585909867,27.19,-0.18,0
57262,"59609802_1.056246",6118.29254458031,13187.3479479274,27.58,0.389999999999997,0.569999999999997
57263,"59609802_1.056246",6106.73147520781,13162.4733308457,27.43,-0.149999999999999,-0.539999999999996
57264,"59609802_1.056246",6095.16197632793,13137.5805769669,27.45,0.0199999999999996,0.169999999999998
57265,"59609802_1.056246",6083.59669220174,13112.6968914867,27.44,-0.00999999999999801,-0.0299999999999976
57266,"59609802_1.056246",6071.9848839853,13087.5042945992,27.74,0.299999999999997,0.309999999999995
57267,"59609802_1.056246",6060.69473682243,13062.8350936182,27.13,-0.609999999999999,-0.909999999999997
57268,"59609802_1.056246",6049.16322270953,13037.6385009465,27.7,0.57,1.18
57269,"59609802_1.056246",6037.64419309404,13012.4691871553,27.68,-0.0199999999999996,-0.59
57270,"59609802_1.056246",6026.21485129249,12987.4788097673,27.48,-0.199999999999999,-0.18
57271,"59609802_1.056246",6015.15657661092,12962.770522472,27.07,-0.41,-0.210000000000001
57272,"59609802_1.056246",6000.88643921722,12938.9732095848,27.54,0.469999999999999,0.879999999999999
57273,"59609802_1.056246",5989.81511656602,12914.2378944513,27.1,-0.439999999999998,-0.909999999999997
57274,"59609802_1.056246",5978.62531850638,12889.2378840636,27.39,0.289999999999999,0.729999999999997
57275,"59609802_1.056246",5967.55399585519,12864.5025689301,27.1,-0.289999999999999,-0.579999999999998
57276,"59609802_1.056246",5956.26206382275,12839.2743729785,27.64,0.539999999999999,0.829999999999998
57277,"59609802_1.056246",5945.60400811066,12814.2825450584,27.19,-0.449999999999999,-0.989999999999998
57278,"59609802_1.056246",5936.96933172824,12788.0890580097,27.59,0.399999999999999,0.849999999999998
57279,"59609802_1.056246",5928.35970154272,12761.9715491685,27.5,-0.0899999999999999,-0.489999999999998
57280,"59609802_1.056246",5919.77511755411,12735.9300185349,27.42,-0.0799999999999983,0.0100000000000016
57281,"59609802_1.056246",5911.10913342557,12709.6415587268,27.68,0.259999999999998,0.339999999999996
57282,"59609802_1.056246",5902.57464183076,12683.7519845082,27.25,-0.43,-0.689999999999998
57283,"59609802_1.056246",5894.09377207709,12657.4186072972,27.69,0.440000000000001,0.870000000000001
57284,"59609802_1.056246",5889.80273947489,12630.4275728745,27.33,-0.360000000000003,-0.800000000000004
57285,"59609802_1.056246",5885.48187532515,12603.2488949633,27.52,0.190000000000001,0.550000000000004
57286,"59609802_1.056246",5881.2112537818,12576.3862481906,27.2,-0.32,-0.510000000000002
57287,"59609802_1.056246",5876.88881955061,12549.1976943064,27.54,0.34,0.66
57288,"59609802_1.056246",5873.15752051436,12522.2195009182,27.25,-0.289999999999999,-0.629999999999999
