"V1","V2","V3","V4","V5","acceleration","jerk"
58650,"59609802_1.060556",6246.3159426171,13482.895739665,27.67,-0.0500000000000007,0
58651,"59609802_1.060556",6235.14420130071,13457.6359574814,27.62,-0.0500000000000007,0
58652,"59609802_1.060556",6224.1563749653,13432.7759486057,27.18,-0.440000000000001,-0.390000000000001
58653,"59609802_1.060556",6213.07998543247,13407.7036193378,27.41,0.23,0.670000000000002
58654,"59609802_1.060556",6202.09249796812,13382.8325272986,27.19,-0.219999999999999,-0.449999999999999
58655,"59609802_1.060556",6191.0807644851,13357.9065523789,27.25,0.0599999999999987,0.279999999999998
58656,"59609802_1.060556",6179.89526786822,13332.5872501485,27.69,0.440000000000001,0.380000000000003
58657,"59609802_1.060556",6168.77846830426,13307.423449413,27.51,-0.18,-0.620000000000001
58658,"59609802_1.060556",6157.85159588661,13282.6895645752,27.04,-0.470000000000002,-0.290000000000003
58659,"59609802_1.060556",6146.75096033511,13257.5623524268,27.48,0.440000000000001,0.910000000000004
58660,"59609802_1.060556",6135.80226816527,13232.849335294,27.02,-0.460000000000001,-0.900000000000002
58661,"59609802_1.060556",6124.10244425815,13207.6753066028,27.76,0.740000000000002,1.2
58662,"59609802_1.060556",6112.41526425295,13182.5284832741,27.73,-0.0300000000000011,-0.770000000000003
58663,"59609802_1.060556",6100.93460131239,13157.8260141982,27.24,-0.490000000000002,-0.460000000000001
58664,"59609802_1.060556",6089.54666031923,13133.3230511134,27.02,-0.219999999999999,0.270000000000003
58665,"59609802_1.060556",6078.02385103895,13108.5298974961,27.34,0.32,0.539999999999999
58666,"59609802_1.060556",6066.46480189385,13083.3680259643,27.69,0.350000000000001,0.0300000000000011
58667,"59609802_1.060556",6055.18199875458,13058.7174589663,27.11,-0.580000000000002,-0.930000000000003
58668,"59609802_1.060556",6043.69110260279,13033.6122522229,27.61,0.5,1.08
58669,"59609802_1.060556",6032.17939714975,13008.461581505,27.65,0.0399999999999991,-0.460000000000001
58670,"59609802_1.060556",6020.8965271676,12983.6793252763,27.24,-0.41,-0.449999999999999
58671,"59609802_1.060556",6009.66179015993,12958.5789132404,27.49,0.25,0.66
58672,"59609802_1.060556",5998.50467497159,12933.6519222332,27.31,-0.18,-0.43
58673,"59609802_1.060556",5987.34347442433,12908.7158038034,27.33,0.0199999999999996,0.199999999999999
58674,"59609802_1.060556",5976.2925785677,12884.0261257827,27.05,-0.279999999999998,-0.299999999999997
58675,"59609802_1.060556",5965.22942663433,12859.3090654944,27.08,0.0299999999999976,0.309999999999995
58676,"59609802_1.060556",5954.05188465143,12834.3364373743,27.36,0.280000000000001,0.250000000000004
58677,"59609802_1.060556",5943.87268974971,12809.0305514623,27.31,-0.0500000000000007,-0.330000000000002
58678,"59609802_1.060556",5935.23488259268,12782.8275671377,27.59,0.280000000000001,0.330000000000002
58679,"59609802_1.060556",5926.66595247714,12756.8335228838,27.36,-0.23,-0.510000000000002
58680,"59609802_1.060556",5918.00936067243,12730.5735549035,27.66,0.300000000000001,0.530000000000001
58681,"59609802_1.060556",5909.3245918962,12704.2281114397,27.74,0.0799999999999983,-0.220000000000002
58682,"59609802_1.060556",5900.84332346982,12678.4999909121,27.08,-0.66,-0.739999999999998
58683,"59609802_1.060556",5893.24121784987,12652.0559539157,27.59,0.510000000000002,1.17
58684,"59609802_1.060556",5888.89366231548,12624.7093844622,27.69,0.100000000000001,-0.41
58685,"59609802_1.060556",5884.54610678109,12597.3628150087,27.69,0,-0.100000000000001
58686,"59609802_1.060556",5880.2142520612,12570.115005286,27.59,-0.100000000000001,-0.100000000000001
58687,"59609802_1.060556",5875.94049035495,12543.2326065672,27.22,-0.370000000000001,-0.27
58688,"59609802_1.060556",5872.62928775567,12515.8714405725,27.57,0.350000000000001,0.720000000000002
