"V1","V2","V3","V4","V5","acceleration","jerk"
25007,"59609802_2.027161",6244.43510999142,13478.6430971178,27.3,-0.25,0
25008,"59609802_2.027161",6233.49392235173,13453.9046066013,27.05,-0.25,0
25009,"59609802_2.027161",6222.57230174499,13429.1902670759,27.02,-0.0300000000000011,0.219999999999999
25010,"59609802_2.027161",6211.37064111565,13403.8343762585,27.72,0.699999999999999,0.73
25011,"59609802_2.027161",6200.40335866688,13379.0090199531,27.14,-0.579999999999998,-1.28
25012,"59609802_2.027161",6189.33101013716,13353.945837832,27.41,0.27,0.849999999999998
25013,"59609802_2.027161",6178.27886662301,13328.9283914447,27.35,-0.0599999999999987,-0.329999999999998
25014,"59609802_2.027161",6167.35603520847,13304.2036537537,27.03,-0.32,-0.260000000000002
25015,"59609802_2.027161",6156.26348166319,13279.0947358987,27.45,0.419999999999998,0.739999999999998
25016,"59609802_2.027161",6145.13051808678,13253.8943465762,27.55,0.100000000000001,-0.319999999999997
25017,"59609802_2.027161",6133.92675604759,13228.8138732019,27.47,-0.0800000000000018,-0.180000000000003
25018,"59609802_2.027161",6122.33229798978,13203.8665558643,27.51,0.0400000000000027,0.120000000000005
25019,"59609802_2.027161",6110.94435699662,13179.3635927794,27.02,-0.490000000000002,-0.530000000000005
25020,"59609802_2.027161",6099.42154771634,13154.5704391622,27.34,0.32,0.810000000000002
25021,"59609802_2.027161",6087.7849433188,13129.5324372831,27.61,0.27,-0.0500000000000007
25022,"59609802_2.027161",6076.35485598591,13104.9387896569,27.12,-0.489999999999998,-0.759999999999998
25023,"59609802_2.027161",6065.00815080615,13080.1855477462,27.23,0.109999999999999,0.599999999999998
25024,"59609802_2.027161",6053.57968255812,13055.2167329264,27.46,0.23,0.120000000000001
25025,"59609802_2.027161",6042.18034733184,13030.311567671,27.39,-0.0700000000000003,-0.300000000000001
25026,"59609802_2.027161",6030.84344000932,13005.5427943392,27.24,-0.150000000000002,-0.0800000000000018
25027,"59609802_2.027161",6019.57695623907,12980.7311677899,27.25,0.0100000000000016,0.160000000000004
25028,"59609802_2.027161",6008.49337751114,12955.9684703887,27.13,-0.120000000000001,-0.130000000000003
25029,"59609802_2.027161",5997.17693332523,12930.6855099017,27.69,0.560000000000002,0.680000000000003
25030,"59609802_2.027161",5986.10561067404,12905.9501947682,27.1,-0.59,-1.15
25031,"59609802_2.027161",5975.05062945849,12881.2513893249,27.06,-0.0400000000000027,0.549999999999997
25032,"59609802_2.027161",5963.85674603994,12856.2422515147,27.4,0.34,0.380000000000003
25033,"59609802_2.027161",5952.7690819531,12831.470426691,27.15,-0.25,-0.59
25034,"59609802_2.027161",5942.81448793055,12805.8204721939,27.54,0.390000000000001,0.640000000000001
25035,"59609802_2.027161",5934.34887337723,12780.139838046,27.04,-0.5,-0.890000000000001
25036,"59609802_2.027161",5925.80498945858,12754.2217719997,27.29,0.25,0.75
25037,"59609802_2.027161",5917.17970540001,12728.0567767788,27.55,0.260000000000002,0.0100000000000016
25038,"59609802_2.027161",5908.66712922749,12702.2336834918,27.19,-0.359999999999999,-0.620000000000001
25039,"59609802_2.027161",5900.01053742278,12675.9737155115,27.65,0.459999999999997,0.819999999999997
25040,"59609802_2.027161",5892.84241716163,12649.5474567539,27.46,-0.189999999999998,-0.649999999999995
25041,"59609802_2.027161",5888.59534684003,12622.8329495774,27.05,-0.41,-0.220000000000002
25042,"59609802_2.027161",5884.28233309753,12595.7036515316,27.47,0.419999999999998,0.829999999999998
25043,"59609802_2.027161",5880.03683285738,12568.9990203282,27.03,-0.439999999999998,-0.859999999999996
25044,"59609802_2.027161",5875.70497813749,12541.7512106054,27.6,0.57,1.01
25045,"59609802_2.027161",5872.54055792022,12514.8051258833,27.14,-0.460000000000001,-1.03
