"V1","V2","V3","V4","V5","acceleration","jerk"
65727,"59609802_2.059295",6256.6368090458,13498.0633091224,27.62,-0.34,0
65728,"59609802_2.059295",6245.60259097516,13473.1144728455,27.28,-0.34,0
65729,"59609802_2.059295",6234.67353773951,13448.4034187326,27.02,-0.260000000000002,0.0799999999999983
65730,"59609802_2.059295",6223.458257441,13423.020747943,27.75,0.73,0.990000000000002
65731,"59609802_2.059295",6212.35314443351,13397.8845814674,27.48,-0.27,-1
65732,"59609802_2.059295",6201.27227839766,13372.8032974513,27.42,-0.0599999999999987,0.210000000000001
65733,"59609802_2.059295",6190.30860605803,13347.9872786564,27.13,-0.290000000000003,-0.230000000000004
65734,"59609802_2.059295",6179.37322185196,13323.2352893976,27.06,-0.0700000000000003,0.220000000000002
65735,"59609802_2.059295",6168.21153257734,13297.9710638497,27.62,0.560000000000002,0.630000000000003
65736,"59609802_2.059295",6157.12662537954,13272.880632757,27.43,-0.190000000000001,-0.750000000000004
65737,"59609802_2.059295",6146.01343004818,13247.7261721282,27.5,0.0700000000000003,0.260000000000002
65738,"59609802_2.059295",6134.73008397248,13222.7147020721,27.44,-0.0599999999999987,-0.129999999999999
65739,"59609802_2.059295",6123.02992772821,13197.5408278399,27.76,0.32,0.379999999999999
65740,"59609802_2.059295",6111.5615829369,13172.8657155251,27.2,-0.560000000000002,-0.880000000000003
65741,"59609802_2.059295",6100.09323814558,13148.1906032103,27.22,0.0199999999999996,0.580000000000002
65742,"59609802_2.059295",6088.62910810796,13123.524559294,27.2,-0.0199999999999996,-0.0399999999999991
65743,"59609802_2.059295",6077.19508090676,13098.8886807504,27.15,-0.0500000000000007,-0.0300000000000011
65744,"59609802_2.059295",6065.90077224475,13074.2103868092,27.14,-0.00999999999999801,0.0400000000000027
65745,"59609802_2.059295",6054.55652559308,13049.4229773458,27.26,0.120000000000001,0.129999999999999
65746,"59609802_2.059295",6043.04165747673,13024.2627565149,27.67,0.41,0.289999999999999
65747,"59609802_2.059295",6031.59753484573,12999.257116007,27.49,-0.180000000000003,-0.590000000000003
65748,"59609802_2.059295",6017.33000883753,12975.7110853827,27.31,-0.18,3.5527136788005e-15
65749,"59609802_2.059295",6006.09118647095,12950.6015459243,27.51,0.200000000000003,0.380000000000003
65750,"59609802_2.059295",5994.94632735934,12925.7019371848,27.28,-0.23,-0.430000000000003
65751,"59609802_2.059295",5983.60945637888,12900.373339585,27.75,0.469999999999999,0.699999999999999
65752,"59609802_2.059295",5972.56673124007,12875.7019164094,27.03,-0.719999999999999,-1.19
65753,"59609802_2.059295",5961.33607959131,12850.6106317961,27.49,0.459999999999997,1.18
65754,"59609802_2.059295",5950.24024478664,12825.8205521273,27.16,-0.329999999999998,-0.789999999999996
65755,"59609802_2.059295",5941.02994640119,12800.4070249068,27.06,-0.100000000000001,0.229999999999997
65756,"59609802_2.059295",5932.54241642558,12774.6599098274,27.11,0.0500000000000007,0.150000000000002
65757,"59609802_2.059295",5924.01731715461,12748.7988274366,27.23,0.120000000000001,0.0700000000000003
65758,"59609802_2.059295",5915.54231027745,12723.089701461,27.08,-0.150000000000002,-0.270000000000003
65759,"59609802_2.059295",5907.06104185107,12697.3615809334,27.08,0,0.150000000000002
65760,"59609802_2.059295",5898.41697314481,12671.1396020569,27.62,0.540000000000003,0.540000000000003
65761,"59609802_2.059295",5892.10133871734,12644.885997461,27.08,-0.540000000000003,-1.08000000000001
65762,"59609802_2.059295",5887.75692334585,12617.5591799536,27.67,0.590000000000003,1.13000000000001
65763,"59609802_2.059295",5883.502002617,12590.7952929117,27.1,-0.57,-1.16
65764,"59609802_2.059295",5879.23452123655,12563.9523980852,27.18,0.0799999999999983,0.649999999999999
65765,"59609802_2.059295",5874.9670398561,12537.1095032587,27.18,0,-0.0799999999999983
65766,"59609802_2.059295",5872.15412704808,12510.1611759287,27.11,-0.0700000000000003,-0.0700000000000003
