"V1","V2","V3","V4","V5","acceleration","jerk"
69098,"59609802_1.062140",6249.19988597647,13489.4164582373,27.22,0.0600000000000023,0
69099,"59609802_1.062140",6238.16566790583,13464.4676219605,27.28,0.0600000000000023,0
69100,"59609802_1.062140",6226.95679012263,13439.11492131,27.72,0.439999999999998,0.379999999999995
69101,"59609802_1.062140",6215.8804005898,13414.0425920421,27.42,-0.299999999999997,-0.739999999999995
69102,"59609802_1.062140",6204.70702698226,13388.750731252,27.65,0.229999999999997,0.529999999999994
69103,"59609802_1.062140",6193.5296123716,13363.4497233152,27.66,0.0100000000000016,-0.219999999999995
69104,"59609802_1.062140",6182.47746885745,13338.4322769278,27.35,-0.309999999999999,-0.32
69105,"59609802_1.062140",6171.51018640867,13313.6069206225,27.13,-0.220000000000002,0.0899999999999963
69106,"59609802_1.062140",6160.42975587273,13288.5254442078,27.43,0.300000000000001,0.520000000000003
69107,"59609802_1.062140",6149.21597223406,13263.1421119501,27.75,0.32,0.0199999999999996
69108,"59609802_1.062140",6138.10725467632,13237.9966055082,27.48,-0.27,-0.59
69109,"59609802_1.062140",6126.54271732812,13212.9259415496,27.61,0.129999999999999,0.399999999999999
69110,"59609802_1.062140",6114.994620244,13188.0783772075,27.4,-0.210000000000001,-0.34
69111,"59609802_1.062140",6103.35801584647,13163.0403753284,27.61,0.210000000000001,0.420000000000002
69112,"59609802_1.062140",6091.9700748533,13138.5374122436,27.02,-0.59,-0.800000000000001
69113,"59609802_1.062140",6080.46412410891,13113.7805324429,27.3,0.280000000000001,0.870000000000001
69114,"59609802_1.062140",6069.04931710944,13089.0146516027,27.28,-0.0199999999999996,-0.300000000000001
69115,"59609802_1.062140",6057.5459353769,13063.8821664746,27.64,0.359999999999999,0.379999999999999
69116,"59609802_1.062140",6046.03839178411,13038.7405885515,27.64,0,-0.359999999999999
69117,"59609802_1.062140",6034.7763979461,13014.1354855281,27.07,-0.57,-0.57
69118,"59609802_1.062140",6023.29463284888,12989.0371223181,27.59,0.52,1.09
69119,"59609802_1.062140",6012.08032263577,12963.982347395,27.45,-0.140000000000001,-0.66
69120,"59609802_1.062140",6000.9150367296,12939.0371015427,27.33,-0.120000000000001,0.0199999999999996
69121,"59609802_1.062140",5989.86414087297,12914.347423522,27.04,-0.289999999999999,-0.169999999999998
69122,"59609802_1.062140",5978.77239142721,12889.5664712757,27.15,0.109999999999999,0.399999999999999
69123,"59609802_1.062140",5967.66838590472,12864.7581367618,27.19,0.0400000000000027,-0.0699999999999967
69124,"59609802_1.062140",5956.40096602576,12839.5847053455,27.58,0.389999999999997,0.349999999999994
69125,"59609802_1.062140",5945.70106212366,12814.5769606126,27.21,-0.369999999999997,-0.759999999999994
69126,"59609802_1.062140",5937.21979369727,12788.8488400851,27.1,-0.109999999999999,0.259999999999998
69127,"59609802_1.062140",5928.76357146779,12763.1966977651,27.01,-0.0899999999999999,0.0199999999999996
69128,"59609802_1.062140",5920.16333360611,12737.1076807517,27.47,0.459999999999997,0.549999999999997
69129,"59609802_1.062140",5911.61631891286,12711.1801174294,27.3,-0.169999999999998,-0.629999999999995
69130,"59609802_1.062140",5902.93155013663,12684.8346739656,27.74,0.439999999999998,0.609999999999996
69131,"59609802_1.062140",5894.41271241489,12658.9925861268,27.2,-0.539999999999999,-0.979999999999997
69132,"59609802_1.062140",5890.05081234395,12631.9879766208,27.37,0.170000000000002,0.710000000000001
69133,"59609802_1.062140",5885.79118137075,12605.1944616597,27.13,-0.240000000000002,-0.410000000000004
69134,"59609802_1.062140",5881.47188730246,12578.0256597216,27.51,0.380000000000003,0.620000000000005
69135,"59609802_1.062140",5877.15887355997,12550.8963616758,27.47,-0.0400000000000027,-0.420000000000005
69136,"59609802_1.062140",5873.26283536578,12523.4851267642,27.7,0.23,0.270000000000003
