"V1","V2","V3","V4","V5","acceleration","jerk"
22424,"59609802_1.025456",6248.56743036145,13479.8181007747,27.09,0.629999999999999,0
22425,"59609802_1.025456",6237.35524103161,13454.4668639128,27.72,0.629999999999999,0
22426,"59609802_1.025456",6226.2062475593,13429.2407600258,27.58,-0.140000000000001,-0.77
22427,"59609802_1.025456",6215.17387546671,13404.2692409288,27.3,-0.279999999999998,-0.139999999999997
22428,"59609802_1.025456",6204.0768447831,13379.1513686063,27.46,0.16,0.439999999999998
22429,"59609802_1.025456",6192.94748480398,13353.9603196712,27.55,0.0899999999999999,-0.0700000000000003
22430,"59609802_1.025456",6181.91107154945,13328.9796534976,27.31,-0.240000000000002,-0.330000000000002
22431,"59609802_1.025456",6170.81404086584,13303.8617811751,27.46,0.150000000000002,0.390000000000004
22432,"59609802_1.025456",6159.78166877325,13278.8902620782,27.3,-0.16,-0.310000000000002
22433,"59609802_1.025456",6148.58765020312,13253.5528599175,27.7,0.399999999999999,0.559999999999999
22434,"59609802_1.025456",6137.44438534904,13228.5547507053,27.37,-0.329999999999998,-0.729999999999997
22435,"59609802_1.025456",6125.95918154297,13203.8433647965,27.26,-0.109999999999999,0.219999999999999
22436,"59609802_1.025456",6114.27588431345,13178.7057641582,27.72,0.459999999999997,0.569999999999997
22437,"59609802_1.025456",6102.8665460738,13154.1576094224,27.06,-0.66,-1.12
22438,"59609802_1.025456",6091.1748193369,13129.0018719872,27.74,0.68,1.34
22439,"59609802_1.025456",6079.57581718119,13104.045639319,27.52,-0.219999999999999,-0.899999999999999
22440,"59609802_1.025456",6068.10220528904,13079.0205627469,27.54,0.0199999999999996,0.239999999999998
22441,"59609802_1.025456",6056.64143666149,13053.9785503983,27.53,-0.00999999999999801,-0.0299999999999976
22442,"59609802_1.025456",6045.2306060236,13029.045653572,27.42,-0.109999999999999,-0.100000000000001
22443,"59609802_1.025456",6033.70325340984,13003.8581538605,27.71,0.289999999999999,0.399999999999999
22444,"59609802_1.025456",6022.33812330106,12978.8167615061,27.49,-0.220000000000002,-0.510000000000002
22445,"59609802_1.025456",6008.08075626104,12955.0466007103,27.51,0.0200000000000031,0.240000000000006
22446,"59609802_1.025456",5996.79290958751,12929.8275321812,27.63,0.119999999999997,0.0999999999999943
22447,"59609802_1.025456",5985.70933085958,12905.06483478,27.13,-0.5,-0.619999999999997
22448,"59609802_1.025456",5974.64617892621,12880.3477744917,27.08,-0.0500000000000007,0.449999999999999
22449,"59609802_1.025456",5963.50540517352,12855.4572931747,27.27,0.190000000000001,0.240000000000002
22450,"59609802_1.025456",5952.45450931688,12830.767615154,27.05,-0.219999999999999,-0.41
22451,"59609802_1.025456",5942.72369546677,12805.5450511915,27.07,0.0199999999999996,0.239999999999998
22452,"59609802_1.025456",5934.09214985897,12779.3610614188,27.57,0.5,0.48
22453,"59609802_1.025456",5925.53887361649,12753.4145035446,27.32,-0.25,-0.75
22454,"59609802_1.025456",5916.8634971641,12727.0975519086,27.71,0.390000000000001,0.640000000000001
22455,"59609802_1.025456",5908.3290055693,12701.20797769,27.26,-0.449999999999999,-0.84
22456,"59609802_1.025456",5899.68806763765,12674.9954960895,27.59,0.329999999999998,0.779999999999998
22457,"59609802_1.025456",5892.71681064565,12648.7573789076,27.23,-0.359999999999999,-0.689999999999998
22458,"59609802_1.025456",5888.46660016115,12622.023119785,27.06,-0.170000000000002,0.189999999999998
22459,"59609802_1.025456",5884.1457360114,12594.8444418738,27.53,0.470000000000002,0.640000000000004
22460,"59609802_1.025456",5879.9049460156,12568.1694385896,27,-0.530000000000001,-1
22461,"59609802_1.025456",5875.56681096991,12540.8821249746,27.64,0.640000000000001,1.17
22462,"59609802_1.025456",5872.45846209116,12513.8185356569,27.26,-0.379999999999999,-1.02
