"V1","V2","V3","V4","V5","acceleration","jerk"
54434,"59609802_1.056693",6245.06205419998,13480.0606446335,27.13,0.449999999999999,0
54435,"59609802_1.056693",6233.90649208898,13454.8374443213,27.58,0.449999999999999,0
54436,"59609802_1.056693",6222.9157870096,13429.9677745505,27.2,-0.379999999999999,-0.829999999999998
54437,"59609802_1.056693",6211.75049540828,13404.6942080539,27.63,0.43,0.809999999999999
54438,"59609802_1.056693",6200.78725396262,13379.8779988953,27.13,-0.5,-0.93
54439,"59609802_1.056693",6189.84421753252,13355.1075254705,27.08,-0.0500000000000007,0.449999999999999
54440,"59609802_1.056693",6178.88501708996,13330.3004634586,27.12,0.0400000000000027,0.0900000000000034
54441,"59609802_1.056693",6167.66719244818,13304.9079840541,27.76,0.640000000000001,0.599999999999998
54442,"59609802_1.056693",6156.50998285309,13279.6527118511,27.61,-0.150000000000002,-0.790000000000003
54443,"59609802_1.056693",6145.42955231714,13254.5712354364,27.42,-0.189999999999998,-0.0399999999999956
54444,"59609802_1.056693",6134.29764383716,13229.6118971662,27.34,-0.0800000000000018,0.109999999999996
54445,"59609802_1.056693",6122.60203456401,13204.4469369292,27.75,0.41,0.490000000000002
54446,"59609802_1.056693",6110.99493260428,13179.4724142291,27.53,-0.219999999999999,-0.629999999999999
54447,"59609802_1.056693",6099.51005502975,13154.7608766991,27.26,-0.27,-0.0500000000000007
54448,"59609802_1.056693",6087.85659209633,13129.6866010035,27.65,0.389999999999997,0.659999999999997
54449,"59609802_1.056693",6076.2199876988,13104.6485991244,27.61,-0.0399999999999991,-0.429999999999996
54450,"59609802_1.056693",6064.84167639613,13079.8218359498,27.31,-0.300000000000001,-0.260000000000002
54451,"59609802_1.056693",6053.4298555891,13054.8893923097,27.42,0.110000000000003,0.410000000000004
54452,"59609802_1.056693",6041.96809245906,13029.8478351307,27.54,0.119999999999997,0.00999999999999446
54453,"59609802_1.056693",6030.65199443779,13005.1245257734,27.19,-0.349999999999998,-0.469999999999995
54454,"59609802_1.056693",6019.34817614,12980.2200321266,27.35,0.16,0.509999999999998
54455,"59609802_1.056693",6008.19923166948,12955.3112959645,27.29,-0.0600000000000023,-0.220000000000002
54456,"59609802_1.056693",5996.99717753311,12930.2839033091,27.42,0.130000000000003,0.190000000000005
54457,"59609802_1.056693",5985.83597698585,12905.3477848793,27.31,-0.110000000000003,-0.240000000000006
54458,"59609802_1.056693",5974.65026428513,12880.3569019142,27.38,0.0700000000000003,0.180000000000003
54459,"59609802_1.056693",5963.41144191854,12855.2473624558,27.51,0.130000000000003,0.0600000000000023
54460,"59609802_1.056693",5952.2870096015,12830.3933908291,27.24,-0.270000000000003,-0.400000000000006
54461,"59609802_1.056693",5942.57341828535,12805.0891819463,27.13,-0.109999999999999,0.160000000000004
54462,"59609802_1.056693",5934.12032683049,12779.4465369023,27.01,-0.119999999999997,-0.00999999999999801
54463,"59609802_1.056693",5925.45121192733,12753.1485798182,27.68,0.669999999999998,0.789999999999996
54464,"59609802_1.056693",5916.83532019259,12727.0120764251,27.52,-0.16,-0.829999999999998
54465,"59609802_1.056693",5908.3290055693,12701.20797769,27.18,-0.34,-0.18
54466,"59609802_1.056693",5899.77886010143,12675.2709170918,27.31,0.129999999999999,0.469999999999999
54467,"59609802_1.056693",5892.76548317059,12649.063534073,27.2,-0.109999999999999,-0.239999999999998
54468,"59609802_1.056693",5888.48544113854,12622.1416314619,27.26,0.0600000000000023,0.170000000000002
54469,"59609802_1.056693",5884.17556755895,12595.0320853623,27.45,0.189999999999998,0.129999999999995
54470,"59609802_1.056693",5879.89395544545,12568.100306778,27.27,-0.18,-0.369999999999997
54471,"59609802_1.056693",5875.59350235456,12541.0500165169,27.39,0.120000000000001,0.300000000000001
54472,"59609802_1.056693",5872.4360723196,12513.5494655952,27.7,0.309999999999999,0.189999999999998
