"V1","V2","V3","V4","V5","acceleration","jerk"
17714,"59609802_1.022317",6252.69863914036,13497.3272879219,27.19,0.0299999999999976,0
17715,"59609802_1.022317",6241.69273467915,13472.4424699199,27.22,0.0299999999999976,0
17716,"59609802_1.022317",6230.63829260178,13447.4479063039,27.33,0.109999999999999,0.0800000000000018
17717,"59609802_1.022317",6219.65065649426,13422.5768799688,27.19,-0.139999999999997,-0.249999999999996
17718,"59609802_1.022317",6208.44495486182,13397.2118420046,27.73,0.539999999999999,0.679999999999996
17719,"59609802_1.022317",6197.48171341615,13372.395632846,27.12,-0.609999999999999,-1.15
17720,"59609802_1.022317",6186.53867698605,13347.6251594212,27.08,-0.0400000000000027,0.569999999999997
17721,"59609802_1.022317",6175.48249246879,13322.5985658871,27.36,0.280000000000001,0.320000000000004
17722,"59609802_1.022317",6164.27679083634,13297.2335279229,27.73,0.370000000000001,0.0899999999999999
17723,"59609802_1.022317",6153.09129421946,13271.9142256925,27.69,-0.0399999999999991,-0.41
17724,"59609802_1.022317",6141.8815515839,13246.5400405816,27.74,0.0499999999999972,0.0899999999999963
17725,"59609802_1.022317",6130.73627813056,13221.9490534184,27,-0.739999999999998,-0.789999999999996
17726,"59609802_1.022317",6119.103888367,13196.9201199934,27.6,0.600000000000001,1.34
17727,"59609802_1.022317",6107.5684351848,13172.0997610137,27.37,-0.23,-0.830000000000002
17728,"59609802_1.022317",6096.04984053849,13147.3156758506,27.33,-0.0400000000000027,0.189999999999998
17729,"59609802_1.022317",6084.63661174149,13122.7583020409,27.08,-0.25,-0.209999999999997
17730,"59609802_1.022317",6073.09880713324,13097.861941049,27.45,0.370000000000001,0.620000000000001
17731,"59609802_1.022317",6061.58293981994,13072.7021775362,27.67,0.220000000000002,-0.149999999999999
17732,"59609802_1.022317",6050.17528087316,13047.778826691,27.41,-0.260000000000002,-0.480000000000004
17733,"59609802_1.022317",6038.70935588287,13022.728176717,27.56,0.149999999999999,0.41
17734,"59609802_1.022317",6027.45568576536,12998.1412592834,27.03,-0.529999999999998,-0.679999999999996
17735,"59609802_1.022317",6016.19019370112,12973.1645344889,27.4,0.369999999999997,0.899999999999995
17736,"59609802_1.022317",6005.02899315386,12948.2284160591,27.32,-0.0799999999999983,-0.449999999999996
17737,"59609802_1.022317",5993.73297576251,12922.9910926849,27.65,0.329999999999998,0.409999999999997
17738,"59609802_1.022317",5982.64939703459,12898.2283952837,27.13,-0.52,-0.849999999999998
17739,"59609802_1.022317",5971.54130615318,12873.4109333472,27.18,0.0500000000000007,0.57
17740,"59609802_1.022317",5960.20852053163,12848.09146317,27.74,0.559999999999999,0.509999999999998
17741,"59609802_1.022317",5949.03097854873,12823.11883505,27.36,-0.379999999999999,-0.939999999999998
17742,"59609802_1.022317",5940.05627549657,12797.4533720887,27.21,-0.149999999999999,0.23
17743,"59609802_1.022317",5931.58439939403,12771.753743389,27.05,-0.16,-0.0100000000000016
17744,"59609802_1.022317",5922.93719991316,12745.5222672366,27.63,0.579999999999998,0.739999999999998
17745,"59609802_1.022317",5914.45906226138,12719.803643985,27.08,-0.550000000000001,-1.13
17746,"59609802_1.022317",5905.96527073655,12694.0375343537,27.13,0.0500000000000007,0.600000000000001
17747,"59609802_1.022317",5897.50591773245,12668.3758947577,27.02,-0.109999999999999,-0.16
17748,"59609802_1.022317",5891.63973477111,12641.982461376,27.12,0.100000000000001,0.210000000000001
17749,"59609802_1.022317",5887.32986119152,12614.8729152763,27.45,0.329999999999998,0.229999999999997
17750,"59609802_1.022317",5883.04510891512,12587.921384746,27.29,-0.16,-0.489999999999998
17751,"59609802_1.022317",5878.75878655727,12560.9599782425,27.3,0.0100000000000016,0.170000000000002
17752,"59609802_1.022317",5874.40809085999,12533.5936568428,27.71,0.41,0.399999999999999
17753,"59609802_1.022317",5871.80915871587,12506.0155038662,27.71,0,-0.41
