"V1","V2","V3","V4","V5","acceleration","jerk"
33827,"59609802_1.031714",6251.25060025866,13494.0532104339,27.51,-0.150000000000002,0
33828,"59609802_1.031714",6240.18402377726,13469.0312104143,27.36,-0.150000000000002,0
33829,"59609802_1.031714",6228.97325067604,13443.679347543,27.72,0.359999999999999,0.510000000000002
33830,"59609802_1.031714",6218.03425524905,13418.918021265,27.07,-0.649999999999999,-1.01
33831,"59609802_1.031714",6207.05889079405,13394.0743706661,27.16,0.0899999999999999,0.739999999999998
33832,"59609802_1.031714",6195.89359919273,13368.8008041695,27.63,0.469999999999999,0.379999999999999
33833,"59609802_1.031714",6184.88590671282,13343.8839763965,27.24,-0.390000000000001,-0.859999999999999
33834,"59609802_1.031714",6173.70849210217,13318.5829684596,27.67,0.430000000000003,0.820000000000004
33835,"59609802_1.031714",6162.7452506565,13293.766759301,27.13,-0.540000000000003,-0.970000000000006
33836,"59609802_1.031714",6151.70118914857,13268.7676072072,27.33,0.199999999999999,0.740000000000002
33837,"59609802_1.031714",6140.62075861263,13243.6861307926,27.42,0.0900000000000034,-0.109999999999996
33838,"59609802_1.031714",6129.2232245345,13218.6934783823,27.47,0.0499999999999972,-0.0400000000000063
33839,"59609802_1.031714",6117.69620062025,13193.8912563109,27.36,-0.109999999999999,-0.159999999999997
33840,"59609802_1.031714",6106.30825962708,13169.388293226,27.02,-0.34,-0.23
33841,"59609802_1.031714",6094.71801620324,13144.4500443425,27.5,0.48,0.82
33842,"59609802_1.031714",6083.0224069301,13119.2850841055,27.75,0.25,-0.23
33843,"59609802_1.031714",6071.53810953928,13094.4521429582,27.36,-0.390000000000001,-0.640000000000001
33844,"59609802_1.031714",6060.27195384102,13069.8379471399,27.06,-0.300000000000001,0.0899999999999999
33845,"59609802_1.031714",6048.73943908672,13044.6418124474,27.72,0.66,0.960000000000001
33846,"59609802_1.031714",6037.21940991317,13019.4729561396,27.67,-0.0499999999999972,-0.709999999999997
33847,"59609802_1.031714",6025.79094166514,12994.5041413199,27.46,-0.210000000000001,-0.160000000000004
33848,"59609802_1.031714",6014.49476975269,12969.3766541271,27.55,0.0899999999999999,0.300000000000001
33849,"59609802_1.031714",6003.30497169305,12944.3766437394,27.39,-0.16,-0.25
33850,"59609802_1.031714",5992.06614932647,12919.267104281,27.51,0.120000000000001,0.280000000000001
33851,"59609802_1.031714",5980.75379049947,12893.9932712166,27.69,0.18,0.0599999999999987
33852,"59609802_1.031714",5969.4128341601,12868.6555461942,27.76,0.0700000000000003,-0.109999999999999
33853,"59609802_1.031714",5958.10864605092,12843.3999679749,27.67,-0.0899999999999999,-0.16
33854,"59609802_1.031714",5946.87823337811,12818.1479363669,27.64,-0.0300000000000011,0.0599999999999987
33855,"59609802_1.031714",5938.32495713563,12792.2013784927,27.32,-0.32,-0.289999999999999
33856,"59609802_1.031714",5929.77168089315,12766.2548206185,27.32,0,0.32
33857,"59609802_1.031714",5921.1307429615,12740.0423390179,27.59,0.27,0.27
33858,"59609802_1.031714",5912.56807439518,12714.0672893158,27.35,-0.239999999999998,-0.509999999999998
33859,"59609802_1.031714",5904.05862899728,12688.2536933048,27.18,-0.170000000000002,0.0699999999999967
33860,"59609802_1.031714",5895.59614521857,12662.5825564329,27.03,-0.149999999999999,0.0200000000000031
33861,"59609802_1.031714",5890.62703223602,12635.6124587405,27.46,0.43,0.579999999999998
33862,"59609802_1.031714",5886.28732710888,12608.3152691524,27.64,0.18,-0.25
33863,"59609802_1.031714",5881.95233222609,12581.0477074835,27.61,-0.0300000000000011,-0.210000000000001
33864,"59609802_1.031714",5877.67543035694,12554.1455568186,27.24,-0.370000000000001,-0.34
33865,"59609802_1.031714",5873.59121868202,12527.4314876698,27.03,-0.209999999999997,0.160000000000004
