"V1","V2","V3","V4","V5","acceleration","jerk"
56212,"59609802_2.060423",6247.58858843582,13477.6048975566,27.27,-0.0599999999999987,0
56213,"59609802_2.060423",6236.58268397461,13452.7200795547,27.21,-0.0599999999999987,0
56214,"59609802_2.060423",6225.55966164911,13427.777227771,27.28,0.0700000000000003,0.129999999999999
56215,"59609802_2.060423",6214.54345420428,13402.8422969804,27.26,-0.0199999999999996,-0.0899999999999999
56216,"59609802_2.060423",6203.38580609159,13377.5872185091,27.61,0.349999999999998,0.369999999999997
56217,"59609802_2.060423",6192.30494005573,13352.505934493,27.42,-0.189999999999998,-0.539999999999996
56218,"59609802_2.060423",6181.20790937212,13327.3880621705,27.46,0.0399999999999991,0.229999999999997
56219,"59609802_2.060423",6170.276566328,13302.6452199884,27.05,-0.41,-0.449999999999999
56220,"59609802_2.060423",6159.20782377796,13277.591377202,27.39,0.34,0.75
56221,"59609802_2.060423",6148.26031608608,13252.8119467135,27.09,-0.300000000000001,-0.640000000000001
56222,"59609802_2.060423",6136.97233293573,13227.5390900734,27.68,0.59,0.890000000000001
56223,"59609802_2.060423",6125.52506191287,13202.9093197511,27.16,-0.52,-1.11
56224,"59609802_2.060423",6114.0356433531,13178.1888654438,27.26,0.100000000000001,0.620000000000001
56225,"59609802_2.060423",6102.54201003965,13153.459342738,27.27,0.00999999999999801,-0.0900000000000034
56226,"59609802_2.060423",6090.94300788394,13128.5031100698,27.52,0.25,0.240000000000002
56227,"59609802_2.060423",6079.25971065442,13103.3655094316,27.72,0.199999999999999,-0.0500000000000007
56228,"59609802_2.060423",6067.90661482953,13078.5931936182,27.25,-0.469999999999999,-0.669999999999998
56229,"59609802_2.060423",6053.38823698659,13054.7984643606,27.65,0.399999999999999,0.869999999999997
56230,"59609802_2.060423",6041.83075107079,13029.5477728987,27.77,0.120000000000001,-0.279999999999998
56231,"59609802_2.060423",6030.56043351228,13004.9244842854,27.08,-0.690000000000001,-0.810000000000002
56232,"59609802_2.060423",6019.15616427114,12979.7910432663,27.59,0.510000000000002,1.2
56233,"59609802_2.060423",6007.9663662115,12954.7910328787,27.39,-0.199999999999999,-0.710000000000001
56234,"59609802_2.060423",5996.71120240928,12929.64498373,27.55,0.16,0.359999999999999
56235,"59609802_2.060423",5985.66439191155,12904.9644331319,27.04,-0.510000000000002,-0.670000000000002
56236,"59609802_2.060423",5974.39288667368,12879.781874293,27.59,0.550000000000001,1.06
56237,"59609802_2.060423",5963.13363751254,12854.6266977218,27.56,-0.0300000000000011,-0.580000000000002
56238,"59609802_2.060423",5952.04188806678,12829.8457454756,27.15,-0.41,-0.379999999999999
56239,"59609802_2.060423",5942.1977253318,12803.9495088332,27.74,0.59,1
56240,"59609802_2.060423",5933.64444908932,12778.002950959,27.32,-0.419999999999998,-1.01
56241,"59609802_2.060423",5925.02542657997,12751.85695029,27.53,0.210000000000001,0.629999999999999
56242,"59609802_2.060423",5916.4502349152,12725.8439114842,27.39,-0.140000000000001,-0.350000000000001
56243,"59609802_2.060423",5907.85312782813,12699.7643917468,27.46,0.0700000000000003,0.210000000000001
56244,"59609802_2.060423",5899.34368243023,12673.9507957358,27.18,-0.280000000000001,-0.350000000000001
56245,"59609802_2.060423",5892.52055046443,12647.5228822728,27.38,0.199999999999999,0.48
56246,"59609802_2.060423",5888.23736826948,12620.5812277155,27.28,-0.0999999999999979,-0.299999999999997
56247,"59609802_2.060423",5883.88667257219,12593.2149063159,27.71,0.43,0.529999999999998
56248,"59609802_2.060423",5879.53911703781,12565.8683368624,27.69,-0.0199999999999996,-0.449999999999999
56249,"59609802_2.060423",5875.24494427271,12538.8575504935,27.35,-0.34,-0.32
56250,"59609802_2.060423",5872.30256294103,12511.9450107825,27.08,-0.270000000000003,0.0699999999999967
