"V1","V2","V3","V4","V5","acceleration","jerk"
15956,"59609802_1.022972",6250.27984793573,13491.8582981515,27.39,-0.140000000000001,0
15957,"59609802_1.022972",6239.25776426913,13466.9368982782,27.25,-0.140000000000001,0
15958,"59609802_1.022972",6228.13676303164,13441.7858881638,27.5,0.25,0.390000000000001
15959,"59609802_1.022972",6216.91489738674,13416.3842616126,27.77,0.27,0.0199999999999996
15960,"59609802_1.022972",6205.88699989127,13391.4216981058,27.29,-0.48,-0.75
15961,"59609802_1.022972",6194.7055442775,13366.1115430222,27.68,0.390000000000001,0.870000000000001
15962,"59609802_1.022972",6183.62915474467,13341.0392137543,27.41,-0.27,-0.66
15963,"59609802_1.022972",6172.48406815892,13315.8113829915,27.57,0.16,0.43
15964,"59609802_1.022972",6161.29857154203,13290.4920807611,27.68,0.109999999999999,-0.0500000000000007
15965,"59609802_1.022972",6150.29087906212,13265.5752529882,27.24,-0.440000000000001,-0.550000000000001
15966,"59609802_1.022972",6139.0932594359,13240.2285093175,27.71,0.470000000000002,0.910000000000004
15967,"59609802_1.022972",6127.49943923983,13214.9844806393,27.77,0.0599999999999987,-0.410000000000004
15968,"59609802_1.022972",6115.82068850257,13189.8557942188,27.72,-0.0500000000000007,-0.109999999999999
15969,"59609802_1.022972",6104.2515182486,13164.962887606,27.45,-0.27,-0.219999999999999
15970,"59609802_1.022972",6092.78349920996,13140.2876238925,27.21,-0.239999999999998,0.0300000000000011
15971,"59609802_1.022972",6081.09631920476,13115.1408005638,27.72,0.509999999999998,0.749999999999996
15972,"59609802_1.022972",6069.76931893279,13090.5877051219,27.04,-0.68,-1.19
15973,"59609802_1.022972",6058.23680417849,13065.3915704294,27.71,0.670000000000002,1.35
15974,"59609802_1.022972",6046.84995453297,13040.5136835588,27.36,-0.350000000000001,-1.02
15975,"59609802_1.022972",6035.30079233767,13015.2811776866,27.75,0.390000000000001,0.740000000000002
15976,"59609802_1.022972",6024.04712222016,12990.6942602531,27.04,-0.710000000000001,-1.1
15977,"59609802_1.022972",6012.97093087856,12965.9721255128,27.09,0.0500000000000007,0.760000000000002
15978,"59609802_1.022972",6001.8097303313,12941.036007083,27.32,0.23,0.18
15979,"59609802_1.022972",5990.47694470975,12915.7165369058,27.74,0.419999999999998,0.189999999999998
15980,"59609802_1.022972",5979.21769554861,12890.5613603346,27.56,-0.18,-0.599999999999998
15981,"59609802_1.022972",5967.98295854094,12865.4609482988,27.5,-0.0599999999999987,0.120000000000001
15982,"59609802_1.022972",5956.91163588974,12840.7256331653,27.1,-0.399999999999999,-0.34
15983,"59609802_1.022972",5946.13937056946,12815.9065792445,27.07,-0.0300000000000011,0.369999999999997
15984,"59609802_1.022972",5937.5673096793,12789.9030377147,27.38,0.309999999999999,0.34
15985,"59609802_1.022972",5928.97333336685,12763.8330152532,27.45,0.0700000000000003,-0.239999999999998
15986,"59609802_1.022972",5920.34178775905,12737.6490254804,27.57,0.120000000000001,0.0500000000000007
15987,"59609802_1.022972",5911.87304243112,12711.9588940567,27.05,-0.52,-0.640000000000001
15988,"59609802_1.022972",5903.27906611867,12685.8888715952,27.45,0.399999999999999,0.919999999999998
15989,"59609802_1.022972",5894.65378206009,12659.7238763743,27.55,0.100000000000001,-0.299999999999997
15990,"59609802_1.022972",5890.16699837124,12632.7187986286,27.39,-0.16,-0.260000000000002
15991,"59609802_1.022972",5885.87753585049,12605.737640179,27.32,-0.0700000000000003,0.0899999999999999
15992,"59609802_1.022972",5881.63674585469,12579.0626368948,27.01,-0.309999999999999,-0.239999999999998
15993,"59609802_1.022972",5877.2954706461,12551.7555713336,27.65,0.639999999999997,0.949999999999996
15994,"59609802_1.022972",5873.37063796959,12524.7806492837,27.27,-0.379999999999999,-1.02
