"V1","V2","V3","V4","V5","acceleration","jerk"
66006,"59609802_1.060836",6256.41030017045,13497.5511629231,27.22,0.390000000000001,0
66007,"59609802_1.060836",6245.24260365541,13472.3005262074,27.61,0.390000000000001,0
66008,"59609802_1.060836",6234.03041432557,13446.9492893455,27.72,0.109999999999999,-0.280000000000001
66009,"59609802_1.060836",6223.00564730387,13421.9962753647,27.28,-0.439999999999998,-0.549999999999997
66010,"59609802_1.060836",6211.94094591577,13396.951579655,27.37,0.0899999999999999,0.529999999999998
66011,"59609802_1.060836",6200.8277505844,13371.7971190261,27.51,0.140000000000001,0.0500000000000007
66012,"59609802_1.060836",6189.75900803437,13346.7432762398,27.38,-0.130000000000003,-0.270000000000003
66013,"59609802_1.060836",6178.75088291341,13321.8266396024,27.25,-0.129999999999999,3.5527136788005e-15
66014,"59609802_1.060836",6164.60007108538,13297.9652996637,27.54,0.289999999999999,0.419999999999998
66015,"59609802_1.060836",6153.46710750897,13272.7649103411,27.56,0.0199999999999996,-0.27
66016,"59609802_1.060836",6142.5321530851,13248.0127312099,27.06,-0.5,-0.52
66017,"59609802_1.060836",6131.0945220182,13222.7198720202,27.76,0.700000000000003,1.2
66018,"59609802_1.060836",6119.43684445081,13197.6365278705,27.66,-0.100000000000001,-0.800000000000004
66019,"59609802_1.060836",6107.994113216,13173.0156748818,27.15,-0.510000000000002,-0.41
66020,"59609802_1.060836",6096.51766490942,13148.3222742601,27.23,0.0800000000000018,0.590000000000003
66021,"59609802_1.060836",6084.91899221764,13123.3658884683,27.53,0.300000000000001,0.219999999999999
66022,"59609802_1.060836",6073.50250757754,13098.7439421552,27.13,-0.400000000000002,-0.700000000000003
66023,"59609802_1.060836",6062.14895281402,13073.9387976438,27.28,0.150000000000002,0.550000000000004
66024,"59609802_1.060836",6050.60395247897,13048.7153845666,27.74,0.459999999999997,0.309999999999995
66025,"59609802_1.060836",6039.08808516567,13023.5556210537,27.67,-0.0699999999999967,-0.529999999999994
66026,"59609802_1.060836",6027.83857690842,12998.977796415,27.03,-0.640000000000001,-0.570000000000004
66027,"59609802_1.060836",6016.61915638687,12974.1229138575,27.27,0.239999999999998,0.879999999999999
66028,"59609802_1.060836",6005.4906387109,12949.2598148082,27.24,-0.0300000000000011,-0.27
66029,"59609802_1.060836",5994.30492601018,12924.2689318431,27.38,0.140000000000001,0.170000000000002
66030,"59609802_1.060836",5983.19683512878,12899.4514699066,27.19,-0.189999999999998,-0.329999999999998
66031,"59609802_1.060836",5971.89673237852,12874.2050191098,27.66,0.469999999999999,0.659999999999997
66032,"59609802_1.060836",5960.60071498717,12848.9676957356,27.64,-0.0199999999999996,-0.489999999999998
66033,"59609802_1.060836",5949.45994123448,12824.0772144186,27.27,-0.370000000000001,-0.350000000000001
66034,"59609802_1.060836",5940.36622218325,12798.393602407,27.27,0,0.370000000000001
66035,"59609802_1.060836",5931.77537664541,12772.3330772215,27.44,0.170000000000002,0.170000000000002
66036,"59609802_1.060836",5923.23149272677,12746.4150111751,27.29,-0.150000000000002,-0.320000000000004
66037,"59609802_1.060836",5914.59055479513,12720.2025295745,27.6,0.310000000000002,0.460000000000004
66038,"59609802_1.060836",5906.01849390497,12694.1989880447,27.38,-0.220000000000002,-0.530000000000005
66039,"59609802_1.060836",5897.3243328049,12667.8250527531,27.77,0.390000000000001,0.610000000000003
66040,"59609802_1.060836",5891.54867004703,12641.4096549374,27.13,-0.640000000000001,-1.03
66041,"59609802_1.060836",5887.25920752628,12614.4284964878,27.32,0.190000000000001,0.830000000000002
66042,"59609802_1.060836",5882.93677329509,12587.2399426036,27.53,0.210000000000001,0.0199999999999996
66043,"59609802_1.060836",5878.6174792268,12560.0711406655,27.51,-0.0199999999999996,-0.23
66044,"59609802_1.060836",5874.3327269504,12533.1196101351,27.29,-0.220000000000002,-0.200000000000003
66045,"59609802_1.060836",5871.81164646827,12506.0454005397,27.2,-0.0899999999999999,0.130000000000003
