"V1","V2","V3","V4","V5","acceleration","jerk"
21183,"59609802_1.022568",6246.73109055057,13475.6660583738,27.73,-0.52,0
21184,"59609802_1.022568",6235.72518608935,13450.7812403718,27.21,-0.52,0
21185,"59609802_1.022568",6224.64231788903,13425.7008413846,27.42,0.210000000000001,0.73
21186,"59609802_1.022568",6213.46042280471,13400.3908804537,27.67,0.25,0.0399999999999991
21187,"59609802_1.022568",6202.39976257855,13375.3553318205,27.37,-0.300000000000001,-0.550000000000001
21188,"59609802_1.022568",6191.23403214198,13350.081959196,27.63,0.259999999999998,0.559999999999999
21189,"59609802_1.022568",6180.21782469715,13325.1470284054,27.26,-0.369999999999997,-0.629999999999995
21190,"59609802_1.022568",6169.01572380313,13299.7913320916,27.73,0.469999999999999,0.839999999999996
21191,"59609802_1.022568",6158.03184565381,13274.9295779137,27.18,-0.550000000000001,-1.02
21192,"59609802_1.022568",6146.93077380826,13249.8025585146,27.46,0.280000000000001,0.830000000000002
21193,"59609802_1.022568",6135.70790682864,13224.8185705238,27.39,-0.0700000000000003,-0.350000000000001
21194,"59609802_1.022568",6124.28592432792,13200.2432105925,27.1,-0.289999999999999,-0.219999999999999
21195,"59609802_1.022568",6112.87658608827,13175.6950558567,27.08,-0.0200000000000031,0.269999999999996
21196,"59609802_1.022568",6101.46303309493,13151.1378327224,27.07,-0.00999999999999801,0.0100000000000051
21197,"59609802_1.022568",6090.0452653479,13126.5715411896,27.09,0.0199999999999996,0.0299999999999976
21198,"59609802_1.022568",6078.40411565529,13101.5246245363,27.62,0.530000000000001,0.510000000000002
21199,"59609802_1.022568",6067.03686150957,13076.6927649396,27.31,-0.310000000000002,-0.840000000000003
21200,"59609802_1.022568",6055.5303163915,13051.550730029,27.66,0.350000000000001,0.660000000000004
21201,"59609802_1.022568",6044.15693924586,13026.6996698443,27.32,-0.34,-0.690000000000001
21202,"59609802_1.022568",6032.7710776028,13001.8213307791,27.37,0.0500000000000007,0.390000000000001
21203,"59609802_1.022568",6021.40264310081,12976.726551757,27.54,0.169999999999998,0.119999999999997
21204,"59609802_1.022568",6010.25041189258,12951.8083307315,27.3,-0.239999999999998,-0.409999999999997
21205,"59609802_1.022568",5999.16762681275,12927.0452781152,27.13,-0.170000000000002,0.0699999999999967
21206,"59609802_1.022568",5987.84790788308,12901.7528273966,27.71,0.580000000000002,0.750000000000004
21207,"59609802_1.022568",5976.78554813514,12877.0354125478,27.07,-0.640000000000001,-1.22
21208,"59609802_1.022568",5965.48216947098,12851.7794720432,27.68,0.609999999999999,1.25
21209,"59609802_1.022568",5954.1461102758,12826.4505111106,27.75,0.0700000000000003,-0.539999999999999
21210,"59609802_1.022568",5941.60287815535,12802.1450264042,27.39,-0.359999999999999,-0.43
21211,"59609802_1.022568",5932.95254789987,12775.9040529758,27.63,0.239999999999998,0.599999999999998
21212,"59609802_1.022568",5924.54641806419,12750.4038670709,26.85,-0.779999999999998,-1.02
21213,"59609802_1.022568",5916.13089590468,12724.8751893381,26.88,0.0299999999999976,0.809999999999995
21214,"59609802_1.022568",5907.68406599904,12699.2515388459,26.99,0.109999999999999,0.0800000000000018
21215,"59609802_1.022568",5899.12452820733,12673.2859864198,27.34,0.350000000000001,0.240000000000002
21216,"59609802_1.022568",5892.40122427425,12646.7723083189,27.44,0.100000000000001,-0.25
21217,"59609802_1.022568",5888.14159330104,12619.9787933578,27.13,-0.310000000000002,-0.410000000000004
21218,"59609802_1.022568",5883.83485988435,12592.8889992043,27.43,0.300000000000001,0.610000000000003
21219,"59609802_1.022568",5879.5610981781,12566.0066004855,27.23,-0.199999999999999,-0.5
21220,"59609802_1.022568",5875.27006557591,12539.0155660628,27.32,0.0899999999999999,0.289999999999999
21221,"59609802_1.022568",5872.32246496019,12512.1841841707,27.02,-0.300000000000001,-0.390000000000001
