"V1","V2","V3","V4","V5","acceleration","jerk"
26730,"59609802_1.023024",6251.19801784117,13493.934319352,27.49,-0.199999999999999,0
26731,"59609802_1.023024",6240.15975496919,13468.9763376073,27.29,-0.199999999999999,0
26732,"59609802_1.023024",6229.05811174141,13443.871437625,27.45,0.16,0.359999999999999
26733,"59609802_1.023024",6217.88877913698,13418.5887239816,27.64,0.190000000000001,0.0300000000000011
26734,"59609802_1.023024",6206.71540552944,13393.2968631915,27.64,0,-0.190000000000001
26735,"59609802_1.023024",6195.53799091878,13367.9958552546,27.66,0.0199999999999996,0.0199999999999996
26736,"59609802_1.023024",6184.48584740463,13342.9784088673,27.34,-0.32,-0.34
26737,"59609802_1.023024",6173.37308884378,13317.8237552786,27.51,0.170000000000002,0.490000000000002
26738,"59609802_1.023024",6162.3411503452,13292.8520446251,27.3,-0.210000000000001,-0.380000000000003
26739,"59609802_1.023024",6151.35770388397,13267.9900997327,27.18,-0.120000000000001,0.0899999999999999
26740,"59609802_1.023024",6140.25706833246,13242.8628875842,27.46,0.280000000000001,0.400000000000002
26741,"59609802_1.023024",6128.83126357508,13217.8501121473,27.5,0.0399999999999991,-0.240000000000002
26742,"59609802_1.023024",6117.25787868713,13192.9481370804,27.46,-0.0399999999999991,-0.0799999999999983
26743,"59609802_1.023024",6105.78564501452,13168.2638049128,27.22,-0.240000000000002,-0.200000000000003
26744,"59609802_1.023024",6094.32605524382,13143.6066781076,27.19,-0.0299999999999976,0.210000000000004
26745,"59609802_1.023024",6082.89175327696,13119.0039620272,27.12,-0.0700000000000003,-0.0400000000000027
26746,"59609802_1.023024",6071.48400535602,13094.3339366244,27.18,0.0599999999999987,0.129999999999999
26747,"59609802_1.023024",6059.98894734398,13069.2196370861,27.61,0.43,0.370000000000001
26748,"59609802_1.023024",6048.6145832792,13044.3690286001,27.34,-0.27,-0.699999999999999
26749,"59609802_1.023024",6037.15282014917,13019.3274714211,27.53,0.190000000000001,0.460000000000001
26750,"59609802_1.023024",6025.75764678314,12994.4313989606,27.38,-0.150000000000002,-0.340000000000003
26751,"59609802_1.023024",6014.66226946807,12969.750878452,27.06,-0.32,-0.169999999999998
26752,"59609802_1.023024",6003.39484958911,12944.5774470357,27.58,0.52,0.84
26753,"59609802_1.023024",5992.15194186362,12919.4587801548,27.52,-0.0599999999999987,-0.579999999999998
26754,"59609802_1.023024",5981.05202170004,12894.6595730634,27.17,-0.349999999999998,-0.289999999999999
26755,"59609802_1.023024",5969.7600896676,12869.4313771117,27.65,0.479999999999997,0.829999999999995
26756,"59609802_1.023024",5958.53352337776,12844.349219921,27.48,-0.169999999999998,-0.649999999999995
26757,"59609802_1.023024",5947.27835957553,12819.2031707724,27.55,0.0700000000000003,0.239999999999998
26758,"59609802_1.023024",5938.58168065389,12792.98015512,27.63,0.0799999999999983,0.00999999999999801
26759,"59609802_1.023024",5929.91569652534,12766.6916953118,27.68,0.0500000000000007,-0.0299999999999976
26760,"59609802_1.023024",5921.39998957821,12740.8591047489,27.2,-0.48,-0.530000000000001
26761,"59609802_1.023024",5912.84358256112,12714.9030495988,27.33,0.129999999999999,0.609999999999999
26762,"59609802_1.023024",5904.33100638861,12689.0799563118,27.18,-0.149999999999999,-0.279999999999998
26763,"59609802_1.023024",5895.71824542848,12662.9529501947,27.51,0.330000000000002,0.48
26764,"59609802_1.023024",5890.67570476096,12635.918613906,27.55,0.0399999999999991,-0.290000000000003
26765,"59609802_1.023024",5886.38624224021,12608.9374554564,27.31,-0.240000000000002,-0.280000000000001
26766,"59609802_1.023024",5882.05909776467,12581.7192736529,27.56,0.25,0.490000000000002
26767,"59609802_1.023024",5877.75236434798,12554.6294794994,27.43,-0.129999999999999,-0.379999999999999
26768,"59609802_1.023024",5873.62687646635,12527.8600066571,27.09,-0.34,-0.210000000000001
26769,"59609802_1.023024",5871.35390002746,12500.5444126107,27.41,0.32,0.66
