"V1","V2","V3","V4","V5","acceleration","jerk"
32668,"59609802_1.022821",6244.16006349992,13478.0212053044,27.22,0,0
32669,"59609802_1.022821",6233.15011423736,13453.1272418346,27.22,0,0
32670,"59609802_1.022821",6222.20861146482,13428.3670238676,27.07,-0.149999999999999,-0.149999999999999
32671,"59609802_1.022821",6211.01907384482,13403.0385744904,27.69,0.620000000000001,0.77
32672,"59609802_1.022821",6199.81337221237,13377.6735365262,27.73,0.0399999999999991,-0.580000000000002
32673,"59609802_1.022821",6188.61979358927,13352.3359400023,27.7,-0.0300000000000011,-0.0700000000000003
32674,"59609802_1.022821",6177.67675715917,13327.5654665775,27.08,-0.620000000000001,-0.59
32675,"59609802_1.022821",6166.69331069794,13302.7035216851,27.18,0.100000000000001,0.720000000000002
32676,"59609802_1.022821",6155.73006925227,13277.8873125265,27.13,-0.0500000000000007,-0.150000000000002
32677,"59609802_1.022821",6144.54053163228,13252.5588631493,27.69,0.560000000000002,0.610000000000003
32678,"59609802_1.022821",6133.32827802352,13227.5261527141,27.43,-0.260000000000002,-0.820000000000004
32679,"59609802_1.022821",6121.76332240352,13202.6423145554,27.44,0.0100000000000016,0.270000000000003
32680,"59609802_1.022821",6110.36273750844,13178.1121461082,27.05,-0.390000000000001,-0.400000000000002
32681,"59609802_1.022821",6098.73877701282,13153.1013495916,27.58,0.529999999999998,0.919999999999998
32682,"59609802_1.022821",6087.29604577802,13128.4804966029,27.15,-0.43,-0.959999999999997
32683,"59609802_1.022821",6075.77745113171,13103.6964114398,27.32,0.170000000000002,0.600000000000001
32684,"59609802_1.022821",6064.41716665057,13078.8943708691,27.29,-0.0300000000000011,-0.200000000000003
32685,"59609802_1.022821",6052.93459421928,13053.8073497155,27.58,0.289999999999999,0.32
32686,"59609802_1.022821",6041.69340968252,13029.2477106667,27.02,-0.559999999999999,-0.849999999999998
32687,"59609802_1.022821",6030.40228282276,13004.5789580789,27.13,0.109999999999999,0.669999999999998
32688,"59609802_1.022821",6019.10305460529,12979.6723867731,27.34,0.210000000000001,0.100000000000001
32689,"59609802_1.022821",6007.88465903327,12954.6084844275,27.46,0.120000000000001,-0.0899999999999999
32690,"59609802_1.022821",5996.5477880528,12929.2798868277,27.75,0.289999999999999,0.169999999999998
32691,"59609802_1.022821",5985.27219745601,12904.0882005663,27.6,-0.149999999999999,-0.439999999999998
32692,"59609802_1.022821",5974.03746044834,12878.9877885304,27.51,-0.0899999999999999,0.0599999999999987
32693,"59609802_1.022821",5962.69650410897,12853.6500635081,27.75,0.239999999999998,0.329999999999998
32694,"59609802_1.022821",5951.66194968798,12828.9968951776,27.01,-0.739999999999998,-0.979999999999997
32695,"59609802_1.022821",5942.02866350271,12803.4366559324,27.36,0.349999999999998,1.09
32696,"59609802_1.022821",5933.52861042865,12777.6515517492,27.15,-0.210000000000001,-0.559999999999999
32697,"59609802_1.022821",5924.887672497,12751.4390701486,27.6,0.450000000000003,0.660000000000004
32698,"59609802_1.022821",5916.25299611458,12725.2455830999,27.58,-0.0200000000000031,-0.470000000000006
32699,"59609802_1.022821",5907.59014276065,12698.9666205677,27.67,0.0900000000000034,0.110000000000007
32700,"59609802_1.022821",5899.07130503891,12673.1245327288,27.21,-0.460000000000001,-0.550000000000004
32701,"59609802_1.022821",5892.3870935412,12646.6834245612,27.35,0.140000000000001,0.600000000000001
32702,"59609802_1.022821",5888.1211822422,12619.8504057078,27.17,-0.18,-0.32
32703,"59609802_1.022821",5883.8332898029,12592.8791232312,27.32,0.149999999999999,0.329999999999998
32704,"59609802_1.022821",5879.5924998071,12566.204119947,27.01,-0.309999999999999,-0.459999999999997
32705,"59609802_1.022821",5875.27791598315,12539.0649459282,27.48,0.469999999999999,0.779999999999998
32706,"59609802_1.022821",5872.30173369023,12511.9350452247,27.31,-0.170000000000002,-0.640000000000001
