"V1","V2","V3","V4","V5","acceleration","jerk"
28212,"59609802_1.023768",6252.91705841302,13497.8211431854,27.6,-0.350000000000001,0
28213,"59609802_1.023768",6241.89497474642,13472.8997433121,27.25,-0.350000000000001,0
28214,"59609802_1.023768",6230.77581584753,13447.7588522105,27.49,0.239999999999998,0.59
28215,"59609802_1.023768",6219.61024646313,13422.4854085012,27.63,0.140000000000001,-0.0999999999999979
28216,"59609802_1.023768",6208.63488200813,13397.6417579023,27.16,-0.469999999999999,-0.609999999999999
28217,"59609802_1.023768",6197.61506651888,13372.697488689,27.27,0.109999999999999,0.579999999999998
28218,"59609802_1.023768",6186.54675899228,13347.6434537147,27.39,0.120000000000001,0.0100000000000016
28219,"59609802_1.023768",6175.36934438162,13322.3424457778,27.66,0.27,0.149999999999999
28220,"59609802_1.023768",6164.40206193284,13297.5170894724,27.14,-0.52,-0.789999999999999
28221,"59609802_1.023768",6153.1963603004,13272.1520515083,27.74,0.599999999999998,1.12
28222,"59609802_1.023768",6142.01490468663,13246.8418964246,27.66,-0.0799999999999983,-0.679999999999996
28223,"59609802_1.023768",6130.82900007795,13222.1485594094,27.11,-0.550000000000001,-0.470000000000002
28224,"59609802_1.023768",6119.20925421631,13197.1468313469,27.57,0.460000000000001,1.01
28225,"59609802_1.023768",6107.53893274699,13172.0362818348,27.69,0.120000000000001,-0.34
28226,"59609802_1.023768",6096.12570394999,13147.4789080251,27.08,-0.610000000000003,-0.730000000000004
28227,"59609802_1.023768",6084.56496296396,13122.6041383206,27.43,0.350000000000001,0.960000000000004
28228,"59609802_1.023768",6073.05302667048,13097.761920305,27.39,-0.0399999999999991,-0.390000000000001
28229,"59609802_1.023768",6061.71611934796,13072.9931469733,27.24,-0.150000000000002,-0.110000000000003
28230,"59609802_1.023768",6050.35840272419,13048.1789096669,27.29,0.0500000000000007,0.200000000000003
28231,"59609802_1.023768",6038.80091680839,13022.928218205,27.77,0.48,0.43
28232,"59609802_1.023768",6027.41822902311,12998.0594241292,27.35,-0.419999999999998,-0.899999999999999
28233,"59609802_1.023768",6016.26781552044,12973.3379555175,27.12,-0.23,0.189999999999998
28234,"59609802_1.023768",6005.02082243604,12948.210161214,27.53,0.41,0.640000000000001
28235,"59609802_1.023768",5993.70437825013,12922.927200727,27.7,0.169999999999998,-0.240000000000002
28236,"59609802_1.023768",5982.40427549987,12897.6807499302,27.66,-0.0399999999999991,-0.209999999999997
28237,"59609802_1.023768",5971.22264815806,12872.6989943876,27.36,-0.300000000000001,-0.260000000000002
28238,"59609802_1.023768",5960.01242330386,12847.6533468872,27.44,0.0800000000000018,0.380000000000003
28239,"59609802_1.023768",5948.9533567294,12822.9454140214,27.07,-0.370000000000001,-0.450000000000003
28240,"59609802_1.023768",5939.90286754054,12796.9880055676,27.51,0.440000000000001,0.810000000000002
28241,"59609802_1.023768",5931.20870644047,12770.614070276,27.78,0.27,-0.170000000000002
28242,"59609802_1.023768",5922.57089928344,12744.4110859513,27.59,-0.190000000000001,-0.460000000000001
28243,"59609802_1.023768",5913.94874599948,12718.2555880064,27.54,-0.0500000000000007,0.140000000000001
28244,"59609802_1.023768",5905.31093884245,12692.0526036817,27.58,0.0399999999999991,0.0899999999999999
28245,"59609802_1.023768",5896.64182393929,12665.7546465976,27.7,0.120000000000001,0.0800000000000018
28246,"59609802_1.023768",5891.13102838139,12638.7826460986,27.59,-0.109999999999999,-0.23
28247,"59609802_1.023768",5886.783472847,12611.4360766451,27.69,0.100000000000001,0.210000000000001
28248,"59609802_1.023768",5882.46260869726,12584.257398734,27.52,-0.170000000000002,-0.270000000000003
28249,"59609802_1.023768",5878.20768796841,12557.4935116921,27.1,-0.419999999999998,-0.249999999999996
28250,"59609802_1.023768",5873.87112300417,12530.2160740501,27.63,0.529999999999998,0.949999999999996
28251,"59609802_1.023768",5871.52721344436,12502.6272141997,27.69,0.0600000000000023,-0.469999999999995
