"V1","V2","V3","V4","V5","acceleration","jerk"
50190,"59609802_1.057057",6249.2201099832,13489.4621855766,27.75,-0.199999999999999,0
50191,"59609802_1.057057",6238.07263747489,13464.2572762001,27.55,-0.199999999999999,0
50192,"59609802_1.057057",6226.96891313197,13439.1423627503,27.47,-0.0800000000000018,0.119999999999997
50193,"59609802_1.057057",6215.78341651509,13413.8230605199,27.67,0.200000000000003,0.280000000000005
50194,"59609802_1.057057",6204.74743701339,13388.8422027196,27.31,-0.360000000000003,-0.560000000000006
50195,"59609802_1.057057",6193.7761135615,13364.0076992675,27.16,-0.149999999999999,0.210000000000004
50196,"59609802_1.057057",6182.74417506291,13339.035988614,27.3,0.140000000000001,0.289999999999999
50197,"59609802_1.057057",6171.70011355499,13314.0368365202,27.33,0.0299999999999976,-0.110000000000003
50198,"59609802_1.057057",6160.74899511866,13289.2480688018,27.1,-0.229999999999997,-0.259999999999994
50199,"59609802_1.057057",6149.5392524831,13263.8738836909,27.74,0.639999999999997,0.869999999999994
50200,"59609802_1.057057",6138.38204288801,13238.6186114878,27.61,-0.129999999999999,-0.769999999999996
50201,"59609802_1.057057",6127.06954657465,13214.059498317,27.04,-0.57,-0.440000000000001
50202,"59609802_1.057057",6115.52987875848,13189.2300708832,27.38,0.34,0.91
50203,"59609802_1.057057",6104.12507922943,13164.6908339818,27.05,-0.329999999999998,-0.669999999999998
50204,"59609802_1.057057",6092.51376263573,13139.7072428276,27.55,0.5,0.829999999999998
50205,"59609802_1.057057",6080.82658263053,13114.5604194989,27.73,0.18,-0.32
50206,"59609802_1.057057",6069.35313290774,13089.678425631,27.4,-0.330000000000002,-0.510000000000002
50207,"59609802_1.057057",6057.84142745469,13064.5277549131,27.66,0.260000000000002,0.590000000000003
50208,"59609802_1.057057",6046.3422075824,13039.4043625799,27.63,-0.0300000000000011,-0.290000000000003
50209,"59609802_1.057057",6034.90541561386,13014.4173621703,27.49,-0.140000000000001,-0.109999999999999
50210,"59609802_1.057057",6023.42127897514,12989.3200724174,27.6,0.110000000000003,0.250000000000004
50211,"59609802_1.057057",6012.34995632395,12964.5847572839,27.1,-0.5,-0.610000000000003
50212,"59609802_1.057057",6001.00082926675,12939.2287774164,27.78,0.68,1.18
50213,"59609802_1.057057",5989.7048118754,12913.9914540422,27.65,-0.130000000000003,-0.810000000000002
50214,"59609802_1.057057",5978.58446491726,12889.146609838,27.22,-0.43,-0.299999999999997
50215,"59609802_1.057057",5967.34564255068,12864.0370703796,27.51,0.290000000000003,0.720000000000002
50216,"59609802_1.057057",5956.2784052584,12839.3108826687,27.09,-0.420000000000002,-0.710000000000004
50217,"59609802_1.057057",5945.52260797072,12814.0356158839,27.48,0.390000000000001,0.810000000000002
50218,"59609802_1.057057",5936.94428553133,12788.0130798022,27.4,-0.0800000000000018,-0.470000000000002
50219,"59609802_1.057057",5928.32213224737,12761.8575818572,27.54,0.140000000000001,0.220000000000002
50220,"59609802_1.057057",5919.63736347114,12735.5121383934,27.75,0.210000000000001,0.0700000000000003
50221,"59609802_1.057057",5911.13731039708,12709.7270342102,27.15,-0.600000000000001,-0.810000000000002
50222,"59609802_1.057057",5902.59342647844,12683.8089681639,27.29,0.140000000000001,0.740000000000002
50223,"59609802_1.057057",5894.19582737132,12658.0605455473,27.09,-0.199999999999999,-0.34
50224,"59609802_1.057057",5889.88281362883,12630.9312475015,27.46,0.370000000000001,0.57
50225,"59609802_1.057057",5885.53368801299,12603.5748020749,27.71,0.25,-0.120000000000001
50226,"59609802_1.057057",5881.25521606239,12576.6627754368,27.25,-0.460000000000001,-0.710000000000001
50227,"59609802_1.057057",5876.9233613425,12549.4149657141,27.58,0.329999999999998,0.789999999999999
50228,"59609802_1.057057",5873.16166676835,12522.2693287074,27.43,-0.149999999999999,-0.479999999999997
