"V1","V2","V3","V4","V5","acceleration","jerk"
56263,"59609802_1.057873",6256.22423930856,13497.1304714023,27.5,-0.149999999999999,0
56264,"59609802_1.057873",6245.1617076285,13472.1176168506,27.35,-0.149999999999999,0
56265,"59609802_1.057873",6234.0506383323,13446.9950166847,27.48,0.129999999999999,0.279999999999998
56266,"59609802_1.057873",6223.1349644859,13422.2889818156,27,-0.48,-0.609999999999999
56267,"59609802_1.057873",6211.98943985903,13397.0613445741,27.59,0.59,1.07
56268,"59609802_1.057873",6200.96110892838,13372.0989725537,27.29,-0.300000000000001,-0.890000000000001
56269,"59609802_1.057873",6189.74688454855,13346.71583501,27.75,0.460000000000001,0.760000000000002
56270,"59609802_1.057873",6178.67814199851,13321.6619922237,27.39,-0.359999999999999,-0.82
56271,"59609802_1.057873",6167.45987645674,13296.2697076035,27.76,0.370000000000001,0.73
56272,"59609802_1.057873",6153.47114851208,13272.7740574879,27.15,-0.610000000000003,-0.980000000000004
56273,"59609802_1.057873",6142.52003007576,13247.9852897696,27.1,-0.0499999999999972,0.560000000000006
56274,"59609802_1.057873",6131.28418054696,13223.1279524565,27.28,0.18,0.229999999999997
56275,"59609802_1.057873",6119.58857127381,13197.9629922195,27.75,0.469999999999999,0.289999999999999
56276,"59609802_1.057873",6108.09526443134,13173.2333177812,27.27,-0.48,-0.949999999999999
56277,"59609802_1.057873",6096.44180149792,13148.1590420856,27.65,0.379999999999999,0.859999999999999
56278,"59609802_1.057873",6084.99907026311,13123.5381890969,27.14,-0.509999999999998,-0.889999999999997
56279,"59609802_1.057873",6073.41510851228,13098.5529934621,27.54,0.399999999999999,0.909999999999997
56280,"59609802_1.057873",6062.0240970065,13073.6660137965,27.38,-0.16,-0.559999999999999
56281,"59609802_1.057873",6050.53320085471,13048.5608070531,27.6,0.220000000000002,0.380000000000003
56282,"59609802_1.057873",6039.18380795144,13023.7647553366,27.27,-0.330000000000002,-0.550000000000004
56283,"59609802_1.057873",6027.80528202641,12998.9050540558,27.34,0.0700000000000003,0.400000000000002
56284,"59609802_1.057873",6016.51293705516,12973.885600871,27.45,0.109999999999999,0.0399999999999991
56285,"59609802_1.057873",6005.42935832723,12949.1229034698,27.13,-0.32,-0.43
56286,"59609802_1.057873",5994.08840198785,12923.7851784475,27.76,0.630000000000003,0.950000000000003
56287,"59609802_1.057873",5983.00890861883,12899.0316084689,27.12,-0.640000000000001,-1.27
56288,"59609802_1.057873",5971.70880586857,12873.7851576721,27.66,0.539999999999999,1.18
56289,"59609802_1.057873",5960.51083709111,12848.7668924393,27.41,-0.25,-0.789999999999999
56290,"59609802_1.057873",5949.40683156862,12823.9585579253,27.18,-0.23,0.0199999999999996
56291,"59609802_1.057873",5940.20342190338,12797.899744058,27.66,0.48,0.710000000000001
56292,"59609802_1.057873",5931.74093812467,12772.2286071861,27.03,-0.629999999999999,-1.11
56293,"59609802_1.057873",5923.13130793916,12746.111098345,27.5,0.469999999999999,1.1
56294,"59609802_1.057873",5914.45593148677,12719.794146709,27.71,0.210000000000001,-0.259999999999998
56295,"59609802_1.057873",5905.92457066658,12693.9140697664,27.25,-0.460000000000001,-0.670000000000002
56296,"59609802_1.057873",5897.40573294484,12668.0719819276,27.21,-0.0399999999999991,0.420000000000002
56297,"59609802_1.057873",5891.52668890673,12641.2713913143,27.52,0.309999999999999,0.349999999999998
56298,"59609802_1.057873",5887.28275874803,12614.576636084,27.02,-0.5,-0.809999999999999
56299,"59609802_1.057873",5882.94619378379,12587.299198442,27.62,0.600000000000001,1.1
56300,"59609802_1.057873",5878.59392800505,12559.9230010693,27.72,0.0999999999999979,-0.500000000000004
56301,"59609802_1.057873",5874.24637247066,12532.5764316158,27.69,-0.0299999999999976,-0.129999999999995
56302,"59609802_1.057873",5871.74447715359,12505.2381903545,27.46,-0.23,-0.200000000000003
