"V1","V2","V3","V4","V5","acceleration","jerk"
28632,"59609802_1.024588",6253.55613702562,13499.2661271047,27.19,0.449999999999999,0
28633,"59609802_1.024588",6242.37630610654,13473.9880539855,27.64,0.449999999999999,0
28634,"59609802_1.024588",6231.41489446012,13449.2038361298,27.1,-0.539999999999999,-0.989999999999998
28635,"59609802_1.024588",6220.48310313555,13424.4611922012,27.05,-0.0500000000000007,0.489999999999998
28636,"59609802_1.024588",6209.3703445747,13399.3065386125,27.5,0.449999999999999,0.5
28637,"59609802_1.024588",6198.37881610725,13374.4262994266,27.2,-0.300000000000001,-0.75
28638,"59609802_1.024588",6187.33879560243,13349.4362944796,27.32,0.120000000000001,0.420000000000002
28639,"59609802_1.024588",6176.37555415677,13324.6200853209,27.13,-0.190000000000001,-0.310000000000002
28640,"59609802_1.024588",6165.194098543,13299.3099302373,27.66,0.530000000000001,0.720000000000002
28641,"59609802_1.024588",6154.10962700394,13274.2193066759,27.43,-0.23,-0.760000000000002
28642,"59609802_1.024588",6142.92817139017,13248.9091515923,27.67,0.240000000000002,0.470000000000002
28643,"59609802_1.024588",6131.58341955899,13223.7718127004,27.58,-0.0900000000000034,-0.330000000000005
28644,"59609802_1.024588",6119.9257419916,13198.6884685506,27.66,0.0800000000000018,0.170000000000005
28645,"59609802_1.024588",6108.33128393379,13173.741151213,27.5,-0.16,-0.240000000000002
28646,"59609802_1.024588",6096.71996734009,13148.7575600588,27.56,0.0599999999999987,0.219999999999999
28647,"59609802_1.024588",6085.22244586364,13124.0188171663,27.28,-0.279999999999998,-0.339999999999996
28648,"59609802_1.024588",6073.78967593483,13099.3713450039,27.17,-0.109999999999999,0.169999999999998
28649,"59609802_1.024588",6062.34456024579,13074.3661590045,27.5,0.329999999999998,0.439999999999998
28650,"59609802_1.024588",6050.93690129901,13049.4428081593,27.41,-0.0899999999999999,-0.419999999999998
28651,"59609802_1.024588",6039.55421351374,13024.5740140835,27.34,-0.0700000000000003,0.0199999999999996
28652,"59609802_1.024588",6028.04666992094,12999.4324361605,27.65,0.309999999999999,0.379999999999999
28653,"59609802_1.024588",6016.69269284728,12974.2872074636,27.6,-0.0499999999999972,-0.359999999999996
28654,"59609802_1.024588",6005.50289478764,12949.2871970759,27.39,-0.210000000000001,-0.160000000000004
28655,"59609802_1.024588",5994.23956026759,12924.1228930821,27.57,0.18,0.390000000000001
28656,"59609802_1.024588",5983.19683512878,12899.4514699066,27.03,-0.539999999999999,-0.719999999999999
28657,"59609802_1.024588",5972.09282960629,12874.6431353926,27.18,0.149999999999999,0.689999999999998
28658,"59609802_1.024588",5960.84175116297,12849.5062136665,27.54,0.359999999999999,0.210000000000001
28659,"59609802_1.024588",5949.78676994743,12824.8074082233,27.06,-0.48,-0.84
28660,"59609802_1.024588",5940.67929964454,12799.3433300013,27.07,0.0100000000000016,0.490000000000002
28661,"59609802_1.024588",5932.16985424664,12773.5297339902,27.18,0.109999999999999,0.0999999999999979
28662,"59609802_1.024588",5923.52265476577,12747.2982578378,27.63,0.449999999999999,0.34
28663,"59609802_1.024588",5914.86606296106,12721.0382898574,27.65,0.0199999999999996,-0.43
28664,"59609802_1.024588",5906.17503263561,12694.6738518418,27.75,0.100000000000001,0.0800000000000018
28665,"59609802_1.024588",5897.50591773245,12668.3758947577,27.7,-0.0500000000000007,-0.150000000000002
28666,"59609802_1.024588",5891.59891265342,12641.7256860759,27.38,-0.32,-0.27
28667,"59609802_1.024588",5887.27333825933,12614.5173802455,27.55,0.170000000000002,0.490000000000002
28668,"59609802_1.024588",5883.01527736758,12587.7337412575,27.12,-0.43,-0.600000000000001
28669,"59609802_1.024588",5878.65987142594,12560.3377919386,27.75,0.629999999999999,1.06
28670,"59609802_1.024588",5874.40181053419,12533.5541529505,27.12,-0.629999999999999,-1.26
28671,"59609802_1.024588",5871.8555967606,12506.5735751054,27.11,-0.0100000000000016,0.619999999999997
