"V1","V2","V3","V4","V5","acceleration","jerk"
29011,"59609802_1.026850",6248.35452249525,13487.5050554581,27.02,0.609999999999999,0
29012,"59609802_1.026850",6237.17469157618,13462.2269823388,27.63,0.609999999999999,0
29013,"59609802_1.026850",6226.29002460898,13437.6056420947,26.92,-0.709999999999997,-1.32
29014,"59609802_1.026850",6215.20555306993,13412.5150185333,27.44,0.52,1.23
29015,"59609802_1.026850",6204.26251663983,13387.7445451085,27.08,-0.360000000000003,-0.880000000000003
29016,"59609802_1.026850",6193.08106102606,13362.4343900249,27.67,0.590000000000003,0.950000000000006
29017,"59609802_1.026850",6182.17035262086,13337.7370937741,27,-0.670000000000002,-1.26000000000001
29018,"59609802_1.026850",6171.17478315029,13312.8477074414,27.21,0.210000000000001,0.880000000000003
29019,"59609802_1.026850",6160.12668063925,13287.8394082009,27.34,0.129999999999999,-0.0800000000000018
29020,"59609802_1.026850",6149.13111116868,13262.9500218682,27.21,-0.129999999999999,-0.259999999999998
29021,"59609802_1.026850",6138.17595172925,13238.1521070031,27.12,-0.0899999999999999,0.0399999999999991
29022,"59609802_1.026850",6126.63543927551,13213.1254475407,27.56,0.439999999999998,0.529999999999998
29023,"59609802_1.026850",6115.25171291631,13188.63155291,27.01,-0.549999999999997,-0.989999999999995
29024,"59609802_1.026850",6103.82584021739,13164.0469737379,27.11,0.0999999999999979,0.649999999999995
29025,"59609802_1.026850",6092.3957528845,13139.4533261117,27.12,0.0100000000000016,-0.0899999999999963
29026,"59609802_1.026850",6080.90244604203,13114.7236516734,27.27,0.149999999999999,0.139999999999997
29027,"59609802_1.026850",6069.32816174623,13089.6238688616,27.64,0.370000000000001,0.220000000000002
29028,"59609802_1.026850",6057.99957814421,13064.8732811196,27.22,-0.420000000000002,-0.790000000000003
29029,"59609802_1.026850",6046.61689035894,13040.0044870439,27.35,0.130000000000003,0.550000000000004
29030,"59609802_1.026850",6035.15928908915,13014.9720226597,27.53,0.18,0.0499999999999972
29031,"59609802_1.026850",6023.85567664863,12990.2759916872,27.16,-0.370000000000001,-0.550000000000001
29032,"59609802_1.026850",6012.51337068043,12964.9498541862,27.74,0.579999999999998,0.949999999999999
29033,"59609802_1.026850",6001.31948726188,12939.940716376,27.4,-0.34,-0.919999999999998
29034,"59609802_1.026850",5989.99078699923,12914.6303736213,27.73,0.330000000000002,0.670000000000002
29035,"59609802_1.026850",5978.90312291239,12889.8585487976,27.14,-0.59,-0.920000000000002
29036,"59609802_1.026850",5967.66838590472,12864.7581367618,27.5,0.359999999999999,0.949999999999999
29037,"59609802_1.026850",5956.46633176835,12839.7307441064,27.41,-0.0899999999999999,-0.449999999999999
29038,"59609802_1.026850",5945.73236986979,12814.671933372,27.28,-0.129999999999999,-0.0399999999999991
29039,"59609802_1.026850",5937.07264729046,12788.4024681158,27.66,0.379999999999999,0.509999999999998
29040,"59609802_1.026850",5928.60390196253,12762.712336692,27.05,-0.609999999999999,-0.989999999999998
29041,"59609802_1.026850",5920.10697966308,12736.9367297848,27.14,0.0899999999999999,0.699999999999999
29042,"59609802_1.026850",5911.64762665899,12711.2750901888,27.02,-0.120000000000001,-0.210000000000001
29043,"59609802_1.026850",5903.00042717812,12685.0436140363,27.62,0.600000000000001,0.720000000000002
29044,"59609802_1.026850",5894.53794339941,12659.3724771645,27.03,-0.59,-1.19
29045,"59609802_1.026850",5890.13716682369,12632.5311551401,27.21,0.18,0.77
29046,"59609802_1.026850",5885.80060185945,12605.2537174982,27.62,0.41,0.23
29047,"59609802_1.026850",5881.44048567347,12577.8281402601,27.78,0.16,-0.25
29048,"59609802_1.026850",5877.19498543331,12551.1235090566,27.04,-0.740000000000002,-0.900000000000002
29049,"59609802_1.026850",5873.3067856581,12524.0133013298,27.39,0.350000000000001,1.09
