"V1","V2","V3","V4","V5","acceleration","jerk"
50746,"59609802_1.057342",6246.88625960682,13484.1852506309,27.65,-0.439999999999998,0
50747,"59609802_1.057342",6235.88439994695,13459.3095780968,27.21,-0.439999999999998,0
50748,"59609802_1.057342",6224.90800154432,13434.4773179029,27.15,-0.0600000000000023,0.379999999999995
50749,"59609802_1.057342",6213.97708812356,13409.7342859184,27.05,-0.0999999999999979,-0.0399999999999956
50750,"59609802_1.057342",6203.02596968724,13384.9455182001,27.1,0.0500000000000007,0.149999999999999
50751,"59609802_1.057342",6191.83239106413,13359.6079216762,27.7,0.599999999999998,0.549999999999997
50752,"59609802_1.057342",6180.86510861535,13334.7825653708,27.13,-0.57,-1.17
50753,"59609802_1.057342",6169.65536597979,13309.4083802598,27.74,0.609999999999999,1.18
50754,"59609802_1.057342",6158.49411538159,13284.14396091,27.62,-0.119999999999997,-0.729999999999997
50755,"59609802_1.057342",6147.31265976782,13258.8338058264,27.66,0.0399999999999991,0.159999999999997
50756,"59609802_1.057342",6136.35017058167,13234.0282343321,27.12,-0.539999999999999,-0.579999999999998
50757,"59609802_1.057342",6124.94115641864,13209.4799289766,27.07,-0.0500000000000007,0.489999999999998
50758,"59609802_1.057342",6113.36355689672,13184.5688854555,27.47,0.399999999999999,0.449999999999999
50759,"59609802_1.057342",6101.95032809972,13160.0115116458,27.08,-0.390000000000001,-0.789999999999999
50760,"59609802_1.057342",6090.40223101561,13135.1639473037,27.4,0.32,0.710000000000001
50761,"59609802_1.057342",6078.97214368272,13110.5702996775,27.12,-0.279999999999998,-0.599999999999998
50762,"59609802_1.057342",6067.37208742847,13085.3502552544,27.76,0.640000000000001,0.919999999999998
50763,"59609802_1.057342",6055.84373453442,13060.1632133568,27.7,-0.0600000000000023,-0.700000000000003
50764,"59609802_1.057342",6044.5234746529,13035.4308112047,27.2,-0.5,-0.439999999999998
50765,"59609802_1.057342",6033.19072919063,13010.6711306678,27.24,0.0399999999999991,0.539999999999999
50766,"59609802_1.057342",6021.79939148713,12985.6964856617,27.45,0.210000000000001,0.170000000000002
50767,"59609802_1.057342",6010.47069122449,12960.386142907,27.73,0.280000000000001,0.0700000000000003
50768,"59609802_1.057342",5999.37077106091,12935.5869358156,27.17,-0.559999999999999,-0.84
50769,"59609802_1.057342",5988.33213128101,12910.9246400626,27.02,-0.150000000000002,0.409999999999997
50770,"59609802_1.057342",5976.99117494163,12885.5869150402,27.76,0.740000000000002,0.890000000000004
50771,"59609802_1.057342",5965.90351085479,12860.8150902165,27.14,-0.620000000000001,-1.36
50772,"59609802_1.057342",5954.83627356251,12836.0889025056,27.08,-0.0600000000000023,0.559999999999999
50773,"59609802_1.057342",5944.39865988468,12810.6260938206,27.56,0.48,0.540000000000003
50774,"59609802_1.057342",5935.70136801001,12784.2426612531,27.77,0.210000000000001,-0.27
50775,"59609802_1.057342",5927.13243789446,12758.2486169992,27.38,-0.390000000000001,-0.600000000000001
50776,"59609802_1.057342",5918.47584608975,12731.9886490189,27.65,0.27,0.66
50777,"59609802_1.057342",5909.87247745346,12705.8901347296,27.48,-0.169999999999998,-0.439999999999998
50778,"59609802_1.057342",5901.27850114101,12679.8201122681,27.45,-0.0300000000000011,0.139999999999997
50779,"59609802_1.057342",5893.50185137053,12653.6953654467,27.32,-0.129999999999999,-0.0999999999999979
50780,"59609802_1.057342",5889.21709909413,12626.7438349163,27.29,-0.0300000000000011,0.0999999999999979
50781,"59609802_1.057342",5884.86954355974,12599.3972654628,27.69,0.400000000000002,0.430000000000003
50782,"59609802_1.057342",5880.5329785955,12572.1198278209,27.63,-0.0600000000000023,-0.460000000000004
50783,"59609802_1.057342",5876.26863737795,12545.2966849405,27.16,-0.469999999999999,-0.409999999999997
50784,"59609802_1.057342",5872.80840592816,12518.0240010665,27.51,0.350000000000001,0.82
