"V1","V2","V3","V4","V5","acceleration","jerk"
35339,"59609802_2.026194",6251.39216830575,13494.3733018085,27.2,-0.0299999999999976,0
35340,"59609802_2.026194",6240.40244304992,13469.5250656779,27.17,-0.0299999999999976,0
35341,"59609802_2.026194",6229.30461293131,13444.4294135773,27.44,0.27,0.299999999999997
35342,"59609802_2.026194",6218.3292484763,13419.5857629784,27.16,-0.280000000000001,-0.550000000000001
35343,"59609802_2.026194",6207.21244891234,13394.4219622429,27.51,0.350000000000001,0.630000000000003
35344,"59609802_2.026194",6196.05119831414,13369.1575428931,27.63,0.119999999999997,-0.230000000000004
35345,"59609802_2.026194",6184.93439875018,13343.9937421576,27.51,-0.119999999999997,-0.239999999999995
35346,"59609802_2.026194",6173.95499329206,13319.140944412,27.17,-0.34,-0.220000000000002
35347,"59609802_2.026194",6163.02003886819,13294.3887652807,27.06,-0.110000000000003,0.229999999999997
35348,"59609802_2.026194",6151.91132131045,13269.2432588387,27.49,0.43,0.540000000000003
35349,"59609802_2.026194",6140.84301378385,13244.1892238644,27.38,-0.109999999999999,-0.539999999999999
35350,"59609802_2.026194",6129.35809282161,13218.9836689148,27.7,0.32,0.43
35351,"59609802_2.026194",6117.96593719448,13194.4716373758,27.03,-0.669999999999998,-0.989999999999998
35352,"59609802_2.026194",6106.42205474433,13169.6331414878,27.4,0.369999999999997,1.04
35353,"59609802_2.026194",6094.7854503468,13144.5951396088,27.6,0.200000000000003,-0.169999999999995
35354,"59609802_2.026194",6083.32586057611,13119.9380128036,27.19,-0.41,-0.610000000000003
35355,"59609802_2.026194",6071.82527789657,13095.0795458069,27.39,0.199999999999999,0.609999999999999
35356,"59609802_2.026194",6060.48420871379,13070.3016796802,27.25,-0.140000000000001,-0.34
35357,"59609802_2.026194",6048.97250326075,13045.1510089623,27.66,0.41,0.550000000000001
35358,"59609802_2.026194",6037.67305268048,13020.4640707847,27.15,-0.510000000000002,-0.920000000000002
35359,"59609802_2.026194",6026.19464210945,12995.386142426,27.58,0.43,0.940000000000001
35360,"59609802_2.026194",6014.88696420823,12970.2528866927,27.56,-0.0199999999999996,-0.449999999999999
35361,"59609802_2.026194",6003.8033854803,12945.4901892916,27.13,-0.43,-0.41
35362,"59609802_2.026194",5992.57273383154,12920.3989046783,27.49,0.359999999999999,0.789999999999999
35363,"59609802_2.026194",5981.42787471993,12895.4992959387,27.28,-0.209999999999997,-0.569999999999997
35364,"59609802_2.026194",5970.11143053403,12870.2163354517,27.7,0.419999999999998,0.629999999999995
35365,"59609802_2.026194",5958.92163247439,12845.2163250641,27.39,-0.309999999999999,-0.729999999999997
35366,"59609802_2.026194",5947.63378580086,12819.997256535,27.63,0.239999999999998,0.549999999999997
35367,"59609802_2.026194",5938.86031959444,12793.8254126788,27.61,-0.0199999999999996,-0.259999999999998
35368,"59609802_2.026194",5930.29765102812,12767.8503629768,27.35,-0.259999999999998,-0.239999999999998
35369,"59609802_2.026194",5921.80385950328,12742.0842533455,27.13,-0.220000000000002,0.0399999999999956
35370,"59609802_2.026194",5913.12222150167,12715.7483071576,27.73,0.600000000000001,0.820000000000004
35371,"59609802_2.026194",5904.58772990686,12689.8587329391,27.26,-0.469999999999999,-1.07
35372,"59609802_2.026194",5896.00627669287,12663.8266995814,27.41,0.149999999999999,0.619999999999997
35373,"59609802_2.026194",5890.87510510508,12637.1728624869,27.2,-0.210000000000001,-0.359999999999999
35374,"59609802_2.026194",5886.63431510927,12610.4978592027,27.01,-0.189999999999998,0.0200000000000031
35375,"59609802_2.026194",5882.29775014504,12583.2204215607,27.62,0.609999999999999,0.799999999999997
35376,"59609802_2.026194",5878.00671754284,12556.2293871381,27.33,-0.290000000000003,-0.900000000000002
35377,"59609802_2.026194",5873.75789809253,12529.4345647962,27.13,-0.199999999999999,0.0900000000000034
35378,"59609802_2.026194",5871.49321416162,12502.2186263282,27.31,0.18,0.379999999999999
