"V1","V2","V3","V4","V5","acceleration","jerk"
55481,"59609802_1.061678",6249.61907871129,13482.195922414,27.58,0.100000000000001,0
55482,"59609802_1.061678",6238.41902378548,13456.8721219556,27.68,0.100000000000001,0
55483,"59609802_1.061678",6227.49537821774,13432.1586774587,27.03,-0.649999999999999,-0.75
55484,"59609802_1.061678",6216.27307151403,13406.7572457619,27.76,0.73,1.38
55485,"59609802_1.061678",6205.07097062002,13381.401549448,27.72,-0.0400000000000027,-0.770000000000003
55486,"59609802_1.061678",6193.87695204988,13356.0641472874,27.7,-0.0199999999999996,0.0200000000000031
55487,"59609802_1.061678",6182.65868650811,13330.6718626672,27.76,0.0600000000000023,0.0800000000000018
55488,"59609802_1.061678",6171.74754927368,13305.974755868,27.01,-0.75,-0.810000000000002
55489,"59609802_1.061678",6160.66668323782,13280.8934718519,27.42,0.41,1.16
55490,"59609802_1.061678",6149.68684625044,13256.0408647506,27.17,-0.25,-0.66
55491,"59609802_1.061678",6138.49807377162,13230.8218503299,27.59,0.419999999999998,0.669999999999998
55492,"59609802_1.061678",6126.97072242864,13206.0197804361,27.35,-0.239999999999998,-0.659999999999997
55493,"59609802_1.061678",6115.47708911519,13181.2902577304,27.27,-0.0800000000000018,0.159999999999997
55494,"59609802_1.061678",6103.87808695947,13156.3340250621,27.52,0.25,0.330000000000002
55495,"59609802_1.061678",6092.18636022258,13131.1782876269,27.73,0.210000000000001,-0.0399999999999991
55496,"59609802_1.061678",6080.60421708163,13106.2583285526,27.48,-0.25,-0.460000000000001
55497,"59609802_1.061678",6069.19251806334,13081.4029183153,27.35,-0.129999999999999,0.120000000000001
55498,"59609802_1.061678",6057.84827141167,13056.6155088519,27.27,-0.0800000000000018,0.0499999999999972
55499,"59609802_1.061678",6046.56644724708,13031.9644937913,27.1,-0.169999999999998,-0.0899999999999963
55500,"59609802_1.061678",6035.27213858507,13007.2861998501,27.15,0.0499999999999972,0.219999999999995
55501,"59609802_1.061678",6020.74536888786,12983.3416106416,27.78,0.630000000000003,0.580000000000005
55502,"59609802_1.061678",6009.48203436781,12958.1773066479,27.57,-0.210000000000001,-0.840000000000003
55503,"59609802_1.061678",5998.14924874626,12932.8578364706,27.74,0.169999999999998,0.379999999999999
55504,"59609802_1.061678",5986.89817030294,12907.7209147446,27.54,-0.199999999999999,-0.369999999999997
55505,"59609802_1.061678",5975.85953052304,12883.0586189915,27.02,-0.52,-0.32
55506,"59609802_1.061678",5964.79637858967,12858.3415587032,27.08,0.0599999999999987,0.579999999999998
55507,"59609802_1.061678",5953.71688522065,12833.5879887245,27.12,0.0400000000000027,-0.019999999999996
55508,"59609802_1.061678",5943.66918939987,12808.4132285261,27.13,0.00999999999999801,-0.0300000000000047
55509,"59609802_1.061678",5934.97815907442,12782.0487905104,27.76,0.630000000000003,0.620000000000005
55510,"59609802_1.061678",5926.38731353659,12755.9882653249,27.45,-0.310000000000002,-0.940000000000005
55511,"59609802_1.061678",5917.92169898327,12730.3076311771,27.03,-0.419999999999998,-0.109999999999996
55512,"59609802_1.061678",5909.28702260085,12704.1141441284,27.59,0.559999999999999,0.979999999999997
55513,"59609802_1.061678",5900.75253100604,12678.2245699098,27.26,-0.329999999999998,-0.889999999999997
55514,"59609802_1.061678",5893.19254532493,12651.7497987503,27.6,0.34,0.669999999999998
55515,"59609802_1.061678",5888.91250329288,12624.8278961392,27.26,-0.34,-0.68
55516,"59609802_1.061678",5884.57593832864,12597.5504584972,27.63,0.369999999999997,0.709999999999997
55517,"59609802_1.061678",5880.23466312005,12570.243392936,27.65,0.0199999999999996,-0.349999999999998
55518,"59609802_1.061678",5875.87925717841,12542.8474436171,27.75,0.100000000000001,0.0800000000000018
55519,"59609802_1.061678",5872.58119120935,12515.2934382176,27.77,0.0199999999999996,-0.0800000000000018
