"V1","V2","V3","V4","V5","acceleration","jerk"
24242,"59609802_1.030681",6255.27371099235,13494.9812864591,27.06,0.27,0
24243,"59609802_1.030681",6244.21926891499,13469.986722843,27.33,0.27,0
24244,"59609802_1.030681",6233.22978700872,13445.1383791432,27.17,-0.159999999999997,-0.429999999999996
24245,"59609802_1.030681",6222.25803234521,13420.3040661951,27.15,-0.0200000000000031,0.139999999999993
24246,"59609802_1.030681",6211.18524863323,13395.2410763322,27.41,0.260000000000002,0.280000000000005
24247,"59609802_1.030681",6200.23774094136,13370.4616458437,27.08,-0.330000000000002,-0.590000000000003
24248,"59609802_1.030681",6189.14879258162,13345.3620676744,27.44,0.360000000000003,0.690000000000005
24249,"59609802_1.030681",6178.13662629873,13320.4362839604,27.25,-0.190000000000001,-0.550000000000004
24250,"59609802_1.030681",6167.11637769195,13295.4922060932,27.27,0.0199999999999996,0.210000000000001
24251,"59609802_1.030681",6156.07188211355,13270.4932457664,27.33,0.0599999999999987,0.0399999999999991
24252,"59609802_1.030681",6145.02738653514,13245.4942854397,27.33,0,-0.0599999999999987
24253,"59609802_1.030681",6133.83655619014,13220.7922015904,27.12,-0.209999999999997,-0.209999999999997
24254,"59609802_1.030681",6122.34713763038,13196.0717472831,27.26,0.140000000000001,0.349999999999998
24255,"59609802_1.030681",6110.71863219884,13171.0520358254,27.59,0.329999999999998,0.189999999999998
24256,"59609802_1.030681",6099.09434152098,13146.0413927662,27.58,-0.0100000000000016,-0.34
24257,"59609802_1.030681",6087.49955411896,13121.0942284964,27.51,-0.0699999999999967,-0.0599999999999952
24258,"59609802_1.030681",6075.85091668501,13095.9516546108,27.71,0.199999999999999,0.269999999999996
24259,"59609802_1.030681",6064.45257054454,13071.046036665,27.39,-0.32,-0.52
24260,"59609802_1.030681",6052.8960874368,13045.7948862321,27.77,0.379999999999999,0.699999999999999
24261,"59609802_1.030681",6041.51438729288,13020.9256401271,27.34,-0.43,-0.809999999999999
24262,"59609802_1.030681",6030.04113416792,12995.856348898,27.57,0.23,0.66
24263,"59609802_1.030681",6018.74326488961,12970.7845144355,27.51,-0.0599999999999987,-0.289999999999999
24264,"59609802_1.030681",6007.53384275211,12945.7385076611,27.44,-0.0700000000000003,-0.0100000000000016
24265,"59609802_1.030681",5996.41837714128,12920.902434617,27.21,-0.23,-0.16
24266,"59609802_1.030681",5985.38052779159,12896.2397850891,27.02,-0.190000000000001,0.0399999999999991
24267,"59609802_1.030681",5974.16702058772,12871.1846507613,27.45,0.43,0.620000000000001
24268,"59609802_1.030681",5962.89632245457,12846.0017306845,27.59,0.140000000000001,-0.289999999999999
24269,"59609802_1.030681",5951.838047773,12821.2934433892,27.07,-0.52,-0.66
24270,"59609802_1.030681",5942.92314014498,12795.6369681567,27.18,0.109999999999999,0.629999999999999
24271,"59609802_1.030681",5934.43000463953,12769.870642278,27.13,-0.0500000000000007,-0.16
24272,"59609802_1.030681",5925.79912569056,12743.6864327507,27.57,0.440000000000001,0.490000000000002
24273,"59609802_1.030681",5917.26529325861,12717.7966412486,27.26,-0.309999999999999,-0.75
24274,"59609802_1.030681",5908.57806471912,12691.4414793196,27.75,0.489999999999998,0.799999999999997
24275,"59609802_1.030681",5900.1005818777,12665.7226402192,27.08,-0.670000000000002,-1.16
24276,"59609802_1.030681",5894.51129530772,12639.2830837607,27.1,0.0200000000000031,0.690000000000005
24277,"59609802_1.030681",5890.26161411166,12612.4879888787,27.13,0.0299999999999976,0.00999999999999446
24278,"59609802_1.030681",5885.94614352738,12585.2780786687,27.55,0.420000000000002,0.390000000000004
24279,"59609802_1.030681",5881.69646233132,12558.4829837868,27.13,-0.420000000000002,-0.840000000000003
24280,"59609802_1.030681",5877.44051547924,12531.6483826831,27.17,0.0400000000000027,0.460000000000004
24281,"59609802_1.030681",5874.96395110184,12504.1863916967,27.58,0.409999999999997,0.369999999999994
