"V1","V2","V3","V4","V5","acceleration","jerk"
28125,"59609802_1.028608",6250.91341514186,13485.1224721239,27.56,0.100000000000001,0
28126,"59609802_1.028608",6239.72549462009,13459.826108069,27.66,0.100000000000001,0
28127,"59609802_1.028608",6228.598615427,13434.6558293684,27.52,-0.140000000000001,-0.240000000000002
28128,"59609802_1.028608",6217.6389842493,13409.8489576501,27.12,-0.399999999999999,-0.259999999999998
28129,"59609802_1.028608",6206.47325381274,13384.5755850256,27.63,0.509999999999998,0.909999999999997
28130,"59609802_1.028608",6195.44088172015,13359.6040659286,27.31,-0.32,-0.829999999999998
28131,"59609802_1.028608",6184.32364522684,13334.4404582232,27.51,0.200000000000003,0.520000000000003
28132,"59609802_1.028608",6173.31552010589,13309.5238215858,27.24,-0.270000000000003,-0.470000000000006
28133,"59609802_1.028608",6162.3356831185,13284.6712144845,27.16,-0.0799999999999983,0.190000000000005
28134,"59609802_1.028608",6151.14166454836,13259.3338123238,27.7,0.539999999999999,0.619999999999997
28135,"59609802_1.028608",6140.03655154087,13234.1976458482,27.48,-0.219999999999999,-0.759999999999998
28136,"59609802_1.028608",6128.35737639275,13209.0032835422,27.77,0.289999999999999,0.509999999999998
28137,"59609802_1.028608",6116.66986440954,13183.8566145055,27.73,-0.0399999999999991,-0.329999999999998
28138,"59609802_1.028608",6105.16358683502,13159.0998866042,27.3,-0.43,-0.390000000000001
28139,"59609802_1.028608",6093.68259778263,13134.3975690939,27.24,-0.0600000000000023,0.369999999999997
28140,"59609802_1.028608",6081.98244153836,13109.2236948617,27.75,0.510000000000002,0.570000000000004
28141,"59609802_1.028608",6070.47009829887,13084.194457092,27.55,-0.199999999999999,-0.710000000000001
28142,"59609802_1.028608",6058.99268367477,13059.1160729027,27.58,0.0299999999999976,0.229999999999997
28143,"59609802_1.028608",6047.61930652913,13034.265012718,27.33,-0.25,-0.279999999999998
28144,"59609802_1.028608",6036.32083636798,13009.5776258166,27.15,-0.18,0.0700000000000003
28145,"59609802_1.028608",6024.85043912269,12984.4302069019,27.64,0.490000000000002,0.670000000000002
28146,"59609802_1.028608",6013.52255006027,12959.1195010763,27.73,0.0899999999999999,-0.400000000000002
28147,"59609802_1.028608",6002.36214871929,12934.1830249438,27.32,-0.41,-0.5
28148,"59609802_1.028608",5991.16498178092,12909.1644008299,27.41,0.0899999999999999,0.5
28149,"59609802_1.028608",5980.11079216573,12884.4652410881,27.06,-0.350000000000001,-0.440000000000001
28150,"59609802_1.028608",5968.9585609575,12859.5470200625,27.3,0.240000000000002,0.590000000000003
28151,"59609802_1.028608",5957.6265868287,12834.2271866834,27.73,0.43,0.189999999999998
28152,"59609802_1.028608",5947.34658300131,12809.0567316902,27.22,-0.510000000000002,-0.940000000000001
28153,"59609802_1.028608",5938.70631245392,12782.844030096,27.61,0.390000000000001,0.900000000000002
28154,"59609802_1.028608",5930.01282284881,12756.4698734557,27.77,0.16,-0.23
28155,"59609802_1.028608",5921.38507443266,12730.2951612841,27.56,-0.210000000000001,-0.370000000000001
28156,"59609802_1.028608",5912.73228175404,12704.0444702673,27.63,0.0700000000000003,0.280000000000001
28157,"59609802_1.028608",5904.08261960823,12677.8032766061,27.63,0,-0.0700000000000003
28158,"59609802_1.028608",5896.50377392232,12651.8460622678,27.1,-0.529999999999998,-0.529999999999998
28159,"59609802_1.028608",5892.22276444615,12624.8534362773,27.33,0.229999999999997,0.759999999999994
28160,"59609802_1.028608",5887.87909840978,12597.4657480695,27.73,0.400000000000002,0.170000000000005
28161,"59609802_1.028608",5883.63724928374,12570.7200359647,27.08,-0.650000000000002,-1.05
28162,"59609802_1.028608",5879.40793146975,12544.0533363034,27.01,-0.0699999999999967,0.580000000000005
28163,"59609802_1.028608",5876.04915534214,12517.2513996093,27.03,0.0199999999999996,0.0899999999999963
