"V1","V2","V3","V4","V5","acceleration","jerk"
72390,"59609802_1.063682",6252.52471268251,13496.9340328046,27.25,0.510000000000002,0
72391,"59609802_1.063682",6241.29634414728,13471.5462140713,27.76,0.510000000000002,0
72392,"59609802_1.063682",6230.09664954146,13446.2222543422,27.69,-0.0700000000000003,-0.580000000000002
72393,"59609802_1.063682",6219.12128508646,13421.3786037433,27.16,-0.530000000000001,-0.460000000000001
72394,"59609802_1.063682",6207.92770646335,13396.0410072194,27.7,0.539999999999999,1.07
72395,"59609802_1.063682",6196.75433285581,13370.7491464293,27.65,-0.0500000000000007,-0.59
72396,"59609802_1.063682",6185.77492739769,13345.8963486836,27.18,-0.469999999999999,-0.419999999999998
72397,"59609802_1.063682",6174.57730777147,13320.5496050129,27.7,0.52,0.989999999999998
72398,"59609802_1.063682",6163.50900024486,13295.4955700386,27.39,-0.309999999999999,-0.829999999999998
72399,"59609802_1.063682",6152.45685673071,13270.4781236513,27.35,-0.0399999999999991,0.27
72400,"59609802_1.063682",6141.40067221345,13245.4515301172,27.36,0.00999999999999801,0.0499999999999972
72401,"59609802_1.063682",6130.07879523088,13220.5343745726,27.37,0.0100000000000016,3.5527136788005e-15
72402,"59609802_1.063682",6118.50119570896,13195.6233310515,27.47,0.0999999999999979,0.0899999999999963
72403,"59609802_1.063682",6106.80137180184,13170.4493023604,27.76,0.290000000000003,0.190000000000005
72404,"59609802_1.063682",6095.19005520814,13145.4657112061,27.55,-0.210000000000001,-0.500000000000004
72405,"59609802_1.063682",6083.66724592786,13120.6725575889,27.35,-0.199999999999999,0.0100000000000016
72406,"59609802_1.063682",6072.21233089987,13095.9251757334,27.27,-0.0800000000000018,0.119999999999997
72407,"59609802_1.063682",6060.95033706186,13071.32007271,27.06,-0.210000000000001,-0.129999999999999
72408,"59609802_1.063682",6049.52186881382,13046.3512578903,27.46,0.400000000000002,0.610000000000003
72409,"59609802_1.063682",6038.03513452228,13021.2551439418,27.6,0.140000000000001,-0.260000000000002
72410,"59609802_1.063682",6026.66493231776,12996.4136282507,27.32,-0.280000000000001,-0.420000000000002
72411,"59609802_1.063682",6015.37720727765,12971.3481773997,27.49,0.169999999999998,0.449999999999999
72412,"59609802_1.063682",6004.19966529475,12946.3755492797,27.36,-0.129999999999999,-0.299999999999997
72413,"59609802_1.063682",5993.02620867076,12921.4120485823,27.35,-0.00999999999999801,0.120000000000001
72414,"59609802_1.063682",5981.90994707154,12896.5763318006,27.22,-0.130000000000003,-0.120000000000005
72415,"59609802_1.063682",5970.75283188319,12871.6493407934,27.3,0.0800000000000018,0.210000000000004
72416,"59609802_1.063682",5959.42821697946,12846.3481254613,27.72,0.419999999999998,0.339999999999996
72417,"59609802_1.063682",5948.10360207573,12821.0469101292,27.73,0.0100000000000016,-0.409999999999997
72418,"59609802_1.063682",5939.35185120867,12795.3164850017,27.19,-0.539999999999999,-0.550000000000001
72419,"59609802_1.063682",5930.66082088321,12768.9520469861,27.76,0.57,1.11
72420,"59609802_1.063682",5922.06997534538,12742.8915218006,27.44,-0.32,-0.890000000000001
72421,"59609802_1.063682",5913.38520656915,12716.5460783368,27.74,0.299999999999997,0.619999999999997
72422,"59609802_1.063682",5904.92585356506,12690.8844387408,27.03,-0.709999999999997,-1.00999999999999
72423,"59609802_1.063682",5896.44458513867,12665.1563182133,27.09,0.0599999999999987,0.769999999999996
72424,"59609802_1.063682",5891.10590707819,12638.6246305294,27.13,0.0399999999999991,-0.0199999999999996
72425,"59609802_1.063682",5886.75207121801,12611.2385571836,27.73,0.600000000000001,0.560000000000002
72426,"59609802_1.063682",5882.49087016336,12584.4351662494,27.14,-0.59,-1.19
72427,"59609802_1.063682",5878.13546422172,12557.0392169305,27.74,0.599999999999998,1.19
72428,"59609802_1.063682",5873.80203942038,12529.7815312347,27.6,-0.139999999999997,-0.739999999999995
72429,"59609802_1.063682",5871.48409240283,12502.1090051919,27.78,0.18,0.319999999999997
