"V1","V2","V3","V4","V5","acceleration","jerk"
46655,"59609802_1.055314",6255.45168225156,13495.3836870442,27.63,-0.419999999999998,0
46656,"59609802_1.055314",6244.44173298899,13470.4897235744,27.21,-0.419999999999998,0
46657,"59609802_1.055314",6233.51267975334,13445.7786694615,27.02,-0.190000000000001,0.229999999999997
46658,"59609802_1.055314",6222.5489960048,13420.9626557097,27.14,0.120000000000001,0.310000000000002
46659,"59609802_1.055314",6211.59744715098,13396.1740781446,27.09,-0.0500000000000007,-0.170000000000002
46660,"59609802_1.055314",6200.53274576288,13371.1293824349,27.38,0.289999999999999,0.34
46661,"59609802_1.055314",6189.6054438807,13346.3956873293,27.04,-0.34,-0.629999999999999
46662,"59609802_1.055314",6178.57711295004,13321.4333153089,27.29,0.25,0.59
46663,"59609802_1.055314",6167.52049388582,13296.4069137524,27.37,0.0800000000000018,-0.169999999999998
46664,"59609802_1.055314",6156.43962784997,13271.3256297363,27.41,0.0399999999999991,-0.0400000000000027
46665,"59609802_1.055314",6145.31026787085,13246.1345808011,27.55,0.140000000000001,0.100000000000001
46666,"59609802_1.055314",6134.16952173167,13221.5086050718,27.03,-0.52,-0.66
46667,"59609802_1.055314",6122.6000228518,13196.6158511931,27.44,0.41,0.93
46668,"59609802_1.055314",6111.18225510477,13172.0495596602,27.09,-0.350000000000001,-0.760000000000002
46669,"59609802_1.055314",6099.74762834298,13147.4469945334,27.13,0.0399999999999991,0.390000000000001
46670,"59609802_1.055314",6088.07276062084,13122.3275306922,27.7,0.57,0.530000000000001
46671,"59609802_1.055314",6076.50011055062,13097.3701563996,27.51,-0.189999999999998,-0.759999999999998
46672,"59609802_1.055314",6065.18499439292,13072.6463976575,27.19,-0.32,-0.130000000000003
46673,"59609802_1.055314",6053.71174126796,13047.5771064283,27.56,0.369999999999997,0.689999999999998
46674,"59609802_1.055314",6042.42159410509,13022.9079054473,27.13,-0.43,-0.799999999999997
46675,"59609802_1.055314",6030.98163297323,12997.9113578997,27.49,0.359999999999999,0.789999999999999
46676,"59609802_1.055314",6019.60929896146,12972.7195557753,27.64,0.150000000000002,-0.209999999999997
46677,"59609802_1.055314",6008.28140989904,12947.4088499497,27.73,0.0899999999999999,-0.0600000000000023
46678,"59609802_1.055314",5997.18636962008,12922.618414673,27.16,-0.57,-0.66
46679,"59609802_1.055314",5985.85848055766,12897.3077088474,27.73,0.57,1.14
46680,"59609802_1.055314",5974.57961229176,12872.1065336637,27.61,-0.120000000000001,-0.690000000000001
46681,"59609802_1.055314",5963.27623362759,12846.850593159,27.67,0.0600000000000023,0.180000000000003
46682,"59609802_1.055314",5952.00145042807,12821.6585455288,27.6,-0.0700000000000003,-0.130000000000003
46683,"59609802_1.055314",5943.05775305568,12796.0453544496,27.15,-0.450000000000003,-0.380000000000003
46684,"59609802_1.055314",5934.39556877865,12769.7661713659,27.67,0.520000000000003,0.970000000000006
46685,"59609802_1.055314",5925.75529823126,12743.5534697716,27.6,-0.0700000000000003,-0.590000000000003
46686,"59609802_1.055314",5917.29346805387,12717.8821174495,27.03,-0.57,-0.5
46687,"59609802_1.055314",5908.71580816263,12691.8593629682,27.4,0.369999999999997,0.939999999999998
46688,"59609802_1.055314",5900.144409337,12665.8556031983,27.38,-0.0199999999999996,-0.389999999999997
46689,"59609802_1.055314",5894.45647081754,12638.9374043206,27.59,0.210000000000001,0.23
46690,"59609802_1.055314",5890.19582472344,12612.0731735507,27.2,-0.390000000000001,-0.600000000000001
46691,"59609802_1.055314",5885.87095565513,12584.8040040081,27.62,0.420000000000002,0.810000000000002
46692,"59609802_1.055314",5881.54765300083,12557.5447110209,27.6,-0.0199999999999996,-0.440000000000001
46693,"59609802_1.055314",5877.22121751852,12530.2656649229,27.62,0.0199999999999996,0.0399999999999991
46694,"59609802_1.055314",5874.87703543043,12503.139995182,27.23,-0.390000000000001,-0.41
