"V1","V2","V3","V4","V5","acceleration","jerk"
33496,"59609802_1.030710",6243.0922359447,13475.6068017938,27.59,-0.0399999999999991,0
33497,"59609802_1.030710",6231.94880823774,13450.4110378851,27.55,-0.0399999999999991,0
33498,"59609802_1.030710",6220.9316544811,13425.4765254916,27.25,-0.300000000000001,-0.260000000000002
33499,"59609802_1.030710",6209.84718294204,13400.3859019302,27.44,0.190000000000001,0.490000000000002
33500,"59609802_1.030710",6198.87181848704,13375.5422513313,27.16,-0.280000000000001,-0.470000000000002
33501,"59609802_1.030710",6187.78330594487,13350.4424806231,27.44,0.280000000000001,0.560000000000002
33502,"59609802_1.030710",6176.84431051788,13325.681154345,27.07,-0.370000000000001,-0.650000000000002
33503,"59609802_1.030710",6165.72751095392,13300.5173536096,27.51,0.440000000000001,0.810000000000002
33504,"59609802_1.030710",6154.72385947713,13275.6096729834,27.22,-0.290000000000003,-0.730000000000004
33505,"59609802_1.030710",6143.63130593184,13250.5007551284,27.46,0.240000000000002,0.530000000000005
33506,"59609802_1.030710",6132.5401414707,13225.83035179,27.05,-0.41,-0.650000000000002
33507,"59609802_1.030710",6121.13112730768,13201.2820464345,27.07,0.0199999999999996,0.43
33508,"59609802_1.030710",6109.72211314465,13176.733741079,27.08,0.00999999999999801,-0.0100000000000016
33509,"59609802_1.030710",6098.01807460356,13151.5506439337,27.77,0.690000000000001,0.680000000000003
33510,"59609802_1.030710",6086.60484580656,13126.9932701241,27.08,-0.690000000000001,-1.38
33511,"59609802_1.030710",6075.10066191376,13102.2355754002,27.3,0.220000000000002,0.910000000000004
33512,"59609802_1.030710",6063.61808948247,13077.1485542466,27.59,0.289999999999999,0.0699999999999967
33513,"59609802_1.030710",6052.28118215994,13052.3797809148,27.24,-0.350000000000001,-0.640000000000001
33514,"59609802_1.030710",6040.76531484665,13027.220017402,27.67,0.430000000000003,0.780000000000005
33515,"59609802_1.030710",6029.25777125386,13002.078439479,27.65,-0.0200000000000031,-0.450000000000006
33516,"59609802_1.030710",6018.04494664711,12977.3083843304,27.19,-0.459999999999997,-0.439999999999994
33517,"59609802_1.030710",6006.86740466421,12952.3357562104,27.36,0.169999999999998,0.629999999999995
33518,"59609802_1.030710",5995.53461904265,12927.0162860332,27.74,0.379999999999999,0.210000000000001
33519,"59609802_1.030710",5984.34482098302,12902.0162756455,27.39,-0.349999999999998,-0.729999999999997
33520,"59609802_1.030710",5973.26124225509,12877.2535782443,27.14,-0.25,0.0999999999999979
33521,"59609802_1.030710",5962.07552955436,12852.2626952792,27.38,0.239999999999998,0.489999999999998
33522,"59609802_1.030710",5950.95518259622,12827.417851075,27.22,-0.16,-0.399999999999999
33523,"59609802_1.030710",5941.58409350767,12802.0880427486,27.04,-0.18,-0.0199999999999996
33524,"59609802_1.030710",5932.92124015374,12775.8090802164,27.67,0.630000000000003,0.810000000000002
33525,"59609802_1.030710",5924.28343299671,12749.6060958917,27.59,-0.0800000000000018,-0.710000000000004
33526,"59609802_1.030710",5915.65814893813,12723.4411006708,27.55,-0.0399999999999991,0.0400000000000027
33527,"59609802_1.030710",5907.18001128636,12697.7224774192,27.08,-0.470000000000002,-0.430000000000003
33528,"59609802_1.030710",5898.69561208536,12671.9848596158,27.1,0.0200000000000031,0.490000000000006
33529,"59609802_1.030710",5892.19083335998,12645.4489279264,27.41,0.309999999999999,0.289999999999996
33530,"59609802_1.030710",5887.89509051343,12618.4282655845,27.36,-0.0500000000000007,-0.359999999999999
33531,"59609802_1.030710",5883.60719807414,12591.456983108,27.31,-0.0500000000000007,0
33532,"59609802_1.030710",5879.2706331099,12564.179545466,27.62,0.310000000000002,0.360000000000003
33533,"59609802_1.030710",5874.91522716826,12536.7835961471,27.74,0.119999999999997,-0.190000000000005
33534,"59609802_1.030710",5872.11846926374,12509.7326569415,27.2,-0.539999999999999,-0.659999999999997
