"V1","V2","V3","V4","V5","acceleration","jerk"
24076,"59609802_1.023151",6253.72197388079,13499.6410912863,27.2,0.16,0
24077,"59609802_1.023151",6242.65539739938,13474.6190912667,27.36,0.16,0
24078,"59609802_1.023151",6231.54837290453,13449.5056365686,27.46,0.100000000000001,-0.0599999999999987
24079,"59609802_1.023151",6220.62857924762,13424.7904894846,27.02,-0.440000000000001,-0.540000000000003
24080,"59609802_1.023151",6209.65725579573,13399.9559860325,27.15,0.129999999999999,0.57
24081,"59609802_1.023151",6198.52833322243,13374.7647438567,27.53,0.380000000000003,0.250000000000004
24082,"59609802_1.023151",6187.49639472384,13349.7930332032,27.3,-0.23,-0.610000000000003
24083,"59609802_1.023151",6176.32706211941,13324.5103195598,27.64,0.34,0.57
24084,"59609802_1.023151",6165.14156550253,13299.1910173294,27.68,0.0399999999999991,-0.300000000000001
24085,"59609802_1.023151",6154.07325797593,13274.1369823551,27.4,-0.280000000000001,-0.32
24086,"59609802_1.023151",6143.05344248668,13249.1927131418,27.27,-0.129999999999999,0.150000000000002
24087,"59609802_1.023151",6131.69300004227,13224.007592508,27.63,0.359999999999999,0.489999999999998
24088,"59609802_1.023151",6120.11118588638,13199.0874805328,27.48,-0.149999999999999,-0.509999999999998
24089,"59609802_1.023151",6108.60102050801,13174.3215322779,27.31,-0.170000000000002,-0.0200000000000031
24090,"59609802_1.023151",6097.07399659376,13149.5193102065,27.35,0.0400000000000027,0.210000000000004
24091,"59609802_1.023151",6085.47110926801,13124.5538559606,27.54,0.189999999999998,0.149999999999995
24092,"59609802_1.023151",6073.78135221433,13099.3531594141,27.78,0.240000000000002,0.0500000000000043
24093,"59609802_1.023151",6062.45276861231,13074.6025716721,27.22,-0.560000000000002,-0.800000000000004
24094,"59609802_1.023151",6051.06175710653,13049.7155920065,27.36,0.140000000000001,0.700000000000003
24095,"59609802_1.023151",6039.56669909449,13024.6012924682,27.62,0.260000000000002,0.120000000000001
24096,"59609802_1.023151",6028.1007741042,12999.5506424943,27.55,-0.0700000000000003,-0.330000000000002
24097,"59609802_1.023151",6016.84385112702,12974.6249220982,27.34,-0.210000000000001,-0.140000000000001
24098,"59609802_1.023151",6005.61728483717,12949.5427649075,27.48,0.140000000000001,0.350000000000001
24099,"59609802_1.023151",5994.46425500774,12924.6249013229,27.3,-0.18,-0.32
24100,"59609802_1.023151",5983.39293235655,12899.8895861894,27.11,-0.190000000000001,-0.0100000000000016
24101,"59609802_1.023151",5972.07240281173,12874.5974982798,27.71,0.600000000000001,0.790000000000003
24102,"59609802_1.023151",5960.97248264815,12849.7982911884,27.17,-0.539999999999999,-1.14
24103,"59609802_1.023151",5949.77042851178,12824.770898533,27.42,0.25,0.789999999999999
24104,"59609802_1.023151",5940.5728533077,12799.0204226192,27.37,-0.0500000000000007,-0.300000000000001
24105,"59609802_1.023151",5932.00079241754,12773.0168810894,27.38,0.00999999999999801,0.0599999999999987
24106,"59609802_1.023151",5923.37863913358,12746.8613831444,27.54,0.16,0.150000000000002
24107,"59609802_1.023151",5914.75961662422,12720.7153824754,27.53,-0.00999999999999801,-0.169999999999998
24108,"59609802_1.023151",5906.28460974706,12695.0062564998,27.07,-0.460000000000001,-0.450000000000003
24109,"59609802_1.023151",5897.77829512378,12669.2021577647,27.17,0.100000000000001,0.560000000000002
24110,"59609802_1.023151",5891.7088183549,12642.4170041914,27.55,0.379999999999999,0.279999999999998
24111,"59609802_1.023151",5887.36597306486,12615.1000626571,27.66,0.109999999999999,-0.27
24112,"59609802_1.023151",5883.08436095136,12588.1682840729,27.27,-0.390000000000001,-0.5
24113,"59609802_1.023151",5878.73994557988,12560.8414665656,27.67,0.400000000000002,0.790000000000003
24114,"59609802_1.023151",5874.43792240753,12533.7813003313,27.4,-0.270000000000003,-0.670000000000005
24115,"59609802_1.023151",5871.84647500181,12506.4639539691,27.45,0.0500000000000007,0.320000000000004
