"V1","V2","V3","V4","V5","acceleration","jerk"
61818,"59609802_2.060279",6250.07356306711,13491.3918792915,27.38,-0.0899999999999999,0
61819,"59609802_2.060279",6239.03125539378,13466.424752079,27.29,-0.0899999999999999,0
61820,"59609802_2.060279",6227.92663086976,13441.3102365323,27.46,0.170000000000002,0.260000000000002
61821,"59609802_2.060279",6216.73709324977,13415.9817871552,27.69,0.23,0.0599999999999987
61822,"59609802_2.060279",6205.57584265156,13390.7173678053,27.63,-0.0600000000000023,-0.290000000000003
61823,"59609802_2.060279",6194.41459205336,13365.4529484555,27.62,-0.00999999999999801,0.0500000000000043
61824,"59609802_2.060279",6183.43518659524,13340.6001507098,27.17,-0.449999999999999,-0.440000000000001
61825,"59609802_2.060279",6172.26585399081,13315.3174370665,27.64,0.469999999999999,0.919999999999998
61826,"59609802_2.060279",6161.18946445798,13290.2451077986,27.41,-0.23,-0.699999999999999
61827,"59609802_2.060279",6150.26259204033,13265.5112229608,27.03,-0.379999999999999,-0.149999999999999
61828,"59609802_2.060279",6139.33571962269,13240.7773381231,27.04,0.00999999999999801,0.389999999999997
61829,"59609802_2.060279",6128.07262946006,13216.2177904022,27.02,-0.0199999999999996,-0.0299999999999976
61830,"59609802_2.060279",6116.54560554581,13191.4155683308,27.35,0.330000000000002,0.350000000000001
61831,"59609802_2.060279",6104.92164505019,13166.4047718142,27.58,0.229999999999997,-0.100000000000005
61832,"59609802_2.060279",6093.35247479622,13141.5118652013,27.45,-0.129999999999999,-0.359999999999996
61833,"59609802_2.060279",6081.87181185566,13116.8093961255,27.24,-0.210000000000001,-0.0800000000000018
61834,"59609802_2.060279",6070.44354029338,13092.0607378972,27.26,0.0200000000000031,0.230000000000004
61835,"59609802_2.060279",6058.99842460435,13067.0555518978,27.5,0.239999999999998,0.219999999999995
61836,"59609802_2.060279",6047.55330891531,13042.0503658984,27.5,0,-0.239999999999998
61837,"59609802_2.060279",6036.20391601204,13017.2543141819,27.27,-0.23,-0.23
61838,"59609802_2.060279",6024.775447764,12992.2854993621,27.46,0.190000000000001,0.420000000000002
61839,"59609802_2.060279",6013.6736126114,12967.5420421929,27.12,-0.34,-0.530000000000001
61840,"59609802_2.060279",6002.52875349979,12942.6424334533,27.28,0.16,0.5
61841,"59609802_2.060279",5991.30218720995,12917.5602762626,27.48,0.199999999999999,0.0399999999999991
61842,"59609802_2.060279",5980.1083037914,12892.5511384524,27.4,-0.0800000000000018,-0.280000000000001
61843,"59609802_2.060279",5968.85313998917,12867.4050893037,27.55,0.150000000000002,0.230000000000004
61844,"59609802_2.060279",5957.73687838994,12842.5693725221,27.2,-0.350000000000001,-0.500000000000004
61845,"59609802_2.060279",5946.6089867614,12817.3311706359,27.6,0.400000000000002,0.750000000000004
61846,"59609802_2.060279",5937.96178728053,12791.0996944834,27.62,0.0199999999999996,-0.380000000000003
61847,"59609802_2.060279",5929.45234188263,12765.2860984724,27.18,-0.440000000000001,-0.460000000000001
61848,"59609802_2.060279",5920.78009620486,12738.9786441124,27.7,0.52,0.960000000000001
61849,"59609802_2.060279",5912.24873538467,12713.0985671697,27.25,-0.449999999999999,-0.969999999999999
61850,"59609802_2.060279",5903.67980526912,12687.1045229158,27.37,0.120000000000001,0.57
61851,"59609802_2.060279",5895.03260578825,12660.8730467633,27.62,0.25,0.129999999999999
61852,"59609802_2.060279",5890.30516553882,12633.5878842595,27.72,0.0999999999999979,-0.150000000000002
61853,"59609802_2.060279",5885.94818951573,12606.1820589675,27.75,0.0300000000000011,-0.0699999999999967
61854,"59609802_2.060279",5881.65872699498,12579.2009005179,27.32,-0.43,-0.460000000000001
61855,"59609802_2.060279",5877.30332105335,12551.804951199,27.74,0.419999999999998,0.849999999999998
61856,"59609802_2.060279",5873.39634474435,12525.0895815768,27.01,-0.729999999999997,-1.15
