"V1","V2","V3","V4","V5","acceleration","jerk"
57186,"59609802_2.058769",6247.86363492732,13478.22678937,27.21,-0.0600000000000023,0
57187,"59609802_2.058769",6236.88199927418,13453.3968441751,27.15,-0.0600000000000023,0
57188,"59609802_2.058769",6225.86678995645,13428.472405592,27.25,0.100000000000001,0.160000000000004
57189,"59609802_2.058769",6214.6404420908,13403.0618268186,27.78,0.530000000000001,0.43
57190,"59609802_2.058769",6203.51108211169,13377.8707778834,27.54,-0.240000000000002,-0.770000000000003
57191,"59609802_2.058769",6192.53528628624,13353.0273178587,27.16,-0.379999999999999,-0.139999999999997
57192,"59609802_2.058769",6181.51099651752,13328.0740929149,27.28,0.120000000000001,0.5
57193,"59609802_2.058769",6170.30485446157,13302.7092495245,27.74,0.459999999999997,0.339999999999996
57194,"59609802_2.058769",6159.09467124368,13277.3352590575,27.74,0,-0.459999999999997
57195,"59609802_2.058769",6148.15928703762,13252.5832697987,27.06,-0.68,-0.68
57196,"59609802_2.058769",6137.10299030013,13227.8202104269,27.12,0.0600000000000023,0.740000000000002
57197,"59609802_2.058769",6125.56720944977,13203.0000037361,27.37,0.25,0.189999999999998
57198,"59609802_2.058769",6114.00614007727,13178.1253866543,27.43,0.0599999999999987,-0.190000000000001
57199,"59609802_2.058769",6102.4745739806,13153.3142483621,27.37,-0.0599999999999987,-0.119999999999997
57200,"59609802_2.058769",6090.99779968191,13128.6209992503,27.22,-0.150000000000002,-0.0900000000000034
57201,"59609802_2.058769",6079.49995161477,13103.882408146,27.29,0.0700000000000003,0.220000000000002
57202,"59609802_2.058769",6068.18959677095,13079.2115149108,27.14,-0.149999999999999,-0.219999999999999
57203,"59609802_2.058769",6056.74547413995,13054.205874403,27.49,0.349999999999998,0.499999999999996
57204,"59609802_2.058769",6045.29302851068,13029.1820479748,27.52,0.0300000000000011,-0.319999999999997
57205,"59609802_2.058769",6033.86971337538,13004.2218722679,27.45,-0.0700000000000003,-0.100000000000001
57206,"59609802_2.058769",6022.47701555786,12979.1270983247,27.57,0.120000000000001,0.190000000000001
57207,"59609802_2.058769",6008.30545100119,12955.548608951,27.3,-0.27,-0.390000000000001
57208,"59609802_2.058769",5997.16059188958,12930.6490002115,27.28,-0.0199999999999996,0.25
57209,"59609802_2.058769",5985.84823306259,12905.375167147,27.69,0.41,0.43
57210,"59609802_2.058769",5974.68294715642,12880.4299212947,27.34,-0.350000000000001,-0.760000000000002
57211,"59609802_2.058769",5963.6361366587,12855.7493706965,27.04,-0.300000000000001,0.0500000000000007
57212,"59609802_2.058769",5952.41774108668,12830.6854683509,27.45,0.41,0.710000000000001
57213,"59609802_2.058769",5942.50141046926,12804.8707445996,27.69,0.240000000000002,-0.169999999999998
57214,"59609802_2.058769",5933.90117260758,12778.7817275863,27.47,-0.220000000000002,-0.460000000000004
57215,"59609802_2.058769",5925.45121192733,12753.1485798182,27,-0.469999999999999,-0.249999999999996
57216,"59609802_2.058769",5916.98246659939,12727.4584483944,27.04,0.0399999999999991,0.509999999999998
57217,"59609802_2.058769",5908.36657486465,12701.3219450014,27.53,0.490000000000002,0.450000000000003
57218,"59609802_2.058769",5899.88217566365,12675.5843271979,27.1,-0.43,-0.920000000000002
57219,"59609802_2.058769",5892.74821227464,12648.9548983692,27.64,0.539999999999999,0.969999999999999
57220,"59609802_2.058769",5888.49800179014,12622.2206392465,27.08,-0.560000000000002,-1.1
57221,"59609802_2.058769",5884.22895032824,12595.3678684469,27.19,0.110000000000003,0.670000000000005
57222,"59609802_2.058769",5879.87040422371,12567.9521671819,27.75,0.559999999999999,0.449999999999996
57223,"59609802_2.058769",5875.63118430935,12541.2870398708,27,-0.75,-1.31
57224,"59609802_2.058769",5872.47753485953,12514.0477434873,27.44,0.440000000000001,1.19
