"V1","V2","V3","V4","V5","acceleration","jerk"
27930,"59609802_1.023418",6251.5833855601,13478.4789553069,27.7,-0.550000000000001,0
27931,"59609802_1.023418",6240.59770510561,13453.6398646441,27.15,-0.550000000000001,0
27932,"59609802_1.023418",6229.65488054815,13428.8802309399,27.07,-0.0799999999999983,0.470000000000002
27933,"59609802_1.023418",6218.53808098419,13403.7164302044,27.51,0.440000000000001,0.52
27934,"59609802_1.023418",6207.4738144607,13378.6715423768,27.38,-0.130000000000003,-0.570000000000004
27935,"59609802_1.023418",6196.47016298391,13353.7638617506,27.23,-0.149999999999999,-0.019999999999996
27936,"59609802_1.023418",6185.55137257248,13329.0482712063,27.02,-0.210000000000001,-0.0600000000000023
27937,"59609802_1.023418",6174.48710604899,13304.0033833787,27.38,0.359999999999999,0.57
27938,"59609802_1.023418",6163.30969143834,13278.7023754419,27.66,0.280000000000001,-0.0799999999999983
27939,"59609802_1.023418",6152.25350692107,13253.6757819078,27.36,-0.300000000000001,-0.580000000000002
27940,"59609802_1.023418",6141.04993840016,13228.47445596,27.58,0.219999999999999,0.52
27941,"59609802_1.023418",6126.46073723211,13204.9225042178,27.44,-0.139999999999997,-0.359999999999996
27942,"59609802_1.023418",6115.06404325354,13180.4015546775,27.04,-0.400000000000002,-0.260000000000005
27943,"59609802_1.023418",6103.49032961997,13155.4997324002,27.46,0.420000000000002,0.820000000000004
27944,"59609802_1.023418",6091.81546189783,13130.380268559,27.69,0.23,-0.190000000000001
27945,"59609802_1.023418",6080.24174826426,13105.4784462817,27.47,-0.220000000000002,-0.450000000000003
27946,"59609802_1.023418",6068.81798314087,13080.5845518987,27.38,-0.0899999999999999,0.130000000000003
27947,"59609802_1.023418",6057.4737364892,13055.7971424353,27.26,-0.119999999999997,-0.0299999999999976
27948,"59609802_1.023418",6046.02129085993,13030.7733160071,27.52,0.259999999999998,0.379999999999995
27949,"59609802_1.023418",6034.69369020481,13006.0222783844,27.22,-0.300000000000001,-0.559999999999999
27950,"59609802_1.023418",6023.21232750566,12980.7700579527,27.74,0.52,0.82
27951,"59609802_1.023418",6012.01516056729,12955.7514338388,27.41,-0.329999999999998,-0.849999999999998
27952,"59609802_1.023418",6000.83024882805,12930.7601923853,27.38,-0.0300000000000011,0.299999999999997
27953,"59609802_1.023418",5989.6289968233,12905.7324407179,27.42,0.0400000000000027,0.0700000000000038
27954,"59609802_1.023418",5978.31336296001,12880.4491175528,27.7,0.279999999999998,0.239999999999995
27955,"59609802_1.023418",5967.10802588888,12855.4122383319,27.43,-0.27,-0.549999999999997
27956,"59609802_1.023418",5955.79239202559,12830.1289151668,27.7,0.27,0.539999999999999
27957,"59609802_1.023418",5945.9190600413,12804.7259375138,27.3,-0.399999999999999,-0.669999999999998
27958,"59609802_1.023418",5937.34453068287,12778.7126803882,27.39,0.0899999999999999,0.489999999999998
27959,"59609802_1.023418",5928.7136517339,12752.528470861,27.57,0.18,0.0899999999999999
27960,"59609802_1.023418",5920.09216438335,12726.3727534006,27.54,-0.0300000000000011,-0.210000000000001
27961,"59609802_1.023418",5911.44250223755,12700.1315597395,27.63,0.0899999999999999,0.120000000000001
27962,"59609802_1.023418",5902.83353701823,12674.0138317017,27.5,-0.129999999999999,-0.219999999999999
27963,"59609802_1.023418",5895.84118079812,12647.6682793208,27.35,-0.149999999999999,-0.0199999999999996
27964,"59609802_1.023418",5891.51631172981,12620.3991097783,27.61,0.259999999999998,0.409999999999997
27965,"59609802_1.023418",5887.21180604357,12593.2583354563,27.48,-0.129999999999999,-0.389999999999997
27966,"59609802_1.023418",5882.89633545929,12566.0484252463,27.55,0.0700000000000003,0.199999999999999
27967,"59609802_1.023418",5878.65605274726,12539.3125896969,27.07,-0.48,-0.550000000000001
27968,"59609802_1.023418",5872.40953629404,12513.2305677442,27.64,0.57,1.05
