"V1","V2","V3","V4","V5","acceleration","jerk"
55294,"59609802_1.056993",6243.71513535192,13477.0152038417,27.14,-0.0100000000000016,0
55295,"59609802_1.056993",6232.73754450012,13452.1944041146,27.13,-0.0100000000000016,0
55296,"59609802_1.056993",6221.63074801965,13427.058981881,27.49,0.359999999999999,0.370000000000001
55297,"59609802_1.056993",6210.65134256153,13402.2061841353,27.16,-0.329999999999998,-0.689999999999998
55298,"59609802_1.056993",6199.4496819322,13376.8502933179,27.72,0.559999999999999,0.889999999999997
55299,"59609802_1.056993",6188.42986644295,13351.9060241046,27.27,-0.449999999999999,-1.01
55300,"59609802_1.056993",6177.29690286654,13326.7056347821,27.55,0.280000000000001,0.73
55301,"59609802_1.056993",6166.23263634305,13301.6607469545,27.39,-0.16,-0.440000000000001
55302,"59609802_1.056993",6155.01077069815,13276.2591204033,27.77,0.379999999999999,0.539999999999999
55303,"59609802_1.056993",6143.82931508438,13250.9489653197,27.66,-0.109999999999999,-0.489999999999998
55304,"59609802_1.056993",6132.56964390851,13225.893830969,27.47,-0.190000000000001,-0.0800000000000018
55305,"59609802_1.056993",6121.01311755645,13201.0281297186,27.42,-0.0499999999999972,0.140000000000004
55306,"59609802_1.056993",6109.37651315892,13175.9901278396,27.6,0.18,0.229999999999997
55307,"59609802_1.056993",6097.83684534275,13151.1607004057,27.38,-0.220000000000002,-0.400000000000002
55308,"59609802_1.056993",6086.45311898356,13126.666805775,27.02,-0.359999999999999,-0.139999999999997
55309,"59609802_1.056993",6074.82181727697,13101.6263581413,27.61,0.59,0.949999999999999
55310,"59609802_1.056993",6063.27265508167,13076.3938522692,27.75,0.140000000000001,-0.449999999999999
55311,"59609802_1.056993",6052.02314682441,13051.8160276305,27.03,-0.719999999999999,-0.859999999999999
55312,"59609802_1.056993",6040.66126834039,13026.9926975293,27.3,0.27,0.989999999999998
55313,"59609802_1.056993",6029.12459172584,13001.7874700419,27.72,0.419999999999998,0.149999999999999
55314,"59609802_1.056993",6017.82842262478,12976.8246309348,27.4,-0.32,-0.739999999999998
55315,"59609802_1.056993",6006.74892925576,12952.0710609562,27.12,-0.279999999999998,0.0400000000000027
55316,"59609802_1.056993",5995.63675301545,12927.2444715972,27.2,0.0799999999999983,0.359999999999996
55317,"59609802_1.056993",5984.59811323555,12902.5821758441,27.02,-0.18,-0.259999999999998
55318,"59609802_1.056993",5973.28575440856,12877.3083427797,27.69,0.670000000000002,0.850000000000001
55319,"59609802_1.056993",5962.15315137369,12852.4361163078,27.26,-0.43,-1.1
55320,"59609802_1.056993",5950.90615828928,12827.3083220043,27.52,0.259999999999998,0.689999999999998
55321,"59609802_1.056993",5941.43694710087,12801.6416707793,27.39,-0.129999999999999,-0.389999999999997
55322,"59609802_1.056993",5932.97133254755,12775.9610366314,27.04,-0.350000000000001,-0.220000000000002
55323,"59609802_1.056993",5924.47754102271,12750.1949270001,27.13,0.0899999999999999,0.440000000000001
55324,"59609802_1.056993",5915.80529534494,12723.8874726401,27.7,0.57,0.48
55325,"59609802_1.056993",5907.11426501949,12697.5230346245,27.76,0.0600000000000023,-0.509999999999998
55326,"59609802_1.056993",5898.53281180549,12671.4910012668,27.42,-0.34,-0.400000000000002
55327,"59609802_1.056993",5892.06993708835,12644.6884779994,27.65,0.229999999999997,0.569999999999997
55328,"59609802_1.056993",5887.76948399745,12617.6381877382,27.39,-0.259999999999998,-0.489999999999995
55329,"59609802_1.056993",5883.49415220975,12590.7459130463,27.23,-0.16,0.0999999999999979
55330,"59609802_1.056993",5879.14502659392,12563.3894676197,27.7,0.469999999999999,0.629999999999999
55331,"59609802_1.056993",5874.81788211837,12536.1712858163,27.56,-0.140000000000001,-0.609999999999999
55332,"59609802_1.056993",5872.0289101775,12508.6563766945,27.67,0.110000000000003,0.250000000000004
