"V1","V2","V3","V4","V5","acceleration","jerk"
27211,"59609802_1.024982",6251.39879130333,13486.2199282651,27.58,-0.549999999999997,0
27212,"59609802_1.024982",6240.46569326633,13461.4997286843,27.03,-0.549999999999997,0
27213,"59609802_1.024982",6229.28561295657,13436.2108323891,27.65,0.619999999999997,1.16999999999999
27214,"59609802_1.024982",6218.12796484388,13410.9557539178,27.61,-0.0399999999999991,-0.659999999999997
27215,"59609802_1.024982",6207.20470412364,13386.2312058888,27.03,-0.579999999999998,-0.539999999999999
27216,"59609802_1.024982",6196.17637319299,13361.2688338684,27.29,0.259999999999998,0.839999999999996
27217,"59609802_1.024982",6185.07934250938,13336.1509615459,27.46,0.170000000000002,-0.0899999999999963
27218,"59609802_1.024982",6173.98635298771,13311.0422363001,27.45,-0.0100000000000016,-0.180000000000003
27219,"59609802_1.024982",6162.78425209369,13285.6865399862,27.71,0.260000000000002,0.270000000000003
27220,"59609802_1.024982",6151.82866207794,13260.8888153445,27.11,-0.600000000000001,-0.860000000000003
27221,"59609802_1.024982",6140.82861928085,13235.9904728603,27.21,0.100000000000001,0.700000000000003
27222,"59609802_1.024982",6129.40685006163,13211.2613147684,27.24,0.0299999999999976,-0.0700000000000038
27223,"59609802_1.024982",6117.8162774133,13186.3232188971,27.5,0.260000000000002,0.230000000000004
27224,"59609802_1.024982",6106.41536868104,13161.7932009583,27.05,-0.449999999999999,-0.710000000000001
27225,"59609802_1.024982",6091.98693338919,13138.5736860602,27.08,0.0299999999999976,0.479999999999997
27226,"59609802_1.024982",6080.36718752755,13113.5719579977,27.57,0.490000000000002,0.460000000000004
27227,"59609802_1.024982",6068.99937478644,13088.9055380638,27.16,-0.41,-0.900000000000002
27228,"59609802_1.024982",6057.67911490492,13064.1731359117,27.2,0.0399999999999991,0.449999999999999
27229,"59609802_1.024982",6046.25897037739,13039.2225066817,27.45,0.25,0.210000000000001
27230,"59609802_1.024982",6034.90125375361,13014.4082693754,27.28,-0.169999999999998,-0.419999999999998
27231,"59609802_1.024982",6023.42127897514,12989.3200724174,27.59,0.309999999999999,0.479999999999997
27232,"59609802_1.024982",6012.18245660856,12964.210532959,27.52,-0.0700000000000003,-0.379999999999999
27233,"59609802_1.024982",6000.85784170483,12938.9093176269,27.71,0.190000000000001,0.260000000000002
27234,"59609802_1.024982",5989.79060441255,12914.183129916,27.1,-0.609999999999999,-0.800000000000001
27235,"59609802_1.024982",5978.457818791,12888.8636597387,27.74,0.639999999999997,1.25
27236,"59609802_1.024982",5967.12911852835,12863.553316984,27.73,-0.00999999999999801,-0.649999999999995
27237,"59609802_1.024982",5955.95974726328,12838.5989437092,27.34,-0.390000000000001,-0.380000000000003
27238,"59609802_1.024982",5945.35354614162,12813.522762983,27.26,-0.0799999999999983,0.310000000000002
27239,"59609802_1.024982",5936.72513130843,12787.3482704862,27.56,0.299999999999997,0.379999999999995
27240,"59609802_1.024982",5928.17185506595,12761.401712612,27.32,-0.239999999999998,-0.539999999999996
27241,"59609802_1.024982",5919.47456319127,12735.0182800444,27.78,0.460000000000001,0.699999999999999
27242,"59609802_1.024982",5911.00894863795,12709.3376458966,27.05,-0.73,-1.19
27243,"59609802_1.024982",5902.32104908711,12682.9827051569,27.74,0.689999999999998,1.42
27244,"59609802_1.024982",5894.00741759735,12656.8754287779,27.42,-0.319999999999997,-1.00999999999999
27245,"59609802_1.024982",5889.68969361051,12629.7165028129,27.51,0.0899999999999999,0.409999999999997
27246,"59609802_1.024982",5885.33899791322,12602.3501814132,27.71,0.199999999999999,0.109999999999999
27247,"59609802_1.024982",5881.06680628842,12575.4776586674,27.21,-0.5,-0.699999999999999
27248,"59609802_1.024982",5876.82601629262,12548.8026553833,27,-0.210000000000001,0.289999999999999
27249,"59609802_1.024982",5873.09615595527,12521.4820496378,27.59,0.59,0.800000000000001
