"V1","V2","V3","V4","V5","acceleration","jerk"
48334,"59609802_1.055384",6243.66659773577,13476.9054582275,27.54,-0.0899999999999999,0
48335,"59609802_1.055384",6232.56361804226,13451.8011489973,27.45,-0.0899999999999999,0
48336,"59609802_1.055384",6221.35595980796,13426.4369759013,27.73,0.280000000000001,0.370000000000001
48337,"59609802_1.055384",6210.44525140277,13401.7396796506,27,-0.73,-1.01
48338,"59609802_1.055384",6199.39310788862,13376.7222332632,27.36,0.359999999999999,1.09
48339,"59609802_1.055384",6188.26014431221,13351.5218439407,27.54,0.18,-0.18
48340,"59609802_1.055384",6177.10293471711,13326.2665717377,27.62,0.0800000000000018,-0.0999999999999979
48341,"59609802_1.055384",6166.04675019985,13301.2399782036,27.36,-0.260000000000002,-0.340000000000003
48342,"59609802_1.055384",6154.88549960165,13275.9755588537,27.62,0.260000000000002,0.520000000000003
48343,"59609802_1.055384",6143.83739709061,13250.9672596132,27.33,-0.290000000000003,-0.550000000000004
48344,"59609802_1.055384",6132.65393658796,13226.0752000518,27.29,-0.0399999999999991,0.250000000000004
48345,"59609802_1.055384",6121.26178096082,13201.5631685129,27.03,-0.259999999999998,-0.219999999999999
48346,"59609802_1.055384",6109.82747899396,13176.9604524325,27.13,0.0999999999999979,0.359999999999996
48347,"59609802_1.055384",6098.37210385723,13152.3123940814,27.18,0.0500000000000007,-0.0499999999999972
48348,"59609802_1.055384",6086.88301164873,13127.5917880973,27.26,0.0800000000000018,0.0300000000000011
48349,"59609802_1.055384",6075.29276822489,13102.6535392138,27.49,0.229999999999997,0.149999999999995
48350,"59609802_1.055384",6063.92606714101,13077.8214210699,27.31,-0.18,-0.409999999999997
48351,"59609802_1.055384",6052.46430401097,13052.7798638908,27.53,0.220000000000002,0.400000000000002
48352,"59609802_1.055384",6040.99837902068,13027.7292139169,27.55,0.0199999999999996,-0.200000000000003
48353,"59609802_1.055384",6029.69060471991,13003.0240901495,27.17,-0.379999999999999,-0.399999999999999
48354,"59609802_1.055384",6018.26964138726,12977.8103925712,27.68,0.509999999999998,0.889999999999997
48355,"59609802_1.055384",6007.1043554811,12952.8651467188,27.33,-0.350000000000001,-0.859999999999999
48356,"59609802_1.055384",5996.00443531752,12928.0659396274,27.17,-0.159999999999997,0.190000000000005
48357,"59609802_1.055384",5984.89225907721,12903.2393502683,27.2,0.0299999999999976,0.189999999999994
48358,"59609802_1.055384",5973.67386350519,12878.1754479227,27.46,0.260000000000002,0.230000000000004
48359,"59609802_1.055384",5962.44321185643,12853.0841633095,27.48,0.0199999999999996,-0.240000000000002
48360,"59609802_1.055384",5951.09817015814,12827.7373108646,27.77,0.289999999999999,0.27
48361,"59609802_1.055384",5941.52147801542,12801.8980972297,27.6,-0.169999999999998,-0.459999999999997
48362,"59609802_1.055384",5933.06212501132,12776.2364576338,27.01,-0.59,-0.420000000000002
48363,"59609802_1.055384",5924.41179475584,12749.9954842054,27.63,0.619999999999997,1.21
48364,"59609802_1.055384",5915.71763365577,12723.6215489137,27.77,0.140000000000001,-0.479999999999997
48365,"59609802_1.055384",5907.03912642878,12697.2951000018,27.72,-0.0500000000000007,-0.190000000000001
48366,"59609802_1.055384",5898.35122687794,12670.9401592621,27.75,0.0300000000000011,0.0800000000000018
48367,"59609802_1.055384",5891.98672277151,12644.1650514263,27.61,-0.140000000000001,-0.170000000000002
48368,"59609802_1.055384",5887.73808236846,12617.4406682767,27.06,-0.550000000000001,-0.41
48369,"59609802_1.055384",5883.45647025496,12590.5088896925,27.27,0.210000000000001,0.760000000000002
48370,"59609802_1.055384",5879.20468968901,12563.7647545967,27.08,-0.190000000000001,-0.400000000000002
48371,"59609802_1.055384",5874.94976896015,12537.0008675548,27.1,0.0200000000000031,0.210000000000004
48372,"59609802_1.055384",5872.13920053371,12509.9817958875,27.18,0.0799999999999983,0.0599999999999952
