"V1","V2","V3","V4","V5","acceleration","jerk"
31422,"59609802_1.028353",6251.18183863579,13493.8977374806,27.62,-0.0600000000000023,0
31423,"59609802_1.028353",6240.03436612747,13468.6928281041,27.56,-0.0600000000000023,0
31424,"59609802_1.028353",6228.94900465736,13443.6244646625,27.41,-0.149999999999999,-0.0899999999999963
31425,"59609802_1.028353",6217.74330302491,13418.2594266983,27.72,0.309999999999999,0.459999999999997
31426,"59609802_1.028353",6206.67499549831,13393.2053917239,27.4,-0.32,-0.629999999999999
31427,"59609802_1.028353",6195.51778590322,13367.9501195208,27.6,0.200000000000003,0.520000000000003
31428,"59609802_1.028353",6184.59495448868,13343.2253818298,27.03,-0.57,-0.770000000000003
31429,"59609802_1.028353",6173.59130301189,13318.3177012036,27.23,0.199999999999999,0.77
31430,"59609802_1.028353",6162.5270364884,13293.272813376,27.38,0.149999999999999,-0.0500000000000007
31431,"59609802_1.028353",6151.47893397736,13268.2645141355,27.34,-0.0399999999999991,-0.189999999999998
31432,"59609802_1.028353",6140.42274946009,13243.2379206014,27.35,0.0100000000000016,0.0500000000000007
31433,"59609802_1.028353",6128.99984893397,13218.2128503129,27.51,0.16,0.149999999999999
31434,"59609802_1.028353",6117.35481526849,13193.1567115256,27.63,0.119999999999997,-0.0400000000000027
31435,"59609802_1.028353",6105.68027916521,13168.0370935593,27.7,0.0700000000000003,-0.0499999999999972
31436,"59609802_1.028353",6094.21647476054,13143.3708982999,27.2,-0.5,-0.57
31437,"59609802_1.028353",6082.51243621945,13118.1878011546,27.77,0.57,1.07
31438,"59609802_1.028353",6071.06365747071,13093.4155643386,27.29,-0.48,-1.05
31439,"59609802_1.028353",6059.59773248043,13068.3649143646,27.55,0.260000000000002,0.740000000000002
31440,"59609802_1.028353",6048.06937958638,13043.1778724671,27.7,0.149999999999999,-0.110000000000003
31441,"59609802_1.028353",6036.74079598436,13018.4272847251,27.22,-0.48,-0.629999999999999
31442,"59609802_1.028353",6025.22492867106,12993.2675212123,27.66,0.440000000000001,0.920000000000002
31443,"59609802_1.028353",6013.93507558176,12968.1261972366,27.56,-0.100000000000001,-0.540000000000003
31444,"59609802_1.028353",6002.61046067803,12942.8249819045,27.73,0.170000000000002,0.270000000000003
31445,"59609802_1.028353",5991.51462587336,12918.0349022356,27.16,-0.57,-0.740000000000002
31446,"59609802_1.028353",5980.48415681129,12893.3908613277,27,-0.16,0.41
31447,"59609802_1.028353",5969.23716372688,12868.2630670242,27.52,0.52,0.68
31448,"59609802_1.028353",5957.95340241227,12843.0531259177,27.62,0.100000000000001,-0.419999999999998
31449,"59609802_1.028353",5946.74674084437,12817.7490507773,27.68,0.0599999999999987,-0.0400000000000027
31450,"59609802_1.028353",5938.22477234802,12791.8974656625,27.22,-0.460000000000001,-0.52
31451,"59609802_1.028353",5929.53374202257,12765.5330276469,27.76,0.540000000000003,1
31452,"59609802_1.028353",5920.96481190702,12739.5389833929,27.37,-0.390000000000001,-0.930000000000003
31453,"59609802_1.028353",5912.4522357345,12713.715890106,27.19,-0.18,0.210000000000001
31454,"59609802_1.028353",5903.7956439298,12687.4559221257,27.65,0.459999999999997,0.639999999999997
31455,"59609802_1.028353",5895.17349064583,12661.3004241807,27.53,-0.119999999999997,-0.579999999999995
31456,"59609802_1.028353",5890.48729498699,12634.7334971366,27.02,-0.510000000000002,-0.390000000000004
31457,"59609802_1.028353",5886.12560871955,12607.2980439254,27.78,0.760000000000002,1.27
31458,"59609802_1.028353",5881.80945481416,12580.1489939334,27.5,-0.280000000000001,-1.04
31459,"59609802_1.028353",5877.52627261921,12553.2073393761,27.27,-0.23,0.0500000000000007
31460,"59609802_1.028353",5873.49834259257,12526.3153451915,27.2,-0.0700000000000003,0.16
