"V1","V2","V3","V4","V5","acceleration","jerk"
29426,"59609802_1.028972",6247.16939570101,13484.8254333799,27.1,0.539999999999999,0
29427,"59609802_1.028972",6235.98956478193,13459.5473602607,27.64,0.539999999999999,0
29428,"59609802_1.028972",6225.01306762526,13434.7151437187,27.15,-0.490000000000002,-1.03
29429,"59609802_1.028972",6214.09427721384,13409.9995531744,27.02,-0.129999999999999,0.360000000000003
29430,"59609802_1.028972",6202.96939564365,13384.8174581454,27.53,0.510000000000002,0.640000000000001
29431,"59609802_1.028972",6191.95362115752,13359.8823360789,27.26,-0.27,-0.780000000000001
29432,"59609802_1.028972",6181.01866673365,13335.1301569476,27.06,-0.200000000000003,0.0699999999999967
29433,"59609802_1.028972",6170.05138428487,13310.3048006423,27.15,0.0899999999999999,0.290000000000003
29434,"59609802_1.028972",6158.9951997676,13285.2782071082,27.36,0.210000000000001,0.120000000000001
29435,"59609802_1.028972",6147.95113825968,13260.2790550144,27.32,-0.0399999999999991,-0.25
29436,"59609802_1.028972",6136.9232407642,13235.3164915076,27.29,-0.0300000000000011,0.00999999999999801
29437,"59609802_1.028972",6125.53963444271,13210.7676494644,27.06,-0.23,-0.199999999999999
29438,"59609802_1.028972",6113.85245443751,13185.6208261357,27.73,0.670000000000002,0.900000000000002
29439,"59609802_1.028972",6102.39707930078,13160.9727677846,27.18,-0.550000000000001,-1.22
29440,"59609802_1.028972",6091.00913830762,13136.4698046998,27.03,-0.149999999999999,0.400000000000002
29441,"59609802_1.028972",6079.34303147228,13111.3683236418,27.67,0.640000000000001,0.789999999999999
29442,"59609802_1.028972",6067.74249299077,13086.1595140013,27.75,0.0799999999999983,-0.560000000000002
29443,"59609802_1.028972",6056.32651032349,13061.2179775663,27.43,-0.32,-0.399999999999999
29444,"59609802_1.028972",6044.98544114072,13036.4401114396,27.26,-0.169999999999998,0.150000000000002
29445,"59609802_1.028972",6033.60691521569,13011.5804101587,27.33,0.0699999999999967,0.239999999999995
29446,"59609802_1.028972",6022.10987876443,12986.3901697761,27.69,0.360000000000003,0.290000000000006
29447,"59609802_1.028972",6010.93233678153,12961.4175416561,27.36,-0.330000000000002,-0.690000000000005
29448,"59609802_1.028972",5999.80381910557,12936.5544426068,27.24,-0.120000000000001,0.210000000000001
29449,"59609802_1.028972",5988.74883789002,12911.8556371635,27.06,-0.18,-0.0599999999999987
29450,"59609802_1.028972",5977.4609912165,12886.6365686345,27.63,0.57,0.75
29451,"59609802_1.028972",5966.33655889945,12861.7825970077,27.22,-0.41,-0.98
29452,"59609802_1.028972",5955.01194399572,12836.4813816756,27.72,0.5,0.91
29453,"59609802_1.028972",5944.50197544691,12810.9395039267,27.66,-0.0599999999999987,-0.559999999999999
29454,"59609802_1.028972",5935.8203374453,12784.6035577389,27.73,0.0700000000000003,0.129999999999999
29455,"59609802_1.028972",5927.12930711985,12758.2391197232,27.75,0.0199999999999996,-0.0500000000000007
29456,"59609802_1.028972",5918.52593848356,12732.1406054339,27.49,-0.260000000000002,-0.280000000000001
29457,"59609802_1.028972",5909.89752365037,12705.9661129371,27.55,0.0600000000000023,0.320000000000004
29458,"59609802_1.028972",5901.25658571872,12679.7536313365,27.6,0.0500000000000007,-0.0100000000000016
29459,"59609802_1.028972",5893.53953332532,12653.9323888006,27.01,-0.59,-0.640000000000001
29460,"59609802_1.028972",5889.18255730224,12626.5265635086,27.75,0.739999999999998,1.33
29461,"59609802_1.028972",5884.8334316864,12599.170118082,27.69,-0.0599999999999987,-0.799999999999997
29462,"59609802_1.028972",5880.51099745521,12571.9815641978,27.53,-0.16,-0.100000000000001
29463,"59609802_1.028972",5876.15245135067,12544.5658629327,27.77,0.239999999999998,0.399999999999999
29464,"59609802_1.028972",5872.73294410549,12517.1171353028,27.68,-0.0899999999999999,-0.329999999999998
