"V1","V2","V3","V4","V5","acceleration","jerk"
31565,"59609802_1.029121",6253.35389695834,13498.8088537125,27.03,0.5,0
31566,"59609802_1.029121",6242.21855885407,13473.6313807396,27.53,0.5,0
31567,"59609802_1.029121",6231.2531024063,13448.8380174161,27.11,-0.420000000000002,-0.920000000000002
31568,"59609802_1.029121",6220.03859279312,13423.4550060577,27.75,0.640000000000001,1.06
31569,"59609802_1.029121",6209.00261329142,13398.4741482574,27.31,-0.440000000000001,-1.08
31570,"59609802_1.029121",6198.07574087377,13373.7402634196,27.04,-0.27,0.170000000000002
31571,"59609802_1.029121",6187.15695046235,13349.0246728754,27.03,-0.00999999999999801,0.260000000000002
31572,"59609802_1.029121",6176.1371349731,13324.0804036621,27.27,0.239999999999998,0.249999999999996
31573,"59609802_1.029121",6165.1334834963,13299.1727230359,27.23,-0.0399999999999991,-0.279999999999998
31574,"59609802_1.029121",6154.0328479448,13274.0455108875,27.47,0.239999999999998,0.279999999999998
31575,"59609802_1.029121",6143.02515546489,13249.1286831145,27.24,-0.23,-0.469999999999999
31576,"59609802_1.029121",6131.61713663077,13223.8443603335,27.74,0.5,0.73
31577,"59609802_1.029121",6120.17019076199,13199.2144388907,27.16,-0.579999999999998,-1.08
31578,"59609802_1.029121",6108.64316684774,13174.4122168193,27.35,0.190000000000001,0.77
31579,"59609802_1.029121",6097.15407463924,13149.6916108351,27.26,-0.0899999999999999,-0.280000000000001
31580,"59609802_1.029121",6085.69027023457,13125.0254155758,27.2,-0.0600000000000023,0.0299999999999976
31581,"59609802_1.029121",6074.09765359337,13100.0442118272,27.54,0.34,0.400000000000002
31582,"59609802_1.029121",6062.57346255958,13074.8662627245,27.69,0.150000000000002,-0.189999999999998
31583,"59609802_1.029121",6051.02846222453,13049.6428496473,27.74,0.0499999999999972,-0.100000000000005
31584,"59609802_1.029121",6039.77895396727,13025.0650250086,27.03,-0.709999999999997,-0.759999999999994
31585,"59609802_1.029121",6028.23811549247,12999.8507047263,27.72,0.689999999999998,1.4
31586,"59609802_1.029121",6016.95415581764,12974.8713625073,27.41,-0.309999999999999,-0.999999999999996
31587,"59609802_1.029121",6005.69082129759,12949.7070585136,27.57,0.16,0.469999999999999
31588,"59609802_1.029121",5994.43157213645,12924.5518819424,27.56,-0.0100000000000016,-0.170000000000002
31589,"59609802_1.029121",5983.33982269069,12899.7709296961,27.14,-0.419999999999998,-0.409999999999997
31590,"59609802_1.029121",5971.99886635131,12874.4332046738,27.76,0.620000000000001,1.04
31591,"59609802_1.029121",5960.886690111,12849.6066153147,27.2,-0.560000000000002,-1.18
31592,"59609802_1.029121",5949.60292879639,12824.3966742082,27.62,0.420000000000002,0.980000000000004
31593,"59609802_1.029121",5940.47893006931,12798.7355043409,27.27,-0.350000000000001,-0.770000000000003
31594,"59609802_1.029121",5931.99453086832,12772.9978865375,27.09,-0.18,0.170000000000002
31595,"59609802_1.029121",5923.45377772429,12747.089317767,27.28,0.190000000000001,0.370000000000001
31596,"59609802_1.029121",5914.91302458026,12721.1807489966,27.29,0.00999999999999801,-0.180000000000003
31597,"59609802_1.029121",5906.35035601394,12695.2056992945,27.34,0.0500000000000007,0.0400000000000027
31598,"59609802_1.029121",5897.85343371449,12669.4300923873,27.14,-0.199999999999999,-0.25
31599,"59609802_1.029121",5891.78104210159,12642.871298953,27.34,0.199999999999999,0.399999999999999
31600,"59609802_1.029121",5887.44447713735,12615.5938613111,27.62,0.280000000000001,0.0800000000000018
31601,"59609802_1.029121",5883.173855594,12588.7312145384,27.19,-0.43,-0.710000000000001
31602,"59609802_1.029121",5878.84357095556,12561.4932807887,27.58,0.389999999999997,0.819999999999997
31603,"59609802_1.029121",5874.55567851626,12534.5219983122,27.31,-0.27,-0.659999999999997
31604,"59609802_1.029121",5871.94266809445,12507.6199586789,27.04,-0.27,0
