"V1","V2","V3","V4","V5","acceleration","jerk"
47804,"59609802_1.054779",6252.84020718746,13497.6473792964,27.28,0,0
47805,"59609802_1.054779",6241.80194431547,13472.6893975517,27.28,0,0
47806,"59609802_1.054779",6230.63829260178,13447.4479063039,27.61,0.329999999999998,0.329999999999998
47807,"59609802_1.054779",6219.61428746625,13422.4945556479,27.27,-0.34,-0.669999999999998
47808,"59609802_1.054779",6208.57022595832,13397.4954035541,27.33,0.0599999999999987,0.399999999999999
47809,"59609802_1.054779",6197.47363140993,13372.3773385525,27.46,0.130000000000003,0.0700000000000038
47810,"59609802_1.054779",6186.25984777125,13346.9940062948,27.76,0.300000000000001,0.169999999999998
47811,"59609802_1.054779",6175.03798212635,13321.5923797435,27.77,0.00999999999999801,-0.290000000000003
47812,"59609802_1.054779",6164.03837165267,13296.6938462641,27.22,-0.550000000000001,-0.559999999999999
47813,"59609802_1.054779",6152.82054701089,13271.3013668596,27.75,0.530000000000001,1.08
47814,"59609802_1.054779",6141.8815515839,13246.5400405816,27.07,-0.68,-1.21
47815,"59609802_1.054779",6130.7152049607,13221.9037111477,27.05,-0.0199999999999996,0.66
47816,"59609802_1.054779",6119.10810300097,13196.9291884476,27.54,0.489999999999998,0.509999999999998
47817,"59609802_1.054779",6107.53050347905,13172.0181449265,27.47,-0.0700000000000003,-0.559999999999999
47818,"59609802_1.054779",6095.99083566288,13147.1887174926,27.38,-0.0899999999999999,-0.0199999999999996
47819,"59609802_1.054779",6084.36266053329,13122.1688525219,27.59,0.210000000000001,0.300000000000001
47820,"59609802_1.054779",6072.98227504622,13097.6073427916,27.07,-0.52,-0.73
47821,"59609802_1.054779",6061.56629237894,13072.6658063565,27.42,0.350000000000001,0.870000000000001
47822,"59609802_1.054779",6050.27932737943,13048.0061465637,27.12,-0.300000000000001,-0.650000000000002
47823,"59609802_1.054779",6038.78010750713,13022.8827542305,27.63,0.509999999999998,0.809999999999999
47824,"59609802_1.054779",6027.50562808837,12998.2503728223,27.09,-0.539999999999999,-1.05
47825,"59609802_1.054779",6016.24738872588,12973.2923184047,27.38,0.289999999999999,0.829999999999998
47826,"59609802_1.054779",6004.96362741127,12948.0823772982,27.61,0.23,-0.0599999999999987
47827,"59609802_1.054779",5993.65535394319,12922.8176716563,27.69,0.0800000000000018,-0.149999999999999
47828,"59609802_1.054779",5982.42470229443,12897.726387043,27.49,-0.200000000000003,-0.280000000000005
47829,"59609802_1.054779",5971.38197715562,12873.0549638674,27.03,-0.459999999999997,-0.259999999999994
47830,"59609802_1.054779",5960.31882522225,12848.3379035791,27.08,0.0499999999999972,0.509999999999994
47831,"59609802_1.054779",5948.99421031852,12823.0366882469,27.72,0.640000000000001,0.590000000000003
47832,"59609802_1.054779",5940.04688317273,12797.4248802609,27.15,-0.57,-1.21
47833,"59609802_1.054779",5931.5061300287,12771.5163114905,27.29,0.140000000000001,0.710000000000001
47834,"59609802_1.054779",5922.90902294164,12745.4367917531,27.45,0.16,0.0199999999999996
47835,"59609802_1.054779",5914.45593148677,12719.794146709,27,-0.449999999999999,-0.609999999999999
47836,"59609802_1.054779",5905.85569362509,12693.7051296957,27.48,0.48,0.93
47837,"59609802_1.054779",5897.32746357952,12667.834550029,27.23,-0.25,-0.73
47838,"59609802_1.054779",5891.46859589309,12640.9059803105,27.64,0.41,0.66
47839,"59609802_1.054779",5887.1367411732,12613.6581705877,27.59,-0.0500000000000007,-0.460000000000001
47840,"59609802_1.054779",5882.88496060725,12586.914035492,27.08,-0.510000000000002,-0.460000000000001
47841,"59609802_1.054779",5878.5640964575,12559.7353575808,27.52,0.440000000000001,0.950000000000003
47842,"59609802_1.054779",5874.27620401821,12532.7640751043,27.31,-0.210000000000001,-0.650000000000002
47843,"59609802_1.054779",5871.74696490598,12505.268087028,27.62,0.310000000000002,0.520000000000003
