"V1","V2","V3","V4","V5","acceleration","jerk"
51547,"59609802_1.058221",6244.30567634836,13478.3504421468,27.44,0.0999999999999979,0
51548,"59609802_1.058221",6233.16629344274,13453.163823706,27.54,0.0999999999999979,0
51549,"59609802_1.058221",6222.12779140255,13428.1840809324,27.31,-0.23,-0.329999999999998
51550,"59609802_1.058221",6211.11605791953,13403.2581060126,27.25,-0.0599999999999987,0.170000000000002
51551,"59609802_1.058221",6200.00329935869,13378.1034524239,27.5,0.25,0.309999999999999
51552,"59609802_1.058221",6188.8784177885,13352.9213573949,27.53,0.0300000000000011,-0.219999999999999
51553,"59609802_1.058221",6177.70908518407,13327.6386437516,27.64,0.109999999999999,0.0799999999999983
51554,"59609802_1.058221",6166.7741307602,13302.8864646203,27.07,-0.57,-0.68
51555,"59609802_1.058221",6155.72198724604,13277.869018233,27.35,0.280000000000001,0.850000000000001
51556,"59609802_1.058221",6144.68600774435,13252.8881604327,27.31,-0.0400000000000027,-0.320000000000004
51557,"59609802_1.058221",6133.58958532981,13228.0883968708,27.17,-0.139999999999997,-0.0999999999999943
51558,"59609802_1.058221",6122.03727361172,13203.2317640745,27.41,0.239999999999998,0.379999999999995
51559,"59609802_1.058221",6110.59454237692,13178.6109110859,27.15,-0.260000000000002,-0.5
51560,"59609802_1.058221",6099.02115748897,13153.7089360189,27.46,0.310000000000002,0.570000000000004
51561,"59609802_1.058221",6087.40141162732,13128.7072079564,27.57,0.109999999999999,-0.200000000000003
51562,"59609802_1.058221",6075.92074868677,13104.0047388805,27.24,-0.330000000000002,-0.440000000000001
51563,"59609802_1.058221",6064.6002885016,13079.2944538451,27.17,-0.0699999999999967,0.260000000000005
51564,"59609802_1.058221",6053.30499978158,13054.6166084624,27.14,-0.0300000000000011,0.0399999999999956
51565,"59609802_1.058221",6041.79329432854,13029.4659377445,27.66,0.52,0.550000000000001
51566,"59609802_1.058221",6030.23580841274,13004.2152462825,27.78,0.120000000000001,-0.399999999999999
51567,"59609802_1.058221",6018.90695737752,12979.2342704903,27.43,-0.350000000000001,-0.470000000000002
51568,"59609802_1.058221",6007.73758611244,12954.2798972154,27.34,-0.0899999999999999,0.260000000000002
51569,"59609802_1.058221",5996.42114192653,12928.9969367284,27.7,0.359999999999999,0.449999999999999
51570,"59609802_1.058221",5985.25585602037,12904.051690876,27.33,-0.370000000000001,-0.73
51571,"59609802_1.058221",5973.98435078249,12878.8691320372,27.59,0.260000000000002,0.630000000000003
51572,"59609802_1.058221",5962.74961377482,12853.7687200014,27.5,-0.0899999999999999,-0.350000000000001
51573,"59609802_1.058221",5951.48219389586,12828.5952885851,27.58,0.0799999999999983,0.169999999999998
51574,"59609802_1.058221",5941.79698618135,12802.7338575126,27.65,0.0700000000000003,-0.00999999999999801
51575,"59609802_1.058221",5933.16230979893,12776.5403704639,27.58,-0.0700000000000003,-0.140000000000001
51576,"59609802_1.058221",5924.54641806419,12750.4038670709,27.51,-0.0699999999999967,3.5527136788005e-15
51577,"59609802_1.058221",5916.06828041242,12724.6852438193,27.08,-0.430000000000003,-0.360000000000007
51578,"59609802_1.058221",5907.56196578913,12698.8811450842,27.17,0.0900000000000034,0.520000000000007
51579,"59609802_1.058221",5898.88658933675,12672.5641934482,27.71,0.539999999999999,0.449999999999996
51580,"59609802_1.058221",5892.28032800261,12646.0118583919,27.45,-0.260000000000002,-0.800000000000001
51581,"59609802_1.058221",5887.95161344562,12618.7838006153,27.57,0.120000000000001,0.380000000000003
51582,"59609802_1.058221",5883.68413206517,12591.9409057888,27.18,-0.390000000000001,-0.510000000000002
51583,"59609802_1.058221",5879.42293101052,12565.1375148546,27.14,-0.0399999999999991,0.350000000000001
51584,"59609802_1.058221",5875.14131889702,12538.2057362704,27.27,0.129999999999999,0.169999999999998
51585,"59609802_1.058221",5872.24368613433,12511.2374561757,27.14,-0.129999999999999,-0.259999999999998
