"V1","V2","V3","V4","V5","acceleration","jerk"
38161,"59609802_1.030523",6251.50395613831,13486.457710429,27.47,0.140000000000001,0
38162,"59609802_1.030523",6240.33625962327,13461.2070737134,27.61,0.140000000000001,0
38163,"59609802_1.030523",6229.3826008431,13436.4303622273,27.09,-0.52,-0.66
38164,"59609802_1.030523",6218.33810526469,13411.4314019006,27.33,0.239999999999998,0.759999999999998
38165,"59609802_1.030523",6207.35826827731,13386.5787947993,27.17,-0.159999999999997,-0.399999999999995
38166,"59609802_1.030523",6196.25315526982,13361.4426283237,27.48,0.309999999999999,0.469999999999995
38167,"59609802_1.030523",6185.18441271978,13336.3887855373,27.38,-0.100000000000001,-0.41
38168,"59609802_1.030523",6174.11567016974,13311.334942751,27.39,0.0100000000000016,0.110000000000003
38169,"59609802_1.030523",6162.96610438093,13286.0981584329,27.59,0.199999999999999,0.189999999999998
38170,"59609802_1.030523",6151.88927950702,13261.0260214934,27.4,-0.190000000000001,-0.390000000000001
38171,"59609802_1.030523",6140.92964832932,13236.2191497751,27.13,-0.27,-0.0799999999999983
38172,"59609802_1.030523",6129.60494348508,13211.6875294978,27.01,-0.119999999999997,0.150000000000002
38173,"59609802_1.030523",6118.19981999912,13187.1484431605,27.07,0.0599999999999987,0.179999999999996
38174,"59609802_1.030523",6106.66825390246,13162.3373048682,27.36,0.289999999999999,0.23
38175,"59609802_1.030523",6095.09875502258,13137.4445509894,27.45,0.0899999999999999,-0.199999999999999
38176,"59609802_1.030523",6080.61163629794,13114.0979283378,27.22,-0.23,-0.32
38177,"59609802_1.030523",6069.29486686423,13089.5511265023,27.03,-0.189999999999998,0.0400000000000027
38178,"59609802_1.030523",6057.79980885218,13064.436826964,27.62,0.59,0.779999999999998
38179,"59609802_1.030523",6046.31723642089,13039.3498058104,27.59,-0.0300000000000011,-0.620000000000001
38180,"59609802_1.030523",6034.86795887161,13014.3355270161,27.51,-0.0799999999999983,-0.0499999999999972
38181,"59609802_1.030523",6023.6059650336,12989.7304239927,27.06,-0.450000000000003,-0.370000000000005
38182,"59609802_1.030523",6012.27233450463,12964.4113362553,27.74,0.68,1.13
38183,"59609802_1.030523",6001.14381682866,12939.548237206,27.24,-0.5,-1.18
38184,"59609802_1.030523",5989.91725053882,12914.4660800153,27.48,0.240000000000002,0.740000000000002
38185,"59609802_1.030523",5978.81324501633,12889.6577455013,27.18,-0.300000000000001,-0.540000000000003
38186,"59609802_1.030523",5967.75417844187,12864.9498126355,27.07,-0.109999999999999,0.190000000000001
38187,"59609802_1.030523",5956.62974612482,12840.0958410087,27.23,0.16,0.27
38188,"59609802_1.030523",5945.84194698124,12815.00433803,27.32,0.0899999999999999,-0.0700000000000003
38189,"59609802_1.030523",5937.2260552465,12788.867834637,27.53,0.210000000000001,0.120000000000001
38190,"59609802_1.030523",5928.58824808947,12762.6648503123,27.59,0.0599999999999987,-0.150000000000002
38191,"59609802_1.030523",5919.96922558011,12736.5188496433,27.52,-0.0700000000000003,-0.129999999999999
38192,"59609802_1.030523",5911.2875875785,12710.1829034555,27.73,0.210000000000001,0.280000000000001
38193,"59609802_1.030523",5902.59342647844,12683.8089681639,27.77,0.0399999999999991,-0.170000000000002
38194,"59609802_1.030523",5894.10790281014,12657.5074910549,27.65,-0.120000000000001,-0.16
38195,"59609802_1.030523",5889.79959931199,12630.4078209283,27.45,-0.199999999999999,-0.0799999999999983
38196,"59609802_1.030523",5885.5054265469,12603.3970345595,27.34,-0.109999999999999,0.0899999999999999
38197,"59609802_1.030523",5881.26620663254,12576.7319072484,27,-0.34,-0.23
38198,"59609802_1.030523",5876.94691256425,12549.5631053103,27.51,0.510000000000002,0.850000000000001
38199,"59609802_1.030523",5873.18073953672,12522.4985365378,27.35,-0.16,-0.670000000000002
