"V1","V2","V3","V4","V5","acceleration","jerk"
49888,"59609802_1.057207",6244.12366028782,13477.9388960938,27.22,-0.0799999999999983,0
49889,"59609802_1.057207",6233.14606943602,13453.1180963668,27.14,-0.0799999999999983,0
49890,"59609802_1.057207",6222.00656130916,13427.9096665296,27.56,0.419999999999998,0.499999999999996
49891,"59609802_1.057207",6210.91804876699,13402.8098958214,27.44,-0.119999999999997,-0.539999999999996
49892,"59609802_1.057207",6199.97501233689,13378.0394223966,27.08,-0.360000000000003,-0.240000000000006
49893,"59609802_1.057207",6188.78951572001,13352.7201201662,27.68,0.600000000000001,0.960000000000004
49894,"59609802_1.057207",6177.63634712804,13327.4739951099,27.6,-0.0799999999999983,-0.68
49895,"59609802_1.057207",6166.53167057341,13302.3376358147,27.48,-0.120000000000001,-0.0400000000000027
49896,"59609802_1.057207",6155.42295301568,13277.1921293728,27.5,0.0199999999999996,0.140000000000001
49897,"59609802_1.057207",6144.29403044238,13252.000887197,27.54,0.0399999999999991,0.0199999999999996
49898,"59609802_1.057207",6133.1344048608,13227.1090038237,27.28,-0.259999999999998,-0.299999999999997
49899,"59609802_1.057207",6121.66638582216,13202.4337401102,27.21,-0.0700000000000003,0.189999999999998
49900,"59609802_1.057207",6109.96234728107,13177.250642965,27.77,0.559999999999999,0.629999999999999
49901,"59609802_1.057207",6098.41003556298,13152.3940101687,27.41,-0.359999999999999,-0.919999999999998
49902,"59609802_1.057207",6086.74814336162,13127.3015975648,27.67,0.260000000000002,0.620000000000001
49903,"59609802_1.057207",6075.23800330202,13102.5356376322,27.31,-0.360000000000003,-0.620000000000005
49904,"59609802_1.057207",6063.68467924647,13077.2940389652,27.76,0.450000000000003,0.810000000000006
49905,"59609802_1.057207",6052.41019982771,13052.661657557,27.09,-0.670000000000002,-1.12
49906,"59609802_1.057207",6041.07329250519,13027.8928842253,27.23,0.140000000000001,0.810000000000002
49907,"59609802_1.057207",6029.76551820442,13003.1877604578,27.17,-0.0599999999999987,-0.199999999999999
49908,"59609802_1.057207",6018.5923847413,12978.5314589533,27.07,-0.100000000000001,-0.0400000000000027
49909,"59609802_1.057207",6007.39850132275,12953.522321143,27.4,0.329999999999998,0.43
49910,"59609802_1.057207",5996.11474000814,12928.3123800365,27.61,0.210000000000001,-0.119999999999997
49911,"59609802_1.057207",5985.03933199803,12903.5679374804,27.11,-0.5,-0.710000000000001
49912,"59609802_1.057207",5973.84544857948,12878.5587996702,27.4,0.289999999999999,0.789999999999999
49913,"59609802_1.057207",5962.79046736394,12853.8599942269,27.07,-0.329999999999998,-0.619999999999997
49914,"59609802_1.057207",5951.58024250974,12828.8143467265,27.44,0.370000000000001,0.699999999999999
49915,"59609802_1.057207",5942.03805582655,12803.4651477602,27.11,-0.330000000000002,-0.700000000000003
49916,"59609802_1.057207",5933.47851803484,12777.4995953341,27.34,0.23,0.560000000000002
49917,"59609802_1.057207",5924.96907263694,12751.6859993231,27.19,-0.149999999999999,-0.379999999999999
49918,"59609802_1.057207",5916.36257322604,12725.5779877578,27.49,0.299999999999997,0.449999999999996
49919,"59609802_1.057207",5907.78112001204,12699.5459544002,27.41,-0.0799999999999983,-0.379999999999995
49920,"59609802_1.057207",5899.19340524881,12673.4949264906,27.43,0.0199999999999996,0.0999999999999979
49921,"59609802_1.057207",5892.50013940558,12647.3944946228,27.03,-0.399999999999999,-0.419999999999998
49922,"59609802_1.057207",5888.19340598889,12620.3047004693,27.43,0.399999999999999,0.799999999999997
49923,"59609802_1.057207",5883.88667257219,12593.2149063159,27.43,0,-0.399999999999999
49924,"59609802_1.057207",5879.5799391555,12566.1251121624,27.43,0,0
49925,"59609802_1.057207",5875.33129875245,12539.4007290128,27.06,-0.370000000000001,-0.370000000000001
49926,"59609802_1.057207",5872.34402548096,12512.4432886746,27.14,0.0800000000000018,0.450000000000003
