"V1","V2","V3","V4","V5","acceleration","jerk"
26459,"59609802_1.030499",6253.98341936313,13492.0638822171,27.72,-0.189999999999998,0
26460,"59609802_1.030499",6242.8521260602,13466.895554712,27.53,-0.189999999999998,0
26461,"59609802_1.030499",6231.88812124508,13442.1015497145,27.11,-0.420000000000002,-0.230000000000004
26462,"59609802_1.030499",6220.74663778015,13416.8830595496,27.56,0.449999999999999,0.870000000000001
26463,"59609802_1.030499",6209.56070153389,13391.5639515421,27.68,0.120000000000001,-0.329999999999998
26464,"59609802_1.030499",6198.62531732782,13366.8119622833,27.06,-0.620000000000001,-0.740000000000002
26465,"59609802_1.030499",6187.45150456738,13341.5202955056,27.65,0.59,1.21
26466,"59609802_1.030499",6176.33022691214,13316.3475407236,27.52,-0.129999999999999,-0.719999999999999
26467,"59609802_1.030499",6165.334225277,13291.458345316,27.21,-0.309999999999999,-0.18
26468,"59609802_1.030499",6154.12000089717,13266.0752077723,27.75,0.539999999999999,0.849999999999998
26469,"59609802_1.030499",6143.04317602325,13241.0030708329,27.41,-0.34,-0.879999999999999
26470,"59609802_1.030499",6131.79661540404,13216.4030967171,27.05,-0.359999999999999,-0.0199999999999996
26471,"59609802_1.030499",6120.20182800201,13191.4559324473,27.5,0.449999999999999,0.809999999999999
26472,"59609802_1.030499",6108.66604715166,13166.6357257566,27.37,-0.129999999999999,-0.579999999999998
26473,"59609802_1.030499",6097.13448105499,13141.8245874643,27.37,0,0.129999999999999
26474,"59609802_1.030499",6085.55655266773,13116.9136967885,27.46,0.0899999999999999,0.0899999999999999
26475,"59609802_1.030499",6074.02818006233,13091.9689380499,27.49,0.0299999999999976,-0.0600000000000023
26476,"59609802_1.030499",6062.78380938998,13067.3997596309,27.02,-0.469999999999999,-0.499999999999996
26477,"59609802_1.030499",6051.53943871764,13042.8305812119,27.02,0,0.469999999999999
26478,"59609802_1.030499",6040.1993535651,13018.0522647087,27.25,0.23,0.23
26479,"59609802_1.030499",6028.75106943497,12993.0375312407,27.52,0.27,0.0399999999999991
26480,"59609802_1.030499",6017.61170150329,12968.256182119,27.17,-0.349999999999998,-0.619999999999997
26481,"59609802_1.030499",6006.52074629071,12943.4748743958,27.15,-0.0200000000000031,0.329999999999995
26482,"59609802_1.030499",5995.31540921958,12918.4379951749,27.43,0.280000000000001,0.300000000000004
26483,"59609802_1.030499",5984.17134814411,12893.5380292563,27.28,-0.149999999999999,-0.43
26484,"59609802_1.030499",5972.8924798782,12868.3368540726,27.61,0.329999999999998,0.479999999999997
26485,"59609802_1.030499",5961.60135641317,12843.1082962284,27.64,0.0300000000000011,-0.299999999999997
26486,"59609802_1.030499",5950.30614788176,12817.8706108308,27.64,0,-0.0300000000000011
26487,"59609802_1.030499",5941.74605980954,12792.0659624322,27.2,-0.440000000000001,-0.440000000000001
26488,"59609802_1.030499",5933.28422963215,12766.3946101101,27.03,-0.169999999999998,0.270000000000003
26489,"59609802_1.030499",5924.72222240494,12740.4193424071,27.35,0.32,0.489999999999998
26490,"59609802_1.030499",5916.20091210422,12714.5675403276,27.22,-0.130000000000003,-0.450000000000003
26491,"59609802_1.030499",5907.72029872999,12688.8392038715,27.09,-0.129999999999999,3.5527136788005e-15
26492,"59609802_1.030499",5899.19898842927,12662.987401792,27.22,0.129999999999999,0.259999999999998
26493,"59609802_1.030499",5894.06173448824,12636.4485123522,27.08,-0.140000000000001,-0.27
26494,"59609802_1.030499",5889.75096314597,12609.2682318085,27.53,0.450000000000003,0.590000000000003
26495,"59609802_1.030499",5885.44802387374,12582.137334042,27.47,-0.0600000000000023,-0.510000000000005
26496,"59609802_1.030499",5881.15918232754,12555.0953252743,27.38,-0.0899999999999999,-0.0299999999999976
26497,"59609802_1.030499",5876.94893948341,12528.0840949572,27.34,-0.0399999999999991,0.0500000000000007
26498,"59609802_1.030499",5874.64939914813,12500.3994328815,27.77,0.43,0.469999999999999
