"V1","V2","V3","V4","V5","acceleration","jerk"
17416,"59609802_1.025311",6253.23659771932,13498.5436351451,27.44,-0.310000000000002,0
17417,"59609802_1.025311",6242.26709647021,13473.7411263537,27.13,-0.310000000000002,0
17418,"59609802_1.025311",6231.12771356459,13448.5545079129,27.54,0.41,0.720000000000002
17419,"59609802_1.025311",6220.01030577132,13423.3909760304,27.51,-0.0299999999999976,-0.439999999999998
17420,"59609802_1.025311",6208.86521918557,13398.1631452676,27.59,0.0799999999999983,0.109999999999996
17421,"59609802_1.025311",6197.85752670566,13373.2463174946,27.23,-0.359999999999999,-0.439999999999998
17422,"59609802_1.025311",6186.66394808256,13347.9087209707,27.7,0.469999999999999,0.829999999999998
17423,"59609802_1.025311",6175.73707566491,13323.1748361329,27.04,-0.66,-1.13
17424,"59609802_1.025311",6164.53541503558,13297.8189453155,27.73,0.690000000000001,1.35
17425,"59609802_1.025311",6153.62470663038,13273.1216490648,27,-0.73,-1.42
17426,"59609802_1.025311",6142.55639910378,13248.0676140904,27.39,0.390000000000001,1.12
17427,"59609802_1.025311",6131.28418054696,13223.1279524565,27.37,-0.0199999999999996,-0.41
17428,"59609802_1.025311",6119.87516638393,13198.579647101,27.06,-0.310000000000002,-0.290000000000003
17429,"59609802_1.025311",6108.37764490748,13173.8409042085,27.28,0.220000000000002,0.530000000000005
17430,"59609802_1.025311",6096.93491367268,13149.2200512199,27.15,-0.130000000000003,-0.350000000000005
17431,"59609802_1.025311",6085.40788975842,13124.4178291485,27.35,0.200000000000003,0.330000000000005
17432,"59609802_1.025311",6074.03938754986,13099.9169126984,27.01,-0.34,-0.540000000000003
17433,"59609802_1.025311",6062.51103465582,13074.7298708009,27.71,0.699999999999999,1.04
17434,"59609802_1.025311",6051.20326035505,13050.0247470335,27.16,-0.550000000000001,-1.25
17435,"59609802_1.025311",6039.85386745178,13025.228695317,27.28,0.120000000000001,0.670000000000002
17436,"59609802_1.025311",6028.37961874099,13000.1598597532,27.57,0.289999999999999,0.169999999999998
17437,"59609802_1.025311",6017.10939945629,12975.2182045645,27.36,-0.210000000000001,-0.5
17438,"59609802_1.025311",6005.7970406293,12949.9443715001,27.69,0.330000000000002,0.540000000000003
17439,"59609802_1.025311",5994.51327931468,12924.7344303936,27.63,-0.0600000000000023,-0.390000000000004
17440,"59609802_1.025311",5983.31939589613,12899.7252925833,27.39,-0.239999999999998,-0.179999999999996
17441,"59609802_1.025311",5972.27667075732,12875.0538694077,27.03,-0.359999999999999,-0.120000000000001
17442,"59609802_1.025311",5961.03784839074,12849.9443299493,27.52,0.489999999999998,0.849999999999998
17443,"59609802_1.025311",5949.85213569002,12824.9534469842,27.37,-0.149999999999999,-0.639999999999997
17444,"59609802_1.025311",5940.63233802535,12799.2008708621,27.38,0.00999999999999801,0.159999999999997
17445,"59609802_1.025311",5932.00392319216,12773.0263783653,27.56,0.18,0.170000000000002
17446,"59609802_1.025311",5923.55083173729,12747.3837333212,27,-0.559999999999999,-0.739999999999998
17447,"59609802_1.025311",5914.91615535487,12721.1902462725,27.58,0.579999999999998,1.14
17448,"59609802_1.025311",5906.23451735326,12694.8543000847,27.73,0.150000000000002,-0.429999999999996
17449,"59609802_1.025311",5897.69376420923,12668.9457313142,27.28,-0.449999999999999,-0.600000000000001
17450,"59609802_1.025311",5891.66799623721,12642.1602288914,27.54,0.259999999999998,0.709999999999997
17451,"59609802_1.025311",5887.41307550836,12615.3963418495,27.1,-0.439999999999998,-0.699999999999996
17452,"59609802_1.025311",5883.14245396501,12588.5336950768,27.2,0.0999999999999979,0.539999999999996
17453,"59609802_1.025311",5878.8922434805,12561.7994359542,27.07,-0.129999999999999,-0.229999999999997
17454,"59609802_1.025311",5874.6169116928,12534.9071612622,27.23,0.16,0.289999999999999
17455,"59609802_1.025311",5871.9683748692,12507.928890972,27.12,-0.109999999999999,-0.27
