"V1","V2","V3","V4","V5","acceleration","jerk"
23874,"59609802_1.031347",6247.7639814988,13486.1698171529,27.48,0.0500000000000007,0
23875,"59609802_1.031347",6236.62459859318,13460.9831987121,27.53,0.0500000000000007,0
23876,"59609802_1.031347",6225.5222340175,13435.8676842104,27.46,-0.0700000000000003,-0.120000000000001
23877,"59609802_1.031347",6214.44988548779,13410.8045020893,27.41,-0.0500000000000007,0.0199999999999996
23878,"59609802_1.031347",6203.25226586157,13385.4577584186,27.7,0.289999999999999,0.34
23879,"59609802_1.031347",6192.11526128204,13360.2482219493,27.57,-0.129999999999999,-0.419999999999998
23880,"59609802_1.031347",6180.99037971185,13335.0661269203,27.53,-0.0399999999999991,0.0899999999999999
23881,"59609802_1.031347",6169.83317011676,13309.8108547173,27.6,0.0700000000000003,0.109999999999999
23882,"59609802_1.031347",6158.6840425279,13284.5738768077,27.59,-0.0100000000000016,-0.0800000000000018
23883,"59609802_1.031347",6147.57128396705,13259.419223219,27.5,-0.0899999999999999,-0.0799999999999983
23884,"59609802_1.031347",6136.486812428,13234.3285996576,27.43,-0.0700000000000003,0.0199999999999996
23885,"59609802_1.031347",6125.04230763397,13209.6975718759,27.16,-0.27,-0.199999999999999
23886,"59609802_1.031347",6113.40148860247,13184.6505015428,27.61,0.449999999999999,0.719999999999999
23887,"59609802_1.031347",6101.83653298247,13159.7666633841,27.44,-0.169999999999998,-0.619999999999997
23888,"59609802_1.031347",6090.13670907535,13134.5926346929,27.76,0.32,0.489999999999998
23889,"59609802_1.031347",6078.63075833096,13109.8357548922,27.3,-0.460000000000001,-0.780000000000001
23890,"59609802_1.031347",6067.11821395318,13084.795594765,27.56,0.259999999999998,0.719999999999999
23891,"59609802_1.031347",6055.74384988841,13059.944986279,27.33,-0.23,-0.489999999999998
23892,"59609802_1.031347",6044.29457233912,13034.9307074847,27.52,0.190000000000001,0.420000000000002
23893,"59609802_1.031347",6032.97847431786,13010.2073981275,27.19,-0.329999999999998,-0.52
23894,"59609802_1.031347",6021.69317215542,12985.4591726752,27.2,0.00999999999999801,0.339999999999996
23895,"59609802_1.031347",6010.34404509822,12960.1031928077,27.77,0.57,0.560000000000002
23896,"59609802_1.031347",5999.28906388267,12935.4043873644,27.06,-0.710000000000001,-1.28
23897,"59609802_1.031347",5988.20548515474,12910.6416899633,27.13,0.0700000000000003,0.780000000000001
23898,"59609802_1.031347",5977.09330891443,12885.8151006042,27.2,0.0700000000000003,0
23899,"59609802_1.031347",5966.04649841671,12861.134550006,27.04,-0.16,-0.23
23900,"59609802_1.031347",5954.82401748577,12836.0615202379,27.48,0.440000000000001,0.600000000000001
23901,"59609802_1.031347",5944.4988446723,12810.9300066508,27.2,-0.280000000000001,-0.720000000000002
23902,"59609802_1.031347",5935.86103751527,12784.7270223261,27.59,0.390000000000001,0.670000000000002
23903,"59609802_1.031347",5927.21070725978,12758.4860488977,27.63,0.0399999999999991,-0.350000000000001
23904,"59609802_1.031347",5918.57916165198,12732.302059125,27.57,-0.0599999999999987,-0.0999999999999979
23905,"59609802_1.031347",5909.90065442498,12705.9756102131,27.72,0.149999999999999,0.209999999999997
23906,"59609802_1.031347",5901.30980888714,12679.9150850275,27.44,-0.279999999999998,-0.429999999999996
23907,"59609802_1.031347",5893.53011283662,12653.8731329621,27.23,-0.210000000000001,0.0699999999999967
23908,"59609802_1.031347",5889.27205194487,12627.0894939741,27.12,-0.109999999999999,0.100000000000001
23909,"59609802_1.031347",5884.92292632904,12599.7330485475,27.7,0.579999999999998,0.689999999999998
23910,"59609802_1.031347",5880.67114576308,12572.9889134517,27.08,-0.620000000000001,-1.2
23911,"59609802_1.031347",5876.41308487133,12546.2052744637,27.11,0.0300000000000011,0.650000000000002
23912,"59609802_1.031347",5872.91703778277,12519.3294891438,27.12,0.0100000000000016,-0.0199999999999996
