"V1","V2","V3","V4","V5","acceleration","jerk"
31958,"59609802_1.030200",6245.82247685294,13481.7799925881,27.3,-0.170000000000002,0
31959,"59609802_1.030200",6234.84893080249,13456.9683383289,27.13,-0.170000000000002,0
31960,"59609802_1.030200",6223.73206963843,13431.8154981959,27.51,0.380000000000003,0.550000000000004
31961,"59609802_1.030200",6212.53849101532,13406.477901672,27.7,0.189999999999998,-0.190000000000005
31962,"59609802_1.030200",6201.32470737665,13381.0945694143,27.75,0.0500000000000007,-0.139999999999997
31963,"59609802_1.030200",6190.12708775043,13355.7478257436,27.71,-0.0399999999999991,-0.0899999999999999
31964,"59609802_1.030200",6179.06686223005,13330.7120850628,27.37,-0.34,-0.300000000000001
31965,"59609802_1.030200",6168.09957978127,13305.8867287574,27.14,-0.23,0.109999999999999
31966,"59609802_1.030200",6157.18078936985,13281.1711382132,27.02,-0.120000000000001,0.109999999999999
31967,"59609802_1.030200",6146.18926090239,13256.2908990272,27.21,0.190000000000001,0.310000000000002
31968,"59609802_1.030200",6134.93826820095,13230.9903021954,27.69,0.48,0.289999999999999
31969,"59609802_1.030200",6123.46603452833,13206.3059700278,27.22,-0.470000000000002,-0.950000000000003
31970,"59609802_1.030200",6111.98537158778,13181.6035009519,27.24,0.0199999999999996,0.490000000000002
31971,"59609802_1.030200",6100.3403379223,13156.5473621646,27.63,0.390000000000001,0.370000000000001
31972,"59609802_1.030200",6088.75852376641,13131.6272501893,27.48,-0.149999999999999,-0.539999999999999
31973,"59609802_1.030200",6077.34108033543,13107.0608079255,27.09,-0.390000000000001,-0.240000000000002
31974,"59609802_1.030200",6065.87381773827,13082.0768490872,27.49,0.399999999999999,0.789999999999999
31975,"59609802_1.030200",6054.63263320151,13057.5172100384,27.01,-0.479999999999997,-0.879999999999995
31976,"59609802_1.030200",6043.33318262124,13032.8302718608,27.15,0.139999999999997,0.619999999999994
31977,"59609802_1.030200",6031.90471437321,13007.861457041,27.46,0.310000000000002,0.170000000000005
31978,"59609802_1.030200",6020.40628409818,12982.5840345692,27.77,0.309999999999999,-3.5527136788005e-15
31979,"59609802_1.030200",6009.20831532071,12957.5657693364,27.41,-0.359999999999999,-0.669999999999998
31980,"59609802_1.030200",5997.90004185263,12932.3010636946,27.68,0.27,0.629999999999999
31981,"59609802_1.030200",5986.85323135491,12907.6205130964,27.04,-0.640000000000001,-0.91
31982,"59609802_1.030200",5975.75331119133,12882.821306005,27.17,0.130000000000003,0.770000000000003
31983,"59609802_1.030200",5964.41235485195,12857.4835809827,27.76,0.59,0.459999999999997
31984,"59609802_1.030200",5953.12042281952,12832.255385031,27.64,-0.120000000000001,-0.710000000000001
31985,"59609802_1.030200",5943.10878074416,12806.7132161324,27.47,-0.170000000000002,-0.0500000000000007
31986,"59609802_1.030200",5934.60559689549,12780.9186146733,27.16,-0.309999999999999,-0.139999999999997
31987,"59609802_1.030200",5926.0742360753,12755.0385377307,27.25,0.0899999999999999,0.399999999999999
31988,"59609802_1.030200",5917.58357532507,12729.2819253753,27.12,-0.129999999999999,-0.219999999999999
31989,"59609802_1.030200",5908.92385274575,12703.0124601191,27.66,0.539999999999999,0.669999999999998
31990,"59609802_1.030200",5900.37996882711,12677.0943940727,27.29,-0.370000000000001,-0.91
31991,"59609802_1.030200",5892.99471506226,12650.5054261425,27.67,0.380000000000003,0.750000000000004
31992,"59609802_1.030200",5888.69897221571,12623.4847638005,27.36,-0.310000000000002,-0.690000000000005
31993,"59609802_1.030200",5884.33885602972,12596.0591865624,27.77,0.41,0.720000000000002
31994,"59609802_1.030200",5879.98188000664,12568.6533612704,27.75,-0.0199999999999996,-0.43
31995,"59609802_1.030200",5875.65002528675,12541.4055515477,27.59,-0.16,-0.140000000000001
31996,"59609802_1.030200",5872.47255935474,12513.9879501402,27.61,0.0199999999999996,0.18
