"V1","V2","V3","V4","V5","acceleration","jerk"
30967,"59609802_1.029298",6250.79353770661,13493.0197725676,27.75,-0.239999999999998,0
30968,"59609802_1.029298",6239.66628920503,13467.8605905304,27.51,-0.239999999999998,0
30969,"59609802_1.029298",6228.73887249548,13443.148813031,27.02,-0.490000000000002,-0.250000000000004
30970,"59609802_1.029298",6217.5533758786,13417.8295108006,27.67,0.650000000000002,1.14
30971,"59609802_1.029298",6206.45274032709,13392.7022986521,27.48,-0.190000000000001,-0.840000000000003
30972,"59609802_1.029298",6195.48949888143,13367.8860894935,27.13,-0.350000000000001,-0.16
30973,"59609802_1.029298",6184.56666746689,13343.1613518025,27.03,-0.0999999999999979,0.250000000000004
30974,"59609802_1.029298",6173.5630159901,13318.2536711763,27.22,0.189999999999998,0.289999999999996
30975,"59609802_1.029298",6162.36539636387,13292.9069275056,27.71,0.490000000000002,0.300000000000004
30976,"59609802_1.029298",6151.2122277719,13267.6608024493,27.6,-0.109999999999999,-0.600000000000001
30977,"59609802_1.029298",6140.15200225152,13242.6250617685,27.38,-0.220000000000002,-0.110000000000003
30978,"59609802_1.029298",6128.68796602002,13217.5417847066,27.57,0.190000000000001,0.410000000000004
30979,"59609802_1.029298",6116.99657138085,13192.3858929237,27.75,0.18,-0.0100000000000016
30980,"59609802_1.029298",6105.54541087809,13167.7469030268,27.16,-0.59,-0.77
30981,"59609802_1.029298",6094.15746988493,13143.243939942,27.02,-0.140000000000001,0.449999999999999
30982,"59609802_1.029298",6082.81588986546,13118.8407298527,26.92,-0.0999999999999979,0.0400000000000027
30983,"59609802_1.029298",6071.15938025648,13093.6246986215,27.78,0.859999999999999,0.959999999999997
30984,"59609802_1.029298",6059.64351294318,13068.4649351086,27.67,-0.109999999999999,-0.969999999999999
30985,"59609802_1.029298",6048.18591167339,13043.4324707245,27.53,-0.140000000000001,-0.0300000000000011
30986,"59609802_1.029298",6036.84484249062,13018.6546045978,27.24,-0.290000000000003,-0.150000000000002
30987,"59609802_1.029298",6025.63279097562,12994.1586151133,26.94,-0.299999999999997,-0.00999999999999446
30988,"59609802_1.029298",6014.37220898533,12969.1028314504,27.47,0.529999999999998,0.829999999999995
30989,"59609802_1.029298",6003.10070374746,12943.9202726115,27.59,0.120000000000001,-0.409999999999997
30990,"59609802_1.029298",5991.84553994523,12918.7742234629,27.55,-0.0399999999999991,-0.16
30991,"59609802_1.029298",5980.72519298709,12893.9293792587,27.22,-0.330000000000002,-0.290000000000003
30992,"59609802_1.029298",5969.42509023683,12868.6829284619,27.66,0.440000000000001,0.770000000000003
30993,"59609802_1.029298",5958.30882863761,12843.8472116803,27.21,-0.449999999999999,-0.890000000000001
30994,"59609802_1.029298",5947.11903057797,12818.8472012926,27.4,0.189999999999998,0.639999999999997
30995,"59609802_1.029298",5938.53471903469,12792.8376959808,27.39,-0.00999999999999801,-0.199999999999996
30996,"59609802_1.029298",5929.92195807457,12766.7106898637,27.51,0.120000000000001,0.129999999999999
30997,"59609802_1.029298",5921.42816654973,12740.9445802324,27.13,-0.380000000000003,-0.500000000000004
30998,"59609802_1.029298",5912.77157474502,12714.6846122521,27.65,0.52,0.900000000000002
30999,"59609802_1.029298",5904.26526012173,12688.880513517,27.17,-0.479999999999997,-0.999999999999996
31000,"59609802_1.029298",5895.63684528854,12662.7060210202,27.56,0.389999999999997,0.869999999999994
31001,"59609802_1.029298",5890.71338671575,12636.1556372598,27.05,-0.509999999999998,-0.899999999999995
31002,"59609802_1.029298",5886.4741668014,12609.4905099487,27,-0.0500000000000007,0.459999999999997
31003,"59609802_1.029298",5882.23965713139,12582.8550105569,26.97,-0.0300000000000011,0.0199999999999996
31004,"59609802_1.029298",5877.99415689124,12556.1503793534,27.04,0.0700000000000003,0.100000000000001
31005,"59609802_1.029298",5873.74380082895,12529.2651503129,27.21,0.170000000000002,0.100000000000001
31006,"59609802_1.029298",5871.47745839644,12502.0292807292,27.34,0.129999999999999,-0.0400000000000027
