"V1","V2","V3","V4","V5","acceleration","jerk"
48314,"59609802_1.055545",6243.93355462457,13477.5090591052,27.43,-0.300000000000001,0
48315,"59609802_1.055545",6232.96000857412,13452.697404846,27.13,-0.300000000000001,0
48316,"59609802_1.055545",6221.87724920955,13427.6169578333,27.42,0.290000000000003,0.590000000000003
48317,"59609802_1.055545",6210.6715475771,13402.2519198691,27.73,0.309999999999999,0.019999999999996
48318,"59609802_1.055545",6199.5749530287,13377.1338548674,27.46,-0.27,-0.579999999999998
48319,"59609802_1.055545",6188.38945641182,13351.814552637,27.68,0.219999999999999,0.489999999999998
48320,"59609802_1.055545",6177.31710788211,13326.7513705159,27.41,-0.27,-0.489999999999998
48321,"59609802_1.055545",6166.29729239286,13301.8071013027,27.26,-0.149999999999999,0.120000000000001
48322,"59609802_1.055545",6155.2128208538,13276.7164777413,27.44,0.18,0.329999999999998
48323,"59609802_1.055545",6144.12834931475,13251.6258541799,27.43,-0.0100000000000016,-0.190000000000001
48324,"59609802_1.055545",6132.77194633918,13226.3291167677,27.73,0.300000000000001,0.310000000000002
48325,"59609802_1.055545",6121.33764437232,13201.7264006874,27.14,-0.59,-0.890000000000001
48326,"59609802_1.055545",6109.76847411834,13176.8334940745,27.45,0.309999999999999,0.899999999999999
48327,"59609802_1.055545",6098.38053312518,13152.3305309897,27.02,-0.43,-0.739999999999998
48328,"59609802_1.055545",6086.79871896928,13127.4104190145,27.48,0.460000000000001,0.890000000000001
48329,"59609802_1.055545",6075.23800330202,13102.5356376322,27.43,-0.0500000000000007,-0.510000000000002
48330,"59609802_1.055545",6063.95936202301,13077.8941634291,27.1,-0.329999999999998,-0.279999999999998
48331,"59609802_1.055545",6052.46430401097,13052.7798638908,27.62,0.52,0.849999999999998
48332,"59609802_1.055545",6041.06496878469,13027.8746986354,27.39,-0.23,-0.75
48333,"59609802_1.055545",6029.81129866718,13003.2877812018,27.04,-0.350000000000001,-0.120000000000001
48334,"59609802_1.055545",6018.36769000115,12978.0294507126,27.73,0.690000000000001,1.04
48335,"59609802_1.055545",6007.02673366177,12952.6917256902,27.76,0.0300000000000011,-0.66
48336,"59609802_1.055545",5995.73888698825,12927.4726571611,27.63,-0.130000000000003,-0.160000000000004
48337,"59609802_1.055545",5984.52866213405,12902.4270096606,27.44,-0.189999999999998,-0.0599999999999952
48338,"59609802_1.055545",5973.31026656203,12877.363107315,27.46,0.0199999999999996,0.209999999999997
48339,"59609802_1.055545",5962.13272457913,12852.390479195,27.37,-0.0899999999999999,-0.109999999999999
48340,"59609802_1.055545",5951.07365800467,12827.6825463292,27.07,-0.300000000000001,-0.210000000000001
48341,"59609802_1.055545",5941.47138562161,12801.7461408146,27.69,0.620000000000001,0.920000000000002
48342,"59609802_1.055545",5932.99011719522,12776.0180202871,27.09,-0.600000000000001,-1.22
48343,"59609802_1.055545",5924.51197954345,12750.2993970355,27.08,-0.0100000000000016,0.59
48344,"59609802_1.055545",5915.98688027249,12724.4383146448,27.23,0.150000000000002,0.160000000000004
48345,"59609802_1.055545",5907.49621952226,12698.6817022894,27.13,-0.100000000000001,-0.250000000000004
48346,"59609802_1.055545",5898.95859715284,12672.7826307949,27.27,0.140000000000001,0.240000000000002
48347,"59609802_1.055545",5892.29602881711,12646.1106181227,27.58,0.309999999999999,0.169999999999998
48348,"59609802_1.055545",5888.03168759956,12619.2874752423,27.16,-0.419999999999998,-0.729999999999997
48349,"59609802_1.055545",5883.74693532316,12592.3359447119,27.29,0.129999999999999,0.549999999999997
48350,"59609802_1.055545",5879.50143508301,12565.6313135085,27.04,-0.25,-0.379999999999999
48351,"59609802_1.055545",5875.16644020022,12538.3637518396,27.6,0.560000000000002,0.810000000000002
48352,"59609802_1.055545",5872.22212561357,12510.9783516718,27.56,-0.0400000000000027,-0.600000000000005
