"V1","V2","V3","V4","V5","acceleration","jerk"
55103,"59609802_1.058578",6252.34931961953,13488.3691132083,27.04,0.0899999999999999,0
55104,"59609802_1.058578",6241.37577356907,13463.5574589491,27.13,0.0899999999999999,0
55105,"59609802_1.058578",6230.25549182185,13438.4061307713,27.5,0.370000000000001,0.280000000000001
55106,"59609802_1.058578",6219.17866694794,13413.3339938318,27.4,-0.100000000000001,-0.470000000000002
55107,"59609802_1.058578",6208.06951277851,13388.1886802795,27.49,0.0899999999999999,0.190000000000001
55108,"59609802_1.058578",6197.13816973439,13363.4458380974,27.05,-0.439999999999998,-0.529999999999998
55109,"59609802_1.058578",6186.10175647986,13338.4651719238,27.31,0.259999999999998,0.699999999999996
55110,"59609802_1.058578",6175.11787833054,13313.6034177459,27.18,-0.129999999999999,-0.389999999999997
55111,"59609802_1.058578",6164.07338275213,13288.6044574192,27.32,0.140000000000001,0.27
55112,"59609802_1.058578",6152.94806393495,13263.4225555606,27.54,0.219999999999999,0.0799999999999983
55113,"59609802_1.058578",6141.83890976552,13238.2772420083,27.48,-0.0599999999999987,-0.279999999999998
55114,"59609802_1.058578",6130.34252538088,13213.274499235,27.52,0.0399999999999991,0.0999999999999979
55115,"59609802_1.058578",6118.69716093458,13188.2185141833,27.63,0.109999999999999,0.0700000000000003
55116,"59609802_1.058578",6107.06865550303,13163.1988027256,27.59,-0.0399999999999991,-0.149999999999999
55117,"59609802_1.058578",6095.61716972648,13138.5599640048,27.17,-0.419999999999998,-0.379999999999999
55118,"59609802_1.058578",6084.0476708466,13113.667210126,27.45,0.279999999999998,0.699999999999996
55119,"59609802_1.058578",6072.60494735695,13088.8591456667,27.32,-0.129999999999999,-0.409999999999997
55120,"59609802_1.058578",6061.11920973456,13063.762575557,27.6,0.280000000000001,0.41
55121,"59609802_1.058578",6049.6459566096,13038.6932843279,27.57,-0.0300000000000011,-0.310000000000002
55122,"59609802_1.058578",6038.38077844156,13014.078641108,27.06,-0.510000000000002,-0.48
55123,"59609802_1.058578",6027.04485478817,12989.309417565,27.24,0.18,0.690000000000001
55124,"59609802_1.058578",6015.99401521814,12964.6416709373,27.03,-0.209999999999997,-0.389999999999997
55125,"59609802_1.058578",6004.8785496073,12939.8055978932,27.21,0.18,0.389999999999997
55126,"59609802_1.058578",5993.79984959385,12915.0516728304,27.12,-0.0899999999999999,-0.27
55127,"59609802_1.058578",5982.50464106244,12889.8139874327,27.65,0.529999999999998,0.619999999999997
55128,"59609802_1.058578",5968.4527748158,12866.510601893,27,-0.649999999999999,-1.18
55129,"59609802_1.058578",5957.18944029575,12841.3462978993,27.57,0.57,1.22
55130,"59609802_1.058578",5946.21763993479,12816.1440111431,27.5,-0.0700000000000003,-0.640000000000001
55131,"59609802_1.058578",5937.60174820005,12790.00750775,27.52,0.0199999999999996,0.0899999999999999
55132,"59609802_1.058578",5929.06412583063,12764.1084362555,27.27,-0.25,-0.27
55133,"59609802_1.058578",5920.51398036276,12738.1713756573,27.31,0.0399999999999991,0.289999999999999
55134,"59609802_1.058578",5912.04210426021,12712.4717469575,27.06,-0.25,-0.289999999999999
55135,"59609802_1.058578",5903.54518196076,12686.6961400503,27.14,0.0800000000000018,0.330000000000002
55136,"59609802_1.058578",5895.02634423902,12660.8540522114,27.21,0.0700000000000003,-0.0100000000000016
55137,"59609802_1.058578",5890.32086635331,12633.6866439903,27.6,0.390000000000001,0.32
55138,"59609802_1.058578",5886.01570301807,12606.6067258099,27.41,-0.190000000000001,-0.580000000000002
55139,"59609802_1.058578",5881.77177285937,12579.9119705796,27.03,-0.379999999999999,-0.189999999999998
55140,"59609802_1.058578",5877.49330090877,12552.9999439415,27.25,0.219999999999999,0.599999999999998
55141,"59609802_1.058578",5873.4809283258,12526.1060684768,27.2,-0.0500000000000007,-0.27
