"V1","V2","V3","V4","V5","acceleration","jerk"
56801,"59609802_1.064100",6246.89434920951,13484.2035415666,27.44,0.00999999999999801,0
56802,"59609802_1.064100",6235.791369516,13459.0992323364,27.45,0.00999999999999801,0
56803,"59609802_1.064100",6224.61300831707,13433.8095761895,27.65,0.199999999999999,0.190000000000001
56804,"59609802_1.064100",6213.68209489631,13409.066544205,27.05,-0.599999999999998,-0.799999999999997
56805,"59609802_1.064100",6202.65419740084,13384.1039806982,27.3,0.25,0.849999999999998
56806,"59609802_1.064100",6191.52527482754,13358.9127385224,27.53,0.23,-0.0199999999999996
56807,"59609802_1.064100",6180.5377873632,13334.0416464833,27.19,-0.34,-0.57
56808,"59609802_1.064100",6169.63111996111,13309.3534973793,27,-0.190000000000001,0.149999999999999
56809,"59609802_1.064100",6158.50219738781,13284.1622552035,27.54,0.539999999999999,0.73
56810,"59609802_1.064100",6147.28437274603,13258.7697757991,27.76,0.220000000000002,-0.319999999999997
56811,"59609802_1.064100",6136.20265839264,13233.7108384372,27.4,-0.360000000000003,-0.580000000000005
56812,"59609802_1.064100",6124.75149788989,13209.0718485403,27.18,-0.219999999999999,0.140000000000004
56813,"59609802_1.064100",6113.33405445891,13184.5054062765,27.09,-0.0899999999999999,0.129999999999999
56814,"59609802_1.064100",6101.68059152549,13159.4311305809,27.65,0.559999999999999,0.649999999999999
56815,"59609802_1.064100",6090.27157736246,13134.8828252254,27.07,-0.579999999999998,-1.14
56816,"59609802_1.064100",6078.74033881424,13110.0715346998,27.36,0.289999999999999,0.869999999999997
56817,"59609802_1.064100",6067.2513934812,13085.0865642021,27.5,0.140000000000001,-0.149999999999999
56818,"59609802_1.064100",6055.79379221142,13060.0540998179,27.53,0.0300000000000011,-0.109999999999999
56819,"59609802_1.064100",6044.41526628639,13035.1943985371,27.34,-0.190000000000001,-0.220000000000002
56820,"59609802_1.064100",6033.07419710362,13010.4165324104,27.25,-0.0899999999999999,0.100000000000001
56821,"59609802_1.064100",6021.71359894998,12985.504809788,27.39,0.140000000000001,0.23
56822,"59609802_1.064100",6010.67495917008,12960.8425140349,27.02,-0.370000000000001,-0.510000000000002
56823,"59609802_1.064100",5999.3340028307,12935.5047890126,27.76,0.740000000000002,1.11
56824,"59609802_1.064100",5988.05841223391,12910.3131027512,27.59,-0.170000000000002,-0.910000000000004
56825,"59609802_1.064100",5976.73379733018,12885.011887419,27.73,0.140000000000001,0.310000000000002
56826,"59609802_1.064100",5965.49906032252,12859.9114753832,27.5,-0.23,-0.370000000000001
56827,"59609802_1.064100",5954.19895757226,12834.6650245864,27.66,0.16,0.390000000000001
56828,"59609802_1.064100",5944.05740545188,12809.5908907429,27.08,-0.580000000000002,-0.740000000000002
56829,"59609802_1.064100",5935.46342913943,12783.5208682815,27.45,0.370000000000001,0.950000000000003
56830,"59609802_1.064100",5926.92580677001,12757.621796787,27.27,-0.18,-0.550000000000001
56831,"59609802_1.064100",5918.30678426066,12731.475796118,27.53,0.260000000000002,0.440000000000001
56832,"59609802_1.064100",5909.7347233705,12705.4722545881,27.38,-0.150000000000002,-0.410000000000004
56833,"59609802_1.064100",5901.15640093111,12679.4497185064,27.4,0.0199999999999996,0.170000000000002
56834,"59609802_1.064100",5893.43276778674,12653.2608226313,27.36,-0.0399999999999991,-0.0599999999999987
56835,"59609802_1.064100",5889.19040770949,12626.575943374,27.02,-0.34,-0.300000000000001
56836,"59609802_1.064100",5884.94333738788,12599.8614361975,27.05,0.0300000000000011,0.370000000000001
56837,"59609802_1.064100",5880.63189372684,12572.7420141248,27.47,0.419999999999998,0.389999999999997
56838,"59609802_1.064100",5876.28119802955,12545.3756927251,27.71,0.240000000000002,-0.179999999999996
56839,"59609802_1.064100",5872.83411270292,12518.3329333596,27.27,-0.440000000000001,-0.680000000000003
