"V1","V2","V3","V4","V5","acceleration","jerk"
34403,"59609802_2.025672",6250.27580313438,13491.8491526837,27.54,0.23,0
34404,"59609802_2.025672",6239.04743459916,13466.4613339503,27.77,0.23,0
34405,"59609802_2.025672",6227.97512290712,13441.4200022934,27.38,-0.390000000000001,-0.620000000000001
34406,"59609802_2.025672",6216.91893838985,13416.3934087593,27.36,-0.0199999999999996,0.370000000000001
34407,"59609802_2.025672",6205.87487688193,13391.3942566655,27.33,-0.0300000000000011,-0.0100000000000016
34408,"59609802_2.025672",6194.94396346117,13366.651224681,27.05,-0.279999999999998,-0.249999999999996
34409,"59609802_2.025672",6183.74634383495,13341.3044810103,27.72,0.669999999999998,0.949999999999996
34410,"59609802_2.025672",6172.56488822118,13315.9943259267,27.67,-0.0499999999999972,-0.719999999999995
34411,"59609802_2.025672",6161.48445768523,13290.9128495121,27.42,-0.25,-0.200000000000003
34412,"59609802_2.025672",6150.36765812127,13265.7490487766,27.52,0.0999999999999979,0.349999999999998
34413,"59609802_2.025672",6139.38825266316,13240.8962510309,27.16,-0.359999999999999,-0.459999999999997
34414,"59609802_2.025672",6127.90404410117,13215.8550522366,27.55,0.390000000000001,0.75
34415,"59609802_2.025672",6116.28008360555,13190.84425572,27.58,0.0299999999999976,-0.360000000000003
34416,"59609802_2.025672",6104.58025969844,13165.6702270289,27.76,0.180000000000003,0.150000000000006
34417,"59609802_2.025672",6093.10802602582,13140.9858948613,27.22,-0.540000000000003,-0.720000000000006
34418,"59609802_2.025672",6081.61893381732,13116.2652888771,27.26,0.0400000000000027,0.580000000000005
34419,"59609802_2.025672",6070.23544728085,13091.6060981517,27.16,-0.100000000000001,-0.140000000000004
34420,"59609802_2.025672",6058.93183484034,13066.9100671792,27.16,0,0.100000000000001
34421,"59609802_2.025672",6047.59492751782,13042.1412938475,27.24,0.0799999999999983,0.0799999999999983
34422,"59609802_2.025672",6036.08322206477,13016.9906231295,27.66,0.420000000000002,0.340000000000003
34423,"59609802_2.025672",6024.57151661173,12991.8399524116,27.67,0.0100000000000016,-0.41
34424,"59609802_2.025672",6013.42849107669,12966.9943968393,27.22,-0.450000000000003,-0.460000000000004
34425,"59609802_2.025672",6002.35308306658,12942.2499542833,27.11,-0.109999999999999,0.340000000000003
34426,"59609802_2.025672",5991.00804136829,12916.9031018384,27.77,0.66,0.77
34427,"59609802_2.025672",5979.82232866756,12891.9122188733,27.38,-0.390000000000001,-1.05
34428,"59609802_2.025672",5968.59576237772,12866.8300616825,27.47,0.0899999999999999,0.48
34429,"59609802_2.025672",5957.32834249876,12841.6566302662,27.58,0.109999999999999,0.0199999999999996
34430,"59609802_2.025672",5946.41174796079,12816.7328422515,27.22,-0.359999999999999,-0.469999999999999
34431,"59609802_2.025672",5937.84281784524,12790.7387979976,27.37,0.150000000000002,0.510000000000002
34432,"59609802_2.025672",5929.24884153279,12764.6687755361,27.45,0.0799999999999983,-0.0700000000000038
34433,"59609802_2.025672",5920.56407275657,12738.3233320723,27.74,0.289999999999999,0.210000000000001
34434,"59609802_2.025672",5911.89495785341,12712.0253749883,27.69,-0.0499999999999972,-0.339999999999996
34435,"59609802_2.025672",5903.41995097625,12686.3162490126,27.07,-0.620000000000001,-0.570000000000004
34436,"59609802_2.025672",5894.76335917154,12660.0562810323,27.65,0.579999999999998,1.2
34437,"59609802_2.025672",5890.20625040748,12632.9656979556,27.49,-0.16,-0.739999999999998
34438,"59609802_2.025672",5885.84456414004,12605.5302447444,27.78,0.290000000000003,0.450000000000003
34439,"59609802_2.025672",5881.54411104915,12578.4799544832,27.39,-0.390000000000001,-0.680000000000003
34440,"59609802_2.025672",5877.2923304832,12551.7358193875,27.08,-0.310000000000002,0.0799999999999983
34441,"59609802_2.025672",5873.35571145522,12524.6012692426,27.42,0.340000000000003,0.650000000000006
