"V1","V2","V3","V4","V5","acceleration","jerk"
53938,"59609802_1.057857",6245.80629764756,13481.7434107167,27.49,-0.00999999999999801,0
53939,"59609802_1.057857",6234.69118355001,13456.611665083,27.48,-0.00999999999999801,0
53940,"59609802_1.057857",6223.60275753881,13431.5227894996,27.43,-0.0500000000000007,-0.0400000000000027
53941,"59609802_1.057857",6212.4091789157,13406.1851929757,27.7,0.27,0.32
53942,"59609802_1.057857",6201.37724041712,13381.2134823222,27.3,-0.399999999999999,-0.669999999999998
53943,"59609802_1.057857",6190.42208097768,13356.4155674571,27.11,-0.190000000000001,0.209999999999997
53944,"59609802_1.057857",6179.40630649154,13331.4804453906,27.26,0.150000000000002,0.340000000000003
53945,"59609802_1.057857",6168.20868686532,13306.1337017199,27.71,0.449999999999999,0.299999999999997
53946,"59609802_1.057857",6157.04339526401,13280.8601352233,27.63,-0.0800000000000018,-0.530000000000001
53947,"59609802_1.057857",6146.04378479032,13255.9616017439,27.22,-0.41,-0.329999999999998
53948,"59609802_1.057857",6134.98884380861,13231.0991236451,27.21,-0.00999999999999801,0.400000000000002
53949,"59609802_1.057857",6123.52503940394,13206.4329283857,27.19,-0.0199999999999996,-0.0100000000000016
53950,"59609802_1.057857",6112.13709841078,13181.9299653009,27.03,-0.16,-0.140000000000001
53951,"59609802_1.057857",6100.62271839844,13157.1549485919,27.32,0.289999999999999,0.449999999999999
53952,"59609802_1.057857",6089.18420179761,13132.5431640574,27.14,-0.18,-0.469999999999999
53953,"59609802_1.057857",6077.54759740008,13107.5051621784,27.62,0.48,0.66
53954,"59609802_1.057857",6066.04029214829,13082.4405608836,27.58,-0.0400000000000027,-0.520000000000003
53955,"59609802_1.057857",6054.75332714878,13057.7809010907,27.12,-0.459999999999997,-0.419999999999995
53956,"59609802_1.057857",6043.49133331077,13033.1757980673,27.05,-0.0700000000000003,0.389999999999997
53957,"59609802_1.057857",6031.99211343847,13008.0524057341,27.64,0.59,0.66
53958,"59609802_1.057857",6020.74945424677,12983.3507380642,27.14,-0.5,-1.09
53959,"59609802_1.057857",6009.44118077869,12958.0860324223,27.68,0.539999999999999,1.04
53960,"59609802_1.057857",5998.1982730532,12932.9673655413,27.52,-0.16,-0.699999999999999
53961,"59609802_1.057857",5986.91451173859,12907.7574244348,27.63,0.109999999999999,0.27
53962,"59609802_1.057857",5975.62666506506,12882.5383559057,27.63,0,-0.109999999999999
53963,"59609802_1.057857",5964.33881839154,12857.3192873766,27.63,0,0
53964,"59609802_1.057857",5953.18578856211,12832.4014237919,27.3,-0.329999999999998,-0.329999999999998
53965,"59609802_1.057857",5943.13382694107,12806.78919434,27.55,0.25,0.579999999999998
53966,"59609802_1.057857",5934.55237372707,12780.7571609823,27.42,-0.129999999999999,-0.379999999999999
53967,"59609802_1.057857",5925.98344361152,12754.7631167284,27.37,-0.0500000000000007,0.0799999999999983
53968,"59609802_1.057857",5917.40199039752,12728.7310833707,27.41,0.0399999999999991,0.0899999999999999
53969,"59609802_1.057857",5908.88002190117,12702.8794982559,27.22,-0.190000000000001,-0.23
53970,"59609802_1.057857",5900.35179185559,12677.0089185892,27.24,0.0199999999999996,0.210000000000001
53971,"59609802_1.057857",5893.01669620255,12650.6436897655,27.44,0.200000000000003,0.180000000000003
53972,"59609802_1.057857",5888.67385091251,12623.3267482313,27.66,0.219999999999999,0.019999999999996
53973,"59609802_1.057857",5884.37653798452,12596.2962099163,27.37,-0.289999999999999,-0.509999999999998
53974,"59609802_1.057857",5880.02898245013,12568.9496404628,27.69,0.32,0.609999999999999
53975,"59609802_1.057857",5875.72381911489,12541.8697222824,27.42,-0.27,-0.59
53976,"59609802_1.057857",5872.53143616143,12514.6955047471,27.37,-0.0500000000000007,0.219999999999999
