"V1","V2","V3","V4","V5","acceleration","jerk"
23427,"59609802_1.023283",6256.37389695834,13497.4688537125,27.73,-0.18,0
23428,"59609802_1.023283",6245.23046925137,13472.2730898039,27.55,-0.18,0
23429,"59609802_1.023283",6234.04659353095,13446.9858712168,27.64,0.0899999999999999,0.27
23430,"59609802_1.023283",6223.00968846581,13422.0054224413,27.31,-0.330000000000002,-0.420000000000002
23431,"59609802_1.023283",6211.96115172546,13396.9973150379,27.35,0.0400000000000027,0.370000000000005
23432,"59609802_1.023283",6200.97727357613,13372.13556086,27.18,-0.170000000000002,-0.210000000000004
23433,"59609802_1.023283",6189.88024289253,13347.0176885376,27.46,0.280000000000001,0.450000000000003
23434,"59609802_1.023283",6178.67814199851,13321.6619922237,27.72,0.259999999999998,-0.0200000000000031
23435,"59609802_1.023283",6167.66597571561,13296.7362085097,27.25,-0.469999999999999,-0.729999999999997
23436,"59609802_1.023283",6156.71038569986,13271.938483868,27.11,-0.140000000000001,0.329999999999998
23437,"59609802_1.023283",6145.6497254737,13246.9029352349,27.37,0.260000000000002,0.400000000000002
23438,"59609802_1.023283",6134.43083646047,13222.0708457787,27.25,-0.120000000000001,-0.380000000000003
23439,"59609802_1.023283",6123.05100149666,13197.5861698324,27,-0.25,-0.129999999999999
23440,"59609802_1.023283",6111.52365015368,13172.7840999386,27.35,0.350000000000001,0.600000000000001
23441,"59609802_1.023283",6099.84878243155,13147.6646360974,27.7,0.349999999999998,-3.5527136788005e-15
23442,"59609802_1.023283",6088.27928355167,13122.7718822186,27.45,-0.25,-0.599999999999998
23443,"59609802_1.023283",6076.63327852306,13097.6611311255,27.68,0.23,0.48
23444,"59609802_1.023283",6065.27654737397,13072.8464427815,27.29,-0.390000000000001,-0.620000000000001
23445,"59609802_1.023283",6053.94062372058,13048.0772192385,27.24,-0.0500000000000007,0.34
23446,"59609802_1.023283",6042.6712840534,13023.4534830584,27.08,-0.16,-0.109999999999999
23447,"59609802_1.023283",6031.32703740173,12998.666073595,27.25,0.170000000000002,0.330000000000002
23448,"59609802_1.023283",6020.20571865245,12974.0521785847,27.01,-0.239999999999998,-0.41
23449,"59609802_1.023283",6006.1075279066,12950.6380556145,27.13,0.119999999999997,0.359999999999996
23450,"59609802_1.023283",5994.84010802763,12925.4646241982,27.58,0.449999999999999,0.330000000000002
23451,"59609802_1.023283",5983.72384642841,12900.6289074166,27.21,-0.369999999999997,-0.819999999999997
23452,"59609802_1.023283",5972.52179229204,12875.6015147612,27.41,0.199999999999999,0.569999999999997
23453,"59609802_1.023283",5961.43821356411,12850.8388173601,27.13,-0.280000000000001,-0.48
23454,"59609802_1.023283",5950.23207406882,12825.8022972822,27.43,0.300000000000001,0.580000000000002
23455,"59609802_1.023283",5940.92036928974,12800.0746202488,27.39,-0.0399999999999991,-0.34
23456,"59609802_1.023283",5932.30760832961,12773.9476141317,27.51,0.120000000000001,0.16
23457,"59609802_1.023283",5923.69797814409,12747.8301052905,27.5,-0.0100000000000016,-0.130000000000003
23458,"59609802_1.023283",5915.24488668922,12722.1874602465,27,-0.5,-0.489999999999998
23459,"59609802_1.023283",5906.71665664365,12696.3168805798,27.24,0.239999999999998,0.739999999999998
23460,"59609802_1.023283",5898.03501864203,12669.9809343919,27.73,0.490000000000002,0.250000000000004
23461,"59609802_1.023283",5891.91292894337,12643.7008806916,27.07,-0.66,-1.15
23462,"59609802_1.023283",5887.59363487508,12616.5320787535,27.51,0.440000000000001,1.1
23463,"59609802_1.023283",5883.28690145838,12589.4422846,27.43,-0.0800000000000018,-0.520000000000003
23464,"59609802_1.023283",5879.00371926344,12562.5006300427,27.28,-0.149999999999999,-0.0699999999999967
23465,"59609802_1.023283",5874.71582682414,12535.5293475662,27.31,0.0299999999999976,0.179999999999996
23466,"59609802_1.023283",5872.00817890753,12508.4072377484,27.27,-0.0399999999999991,-0.0699999999999967
