"V1","V2","V3","V4","V5","acceleration","jerk"
57549,"59609802_1.063719",6248.64170339079,13488.1543836749,27.75,-0.41,0
57550,"59609802_1.063719",6237.58321651207,13463.150674591,27.34,-0.41,0
57551,"59609802_1.063719",6226.52440278954,13438.1361766067,27.35,0.0100000000000016,0.420000000000002
57552,"59609802_1.063719",6215.4763002785,13413.1278773662,27.34,-0.0100000000000016,-0.0200000000000031
57553,"59609802_1.063719",6204.26655764294,13387.7536922552,27.75,0.41,0.420000000000002
57554,"59609802_1.063719",6193.33968522529,13363.0198074175,27.03,-0.719999999999999,-1.13
57555,"59609802_1.063719",6182.11781958039,13337.6181808662,27.77,0.739999999999998,1.46
57556,"59609802_1.063719",6170.93232296351,13312.2988786358,27.68,-0.0899999999999999,-0.829999999999998
57557,"59609802_1.063719",6159.99332753652,13287.5375523578,27.06,-0.620000000000001,-0.530000000000001
57558,"59609802_1.063719",6148.83611794143,13262.2822801547,27.61,0.550000000000001,1.17
57559,"59609802_1.063719",6137.90924552379,13237.5483953169,27.05,-0.559999999999999,-1.11
57560,"59609802_1.063719",6126.53850269414,13212.9168730955,27.13,0.0799999999999983,0.639999999999997
57561,"59609802_1.063719",6114.85132268894,13187.7700497667,27.73,0.600000000000001,0.520000000000003
57562,"59609802_1.063719",6103.14728414785,13162.5869526214,27.77,0.0399999999999991,-0.560000000000002
57563,"59609802_1.063719",6091.71298218099,13137.9842365411,27.14,-0.629999999999999,-0.669999999999998
57564,"59609802_1.063719",6080.08059241743,13112.9553031162,27.6,0.460000000000001,1.09
57565,"59609802_1.063719",6068.47914225512,13087.7689387002,27.73,0.129999999999999,-0.330000000000002
57566,"59609802_1.063719",6057.06732144809,13062.8364950601,27.42,-0.309999999999999,-0.439999999999998
57567,"59609802_1.063719",6045.58058715655,13037.7403811116,27.6,0.18,0.489999999999998
57568,"59609802_1.063719",6034.32691703904,13013.153463678,27.04,-0.560000000000002,-0.740000000000002
57569,"59609802_1.063719",6022.91877982898,12988.1973994427,27.44,0.400000000000002,0.960000000000004
57570,"59609802_1.063719",6011.72489641043,12963.1882616325,27.4,-0.0400000000000027,-0.440000000000005
57571,"59609802_1.063719",6000.67808591271,12938.5077110343,27.04,-0.359999999999999,-0.319999999999997
57572,"59609802_1.063719",5989.40249531592,12913.3160247729,27.61,0.57,0.93
57573,"59609802_1.063719",5978.2535508454,12888.4072886108,27.29,-0.32,-0.890000000000001
57574,"59609802_1.063719",5967.00247240209,12863.2703668847,27.54,0.25,0.57
57575,"59609802_1.063719",5955.95566190436,12838.5898162866,27.04,-0.5,-0.75
57576,"59609802_1.063719",5945.30345374782,12813.3708065679,27.39,0.350000000000001,0.850000000000001
57577,"59609802_1.063719",5936.6687773654,12787.1773195192,27.59,0.199999999999999,-0.150000000000002
57578,"59609802_1.063719",5928.17185506595,12761.401712612,27.13,-0.460000000000001,-0.66
57579,"59609802_1.063719",5919.50900171201,12735.1227500798,27.67,0.540000000000003,1
57580,"59609802_1.063719",5910.95885624414,12709.1856894815,27.31,-0.360000000000003,-0.900000000000006
57581,"59609802_1.063719",5902.34922605863,12683.0681806404,27.5,0.190000000000001,0.550000000000004
57582,"59609802_1.063719",5894.0372491449,12657.0630722664,27.32,-0.18,-0.370000000000001
57583,"59609802_1.063719",5889.79645914909,12630.3880689822,27.01,-0.309999999999999,-0.129999999999999
57584,"59609802_1.063719",5885.55252899039,12603.6933137518,27.03,0.0199999999999996,0.329999999999998
57585,"59609802_1.063719",5881.25207589949,12576.6430234907,27.39,0.359999999999999,0.34
57586,"59609802_1.063719",5876.95005272715,12549.5828572564,27.4,0.00999999999999801,-0.350000000000001
57587,"59609802_1.063719",5873.14591100318,12522.0799831084,27.78,0.380000000000003,0.370000000000005
